rank,funny,somewhat_funny,unfunny,count,score,precision,contest,caption
1,3815,3641,2792,10248,2.0998243559718968,0.007870488842737404,578,"Just for fun, let's send it back."
2,758,1003,746,2507,2.0047865975269246,0.015472052293675808,578,Did you order the pizza with extra paparazzi?
3,2741,4402,2715,9858,2.0026374518157843,0.00749320590002151,578,"The food is ok, but the media coverage is excellent."
4,3279,3384,3271,9934,2.000805315079525,0.008147383156156651,578,And only last week he was the press secretary.
5,724,1102,744,2570,1.9922178988326849,0.014910471952124573,578,I ordered a large with paparazi.
6,2224,3005,2283,7512,1.9921458998935038,0.00893706221046468,578,"""Say, 'Cheese,' "" -Anna Ross, Santa Monica, CA (8 years old)"
7,1475,2181,1589,5245,1.9782650142993328,0.0105502953959277,578,Looks like paparazzi pizza wasn't a typo after all.
8,3069,3931,3370,10370,1.970973963355834,0.007733152205071121,578,"Don't worry, your wife'll never find out. Nobody ever comes here."
9,2260,3289,2517,8066,1.9681378626332755,0.008561971545971877,578,I hope you don't mind that I ordered extra paparazzi.
10,3024,3020,3343,9387,1.966016831788644,0.00849363717241882,578,This is the last time we dine at Scaramucci's.
11,2271,3019,2984,8274,1.913826444283297,0.00871050297125557,578,"Apparently ""pepperoni pizza"" autocorrects to ""paparazzi posse""."
12,595,888,791,2274,1.9138082673702725,0.01627509961752998,578,If you don't like the paparazzis you can just pick them off.
13,1481,1906,2040,5427,1.8969964989865487,0.010845082001665817,578,"The D.C. press are so excited to find someone, anyone, in this town who can deliver something."
14,1070,1867,1619,4556,1.8794995610184373,0.011242173570903785,578,Did you ask for extra paparazzi?
15,1330,2729,2251,6310,1.854041204437401,0.009304621927023011,578,"Don't ask me how I know, but I think we're about to be served Luigi's one millionth pizza."
16,1530,1844,2447,5821,1.8424669300807421,0.010636118796417586,578,"They said if it's not on the table before the next White House staff shakeup, it's free."
17,958,1603,1704,4265,1.8250879249706917,0.011798374779022057,578,"Apparently, your Italian is as not as good as you think."
18,1390,2263,2472,6125,1.8233469387755101,0.009892666201763269,578,There are things you don’t know about me.
19,1691,2119,2883,6693,1.8219034812490662,0.009868245893383327,578,It's his last shift before he becomes White House Chief of Staff.
20,1129,1464,2009,4602,1.8087787918296392,0.011842917893159612,578,"When I ordered my pizza served ""Trump style"" I imagined it would just be very cheesy and come with extra baloney..."
21,1189,2302,2418,5909,1.7920121848028432,0.009797940352692732,578,"Pepperoni, paparazzi. He knew what I meant."
22,1242,1842,2404,5488,1.788265306122449,0.010625824681953793,578,It's because we the last two people in New York who still eat gluten.
23,115,174,227,516,1.7829457364341086,0.03457588093472397,578,You’ll never guess why they call it Papa Razzi’s Pizza.
24,1112,1925,2321,5358,1.7743561030235162,0.010492883910576593,578,I reserved the table as Mr. and Mrs. Clooney.
25,364,882,908,2154,1.7474466109563602,0.01564150803519783,578,We probably should have asked more questions before ordering 'The Special'.
26,447,889,1066,2402,1.7422980849292256,0.015319470096281887,578,"I thought ""world famous pizza"" was just....you know."
27,868,2057,2202,5127,1.739808855080944,0.01017876964698201,578,Remember when I told you that the pizza here is famous?
28,862,1843,2133,4838,1.7372881355932204,0.010663728234903944,578,This is nothing. Wait until the cannolis are served.
29,644,1554,1708,3906,1.7275985663082438,0.011627465349884368,578,"Now remember, act surprised."
30,778,1362,1937,4077,1.7157223448614176,0.011981309519105338,578,Here comes our pizza with everyone on it.
31,589,1281,1571,3441,1.7146178436501016,0.0126016970471372,578,"The pizza chef is good, but the marketing director is a genius."
32,552,1173,1584,3309,1.688123300090662,0.012873737636672442,578,Last time you may have over-tipped.
33,392,946,1179,2517,1.687326181962654,0.014464347161960175,578,I just love this place. The pizza with paparazzi is to die for.
34,538,1390,1683,3611,1.6829133204098587,0.011938451536261217,578,It's all about the delivery
35,255,613,797,1665,1.6744744744744744,0.017777081251612134,578,they'll never find us here...
36,396,960,1284,2640,1.6636363636363636,0.014080684790133647,578,Is this your first time eating at Paparazzi's?
37,435,864,1350,2649,1.654586636466591,0.01447115049714132,578,"No, I don't think anyone knows about our affair."
38,711,1810,2434,4955,1.6522704339051464,0.010183981347873227,578,I ordered half mushroom half paparazzi.
39,372,511,1046,1929,1.6505961638154485,0.01783122907218527,578,"Once you win the cartoon caption contest, everything changes ..."
40,188,367,600,1155,1.6432900432900432,0.021930429802678526,578,"It always has to be drama with you, doesn't it!"
41,583,1355,2024,3962,1.6362948006057547,0.011520587781172806,578,"""It's their new Paparazzi Pizza""."
42,377,941,1363,2681,1.6322267810518463,0.013845555651411826,578,It did kind of sound like you said paparazzi pizza.
43,277,633,973,1883,1.6303770578863517,0.016737219934858945,578,"Next time, we order in English."
44,327,669,1110,2106,1.6282051282051282,0.016077377559452186,578,"Some like New York-style, some Chicago. I prefer LA."
45,558,1411,2080,4049,1.624104717214127,0.011226882593582338,578,"Don't be alarmed but I might have said ""Paparazzi"" instead of ""Pepperoni."""
46,424,1011,1568,3003,1.619047619047619,0.013138578085358213,578,Just the way I like it - fresh from the oven with extra paparazzi.
47,172,479,679,1330,1.618796992481203,0.019290147099184658,578,Please tell me you didn't order extra paparazzi.
48,166,386,628,1180,1.6084745762711865,0.02099293468338848,578,"Chefs are so last year, now everyone's into Celebrity Waiters."
49,47,135,205,387,1.5917312661498708,0.03542778657057734,578,I thought we decided against the paparazzi pizza.
50,250,498,1022,1770,1.5638418079096046,0.017283099821496825,578,I can't wait to send it back.
51,122,258,511,891,1.5634118967452302,0.024167685234397003,578,I'll be honest - I wasn't sure what a publicist did before I hired her.
52,244,645,1122,2011,1.56340129288911,0.01559189763894552,578,Did you order the extra paparazzi?
53,110,334,553,997,1.555667001003009,0.021666585672320146,578,"On second thought, let's get it to-go."
54,263,696,1267,2226,1.5489667565139262,0.014747318166533747,578,And here I thought Papa Razzi's was the name of the restaurant.
55,115,295,548,958,1.548016701461378,0.022576420867643197,578,Tonight's dinner is served hot off the press.
56,185,375,809,1369,1.5441928414901387,0.019465017035203775,578,Anything you want to tell me?
57,213,619,1105,1937,1.539494062983996,0.015553957374789169,578,I understand the pizza here has gotten a lot of press lately.
58,131,232,554,917,1.5387131952017448,0.024149633027480195,578,It's the annual running of the Bolognese.
59,177,397,821,1395,1.5383512544802866,0.01898222044625717,578,I thought it was Papa Razzi's Pizza.
60,75,151,343,569,1.5289982425307558,0.030046310750936348,578,Guess I won't need to post this on Facebook.
61,250,379,1038,1667,1.5272945410917818,0.018156235060252414,578,Yesterday he was White House Chief of Staff.
62,195,282,800,1277,1.5262333594361785,0.020850172710229195,578,"Peter, the piping pizza piqued a pack of pickled paparazzi."
63,215,517,1081,1813,1.522338665195808,0.016388578499742987,578,"I said pepperoni, not paparazzi."
64,139,288,664,1091,1.5187901008249312,0.02151293681841166,578,Add dinner to the list of things the 24-hour news cycle has ruined.
65,186,316,825,1327,1.5184626978146194,0.01999228176431383,578,"Honestly, Jared, no one cares if your waiter is a Russian.."
66,68,286,462,816,1.517156862745098,0.022602793375536424,578,You're gonna be so glad you dressed for dinner.
67,137,387,808,1332,1.4962462462462462,0.018503184996782048,578,I went for the pepparazzi. You?
68,120,355,736,1211,1.4913294797687862,0.019244149946110012,578,"You just had to order the paparazzi pizza, didn't you?"
69,122,348,740,1210,1.4892561983471075,0.019325633715813962,578,I doubt that their pizza is actually 'world famous'.
70,103,293,635,1031,1.483996120271581,0.020891534249865156,578,"Honey, did you try ordering in Italian again?"
71,77,252,525,854,1.4754098360655739,0.02244501403365238,578,I love telling waiters ‘Surprise me.’
72,82,238,547,867,1.4636678200692042,0.0224852527716394,578,I've really had enough of these celebrity chefs!
73,72,188,461,721,1.4604715672676838,0.024948839610494367,578,I'm getting the feeling that they think we're someone else.
74,64,170,416,650,1.4584615384615385,0.02619112027790236,578,They have cameras. Don't eat it with a fork and knife.
75,73,143,415,631,1.4580031695721078,0.02759155121722661,578,Poor Jared! Looks like those Witness Protection boys will have to start over!
76,66,216,480,762,1.4566929133858268,0.023530471834157695,578,I told you their pizza was famous!
77,68,196,465,729,1.4554183813443073,0.02443227369778656,578,I'm sure no one recognized you.
78,96,147,504,747,1.4538152610441768,0.02601543886682459,578,It's Reince's first day.
79,76,186,486,748,1.4518716577540107,0.02456835446792398,578,They take Server of the Month very seriously at Papa Razzi.
80,37,151,312,500,1.45,0.028152889200589722,578,"""World's Most Famous Pizza?"", I'll believe it when I see it."
81,53,186,410,649,1.4499229583975346,0.02517900381720088,578,It's just another one of those slow news days.
82,101,99,474,674,1.446587537091988,0.028505372734653707,578,My goodness! Look John! Our waiter just won the New Yorker caption contest!
83,69,161,445,675,1.442962962962963,0.02587321349071321,578,"See, Reince wasn't out of a job for long!"
84,43,119,301,463,1.4427645788336934,0.030595434644889532,578,I told them it's your birthday;--maybe we'll get a free dessert or something.
85,65,167,439,671,1.4426229508196722,0.02563953802443506,578,We don't want them to find out you're the food editor for the New Yorker!
86,67,158,435,660,1.4424242424242424,0.026123185916785002,578,What exactly is the 'Running of the Pizza'?
87,55,185,427,667,1.4422788605697152,0.02485953969107301,578,"Smile, here comes our 15 minutes of fame!"
88,46,194,410,650,1.44,0.024448885755738798,578,And I thought 'world famous pizza' was just a marketing gimmick.
89,53,168,402,623,1.4398073836276084,0.025877565772521132,578,"Wow! I guess it really is ""World Famous Pizza!"""
90,21,74,169,264,1.4393939393939394,0.039262101353528776,578,"Enjoy, it's no longer a secret."
91,51,169,398,618,1.4385113268608414,0.025817828535403178,578,"Funny story. Yes, my name is Angela Jolie but nobody ever mistakes us for one another."
92,61,131,385,577,1.438474870017331,0.0281875272003636,578,Your first time in the West Wing cafeteria?
93,63,134,397,594,1.4377104377104377,0.027798395581075067,578,The panini press is much smaller.
94,55,162,406,623,1.4365971107544142,0.026064015974431583,578,I hope you like paparazzi pizza.
95,51,163,396,610,1.4344262295081966,0.02603878613173871,578,"I keep telling you, it's ""pepperoni"" not ""paparazzi."""
96,54,152,394,600,1.4333333333333333,0.026654142857694556,578,You told me to stop taking pictures of food with my phone.
97,50,155,386,591,1.4314720812182742,0.02650579284558479,578,"Sweetie, are you sure you said pepperoni?"
97,68,119,404,591,1.4314720812182742,0.02838662754113425,578,Everyone wants to interview the last Mexican waiter.
99,55,142,388,585,1.4307692307692308,0.027236951400986472,578,Why do these places say they have 'famous' pizza? That's so silly.
100,43,144,356,543,1.423572744014733,0.027252348434352605,578,"No, it used to be celebrity chefs, now it's all about celebrity waiters."
101,54,116,361,531,1.4218455743879472,0.02905043487693606,578,"There really is no such thing as a personal pan pizza anymore, is there?"
102,35,150,338,523,1.4206500956022945,0.026893674743428124,578,The food's not much but they're famous for their service.
103,51,113,350,514,1.4182879377431907,0.029345250059741607,578,Slow news day...
104,60,85,349,494,1.4149797570850202,0.031387344449407086,578,Flash Flashmob ??
105,61,75,339,475,1.414736842105263,0.032464596073981625,578,I'd hate to see what they do when you order the Oysters Rockefeller.
106,45,111,330,486,1.4135802469135803,0.029696638410949047,578,Everyone gets 15 slices of fame.
106,30,141,315,486,1.4135802469135803,0.027470261948992512,578,You can open your eyes now
108,48,99,327,474,1.4113924050632911,0.03066149976849104,578,The press is still adjusting to Sean Spicer's new job.
109,42,110,320,472,1.4110169491525424,0.02986338740563879,578,Your wife will never find us here.
110,28,132,299,459,1.4095860566448801,0.02818488848979555,578,It's not the best pizza in town. Just the most famous.
111,45,101,321,467,1.4089935760171306,0.030533079116477783,578,I wonder if Sean Spicer was able to find new employment.
112,37,113,308,458,1.408296943231441,0.02970174871926907,578,You might want to drink that a little faster.
113,37,110,306,453,1.4061810154525387,0.02991704631907993,578,He won Iron Waiter.
113,38,108,307,453,1.4061810154525387,0.030079850132477836,578,"One pizza, hot off the press."
115,54,73,320,447,1.4049217002237135,0.0328937293888844,578,He's carrying the Olympic Pizza
116,32,115,296,443,1.4040632054176072,0.029523579709005317,578,Why don't you just tell me how I can make this relationship more exciting.
117,35,90,271,396,1.404040404040404,0.032513266336617386,578,We're the first to try Amazon meal delivery.
118,48,82,311,441,1.4036281179138321,0.032277192030804244,578,"Sure, it's a different job, but he's still chief of staff."
118,36,106,299,441,1.4036281179138321,0.030300681302932127,578,"You know, you really do resemble that Michelin critic."
120,27,121,287,435,1.4022988505747127,0.028984042027426132,578,I like coming here. It's always such an event.
121,70,29,324,423,1.3995271867612293,0.036780200246709825,578,"As usual, Not One finalist for the ""Bee Hive"" cartoon, #577, is even Worth a Vote... These New judges are even worse than that Olde Dinosaur"
121,43,83,297,423,1.3995271867612293,0.03240790474893908,578,"Honey , yelling ""Hey fella President Trump's mistress has been waiting 40 God damn minutes for her pizza"" might help get us served quicker but the fallout isn't worth it."
123,23,122,276,421,1.3990498812351544,0.028829248188940754,578,I'm not sure he's enjoying his 15 minutes.
124,43,81,295,419,1.3985680190930787,0.0326267183605109,578,Food photography has gotten to be so competitive.
125,32,94,275,401,1.3940149625935163,0.03155820691009633,578,"Don't look now, but I think we just ordered the one milllionth pizza here."
125,41,76,284,401,1.3940149625935163,0.0332887349527137,578,It's the last pizza with gluten.
127,35,87,277,399,1.3934837092731829,0.032255764795853126,578,My second choice was confetti and meatballs.
128,30,92,266,388,1.3917525773195876,0.03186379567443869,578,Say cheese!
129,30,91,266,387,1.3901808785529717,0.03190735131622343,578,I warned you not to tweet during the meal.
130,34,82,269,385,1.3896103896103895,0.0328521589909742,578,He's carrying the Olympic Pizza
131,24,99,256,379,1.3878627968337731,0.03103481251411487,578,How long until this gem is discovered ?
132,28,65,219,312,1.3878205128205128,0.03661316607070887,578,"Honey, Just one year I'd like to celebrate my birthday without one of your suprises!"
133,30,79,250,359,1.3871866295264623,0.03360982425968093,578,"Being a gluten eater in NYC, you get used to the attention"
134,34,77,264,375,1.3866666666666667,0.03345077350923313,578,Are you ever confused with the other Brad Pitt ?
134,31,83,261,375,1.3866666666666667,0.03280508344301095,578,Oh. I thought paparazzi was a type of Italian sausage.
136,37,70,266,373,1.386058981233244,0.03421189761743437,578,Apparently the pizza here is quite famous.
137,33,76,260,369,1.3848238482384825,0.0336056188157161,578,Sean Spicer is our waiter.
138,31,79,257,367,1.3841961852861036,0.03328658495919719,578,I'm so over celebrity chefs.
139,30,80,255,365,1.3835616438356164,0.033183872972166614,578,I love this restaurant because I don't have to take the pictures of my food.
139,23,94,248,365,1.3835616438356164,0.03155622517754733,578,"Now George, I'm so glad you've chosen this quiet little restaurant as I have something important I need to say....."
141,10,55,131,196,1.3826530612244898,0.041649976900695246,578,You're right. A nice quiet dinner out is all we need.
142,35,66,255,356,1.3820224719101124,0.03491278938948845,578,"Oh oh, the press corps has been kicked out if the White House again."
142,27,82,247,356,1.3820224719101124,0.03304997053648627,578,"We ordered medium pizza, not media pizza."
144,28,55,209,292,1.38013698630137,0.03832460739762057,578,"These days, investigative reporting is all about following the dough."
145,24,85,241,350,1.38,0.03268074523770617,578,I never know what all the fancy Italian words mean on the menu but I'm looking forward to the paparazzi.
146,38,55,253,346,1.3786127167630058,0.03631258442217603,578,I guess Spicer is still being hounded in his new job.
147,26,74,236,336,1.375,0.03408229306812858,578,"They're shooting an episode of ""Celebrity Waiter""."
148,32,60,240,332,1.3734939759036144,0.035907202914765686,578,I've heard good things about the leeks.
148,28,68,236,332,1.3734939759036144,0.034878768230839526,578,Now might be a good time to tell you who my previous date was.
148,23,78,231,332,1.3734939759036144,0.03354892007909792,578,Must be a slow news day.
151,20,81,225,326,1.3711656441717792,0.03310129420018753,578,Must be a slow news day.
152,25,69,227,321,1.3707165109034267,0.034868010918068126,578,Did you have to say cheese?
152,22,75,224,321,1.3707165109034267,0.03402009656701825,578,I changed my mind. I want the fettuccine.
154,16,46,149,211,1.3696682464454977,0.042799221276177905,578,Let's keep this quiet. I don't want any leaks about us having pizza.
155,25,67,225,317,1.3690851735015772,0.03515742241291185,578,I wonder where Sean Spicer will land his next gig...
155,25,67,225,317,1.3690851735015772,0.03515742241291185,578,Say cheese!
157,25,66,224,315,1.3682539682539683,0.03530455041173791,578,Who ordered the paparazzi pizza?
157,21,74,220,315,1.3682539682539683,0.034139854572492155,578,I think they just found Waldo.
159,24,58,207,289,1.3667820069204153,0.03719052540063928,578,It's the pizzarazzi again.
160,29,55,225,309,1.3656957928802589,0.03691270174001217,578,Apparently the press has found out about Sean Spicer’s new job.
161,24,64,219,307,1.3648208469055374,0.035612217376475006,578,"Hope you don't mind, I ordered the pizza with extra paparazzi."
162,25,61,219,305,1.3639344262295081,0.036065573770491806,578,I orderd it with extra paparazzi
162,19,73,213,305,1.3639344262295081,0.0342243143970838,578,"Yeah, I think my Yelp review made a difference."
164,15,80,208,303,1.363036303630363,0.0330688047947387,578,"Next time, let's go to Luigi's Not-So-Famous Pizzeria."
165,17,75,209,301,1.3621262458471761,0.033859889670377244,578,Did the waiter look familiar to you?
165,22,65,214,301,1.3621262458471761,0.0354574970873186,578,The dating site never mentioned you enjoy a media circus.
167,17,70,203,290,1.3586206896551725,0.03466364677895981,578,"So nice: a quiet dinner, just the two of us."
167,24,56,210,290,1.3586206896551725,0.03699476873080081,578,Don't think this will stop me from sending it back.
169,27,49,212,288,1.3576388888888888,0.03812839641777471,578,No torch this year but I hear the Olympic Pizza is coming through town soon.
169,20,63,205,288,1.3576388888888888,0.03583849773112759,578,Maybe we should have chosen the second best pizzaria in town.
171,27,48,211,286,1.3566433566433567,0.03830899585694443,578,I hear the pizza here is world famous!
171,17,68,201,286,1.3566433566433567,0.03496012724728112,578,Looks like his sauce isn't a secret any more.
171,26,50,210,286,1.3566433566433567,0.03798739655366311,578,Does your wife know you are here?
174,17,66,199,282,1.3546099290780143,0.03526357809532076,578,Next time we'll order it to go
174,17,66,199,282,1.3546099290780143,0.03526357809532076,578,It's a slow news day.
174,28,44,210,282,1.3546099290780143,0.039001929305367486,578,He used to be Trump's chief of staff.
177,31,37,212,280,1.3535714285714286,0.04016039726639711,578,"I tried to tweet ""Found a great new Italian place"" but it auto-corrected to ""Trump has resigned"""
177,20,59,201,280,1.3535714285714286,0.03648615470341221,578,My Yelp reviews have a huge audience
177,23,53,204,280,1.3535714285714286,0.037523917713318825,578,"Everything's ""breaking news"" these days."
180,20,57,198,275,1.3527272727272728,0.03693381777037969,578,The kitchen is known for its dough press.
181,23,52,203,278,1.3525179856115108,0.037700926519137735,578,"You know, Henry, nothing exciting ever happens to me."
182,22,52,199,273,1.3516483516483517,0.037825253663641,578,"...and it's not just the Chef, the waiters here are very renowned as well."
182,20,56,197,273,1.3516483516483517,0.037106362174056655,578,We forgot to tell them to hold the paparazzi.
182,22,52,199,273,1.3516483516483517,0.037825253663641,578,It's hot off the press!
182,26,44,203,273,1.3516483516483517,0.039223528864341564,578,Did you order our pizza with paparazzi?
186,18,58,193,269,1.3494423791821561,0.03670990548621325,578,It's different out here...the movie stars are aspiring waiters.
187,20,53,194,267,1.348314606741573,0.03763718144197791,578,I hope you didn't order the Will You Marry Me pizza.
187,19,55,193,267,1.348314606741573,0.03726120151759754,578,They got a tip.
189,13,66,186,265,1.3471698113207546,0.03507330748067863,578,They said it would be out in a flash.
190,17,57,189,263,1.3460076045627376,0.03683903032512511,578,This taking pictures of your food thing has gone too far...
191,17,55,186,258,1.3449612403100775,0.03730961678692162,578,I wonder what becomes of old press secretaries.
191,16,57,185,258,1.3449612403100775,0.036903174957825684,578,I hope you like surprises.
191,17,55,186,258,1.3449612403100775,0.03730961678692162,578,But pizza's pizza. How special can it be?
191,19,51,188,258,1.3449612403100775,0.038109498427886,578,Didn't you hear?Our waiter has been named Attorney General
191,14,61,183,258,1.3449612403100775,0.03607655688019286,578,"One paparazzi pizza, coming up!"
196,26,38,197,261,1.3448275862068966,0.04043776027012746,578,"The Olympic torch has changed a little bit over the years, but it certainly smells better!"
196,21,48,192,261,1.3448275862068966,0.03857266181295459,578,These flash mobs are becoming a real problem...
198,16,56,184,256,1.34375,0.037078926814640825,578,Slow news day...
198,16,56,184,256,1.34375,0.037078926814640825,578,Some fool ordered the paparazzi pizza.
198,22,44,190,256,1.34375,0.03947999927985378,578,"A simple selfie would have been sufficient, Malcolm."
198,17,54,185,256,1.34375,0.037489786190740684,578,Now's probably a good time to mention that the affair was with a high-ranking government official.
198,28,32,196,256,1.34375,0.04174318953492916,578,I think our dinner order has been leaked to the press.
203,24,39,191,254,1.3425196850393701,0.04046060536341661,578,I said LEEKS! LEEKS! It's a vegetable!
204,19,48,185,252,1.3412698412698412,0.038683432091003,578,The pizza is famous here.
204,18,50,184,252,1.3412698412698412,0.03827255367502065,578,And Spicer thought he could fade into anonymity.
204,20,46,186,252,1.3412698412698412,0.039089991965606044,578,"Is it me, or does every waiter in Eric Trump's new eatery appear to be rushin'?"
207,18,48,181,247,1.3400809716599191,0.0387914421576563,578,Five seconds to go before our pizza is free
208,20,45,185,250,1.34,0.039290903532517636,578,Just how much did you tip last time?
209,8,38,113,159,1.3396226415094339,0.045347325832227066,578,"I can't imagine what the Paparazzi Pizza is, but I do so enjoy a suprise, don't you?"
210,14,55,176,245,1.3387755102040817,0.03723498587150901,578,This restaurant is famous for the pizzarazi.
210,22,39,184,245,1.3387755102040817,0.04067053252264055,578,They do a nice paparazzi and cheese here.
210,23,37,185,245,1.3387755102040817,0.04107977873635791,578,"I think you meant ""pepperoni""."
210,18,47,180,245,1.3387755102040817,0.03899061674638296,578,I can't believe you were able to get us a table at Papa Razzi's!
214,21,42,185,248,1.3387096774193548,0.03990577315348957,578,Did we order a pie with extra paparazzi?
215,21,40,182,243,1.337448559670782,0.04047326101398734,578,I told you the pizza here is famous...
216,10,61,170,241,1.3360995850622406,0.03571438819827207,578,"It's all very exciting, but I'm still not convinced 'The Running of the Pizzas' is a thing."
216,18,45,178,241,1.3360995850622406,0.039397242254599604,578,big news! i'm back on carbs.
216,14,53,174,241,1.3360995850622406,0.03760093231320524,578,"I'm a little skeptical about the ""world famous"" pizza hype."
219,21,38,180,239,1.3347280334728033,0.040914822089447675,578,"Roger, our tape leaked."
219,12,56,171,239,1.3347280334728033,0.03684532666637076,578,"Oh heavens, no, I don't actually eat it, Mark. I just need the public to believe I do."
219,14,52,173,239,1.3347280334728033,0.03778755234977565,578,I think there's more to our waiter than meets the eye.
222,11,56,167,234,1.3333333333333333,0.036840877897912676,578,I told you the pizza arrives in a flash here
222,17,45,175,237,1.3333333333333333,0.03936369627007261,578,"I've looked forward to this quiet, relaxing evening all week."
224,22,33,177,232,1.331896551724138,0.04220114702138039,578,"""Is this the first time you've dined at Scaramucci's?"
225,13,50,167,230,1.3304347826086957,0.03820715286103282,578,I may have mentioned it to someone that we were coming here.
225,16,44,170,230,1.3304347826086957,0.0396699303056183,578,And that's the difference between Chicago pizza and New York pizza.
225,15,46,169,230,1.3304347826086957,0.039188405048141285,578,Nothing ever happens when I'm with you.
225,22,32,176,230,1.3304347826086957,0.04244451733575471,578,"It's a reality TV show based on the Olympic Torch Relay, only it's pizza and it's gluten-free."
225,15,46,169,230,1.3304347826086957,0.039188405048141285,578,"Great waiter, but he's got lousy witness protection."
225,16,44,170,230,1.3304347826086957,0.0396699303056183,578,Told you their pizza is famous.
231,13,32,131,176,1.3295454545454546,0.04589880301340934,578,... and run completely by ex-White House staffers who grew a conscience. I simply adore it here.
232,20,34,172,226,1.3274336283185841,0.04201650457761618,578,Let me explain Instagram to you.
232,17,40,169,226,1.3274336283185841,0.0405880839240516,578,I told your mother that we would be celebrating here and she promised not to say a word.
232,18,38,170,226,1.3274336283185841,0.04106974462290764,578,There's something about me I've never told you.
235,14,45,164,223,1.3273542600896862,0.03946454598907072,578,He did say they're famous for their pizza.
236,15,41,161,217,1.327188940092166,0.04073316429655542,578,I've heard they're famous for their pizza.
237,15,42,165,222,1.3243243243243243,0.040038058371372816,578,"The pizza's nothing special, but I love the quiet intimacy of this place."
237,9,54,159,222,1.3243243243243243,0.036857260319601334,578,"Sorry, Duane, but I'm convinced that a life with you would be way too predictable."
239,19,33,167,219,1.3242009132420092,0.04243779380761766,578,Apparently the waiter knows the truth about Russia.
239,19,33,167,219,1.3242009132420092,0.04243779380761766,578,Can you keep a secret?
239,19,33,167,219,1.3242009132420092,0.04243779380761766,578,"That Meryl Streep can make herself look like anyone, can't she?"
239,17,37,165,219,1.3242009132420092,0.04143890288961889,578,"Spicey, how's the new job!"
239,14,43,162,219,1.3242009132420092,0.0398936983350924,578,"And I'm telling you, no one will recognize you."
239,12,47,160,219,1.3242009132420092,0.03882941534827362,578,Looks like the secret sauce is no longer secret.
239,14,43,162,219,1.3242009132420092,0.0398936983350924,578,"Stay calm, Jeremy. It's the other table."
246,20,30,167,217,1.3225806451612903,0.04318640527709604,578,"Alan, sometimes I feel as if our life together is a bad joke."
247,13,43,159,215,1.3209302325581396,0.0397929366616868,578,Are you still making reservations as 'Brangelina'?
247,10,49,156,215,1.3209302325581396,0.03811917332231865,578,Another famous actor aspiring to be a waiter.
247,16,37,162,215,1.3209302325581396,0.04139908503270409,578,He just got tickets to Hamilton.
247,14,41,160,215,1.3209302325581396,0.040335426355612415,578,"Scaramucci's Special. That's extra ham on thin crust, right?"
251,13,42,157,212,1.320754716981132,0.04017217907114822,578,You say the waiter holds some sort of record?
252,13,35,143,191,1.3193717277486912,0.04313376267732791,578,I guess it really is World Famous Pizza.
252,14,33,144,191,1.3193717277486912,0.043767945847344204,578,The pizza here is famous.
254,17,33,160,210,1.319047619047619,0.04259304465831479,578,"I told you, paparazzi is not the plural of pepperoni."
254,13,41,156,210,1.319047619047619,0.040396702672134084,578,They weren't kidding when they said their pizza is 'world famous'.
254,15,37,158,210,1.319047619047619,0.04150940279048834,578,This is the last time we're ordering the famous recipe.
254,19,29,162,210,1.319047619047619,0.04364979251391001,578,It’s like they’ve never seen gluten before.
254,10,47,153,210,1.319047619047619,0.03866766332373228,578,"Honey, I told you not to order their ""World Famous"" pizza."
254,18,31,161,210,1.319047619047619,0.04312465559150932,578,"I can't say no now, can I?"
254,23,21,166,210,1.319047619047619,0.04569002356085831,578,I was amazed at how quickly he found a new job after he was impeached.
254,13,41,156,210,1.319047619047619,0.040396702672134084,578,Did someone say cheese?
254,17,33,160,210,1.319047619047619,0.04259304465831479,578,Food blogging has ruined everything.
254,8,51,151,210,1.319047619047619,0.03747067191384903,578,"They really treat you like a celebrity here, don't they?"
254,14,39,157,210,1.319047619047619,0.040956831584021525,578,Dare you to trip him.
265,18,30,160,208,1.3173076923076923,0.043389063593844,578,I can't be the first person to ask for extra gluten.
265,12,42,154,208,1.3173076923076923,0.04004877075647526,578,Our paparapizza is here.
265,16,34,158,208,1.3173076923076923,0.04230494737894528,578,This food porn thing is really getting out of hand.
268,14,37,155,206,1.3155339805825244,0.04143137833947922,578,I had a coupon.
268,12,41,153,206,1.3155339805825244,0.0402720711823118,578,"It's a ""paparizza"" - I don't know what's on it, but the name sounded interesting."
270,17,30,156,203,1.3152709359605912,0.04356415876442946,578,"You know, dear... We may have to stop coming to Mar A Lago."
271,18,26,155,199,1.3115577889447236,0.04468713098064287,578,I wonder what Spicer is doing these days..
271,10,42,147,199,1.3115577889447236,0.03988569815675263,578,"Honey, you really need to stop telling them you're with The Food Network."
271,11,40,148,199,1.3115577889447236,0.0405170058392803,578,I hate it when they don't give you enough time to finish the salad.
271,14,34,151,199,1.3115577889447236,0.042354507391378735,578,Apparently they are famous for their pizza.
271,12,38,149,199,1.3115577889447236,0.04113862670178683,578,In order to get a table I used Brad Pitt's name
271,10,42,147,199,1.3115577889447236,0.03988569815675263,578,I told you this place is famous for its pizza.
271,13,36,150,199,1.3115577889447236,0.041750993420967386,578,These food bloggers are getting out of hand.
278,15,31,151,197,1.3096446700507614,0.04321570908631722,578,I guess it really is World Famous Pizza.
278,18,25,154,197,1.3096446700507614,0.044977656874432795,578,I've heard this place is famous for its pizza.
278,12,37,148,197,1.3096446700507614,0.04137880382215259,578,I like the quiet ambience of this place.
278,16,29,152,197,1.3096446700507614,0.0438108991065793,578,He's hoping to make it an Olympic event by 2024.....
278,13,35,149,197,1.3096446700507614,0.04200003302910439,578,I DIDNT THINK ADDING APRICOTS WAS THAT BIG A DEAL.
278,16,29,152,197,1.3096446700507614,0.0438108991065793,578,Did you tell your mother you had a date?
284,15,30,149,194,1.309278350515464,0.043681870872009476,578,"I think you meant to say ""with pepperoni"""
284,16,28,150,194,1.309278350515464,0.04428907080625626,578,I told you this place had famous pizza
284,14,32,148,194,1.309278350515464,0.043066110723819016,578,Did you order it with extra paparazzi?
284,12,36,146,194,1.309278350515464,0.04180739160568257,578,I've just learned how to place an order by tweeting.
284,12,36,146,194,1.309278350515464,0.04180739160568257,578,It must be hot off the press
289,10,31,124,165,1.309090909090909,0.045180251474455466,578,Did you order extra paparazzi again?
290,11,37,144,192,1.3072916666666667,0.04140508806007957,578,Did someone say cheese?
290,16,27,149,192,1.3072916666666667,0.044576551306017245,578,I hear their pizza is famous.
292,13,32,145,190,1.305263157894737,0.04296668252675139,578,"I ordered the ""Celebrity Pizza,"" but I have no idea what's on it."
292,14,30,146,190,1.305263157894737,0.04360998280086271,578,Ten more seconds and it's free.
292,9,40,141,190,1.305263157894737,0.04029090017866382,578,Please don't make a fuss.
292,10,38,142,190,1.305263157894737,0.0409762300577292,578,Your pizza with extra paparazzi is here.
296,13,31,144,188,1.303191489361702,0.04323572265847836,578,This feels like something out of a New Yorker cartoon?
296,12,33,143,188,1.303191489361702,0.042572742692547814,578,I told you their pizza was world famous
296,15,27,146,188,1.303191489361702,0.044532081701519524,578,This is the last time we're going to a celebrity chef.
296,10,37,141,188,1.303191489361702,0.04121480114589821,578,Dare I send it back?
296,11,35,142,188,1.303191489361702,0.041899273584764064,578,He won three Republican primaries in 2016.
296,12,33,143,188,1.303191489361702,0.042572742692547814,578,I ordered the 'fake news' pizza.
302,14,28,143,185,1.3027027027027027,0.04438132244185249,578,Their pizza is 'World Famous.'
302,8,40,137,185,1.3027027027027027,0.040214118692378654,578,I've heard their pizza here is pretty famous.
302,11,34,140,185,1.3027027027027027,0.04234900898422771,578,"They say that if Gweneth Paltrow ate food, even she would eat this pizza!"
302,12,32,141,185,1.3027027027027027,0.04303711152629429,578,Did I mention I had a meeting with Putin?
302,16,24,145,185,1.3027027027027027,0.045685999987399493,578,Scaramucci just tweeted that the waiter is the leaker.
307,12,31,140,183,1.3005464480874316,0.04330861787784712,578,I orderd it with extra paparazzi
307,10,35,138,183,1.3005464480874316,0.04189913963001103,578,"Eric, your photographing all of our meals together is starting to creep me out."
307,8,39,136,183,1.3005464480874316,0.04044056652645883,578,"If the waiter says our pizza is ""Hot off the press"", I'll hit him!"
307,10,35,138,183,1.3005464480874316,0.04189913963001103,578,"The pizza's authentic, but the press coverage is fake news."
311,11,32,138,181,1.298342541436464,0.042874573579457884,578,"Dear, you know I don't like pizza with paparazzi."
311,7,40,134,181,1.298342541436464,0.03990839063154781,578,I liked this place better before he became a celebrity chef.
311,13,28,140,181,1.298342541436464,0.0442832221956625,578,I told you it wasn't Italian for pepperoni.
311,13,28,140,181,1.298342541436464,0.0442832221956625,578,You know you can't order cheese in Hollywood.
311,13,28,140,181,1.298342541436464,0.0442832221956625,578,Maybe we should have left off the Scaramucci.
311,13,28,140,181,1.298342541436464,0.0442832221956625,578,I've ordered that new pizza the press are wild about.
311,10,34,137,181,1.298342541436464,0.04215260022128308,578,...no Honey I don't know. How many Paparazzi does it take to make a Paparazzi Pizza?
311,9,36,136,181,1.298342541436464,0.041418043787826105,578,"Funny, it just occurred to me that ""Papa Razzi's Pizzeria"" may have a double meaning."
311,21,12,148,181,1.298342541436464,0.04951870961233426,578,watch me send this shit back
311,11,32,138,181,1.298342541436464,0.042874573579457884,578,I've heard the waiters don't get paid if they can't serve the food before it appears on social media.
311,13,28,140,181,1.298342541436464,0.0442832221956625,578,A quiet dinner at Papa Razzi's you said
311,9,36,136,181,1.298342541436464,0.041418043787826105,578,I thought you said hold the paparazzi
311,11,32,138,181,1.298342541436464,0.042874573579457884,578,I hate it when the service is rushed.
324,7,39,132,178,1.297752808988764,0.04031989030686663,578,"Eat, pray, run."
324,11,31,136,178,1.297752808988764,0.043354508907759604,578,"When you're hot, everybody wants a piece of you."
326,11,24,120,155,1.2967741935483872,0.047716339564644286,578,"Is there where you say ""Will you marry me?"""
327,10,32,135,177,1.2937853107344632,0.04267143579763681,578,Can't you just be glad that Reince got a new job so quickly?
328,7,37,130,174,1.293103448275862,0.04077667834813836,578,You would be surprised at how few people actually order anchovies on their pizza.
328,11,29,134,174,1.293103448275862,0.04391469650730437,578,"First it was celebrity diners. Then chefs. Now, servers."
328,10,31,133,174,1.293103448275862,0.04315159094718724,578,"Before I became Insta-famous, I had to take pictures of my food all by myself."
328,14,23,137,174,1.293103448275862,0.046128330486746284,578,The pizza here is famous.
328,9,33,132,174,1.293103448275862,0.04237474522894614,578,I told him to hold the paparazzi.
328,10,31,133,174,1.293103448275862,0.04315159094718724,578,It seems like such a sadly commercial way for our best runners to qualify for the Olympics.
328,12,27,135,174,1.293103448275862,0.04466476617406532,578,Gals in these parts aren't proposed to very often.
328,7,37,130,174,1.293103448275862,0.04077667834813836,578,"""You should see the reception he gets for his spaghetti and meatballs dish""!!"
328,9,33,132,174,1.293103448275862,0.04237474522894614,578,"19 minutes 56 seconds, you'll have to pay him."
328,11,29,134,174,1.293103448275862,0.04391469650730437,578,It's hot off the press!
328,13,25,136,174,1.293103448275862,0.045402446029252745,578,The food porn business is not as glamorous as you'd think.
328,13,25,136,174,1.293103448275862,0.045402446029252745,578,Don't turn around. It's the pizzarazzi.
328,12,27,135,174,1.293103448275862,0.04466476617406532,578,Papa Razzi's Pizza really delivers on the name.
328,11,29,134,174,1.293103448275862,0.04391469650730437,578,It's the pizzarazzi. Don't ask.
328,11,29,134,174,1.293103448275862,0.04391469650730437,578,"Whatever you do, don't ask what took him so long."
328,9,33,132,174,1.293103448275862,0.04237474522894614,578,"See, Donald - it's fake news in the making."
328,9,33,132,174,1.293103448275862,0.04237474522894614,578,"Forget about celebrity chefs, honey, now celebrity waiters are all the rage."
328,15,21,138,174,1.293103448275862,0.04684296789860529,578,It looks like O.J. found a job.
346,6,38,127,171,1.2923976608187135,0.04037156158099333,578,"Darling, did you order pizza with paparazzi or pepperoni?"
346,10,30,131,171,1.2923976608187135,0.04364700199218211,578,"Was he in that June 2016 meeting with Don Jr., too?"
346,9,32,130,171,1.2923976608187135,0.042851619961223705,578,I liked it better when Ray's was a dive.
346,8,34,129,171,1.2923976608187135,0.04204119270069229,578,I planned something a little different for our anniversary.
346,6,38,127,171,1.2923976608187135,0.04037156158099333,578,The service here is a little over the top.
346,6,38,127,171,1.2923976608187135,0.04037156158099333,578,I told you not to order that.
352,9,31,129,169,1.2899408284023668,0.04312109334736757,578,I only told my mother the good news.
353,11,27,132,170,1.2882352941176471,0.04449369838025287,578,They’re famous for their pizza.
353,10,29,131,170,1.2882352941176471,0.04370441111922959,578,Method actors. Why can't I just eat dinner in New York City without having Robert de Niro pose as my waiter?
353,9,31,130,170,1.2882352941176471,0.042900604972475165,578,Is there something you want to tell me?
356,13,22,132,167,1.2874251497005988,0.04660139584849558,578,I hear their pizza is famous here.
356,10,28,129,167,1.2874251497005988,0.044218271046593614,578,This place hasn't been the same since that review in New Yorker.
358,9,29,126,164,1.2865853658536586,0.043905244560963654,578,Apparently it's a new Olympic event.
358,9,29,126,164,1.2865853658536586,0.043905244560963654,578,Reince just can't escape the media since he lost his last job.
358,10,27,127,164,1.2865853658536586,0.04474915864064111,578,Here comes dinner hot off the press!
358,7,33,124,164,1.2865853658536586,0.042166777227855064,578,I guess the Papparazzi Pizza isn't a typo...
358,9,29,126,164,1.2865853658536586,0.043905244560963654,578,Did it say why this is Trump's fsvorite eatery?
358,11,25,128,164,1.2865853658536586,0.04557744944742412,578,I dress up and you take me for fast food?
358,10,27,127,164,1.2865853658536586,0.04474915864064111,578,Did you order the pizza with a flash mob?
358,6,35,123,164,1.2865853658536586,0.041270090897601856,578,"""It's their new Paparazzi Pizza""."
358,12,23,129,164,1.2865853658536586,0.04639095382959632,578,I have a million Yelp followers.
358,11,25,128,164,1.2865853658536586,0.04557744944742412,578,"Oh, goodness. Did they put us at the paparazzi table again?"
358,4,39,121,164,1.2865853658536586,0.03941556804768703,578,You need to learn to pronounce pepperoni.
358,7,33,124,164,1.2865853658536586,0.042166777227855064,578,Talk about fast food.
358,11,25,128,164,1.2865853658536586,0.04557744944742412,578,"Yes, I always book my reservations under the name Kim Kardashian. Why not?!"
358,11,25,128,164,1.2865853658536586,0.04557744944742412,578,Apparently the pizza comes with extra sleaze
358,8,31,125,164,1.2865853658536586,0.04304478831253317,578,"We should have gone to Mamma Leone's, not Papa Razzi's"
358,8,31,125,164,1.2865853658536586,0.04304478831253317,578,They’re famous for their pizza.
358,14,19,131,164,1.2865853658536586,0.047976598414166564,578,Mr. Spicer has reluctantly agree to an on camera presence with his new position.
358,9,29,126,164,1.2865853658536586,0.043905244560963654,578,"I love this place, its so private."
358,5,37,122,164,1.2865853658536586,0.040353484404808015,578,"Next time, tell them to hold the paparazzi."
358,11,25,128,164,1.2865853658536586,0.04557744944742412,578,Act like you don't recognize it.
378,12,22,128,162,1.2839506172839505,0.0467231048205868,578,"They say the Pizza here is ""World Famous."""
379,13,20,130,163,1.2822085889570551,0.047276185097204375,578,Do you know who I am?
380,8,29,123,160,1.28125,0.043592483737047834,578,"Congratulations, Congress was not able to pass an affordable health care act but they are giving the first 100 patients with pre existing conditions a free pizza."
380,10,25,125,160,1.28125,0.04536008534788372,578,I warned you not to tweet about our new find.
380,12,21,127,160,1.28125,0.04706134344841647,578,"You ordered it with extra paparazzi, right?"
380,7,31,122,160,1.28125,0.042681240447807064,578,I wonder what they mean by Celebrity Pizza.
380,10,25,125,160,1.28125,0.04536008534788372,578,Must every date we go on involve a Guinness World Record attempt?
380,12,21,127,160,1.28125,0.04706134344841647,578,"Careful, it's hot off the press!"
380,10,25,125,160,1.28125,0.04536008534788372,578,"Didn't that new waiter say his name was ""Spicy"" or ""Spicer"" or something like that?"
380,4,37,119,160,1.28125,0.039822596971565635,578,It's tough being a celebrity waiter.
380,7,31,122,160,1.28125,0.042681240447807064,578,"I guess the sign wasn't lying about the ""world famous pizza""."
380,7,31,122,160,1.28125,0.042681240447807064,578,I told you it'd be ready in a flash
380,7,31,122,160,1.28125,0.042681240447807064,578,Apparently the paparazzi see something in his delivery.
380,12,21,127,160,1.28125,0.04706134344841647,578,Quick! The outgoing chef of staff!
392,11,22,124,157,1.2802547770700636,0.04681109236934048,578,The witness protection program doesn't seem to be working too well.
392,8,28,121,157,1.2802547770700636,0.04411689491370177,578,I told you they'd have it out in a flash.
392,10,24,123,157,1.2802547770700636,0.04593058949635656,578,The pizza here is great; I just wish it would stop tweeting.
392,8,28,121,157,1.2802547770700636,0.04411689491370177,578,"Fifteen minutes of fame, or its free."
392,7,30,120,157,1.2802547770700636,0.043181490241751705,578,They did say the pizza here was famous!
392,10,24,123,157,1.2802547770700636,0.04593058949635656,578,I think I just figured out why this place is called Papa Razzi Pizza.
392,11,22,124,157,1.2802547770700636,0.04681109236934048,578,I say pepperoni. You say paparazzi. Let's call the whole thing off.
392,5,34,118,157,1.2802547770700636,0.04124709038031996,578,"Silly me, I think I ordered paparazzi pizza."
392,8,28,121,157,1.2802547770700636,0.04411689491370177,578,They did say our food would be ready in a flash
392,10,24,123,157,1.2802547770700636,0.04593058949635656,578,I'm just delighted that Spicer was able to find another job.
392,7,30,120,157,1.2802547770700636,0.043181490241751705,578,"Seriously, the pizza here really is famous."
392,9,26,122,157,1.2802547770700636,0.04503287392732904,578,I wonder what Spicey has been up to lately?
392,8,28,121,157,1.2802547770700636,0.04411689491370177,578,It's not for us. It's the final leg of the National Pizza Relay.
392,10,24,123,157,1.2802547770700636,0.04593058949635656,578,"I ordered a Dolce Vita, it comes with a media frenzy on the side."
392,9,26,122,157,1.2802547770700636,0.04503287392732904,578,I told them you were Caitlyn Jenner.
392,11,22,124,157,1.2802547770700636,0.04681109236934048,578,The savvy media follow the dough.
392,5,34,118,157,1.2802547770700636,0.04124709038031996,578,Would it kill you to take me to a restaurant where it's not news when dinner arrives on time?
392,11,22,124,157,1.2802547770700636,0.04681109236934048,578,Luigi's is also a vocational school for ex-Press Secretaries.
392,9,26,122,157,1.2802547770700636,0.04503287392732904,578,"Apparently they've never seen a gluten-free, organic, free-range, locally-sourced, UFO."
411,8,24,111,143,1.2797202797202798,0.04697654169764333,578,I've heard the pizza here is famous.
412,6,31,118,155,1.2774193548387096,0.042478200003923584,578,It's not the pizza that I like. It's the paparazzi.
412,9,25,121,155,1.2774193548387096,0.045340478793870896,578,"Next time, hold the paparazzi."
412,7,29,119,155,1.2774193548387096,0.043453246784730684,578,Just a local pizzeria. No one knows about it.
412,9,25,121,155,1.2774193548387096,0.045340478793870896,578,"Your pronunciation of ""pepperoni"" needs some work, dear."
412,11,21,123,155,1.2774193548387096,0.0471522361970268,578,"Never order that again, Harold."
412,7,29,119,155,1.2774193548387096,0.043453246784730684,578,"Well, finally, here comes Sean with our pizza. Glad he's moved on."
412,11,21,123,155,1.2774193548387096,0.0471522361970268,578,A tip is probably in order.
412,9,25,121,155,1.2774193548387096,0.045340478793870896,578,I think the word is out on our secret little restaurant.
412,10,23,122,155,1.2774193548387096,0.04625522887002971,578,This Best Waiter of the Year business is getting out of hand.
412,9,25,121,155,1.2774193548387096,0.045340478793870896,578,Apparently it is the first day of his new job after being impeached.
412,7,29,119,155,1.2774193548387096,0.043453246784730684,578,I should have told you. I'm a Kardashian.
412,10,23,122,155,1.2774193548387096,0.04625522887002971,578,"Next time, just order a personal pizza."
412,6,31,118,155,1.2774193548387096,0.042478200003923584,578,"I said pizza pepperoni, not pizza paparazzi."
412,8,27,120,155,1.2774193548387096,0.04440688951836282,578,Did you pretend it was my birthday again?
412,6,31,118,155,1.2774193548387096,0.042478200003923584,578,"So, that's why they named it paparazzi pizza."
427,9,24,120,153,1.2745098039215685,0.045653243262321286,578,I forgot. Did we order the pizza papparazzi or the pepperoni?
427,8,26,119,153,1.2745098039215685,0.04470144637887213,578,I just don't see the upside to celebrity waiters.
427,10,22,121,153,1.2745098039215685,0.04658559790723082,578,I ordered one with everyone on it.
427,10,22,121,153,1.2745098039215685,0.04658559790723082,578,The press are desperate to cover something meaningful.
427,10,22,121,153,1.2745098039215685,0.04658559790723082,578,Did you order the Kardashian Special?
427,7,28,118,153,1.2745098039215685,0.04372893774558989,578,"The Margarita ALONE has over 20 million followers now, dear."
427,10,22,121,153,1.2745098039215685,0.04658559790723082,578,"So much for your “I speak Italian fluently” … I wanted pepperoni, not paparazzi."
427,8,26,119,153,1.2745098039215685,0.04470144637887213,578,It's their specialty pizza--they call it FLASH 'N THE PAN.
427,7,28,118,153,1.2745098039215685,0.04372893774558989,578,I knew it! We should have ordered the pizza.
427,7,28,118,153,1.2745098039215685,0.04372893774558989,578,It's their signature dish - cheese and paparazzi.
427,8,26,119,153,1.2745098039215685,0.04470144637887213,578,Covfefe coming in hot.
427,7,28,118,153,1.2745098039215685,0.04372893774558989,578,"You did it again dear, try to remember, it's pepperoni, pepperoni, not paparazzi"
427,9,24,120,153,1.2745098039215685,0.045653243262321286,578,So 'Paparazzi and Cheese' wasn't a typo.
427,9,24,120,153,1.2745098039215685,0.045653243262321286,578,Usually they stop waiting tables once they hit it big.
427,8,26,119,153,1.2745098039215685,0.04470144637887213,578,"I said pizza with pepperoni, not paparazzi."
427,8,26,119,153,1.2745098039215685,0.04470144637887213,578,Couldn't you just once have them hold the paparazzi?
427,8,26,119,153,1.2745098039215685,0.04470144637887213,578,I thought I asked for no paparazzi.
427,6,30,117,153,1.2745098039215685,0.04273430336804582,578,They're famous for their Pesto Paparazzi Pizza.
427,9,24,120,153,1.2745098039215685,0.045653243262321286,578,Funny you should ask what Sean Spicer is doing now.
427,9,24,120,153,1.2745098039215685,0.045653243262321286,578,You had to order Princess Diana's favorite pizza.
427,6,30,117,153,1.2745098039215685,0.04273430336804582,578,We said pepperoni not paparazzi...right?
427,10,22,121,153,1.2745098039215685,0.04658559790723082,578,"I think you meant ""pepperoni""."
427,10,22,121,153,1.2745098039215685,0.04658559790723082,578,Maybe you shouldn't have called in the reservation as A-Rod and J.Lo.
450,12,17,121,150,1.2733333333333334,0.049059765101628794,578,So it's true. The press really DO follow Spicer everywhere.
450,6,29,115,150,1.2733333333333334,0.04324289305942818,578,What did you expect from a place called Paparazzi John's?
450,8,25,117,150,1.2733333333333334,0.04526498334667862,578,"The owner calls it ""fame to table."""
450,8,25,117,150,1.2733333333333334,0.04526498334667862,578,"What toppings, exactly, did you order?"
450,7,27,116,150,1.2733333333333334,0.04426548608975301,578,This place is famous for its pizza.
450,6,29,115,150,1.2733333333333334,0.04324289305942818,578,Remind me. What toppings did you order on our pizza?
450,7,27,116,150,1.2733333333333334,0.04426548608975301,578,"So I said to Susan, ""gosh I just really hope no one runs in here chased by paparazzi and smashes a large pizza into my castle painting."""
450,9,23,118,150,1.2733333333333334,0.04624288243598217,578,You can order anything when you're a star... even grab a pizza.
450,8,25,117,150,1.2733333333333334,0.04526498334667862,578,Looks like the '15 Minutes or Less' guarantee is coming down to a photo finish.
450,8,25,117,150,1.2733333333333334,0.04526498334667862,578,Photo finish !
460,8,24,116,148,1.2702702702702702,0.04557511250868925,578,"The pizzarazzi are more obscure, but equally rabid."
460,11,18,119,148,1.2702702702702702,0.04850646214940219,578,Did I mention that this restaurant is on the Pizza Olympics relay route?
460,9,22,117,148,1.2702702702702702,0.04657273390662092,578,My Italian is rusty. Did I ask for pepperoni or paparazzi?
460,7,26,115,148,1.2702702702702702,0.04455515926155409,578,I told you not to order the special.
460,7,26,115,148,1.2702702702702702,0.04455515926155409,578,Years of off-Broadway plays have gotten you nowhere. You need to start waiting tables.
460,9,22,117,148,1.2702702702702702,0.04657273390662092,578,"I love our quiet, romantic dinners."
460,8,24,116,148,1.2702702702702702,0.04557511250868925,578,You had to order their world famous pizza
460,10,20,118,148,1.2702702702702702,0.04754942909114843,578,Another 30 seconds and we would have got the pizza free.
468,8,23,114,145,1.2689655172413794,0.04617056958251709,578,It's just the pizzarazzi.
468,7,25,113,145,1.2689655172413794,0.04512134810664488,578,I made them swear there were no celebrity chefs here. I didn't think to ask about their waiters.
468,6,27,112,145,1.2689655172413794,0.04404714081921775,578,Did you order a pepperoni pizza with extras?
468,10,19,116,145,1.2689655172413794,0.048200543324739664,578,I hate a place where the food is more important than the customers
468,10,19,116,145,1.2689655172413794,0.048200543324739664,578,"Since they started employing Hollywood stars on probation, the service has really picked up!"
468,8,23,114,145,1.2689655172413794,0.04617056958251709,578,I told you not to order the paparazzi pizza.
468,8,23,114,145,1.2689655172413794,0.04617056958251709,578,You promised you'd stop hiring photographers until your food blog turns a profit.
468,4,31,110,145,1.2689655172413794,0.04181602244501436,578,"It does say, Famous Pizza on the sign."
468,7,25,113,145,1.2689655172413794,0.04512134810664488,578,You said you knew Italian!
468,8,23,114,145,1.2689655172413794,0.04617056958251709,578,"Apparently, this will be last the last anchovy pizza ever served."
468,7,25,113,145,1.2689655172413794,0.04512134810664488,578,Did you order paparazzi on the pizza?
468,13,13,119,145,1.2689655172413794,0.05109450751929395,578,"The ""Spicy"" pie was tasty but I hear ""the Mooch"" is out of this world."
468,4,31,110,145,1.2689655172413794,0.04181602244501436,578,It was bound to happen...celebrity waiters.
468,8,23,114,145,1.2689655172413794,0.04617056958251709,578,Their pizza is famous for being famous.
468,11,17,117,145,1.2689655172413794,0.04918412159847051,578,Did you tell them to hold the paparazzi?
468,6,27,112,145,1.2689655172413794,0.04404714081921775,578,We shouldn't have ordered the 'Kim Kardashian'.
468,7,25,113,145,1.2689655172413794,0.04512134810664488,578,This restaurant is famous for their pizza.
468,7,25,113,145,1.2689655172413794,0.04512134810664488,578,I see you ordered the paparazzi pizza!
468,8,23,114,145,1.2689655172413794,0.04617056958251709,578,Here comes your sausage and paparazzi.
468,7,25,113,145,1.2689655172413794,0.04512134810664488,578,This pizza gets a lot of press.
468,6,27,112,145,1.2689655172413794,0.04404714081921775,578,Looks like our paparazzi pizza has finally arrived!
468,4,31,110,145,1.2689655172413794,0.04181602244501436,578,I specifically asked for no paparazzi.
468,9,21,115,145,1.2689655172413794,0.04719647164976508,578,"I thought you said pepperoni, not paparazzi."
468,10,19,116,145,1.2689655172413794,0.048200543324739664,578,"I guess the twenty-fifth anniversary of our first pizza is bigger news than I thought."""
468,6,27,112,145,1.2689655172413794,0.04404714081921775,578,"Yes, pepperoni and paparazzi do sound very similar..."
468,9,21,115,145,1.2689655172413794,0.04719647164976508,578,I've heard the pizza here is famous.
468,7,25,113,145,1.2689655172413794,0.04512134810664488,578,We live in an era where prompt service is newsworthy
495,10,18,115,143,1.2657342657342658,0.04856966142903945,578,"Celebrity chef, OK. But celebrity pizza waiter crosses some line."
495,7,24,112,143,1.2657342657342658,0.0454261251111397,578,"Of course, being a celebrity chef has its downside."
495,6,26,111,143,1.2657342657342658,0.04432876928557099,578,"One pizza, hot off the press."
495,10,18,115,143,1.2657342657342658,0.04856966142903945,578,I wonder why they named this place Paparazzi Pizza.
495,10,18,115,143,1.2657342657342658,0.04856966142903945,578,You had to order their world famous pizza
495,6,26,111,143,1.2657342657342658,0.04432876928557099,578,"And finally, every pie is individually run through a gauntlet of wild paparazzi."
495,7,24,112,143,1.2657342657342658,0.0454261251111397,578,This place is really popular on Instagram.
495,6,26,111,143,1.2657342657342658,0.04432876928557099,578,Remember when I was trying to describe Instagram to you?
495,7,24,112,143,1.2657342657342658,0.0454261251111397,578,Pizzarazzi! You shouldn't have.
495,8,22,113,143,1.2657342657342658,0.046497590247801576,578,I often wondered what became of Sean Spicer.
495,12,14,117,143,1.2657342657342658,0.05055688008382828,578,"Don't turn around, but it looks like Sean Spicer has a new job. Sad."
495,5,28,110,143,1.2657342657342658,0.04320354997142997,578,Looks like our lunch is hot off the press.
495,11,16,116,143,1.2657342657342658,0.04957322934378047,578,I preferred the Original Ray's before it became 'Famous.'
495,8,22,113,143,1.2657342657342658,0.046497590247801576,578,"""Well, let's see this 'world-famous' pizza."
509,6,25,110,141,1.2624113475177305,0.04461406049909625,578,Did you say pepperoni or paparazzi?
509,6,25,110,141,1.2624113475177305,0.04461406049909625,578,"Happy Birthday, Milford! I hope you like surprises!"
509,5,27,109,141,1.2624113475177305,0.0434637466358263,578,"I thought the place was called ""Papa Rozzi's""."
509,6,25,110,141,1.2624113475177305,0.04461406049909625,578,Maybe the pizza here is too famous.
509,7,23,111,141,1.2624113475177305,0.04573545142240031,578,"When delivery arrives hot, it's always news."
509,8,21,112,141,1.2624113475177305,0.04682999721764306,578,"""This celebrity chef thing is getting way out of hand""."
509,6,25,110,141,1.2624113475177305,0.04461406049909625,578,"I'm telling you, our waiter looks just like the ""Mooch."""
509,8,21,112,141,1.2624113475177305,0.04682999721764306,578,Does our waiter look familiar to you?
509,6,25,110,141,1.2624113475177305,0.04461406049909625,578,This time the media has overplayed the story.
509,4,29,108,141,1.2624113475177305,0.04228214929529463,578,And now for their famous pizza.
509,7,23,111,141,1.2624113475177305,0.04573545142240031,578,I cannot believe pizza delivery is an Olympic event
509,8,21,112,141,1.2624113475177305,0.04682999721764306,578,I like extra papparazi.
509,4,29,108,141,1.2624113475177305,0.04228214929529463,578,You should see the dessert...
509,10,17,114,141,1.2624113475177305,0.04894571364881601,578,I guess this really IS Famous Ray's Pizza.
509,11,15,115,141,1.2624113475177305,0.04996999106649522,578,Did you order extra paparazzi?
509,5,27,109,141,1.2624113475177305,0.0434637466358263,578,Why do you always order extra paparazzi?
509,6,25,110,141,1.2624113475177305,0.04461406049909625,578,"I figure a place named 'Olympic Pizza' has gotta be good, no?"
509,2,33,106,141,1.2624113475177305,0.039813890840285214,578,"No, I've never been to a restaurant with a celebrity chef-why do you ask?"
509,7,23,111,141,1.2624113475177305,0.04573545142240031,578,Did you notice how much the waiter looked like Sean Spicer?
528,6,24,108,138,1.2608695652173914,0.04519004128550317,578,"Better ingredients, better pizza, paparazzi."
528,6,24,108,138,1.2608695652173914,0.04519004128550317,578,Just ask for the check.
528,7,22,109,138,1.2608695652173914,0.046345726385314936,578,"Remember the good, old days when we posted our own food photos on Instagram?"
528,7,22,109,138,1.2608695652173914,0.046345726385314936,578,How long have you been a food critic?
528,5,26,107,138,1.2608695652173914,0.04400401468716787,578,Ever watch 'Celebrity Waiter?'
533,10,16,113,139,1.2589928057553956,0.04932885979584882,578,Looks like the #FakeNews media is finally covering Pizzagate.
533,3,30,106,139,1.2589928057553956,0.04127330259224871,578,New show: Celebrity Waiters.
533,9,18,112,139,1.2589928057553956,0.04826045994603862,578,No pressure.
533,6,24,109,139,1.2589928057553956,0.044902992667942086,578,I ordered the pizza with extra paparazzi.
533,8,20,111,139,1.2589928057553956,0.047167865964530195,578,What's the big deal about anchovies?
538,8,19,109,136,1.2573529411764706,0.047824483398717685,578,I wondered where Priebus was going to work
538,8,19,109,136,1.2573529411764706,0.047824483398717685,578,You'd think they've never seen anchovies before..
538,6,23,107,136,1.2573529411764706,0.04548973827806604,578,"Dear, it's extra pepperoni, not paparazzi!"
538,7,21,108,136,1.2573529411764706,0.04667171252997456,578,The deep dish comes with reporters.
538,6,23,107,136,1.2573529411764706,0.04548973827806604,578,This restaurant was nice and quiet before the waiter took that part time White House Comunications Director job.
538,6,23,107,136,1.2573529411764706,0.04548973827806604,578,I'm not on Facebook. It's not like the whole world cares what I'm eating.
538,7,21,108,136,1.2573529411764706,0.04667171252997456,578,You shouldn't have ordered the special.
538,8,19,109,136,1.2573529411764706,0.047824483398717685,578,"Don't look behind you, its those damned pizzarazzi again"
538,8,19,109,136,1.2573529411764706,0.047824483398717685,578,"It's LA. He's not just a waiter."""
538,6,23,107,136,1.2573529411764706,0.04548973827806604,578,"In fact, many of our employees were previously White House staff members."
538,8,19,109,136,1.2573529411764706,0.047824483398717685,578,What makes you think he's a Celebrity Chef?
538,4,27,105,136,1.2573529411764706,0.043028494801232234,578,Ever since your Yelp review.
550,5,24,104,133,1.255639097744361,0.044846178122827915,578,Last time we go to Paparazzi's
550,5,24,104,133,1.255639097744361,0.044846178122827915,578,Sometimes they wait tables even after their screenplay takes off.
550,7,20,106,133,1.255639097744361,0.04731830539368354,578,Did you say cheese?
550,6,22,105,133,1.255639097744361,0.04609881624051918,578,"So, you were asking earlier why this place is called Pizzarazzi."
550,7,20,106,133,1.255639097744361,0.04731830539368354,578,You had to order the Anchovina Jolie.
550,4,26,103,133,1.255639097744361,0.043557531216445955,578,The pizza here has a massive following.
550,4,26,103,133,1.255639097744361,0.043557531216445955,578,I ordered extra paparazzi!
550,9,16,108,133,1.255639097744361,0.049667538276377175,578,"Don't worry, your wife will never know. A friend of mine who heads up national security at the White House told me about this place ."
550,7,20,106,133,1.255639097744361,0.04731830539368354,578,I thought you said hold the paparazzi
550,6,22,105,133,1.255639097744361,0.04609881624051918,578,I tipped in advance.
550,9,16,108,133,1.255639097744361,0.049667538276377175,578,They said this place is famous for its pizza.
550,8,18,107,133,1.255639097744361,0.04850714578165413,578,The things I've always loved most about this place are the privacy and the peaceful atmosphere.
550,9,16,108,133,1.255639097744361,0.049667538276377175,578,The celebrity chef hired a celebrity waiter.
550,8,18,107,133,1.255639097744361,0.04850714578165413,578,I ordered the pizza with paparazzi.
550,7,20,106,133,1.255639097744361,0.04731830539368354,578,I guess eating gluten is newsworthy now.
550,5,24,104,133,1.255639097744361,0.044846178122827915,578,This place is famous for its service.
550,7,20,106,133,1.255639097744361,0.04731830539368354,578,Just how famous is this Ray fella?
550,2,30,101,133,1.255639097744361,0.040858489846862585,578,My publicist ordered us the pizzarazzi.
550,7,20,106,133,1.255639097744361,0.04731830539368354,578,Why do you always insist on ordering extra paparazzi?
569,6,20,100,126,1.253968253968254,0.04772475040753304,578,"When you said you wanted a ""million dollar pizza"" I think he took you literally."
570,4,25,102,131,1.251908396946565,0.043810716882134705,578,The pizza is so-so but the paparazzi are fabulous.
570,5,23,103,131,1.251908396946565,0.0451311281248637,578,"Clearly, celebrity waiters are a bad idea."
570,9,15,107,131,1.251908396946565,0.05006573652916799,578,So the news wasn't fake! It really is Sean Spicer's new job.
570,6,21,104,131,1.251908396946565,0.046413990756227416,578,"You should have told them that you're not that ""Donald J. Trump."""
570,7,19,105,131,1.251908396946565,0.047662336808170294,578,"Let' Just Keep This Between Us, Ok?"
570,5,23,103,131,1.251908396946565,0.0451311281248637,578,"I think the waiter misspelled ""pepperoni."""
570,5,23,103,131,1.251908396946565,0.0451311281248637,578,"Speaking of desperate attempts to create excitement, do you like my outfit?"
570,10,13,108,131,1.251908396946565,0.051225167508797534,578,I just would have preferred a restaurant where Sean Spicer was not working.
570,7,19,105,131,1.251908396946565,0.047662336808170294,578,"Remember, it's free if it's not here in thirty minutes."
570,6,21,104,131,1.251908396946565,0.046413990756227416,578,I heard the waiter used to be in the Trump Cabinet.
570,3,27,101,131,1.251908396946565,0.042449253251738865,578,"The news is fake, the pizza is real."
570,4,25,102,131,1.251908396946565,0.043810716882134705,578,"I thought your ordered the pepperoni, not the paparazzi."
570,12,9,110,131,1.251908396946565,0.053468658207373856,578,There he goes!! It's the new White House communications director!
570,7,19,105,131,1.251908396946565,0.047662336808170294,578,"Well, he IS being tapped for a position in the White House."
570,8,17,106,131,1.251908396946565,0.048878810972769846,578,"Ahh, there it is -- hot off the press."
570,4,25,102,131,1.251908396946565,0.043810716882134705,578,"Looks like the"" Running of the Waiters"" event has just started."
586,3,26,99,128,1.25,0.042958962288966916,578,"For so-so fare, this restaurant gets way too much press."
586,7,18,103,128,1.25,0.04834871689297298,578,I thought I told you I didn't want paparazzi on my half.
586,8,16,104,128,1.25,0.04960473688328407,578,I hear they have a GREAT pepperazzi pizza.
586,5,22,101,128,1.25,0.045733307698775365,578,"I specifically said, 'Hold the anchovies and the Press""."
586,5,22,101,128,1.25,0.045733307698775365,578,"'You know, you look so much like what's-his-name."""
586,6,20,102,128,1.25,0.04705918538536189,578,Courting in the 21st century: fast food and flash mobs
586,7,18,103,128,1.25,0.04834871689297298,578,I think they're called the pizzarazzi.
586,5,22,101,128,1.25,0.045733307698775365,578,The food's terrible but the exposure is to DIE for!
586,8,16,104,128,1.25,0.04960473688328407,578,The pizza here is world famous.
586,6,20,102,128,1.25,0.04705918538536189,578,Relax! Relax! It's just the pizzarazzi.
586,8,16,104,128,1.25,0.04960473688328407,578,This is the last time I let you take me to a restaurant with a celebrity chef.
586,6,20,102,128,1.25,0.04705918538536189,578,The pizza is famous here.
586,3,26,99,128,1.25,0.042958962288966916,578,"No, I'v e never seen the Running of the Bulls. Why do you ask?"
586,7,18,103,128,1.25,0.04834871689297298,578,Let's skip dessert.
586,5,22,101,128,1.25,0.045733307698775365,578,I understand this place has a celebrity chef.
586,3,26,99,128,1.25,0.042958962288966916,578,I think this celebrity chef business is getting out of hand.
586,5,22,101,128,1.25,0.045733307698775365,578,"I wonder what ""Extra! Extra! pepperoni"" means?"
586,5,22,101,128,1.25,0.045733307698775365,578,Wow! This paparazzi pizza is really authentically served.
586,7,18,103,128,1.25,0.04834871689297298,578,"This place looks dated, but the chef has a following"
586,6,20,102,128,1.25,0.04705918538536189,578,Thought you said you didn't like fast food.
586,7,18,103,128,1.25,0.04834871689297298,578,Uh-oh. Pizzarazzi.
586,8,16,104,128,1.25,0.04960473688328407,578,They're famous for their pizza here.
586,5,22,101,128,1.25,0.045733307698775365,578,The waiter here is really famous.
609,8,15,103,126,1.246031746031746,0.04999874022096504,578,I want a divorce.
609,6,19,101,126,1.246031746031746,0.047390988275359834,578,Don't look! It's the Pizzaratsi again.
609,9,13,104,126,1.246031746031746,0.051252884315594126,578,Their pizzas are famous.
612,6,18,99,123,1.2439024390243902,0.04807567590482465,578,You are about to find out why this place is called Paparazzi Pizza.
612,7,16,100,123,1.2439024390243902,0.04944239714081975,578,"Our server, ""Jeff"", used to be Attorney General."
612,7,16,100,123,1.2439024390243902,0.04944239714081975,578,I hear their pizza is world-famous.
612,5,20,98,123,1.2439024390243902,0.04666894676742699,578,I may have spotted this week's Undercover Boss.
612,3,24,96,123,1.2439024390243902,0.043719910220988874,578,"One of us leaked this meeting, and it Wasn't me."
612,7,16,100,123,1.2439024390243902,0.04944239714081975,578,"Ordering ""paparazzi"" on your pizza is not as funny as you think."
612,8,14,101,123,1.2439024390243902,0.050772341450393485,578,Love trying a place where the Food is the star.
612,7,16,100,123,1.2439024390243902,0.04944239714081975,578,Which annivesaary did you tell them this was?
612,4,22,97,123,1.2439024390243902,0.045218475992188534,578,My Italian might be rusty but I think you ordered the paparazzi pie
612,6,18,99,123,1.2439024390243902,0.04807567590482465,578,"Let me guess, you ordered extra paparazzi."
612,6,18,99,123,1.2439024390243902,0.04807567590482465,578,"I'm glad we ordered the ""Make my pizza great again"""
612,7,16,100,123,1.2439024390243902,0.04944239714081975,578,"Well, I hear he's a great waiter with a huge following - all the best ones do."
612,5,20,98,123,1.2439024390243902,0.04666894676742699,578,He wasn't kidding when he said our dinner would be here in a flash.
612,7,16,100,123,1.2439024390243902,0.04944239714081975,578,It's the new Paparazzi-Lover's Pizza.
612,8,14,101,123,1.2439024390243902,0.050772341450393485,578,Here comes the pizzerati
612,8,14,101,123,1.2439024390243902,0.050772341450393485,578,Looks like you butt-dialed the Domino's app again.
612,6,18,99,123,1.2439024390243902,0.04807567590482465,578,Here comes our cheese pizza with extra paparazzi.
612,2,26,95,123,1.2439024390243902,0.04216812218259812,578,I think our waiter is very literal AND I think you need to speak more clearly.
612,5,20,98,123,1.2439024390243902,0.04666894676742699,578,"Yes, this is my first time at Paparazzi Pizza."
612,4,22,97,123,1.2439024390243902,0.045218475992188534,578,"Well, it seems the waiter knows some Russians."
612,5,20,98,123,1.2439024390243902,0.04666894676742699,578,"Paparazzi? No, I said pepperoni!"
612,6,18,99,123,1.2439024390243902,0.04807567590482465,578,Cheap dates order ordinary Pizza. I'm not cheap!
612,6,18,99,123,1.2439024390243902,0.04807567590482465,578,I told you the pizza here is famous...
612,6,18,99,123,1.2439024390243902,0.04807567590482465,578,I hear the paparazzi is especially good here.
612,4,22,97,123,1.2439024390243902,0.045218475992188534,578,I ordered ours with extra paparazzi.
612,7,16,100,123,1.2439024390243902,0.04944239714081975,578,They're supporters of the No Pizza Left Behind Act.
612,4,22,97,123,1.2439024390243902,0.045218475992188534,578,I ordered the one with paparazzi.
612,6,18,99,123,1.2439024390243902,0.04807567590482465,578,I love the intimacy of this place!
612,5,20,98,123,1.2439024390243902,0.04666894676742699,578,"So tell me what's so special about ""paparazzi pizza."""
612,8,14,101,123,1.2439024390243902,0.050772341450393485,578,I think you were just named the new Chief of Staff
612,7,16,100,123,1.2439024390243902,0.04944239714081975,578,You know times are tough when photographers instagram other people's meals.
612,5,20,98,123,1.2439024390243902,0.04666894676742699,578,Mr. Fancy Pants had to order the mystery celebrity pizza.
612,7,16,100,123,1.2439024390243902,0.04944239714081975,578,"Don't worry dear, no waiter would think you ordered extra paparazzi."
612,4,22,97,123,1.2439024390243902,0.045218475992188534,578,What are the benefits of being a food critic?
612,3,24,96,123,1.2439024390243902,0.043719910220988874,578,Maybe you shouldn’t have told the waiter that you’re fourth in line to be Attorney General.
612,7,16,100,123,1.2439024390243902,0.04944239714081975,578,"""Tell me you ordered pepperoni, not paparazzi."
612,7,16,100,123,1.2439024390243902,0.04944239714081975,578,"Sure it's pricey, but I refuse to eat anything before it's trending on Instagram"
612,7,16,100,123,1.2439024390243902,0.04944239714081975,578,"At first it seemed invasive, but it beats going out to eat."
612,4,22,97,123,1.2439024390243902,0.045218475992188534,578,He won Iron Waiter.
651,5,19,97,121,1.2396694214876034,0.04698161147287437,578,I think our involvement in Pizza Gate just became public.
651,4,21,96,121,1.2396694214876034,0.04549209568437318,578,"That reminds me: the new season of ""Celebrity Waiter"" should be starting soon."
651,3,23,95,121,1.2396694214876034,0.043952129902021915,578,The Pizzarazzi have arrived!
651,2,25,94,121,1.2396694214876034,0.042356211776931295,578,So glad we didn't get the pizza.
651,5,19,97,121,1.2396694214876034,0.04698161147287437,578,"Oh look, the Pizzarazzi."
651,12,5,104,121,1.2396694214876034,0.05631570957034824,578,Trump is a jackass.
651,7,15,99,121,1.2396694214876034,0.04982724064457145,578,Scaramucci is the server.
651,7,15,99,121,1.2396694214876034,0.04982724064457145,578,I'd rather not know what goes on in there.
651,4,21,96,121,1.2396694214876034,0.04549209568437318,578,Unfortunately it seems to be a slow news day.
651,6,17,98,121,1.2396694214876034,0.0484253328684489,578,"Old ""Platter Hand"" Giuseppe must have gone viral."
651,9,11,101,121,1.2396694214876034,0.05251891091707771,578,Our waiter moonlights as the White House press secretary.
651,8,13,100,121,1.2396694214876034,0.05119077023335348,578,You said your name was Guinness?
651,7,15,99,121,1.2396694214876034,0.04982724064457145,578,You just had to order the Lady Gaga special.
651,5,19,97,121,1.2396694214876034,0.04698161147287437,578,They're famous for their service here.
651,4,21,96,121,1.2396694214876034,0.04549209568437318,578,Next time we go someplace without all the pizzarazzi.
651,9,11,101,121,1.2396694214876034,0.05251891091707771,578,Is it really THAT HARD to believe someone would order an ALL ANCHOVIES pizza!?
651,4,21,96,121,1.2396694214876034,0.04549209568437318,578,"They hired an Olympic sprinter to make sure it gets to the table in under ten minutes. Otherwise, it's free."
668,4,17,84,105,1.2380952380952381,0.049768345272611834,578,Can't we just have a quiet dinner?
669,4,20,94,118,1.2372881355932204,0.04611200470995581,578,"""When will they learn that it's just ""Pappa Rizzo's""?"
669,4,20,94,118,1.2372881355932204,0.04611200470995581,578,John's marital delay tactics were not fooling Mildred anymore.
669,3,22,93,118,1.2372881355932204,0.04451350836236989,578,This beats one of those murder mystery dinners.
669,5,18,95,118,1.2372881355932204,0.04765691481847308,578,"I hear so much about celebrity waiters, but really, have you ever seen one?"
669,5,18,95,118,1.2372881355932204,0.04765691481847308,578,I hear that they're famous for their pizza.
669,9,10,99,118,1.2372881355932204,0.053391382606110226,578,I bet our waiter regrets entering the Waiter of the Year contest.
669,7,14,97,118,1.2372881355932204,0.050605440748042345,578,Did you mean to say pepperoni when you ordered the pizza?
669,6,16,96,118,1.2372881355932204,0.04915329166657521,578,"The news is fake, but the pepperoni is real."
669,7,14,97,118,1.2372881355932204,0.050605440748042345,578,I wonder who leaked that our waiter used to work in the press corps at the white house?
669,8,12,98,118,1.2372881355932204,0.05201706628547824,578,Maybe we shouldn't have ordered the extra paparazzi.
669,6,16,96,118,1.2372881355932204,0.04915329166657521,578,Just what kind of pizza DID you order!
669,4,20,94,118,1.2372881355932204,0.04611200470995581,578,"The waiter recommended “paparazzi pizza”, whatever that is. All he could say was that it is hot off the press."
669,5,18,95,118,1.2372881355932204,0.04765691481847308,578,This 24 hour news cycle is really getting desperate for material.
669,5,18,95,118,1.2372881355932204,0.04765691481847308,578,I hear their pizza is world-famous.
669,3,22,93,118,1.2372881355932204,0.04451350836236989,578,I ordered hot off the grill not hot off the press.
669,3,22,93,118,1.2372881355932204,0.04451350836236989,578,Are they after the waiter or the pizza?
669,3,22,93,118,1.2372881355932204,0.04451350836236989,578,How can they manage five seatings a night?
669,4,20,94,118,1.2372881355932204,0.04611200470995581,578,The pizzarazzi found us
669,4,20,94,118,1.2372881355932204,0.04611200470995581,578,Isn't it great finally to be able to spend a quiet night alone?
669,4,20,94,118,1.2372881355932204,0.04611200470995581,578,Celebrity Chefs are so last week.
669,3,22,93,118,1.2372881355932204,0.04451350836236989,578,"World famous pizza, I doubt it."
669,6,16,96,118,1.2372881355932204,0.04915329166657521,578,Why did you have to become Trump's lawyer?
669,4,20,94,118,1.2372881355932204,0.04611200470995581,578,"I told you, you shouldn't have given our name as Mr. and Mrs. Spicer!"
669,6,16,96,118,1.2372881355932204,0.04915329166657521,578,The food here is world famous.
669,6,16,96,118,1.2372881355932204,0.04915329166657521,578,I think our Pizza de Paparazzi is here.
694,6,16,97,119,1.2352941176470589,0.04877926170751816,578,"If this place is famous for its pizza, what's going on at the place where the pizza is to die for?"
695,5,17,93,115,1.2347826086956522,0.048360511755673,578,I heard that some of the exiled White House press have started to cover restaurant reviews
695,6,15,94,115,1.2347826086956522,0.04991286806593372,578,"I told you it said the Spicer, not Spicy, special."
695,4,19,92,115,1.2347826086956522,0.046756644404553516,578,I told you the Pizzarazzi was a thing.
695,6,15,94,115,1.2347826086956522,0.04991286806593372,578,I knew it was a mistake coming to Papa Razzi's.
695,5,17,93,115,1.2347826086956522,0.048360511755673,578,Why must you always order the pizza con paparazzi?
695,1,25,89,115,1.2347826086956522,0.04157544818860893,578,"Paparazzi Pizzeria"" is an unusual name, don't you think?"
695,4,19,92,115,1.2347826086956522,0.046756644404553516,578,"That ""awesome"" pizza you promised must be even better than you thought."
695,4,19,92,115,1.2347826086956522,0.046756644404553516,578,Cheese!
695,5,17,93,115,1.2347826086956522,0.048360511755673,578,This must be your paparazzi pizza now.
695,4,19,92,115,1.2347826086956522,0.046756644404553516,578,Who ordered the Flash Pizza?
695,6,15,94,115,1.2347826086956522,0.04991286806593372,578,I meant to say with Pepperoni
695,4,19,92,115,1.2347826086956522,0.046756644404553516,578,I hear the pizza is popular.
695,5,17,93,115,1.2347826086956522,0.048360511755673,578,Who says you can't get a good slice in L.A.?
695,1,25,89,115,1.2347826086956522,0.04157544818860893,578,I could swear I heard you ask for pepperoni.
695,2,23,90,115,1.2347826086956522,0.04337134069152608,578,Did you order fast food?
695,7,13,95,115,1.2347826086956522,0.0514183790085221,578,It's their new signature dish: Paparazzi Pizza
695,2,23,90,115,1.2347826086956522,0.04337134069152608,578,"No...I distinctly heard you say ""pepperoni..."
695,2,23,90,115,1.2347826086956522,0.04337134069152608,578,No one expects the Sicilian Inquisition
695,6,15,94,115,1.2347826086956522,0.04991286806593372,578,"Here comes the pizzarazzi, dear!"
695,8,11,96,115,1.2347826086956522,0.05288104576462862,578,Fine idea to order pizza delivery to this restaurant while we wait for our waiter to return.
695,5,17,93,115,1.2347826086956522,0.048360511755673,578,"I'm sure I said pepperoni, not paparazzi."
695,5,17,93,115,1.2347826086956522,0.048360511755673,578,Did you order paparazzi with yours?
695,4,19,92,115,1.2347826086956522,0.046756644404553516,578,Have you dined at Celebrity Pizza before?
695,3,21,91,115,1.2347826086956522,0.045095770252620654,578,They think you are a restaurant critic from the New Yorker.
695,5,17,93,115,1.2347826086956522,0.048360511755673,578,"""It's been like this ever since they heard ""O.J."" made reservations""!"
720,5,16,92,113,1.2300884955752212,0.048701290225684514,578,He was just fired from the White House.
720,9,8,96,113,1.2300884955752212,0.05480809174954582,578,I ordered extra paparazzi. Italian is so easy for me!
720,3,20,90,113,1.2300884955752212,0.04534049011486548,578,Duck.
720,4,18,91,113,1.2300884955752212,0.047050907076817174,578,It's known for its presentation.
720,5,16,92,113,1.2300884955752212,0.048701290225684514,578,I hope you didn't mind that I booked this under Michael Jordan and Beyonce.
720,3,20,90,113,1.2300884955752212,0.04534049011486548,578,Don't you just love these Hollywood style restaurants.
720,5,16,92,113,1.2300884955752212,0.048701290225684514,578,"I said ""let's celebrate with a pizza,"" not let's get a celebrity pizza."
720,3,20,90,113,1.2300884955752212,0.04534049011486548,578,"The food is terrible, but the service is very attentive."
720,3,20,90,113,1.2300884955752212,0.04534049011486548,578,"No, I'm pretty sure it's pronounced ""pepperoni,"" not ""paparazzi."""
720,5,16,92,113,1.2300884955752212,0.048701290225684514,578,It's just the pizzarazzi.
720,5,16,92,113,1.2300884955752212,0.048701290225684514,578,"If I recall, we said, ""With Pepperoni, not with Paparazzi""!"
720,6,14,93,113,1.2300884955752212,0.050297549468551875,578,I can hardly wait for this 'celebrity waiter' thing to blow over....
720,1,24,88,113,1.2300884955752212,0.04170976406150094,578,I guess this is what an Olympic sprint runner does after he retires...
720,5,16,92,113,1.2300884955752212,0.048701290225684514,578,I told you this place is a flash in the pan.
720,4,18,91,113,1.2300884955752212,0.047050907076817174,578,"You are famous, I thought you were bragging."
720,5,16,92,113,1.2300884955752212,0.048701290225684514,578,You ordered a pizzarazzi?
720,3,20,90,113,1.2300884955752212,0.04534049011486548,578,Nobody will find us here.
720,4,18,91,113,1.2300884955752212,0.047050907076817174,578,I changed my mind. I'll have the lasagna.
720,3,20,90,113,1.2300884955752212,0.04534049011486548,578,"You said extra pepperoni, not paparazzi, right?"
720,3,20,90,113,1.2300884955752212,0.04534049011486548,578,"Have you ever watched ""This is Your Life""?"
720,3,20,90,113,1.2300884955752212,0.04534049011486548,578,I'm having second thoughts about ordering the paparazzi pizza.
720,2,22,89,113,1.2300884955752212,0.043562968573791494,578,"If I'd known this is what he meant by 'out in a flash,' I'd have told him to take his time."
720,5,16,92,113,1.2300884955752212,0.048701290225684514,578,"You lied about a quiet pizza, didn't you?"
720,4,18,91,113,1.2300884955752212,0.047050907076817174,578,"Darling, a free press is our protection against eavesdropping and harassment."
720,5,16,92,113,1.2300884955752212,0.048701290225684514,578,"It’s New York style darling, the celebrity is deserved"
720,4,18,91,113,1.2300884955752212,0.047050907076817174,578,That's nothing. Wait 'til he brings out the garlic knots.
720,5,16,92,113,1.2300884955752212,0.048701290225684514,578,The running of the pizzas.
720,3,20,90,113,1.2300884955752212,0.04534049011486548,578,Pizza delivery at Trump tower
720,4,18,91,113,1.2300884955752212,0.047050907076817174,578,"Harold, did you remember to tell them we have Hamilton tickets?"
720,3,20,90,113,1.2300884955752212,0.04534049011486548,578,He's trying to run the first four minute 'meal.'
720,6,14,93,113,1.2300884955752212,0.050297549468551875,578,I've heard a lot about their cheese and paparazzi pizza.
720,5,16,92,113,1.2300884955752212,0.048701290225684514,578,I told you not to leave that large of a tip the last time we were here
720,4,18,91,113,1.2300884955752212,0.047050907076817174,578,"I thought we ordered pizza with pepperoni, not pizza with paparazzi."
720,6,14,93,113,1.2300884955752212,0.050297549468551875,578,"Yes, it's been all over the news. Cauliflower pizza crust is the new kale."
720,4,18,91,113,1.2300884955752212,0.047050907076817174,578,I've always enjoyed how they act out the specials
720,5,16,92,113,1.2300884955752212,0.048701290225684514,578,We only get fifteen minutes to eat.
720,5,16,92,113,1.2300884955752212,0.048701290225684514,578,I'm not the press secretary any more. So stop following me!
720,5,16,92,113,1.2300884955752212,0.048701290225684514,578,Oh honey! You didn't say this place had a celebrity chef AND celebrity waiters.
720,4,18,91,113,1.2300884955752212,0.047050907076817174,578,"Well, we'll have to agree to disagree because I'm pretty sure paparazzi is a hot pepper."
720,3,20,90,113,1.2300884955752212,0.04534049011486548,578,Sean Spicer just can't catch a break.
720,5,16,92,113,1.2300884955752212,0.048701290225684514,578,I love the low key ambiance of this restaurant.
720,2,22,89,113,1.2300884955752212,0.043562968573791494,578,Don't act surprised.
720,3,20,90,113,1.2300884955752212,0.04534049011486548,578,"That's what happens when you ask for ""Extra! Extra!"" cheese."
720,7,12,94,113,1.2300884955752212,0.051844684350823206,578,Split the fallout?
720,2,22,89,113,1.2300884955752212,0.043562968573791494,578,"I hope you don't mind, I ordered the paparazzi pizza."
720,4,18,91,113,1.2300884955752212,0.047050907076817174,578,I think your freebie dinner coupon has a catch involved.
766,5,15,90,110,1.2272727272727273,0.0494491607724479,578,The pizzarazzi is aggressive here.
766,3,19,88,110,1.2272727272727273,0.04595223779440721,578,"We only got in because I told the maitre d' you are personal friends of The Donald, Sergei."
766,3,19,88,110,1.2272727272727273,0.04595223779440721,578,It's the extra Paparazzi that really makes it good here.
766,6,13,91,110,1.2272727272727273,0.0511079756250649,578,I told you I didn't want fast food tonight.
766,2,21,87,110,1.2272727272727273,0.04409991481761522,578,"""He just got hired by the Food Network."
766,8,9,93,110,1.2272727272727273,0.05427371845818087,578,We didn't embezzle THAT much.
766,7,11,92,110,1.2272727272727273,0.052714616985093,578,You should see the reviews for the rigatoni.
766,3,19,88,110,1.2272727272727273,0.04595223779440721,578,Pizza is really hot right now.
766,3,19,88,110,1.2272727272727273,0.04595223779440721,578,"It's his fifteen minutes."""
766,3,19,88,110,1.2272727272727273,0.04595223779440721,578,He was a sprinter on the Italian Olympic team.
766,5,15,90,110,1.2272727272727273,0.0494491607724479,578,"The sign says their pizza is ""world-famous."""
766,4,17,89,110,1.2272727272727273,0.04773273331484981,578,Don't tell me you ordered the pizzarazzi again?
766,4,17,89,110,1.2272727272727273,0.04773273331484981,578,Did you say cheese?
766,3,19,88,110,1.2272727272727273,0.04595223779440721,578,I told the maitre d that you were a food critic for the New Yorker!
766,7,11,92,110,1.2272727272727273,0.052714616985093,578,"Oh, he knew what I meant. How the heck would he bring me a ""paparazzi pizza"" anyway?"
766,4,17,89,110,1.2272727272727273,0.04773273331484981,578,"The food isn't so good, but there service is newsworthy."
766,3,19,88,110,1.2272727272727273,0.04595223779440721,578,"Say, ""Extra! Cheeeese."""
766,6,13,91,110,1.2272727272727273,0.0511079756250649,578,Rumor has it that this is the original Ray.
766,6,13,91,110,1.2272727272727273,0.0511079756250649,578,Trump just tweeted about our pizza to distract from everything.
766,3,19,88,110,1.2272727272727273,0.04595223779440721,578,I wonder what comes with their special Paparazzi Pizza?
766,4,17,89,110,1.2272727272727273,0.04773273331484981,578,I'm going out on a limb to say that today is sort of a slow day for the paparazzi.
766,2,21,87,110,1.2272727272727273,0.04409991481761522,578,"I ordered us half cheese, half pepperazzi."
766,3,19,88,110,1.2272727272727273,0.04595223779440721,578,It looks like you ordered extra paparazzi again.
766,2,21,87,110,1.2272727272727273,0.04409991481761522,578,"It's his one millionth, in under a minute, hot pizza delivery."
766,5,15,90,110,1.2272727272727273,0.0494491607724479,578,"If this pizza's not hot, Daddy fires the Chief of Staff."
766,4,17,89,110,1.2272727272727273,0.04773273331484981,578,Someone must have leaked!
766,2,21,87,110,1.2272727272727273,0.04409991481761522,578,I ordered sausage and paparazzi.
766,5,15,90,110,1.2272727272727273,0.0494491607724479,578,I'm not sure it was such a good idea to say 'cheese' in this place.
766,4,17,89,110,1.2272727272727273,0.04773273331484981,578,The guidebook says he's a celebrity chef.
766,4,17,89,110,1.2272727272727273,0.04773273331484981,578,Papa Razzi's is taking the theme a little bit too far.
766,4,17,89,110,1.2272727272727273,0.04773273331484981,578,No! Another one of your proposals?
766,8,9,93,110,1.2272727272727273,0.05427371845818087,578,These days it's difficult to be communications director.
766,4,17,89,110,1.2272727272727273,0.04773273331484981,578,"Nothing much, though I am launching a new show on the Cooking Channel."
766,2,21,87,110,1.2272727272727273,0.04409991481761522,578,Hang on -- here come the pizzarazzi.
766,5,15,90,110,1.2272727272727273,0.0494491607724479,578,"It's a unique combination of toppings, but I wouldn't call it ""scandalous""."
766,5,15,90,110,1.2272727272727273,0.0494491607724479,578,"Dear, this thing about you resembling Jared Kushner has become quite intrusive."
766,3,19,88,110,1.2272727272727273,0.04595223779440721,578,Are you sure you said 'pepperoni' and not 'paparazzi'?
766,6,13,91,110,1.2272727272727273,0.0511079756250649,578,I chose this restaurant for it's calm atmosphere because I have something very important to announce to you. I'm ...
766,2,21,87,110,1.2272727272727273,0.04409991481761522,578,Here comes our celebrity pizza.
766,1,23,86,110,1.2272727272727273,0.042166299523767686,578,"Are you sure you ordered ""pepperoni?"""
766,4,17,89,110,1.2272727272727273,0.04773273331484981,578,Looks like O.J. already has a new job.
766,4,17,89,110,1.2272727272727273,0.04773273331484981,578,I always get the words paparazzi and pepperoni mixed up.
766,4,17,89,110,1.2272727272727273,0.04773273331484981,578,I heard that their pizza is famous!
766,4,17,89,110,1.2272727272727273,0.04773273331484981,578,I ordered a large with extra paparazzi.
766,5,15,90,110,1.2272727272727273,0.0494491607724479,578,Dinner is so much more relaxed since I crowdsourced my Instagram account.
766,4,17,89,110,1.2272727272727273,0.04773273331484981,578,Next week on the Bachelor: Will Jennifer accept Marks unconventional proposal?
766,4,17,89,110,1.2272727272727273,0.04773273331484981,578,"Honestly I don't know what I ordered, I think paparazzi is a cheese?"
813,5,14,89,108,1.2222222222222223,0.04980636325046914,578,They all want a pizza of him
813,2,20,86,108,1.2222222222222223,0.04428840729415601,578,They promised the pizza would be here in a flash.
813,5,14,89,108,1.2222222222222223,0.04980636325046914,578,"I don't care what they do, I'm only having salad"
813,3,18,87,108,1.2222222222222223,0.046201009590497714,578,"I said I wanted pepperoni, not papparazzi!"
813,5,14,89,108,1.2222222222222223,0.04980636325046914,578,The Kardashians must be out of town
813,7,10,91,108,1.2222222222222223,0.05316779432414047,578,"It's the TWEET Special. You don't know what you're getting, but it's quick and the Chef is famous."
813,6,12,90,108,1.2222222222222223,0.05151450365446505,578,I don't think that's what we ordered
813,4,16,88,108,1.2222222222222223,0.048037522351901875,578,It's been non-stop ever since the it's-better-than-sex tape was leaked.
813,5,14,89,108,1.2222222222222223,0.04980636325046914,578,Good thing we skipped the soup.
813,7,10,91,108,1.2222222222222223,0.05316779432414047,578,It's about time that Beiber kid got a real job.
813,5,14,89,108,1.2222222222222223,0.04980636325046914,578,Good pizza is not fake news
813,4,16,88,108,1.2222222222222223,0.048037522351901875,578,I wonder what Nick Cage is doing right now.
813,6,12,90,108,1.2222222222222223,0.05151450365446505,578,Here come the Pizza-razzi.
813,2,20,86,108,1.2222222222222223,0.04428840729415601,578,You'll love this place. The pizza is world famous.
813,3,18,87,108,1.2222222222222223,0.046201009590497714,578,Damn the Food Network.
813,5,14,89,108,1.2222222222222223,0.04980636325046914,578,Celebrity waiter.
829,4,16,89,109,1.2201834862385321,0.047638415680113844,578,The food here is great but the pizzarazzi can be annoying.
830,8,7,90,105,1.2190476190476192,0.05576795261291171,578,"I told you autocorrect changed it to ""extra paparazzi."""
830,4,15,86,105,1.2190476190476192,0.04875924328817289,578,"Mama Paparazzi's food is great, but the service is really annoying."
830,4,15,86,105,1.2190476190476192,0.04875924328817289,578,Maybe we pass on the 'world-famous' pizza next time
830,5,13,87,105,1.2190476190476192,0.05060250971231977,578,Why in the world would you call this a fast food restaurant?
830,5,13,87,105,1.2190476190476192,0.05060250971231977,578,"Hang on, I'm going to photo bomb these guys."
830,4,15,86,105,1.2190476190476192,0.04875924328817289,578,It really is the world's most famous.
830,3,17,85,105,1.2190476190476192,0.04684350139437753,578,"And you thought I was exaggerating when they said ""World Famous Crust""."
830,7,9,89,105,1.2190476190476192,0.05410096445984843,578,It's the pizzarazzi again.
830,4,15,86,105,1.2190476190476192,0.04875924328817289,578,It looks like someone ordered the Pizzarazzi
830,3,17,85,105,1.2190476190476192,0.04684350139437753,578,"I got the pepperoni pie with extra, extra, read all about it."
830,4,15,86,105,1.2190476190476192,0.04875924328817289,578,I ordered the Pizzarazzi with everything
830,4,15,86,105,1.2190476190476192,0.04875924328817289,578,I think it has something to do with Brexit.
830,2,19,84,105,1.2190476190476192,0.04484599691984634,578,I guess this is his 15 minutes of fame.
830,5,13,87,105,1.2190476190476192,0.05060250971231977,578,Their pizza is the highest rated on Yelp.
830,4,15,86,105,1.2190476190476192,0.04875924328817289,578,It feels like we've been here 1 million times
830,6,11,88,105,1.2190476190476192,0.05238095238095237,578,I thought you said the Pizzagate scandal wouldn't follow us here.
830,5,13,87,105,1.2190476190476192,0.05060250971231977,578,I'm done with eating at restaurants reviewed by the New Yorker.
830,4,15,86,105,1.2190476190476192,0.04875924328817289,578,"What do they mean by ""World's Most Famous Pizza! ?"
830,4,15,86,105,1.2190476190476192,0.04875924328817289,578,This taking Instagrams of your dinner has gone too far.
830,5,13,87,105,1.2190476190476192,0.05060250971231977,578,"For the millionth time, it's 'pepperoni' not 'papparazzi'!"
830,2,19,84,105,1.2190476190476192,0.04484599691984634,578,They think our waiter was the 43rd person at 'that' meeting!
830,2,19,84,105,1.2190476190476192,0.04484599691984634,578,Looks like our 'award-winning' entree is here!
830,6,11,88,105,1.2190476190476192,0.05238095238095237,578,So what comes with the paparazzi pizza?
830,4,15,86,105,1.2190476190476192,0.04875924328817289,578,Janet said this place is famous for its pizza.
830,4,15,86,105,1.2190476190476192,0.04875924328817289,578,I like that we're starting things off slowly.
830,4,15,86,105,1.2190476190476192,0.04875924328817289,578,Did you order pepperoni or paparazzi with your pizza?
830,4,15,86,105,1.2190476190476192,0.04875924328817289,578,"One Famous Pizza, coming up!"
830,2,19,84,105,1.2190476190476192,0.04484599691984634,578,"Zagat gave this pizza a ""Kardashian good!"" rating"
830,4,15,86,105,1.2190476190476192,0.04875924328817289,578,Slow news season is early this year
830,2,19,84,105,1.2190476190476192,0.04484599691984634,578,I told you not to order New York's Famous Pizza
830,5,13,87,105,1.2190476190476192,0.05060250971231977,578,They're famous for their paparazzi pizza.
830,3,17,85,105,1.2190476190476192,0.04684350139437753,578,It's the photo finish that makes his pizza such a standout.
830,5,13,87,105,1.2190476190476192,0.05060250971231977,578,We may need to change our order.
830,4,15,86,105,1.2190476190476192,0.04875924328817289,578,You'd think we were first to ever order snails on a pizza.
830,4,15,86,105,1.2190476190476192,0.04875924328817289,578,Your Pizzarazzi has arrived.
830,3,17,85,105,1.2190476190476192,0.04684350139437753,578,What a nice surprise!
866,2,18,82,102,1.2156862745098038,0.04542226432881113,578,How did you get a table at the pizza delivery finals!
866,4,14,84,102,1.2156862745098038,0.049512182523962604,578,I heard this place is famous for its service.
866,3,16,83,102,1.2156862745098038,0.04751125295676055,578,You'd think no one had ever ordered a plain cheese pizza before.
866,5,12,85,102,1.2156862745098038,0.05143533103860699,578,"What do you expect? They named their new pizza the ""O.J. Simpson."""
866,2,18,82,102,1.2156862745098038,0.04542226432881113,578,The lasagna needs a better publicist.
866,4,14,84,102,1.2156862745098038,0.049512182523962604,578,The food is ok but it's really the instagram this place is known for
866,4,14,84,102,1.2156862745098038,0.049512182523962604,578,There's no escaping the pizzarazzi anymore.
866,3,16,83,102,1.2156862745098038,0.04751125295676055,578,He's big on YouTube.
866,4,14,84,102,1.2156862745098038,0.049512182523962604,578,At last! An Attorney General candidate who really knows how to take orders.
866,4,14,84,102,1.2156862745098038,0.049512182523962604,578,"I asked for pepperoni, not paparazzi."
866,2,18,82,102,1.2156862745098038,0.04542226432881113,578,This is your idea of a secluded rendezvous?
866,3,16,83,102,1.2156862745098038,0.04751125295676055,578,I think this celebrity chef business has gone too far.
866,4,14,84,102,1.2156862745098038,0.049512182523962604,578,"I may have accidentally said, ""large pie with paparazzi..."""
866,2,18,82,102,1.2156862745098038,0.04542226432881113,578,Never order the Kardashian at Papa Razzi's.
866,2,18,82,102,1.2156862745098038,0.04542226432881113,578,You always pick the quietest atmosphere for a romantic dinner.
866,6,10,86,102,1.2156862745098038,0.0532891202762439,578,This pizza has quite a following.
866,4,14,84,102,1.2156862745098038,0.049512182523962604,578,"No, I really do think you told him ""with extra paparazzi,"" not pepperoni."
866,2,18,82,102,1.2156862745098038,0.04542226432881113,578,"Don't look now, but our ""World Famous Deep-Dish Pizza"" has arrived..."
866,5,12,85,102,1.2156862745098038,0.05143533103860699,578,"If it takes more than 25 minutes, it's free and we get to murder the waiter."
866,3,16,83,102,1.2156862745098038,0.04751125295676055,578,"Here comes our order of their ""Famous Pizza""."
866,4,14,84,102,1.2156862745098038,0.049512182523962604,578,"No gift, but since you're into celebrity chefs and flash mobs...."
866,3,16,83,102,1.2156862745098038,0.04751125295676055,578,Are you sure you ordered a pizza and not a paparazzi?
866,5,12,85,102,1.2156862745098038,0.05143533103860699,578,You shouldn't have ordered the extra paparazzi
866,4,14,84,102,1.2156862745098038,0.049512182523962604,578,Fast Food Olympics
866,3,16,83,102,1.2156862745098038,0.04751125295676055,578,The pizzarazzi have gotten out of control.
866,0,22,80,102,1.2156862745098038,0.04092563958237657,578,Do you always order that far off-menu?
866,4,14,84,102,1.2156862745098038,0.049512182523962604,578,"Thanks for picking this quiet, romantic Italian restaurant."
866,4,14,84,102,1.2156862745098038,0.049512182523962604,578,Did I mention I work at the White House?
866,7,8,87,102,1.2156862745098038,0.05508055374250415,578,Some like it hot.
866,4,14,84,102,1.2156862745098038,0.049512182523962604,578,That pizza is dating one of the Kardashians.
866,3,16,83,102,1.2156862745098038,0.04751125295676055,578,"Try to look casual, but we're about to appear on ""Celebrity Waiter."""
866,4,14,84,102,1.2156862745098038,0.049512182523962604,578,The service here is overrated.
866,3,16,83,102,1.2156862745098038,0.04751125295676055,578,"I've been studying it, so I ordered our salad in Italian."
866,4,14,84,102,1.2156862745098038,0.049512182523962604,578,I expected a little more pizzazz.
866,6,10,86,102,1.2156862745098038,0.0532891202762439,578,I think our waiter went viral.
866,2,18,82,102,1.2156862745098038,0.04542226432881113,578,"I have heard, their presentation is very Hollywood."
866,5,12,85,102,1.2156862745098038,0.05143533103860699,578,I know how much money you make and sex is out of the question until you pay for nine meals but did I mention that people often say I am a gay man in a woman's body and my husband works here?
866,3,16,83,102,1.2156862745098038,0.04751125295676055,578,Oh Dear...he comes the pizzarazzis.
866,3,16,83,102,1.2156862745098038,0.04751125295676055,578,"So, what's on the Celebrity Pizza?"
866,2,18,82,102,1.2156862745098038,0.04542226432881113,578,"I love this place. Quiet, reserved and no pretentious wannabe actors waiting tables."
866,1,20,81,102,1.2156862745098038,0.043232453504184656,578,I always order the paparazzi to start.
866,3,16,83,102,1.2156862745098038,0.04751125295676055,578,Being a star is just his day job.
866,4,14,84,102,1.2156862745098038,0.049512182523962604,578,"Next thing you know, it'll be celebrity busboys."
866,5,12,85,102,1.2156862745098038,0.05143533103860699,578,Papa John's was closed. This is Papa Razzi's.
866,2,18,82,102,1.2156862745098038,0.04542226432881113,578,He's researching a role.
866,2,18,82,102,1.2156862745098038,0.04542226432881113,578,who did you say you were? when you made the reservation
866,3,16,83,102,1.2156862745098038,0.04751125295676055,578,I'm excited to see what this new paparazzi pizza has with it!
866,4,14,84,102,1.2156862745098038,0.049512182523962604,578,He just won a TONY .
866,5,12,85,102,1.2156862745098038,0.05143533103860699,578,""" It's 30 seconds, or it's free. ""  Submitted by Neil L. Sachs, Monmouth Junction, NJ"
866,3,16,83,102,1.2156862745098038,0.04751125295676055,578,You ordered a pizza with pararazzi?!
866,5,12,85,102,1.2156862745098038,0.05143533103860699,578,I love being a background actor
866,5,12,85,102,1.2156862745098038,0.05143533103860699,578,"Well, White House press secretaries need to do something after they're let go."
866,6,10,86,102,1.2156862745098038,0.0532891202762439,578,That's the celebrity chef.
866,2,18,82,102,1.2156862745098038,0.04542226432881113,578,This is the last time we dine at Papa Razzi's.
866,5,12,85,102,1.2156862745098038,0.05143533103860699,578,This is not the Fellini film I said I wanted my life to be like.
866,4,14,84,102,1.2156862745098038,0.049512182523962604,578,"Seriously, Milton. ""Extra paparazzi"" was not one of the options."
866,4,14,84,102,1.2156862745098038,0.049512182523962604,578,"I hope you don't mind, I ordered the paparazzi pizza."
923,4,13,83,100,1.21,0.049838121792844324,578,I feel sorry for the waiter. It must really suck having the last name Scaramucci.
923,5,11,84,100,1.21,0.05182526976156117,578,I tried to tell you that you tipped him too much last time we were here !!
923,2,17,81,100,1.21,0.045604802157206865,578,"I thought the Celebrity Chef thing was getting out of hand, but Celebrity Waitperson . . .!?"
923,2,17,81,100,1.21,0.045604802157206865,578,Next time I'm ordering plain.
923,3,15,82,100,1.21,0.047768380565162374,578,"I ordered pepperoni, not paparazzi."
923,3,15,82,100,1.21,0.047768380565162374,578,Wake me when the celebrity chef trend is over.
923,3,15,82,100,1.21,0.047768380565162374,578,I am really trying to take my foodie Instagram page to the next level.
923,5,11,84,100,1.21,0.05182526976156117,578,Sean Spicer attempts to escape paparazzi  at his new job.
923,4,13,83,100,1.21,0.049838121792844324,578,Must have been Reince Priebus who leaked our date
923,3,15,82,100,1.21,0.047768380565162374,578,"So I said to the tour director, ""I'd give a million dollars for a good piece of pizza."""
923,4,13,83,100,1.21,0.049838121792844324,578,The waiter said the pepperoni is hot.
923,3,15,82,100,1.21,0.047768380565162374,578,They say our waiter is the next DeNiro.
923,6,9,85,100,1.21,0.05373898759633259,578,I hate when Brad Pitt works the dinner shift.
923,2,17,81,100,1.21,0.045604802157206865,578,"The world record pizza delivery time, from oven to table, is..."
923,4,13,83,100,1.21,0.049838121792844324,578,"You just had to order a pizza with extra Paparazzi, didn't you?"
923,5,11,84,100,1.21,0.05182526976156117,578,Ignore the pizzarazzi
923,4,13,83,100,1.21,0.049838121792844324,578,It's not Digiorno!
923,3,15,82,100,1.21,0.047768380565162374,578,I hope they know you're not a big tipper.
923,4,13,83,100,1.21,0.049838121792844324,578,Uh Oh! Someone ordered the Paparazzi pizza.
923,6,9,85,100,1.21,0.05373898759633259,578,"After Trump was impeached, Americans elected a pizza as president."
943,3,14,80,97,1.2061855670103092,0.04846914279015989,578,It was right then that Scaramucci realized his life would never be the same.
943,5,10,82,97,1.2061855670103092,0.052714429404269555,578,I wonder what the waiter meant by crowd sourced pizza?
943,4,12,81,97,1.2061855670103092,0.05063629562986725,578,The celebrity chef craze has officially peaked.
943,2,16,79,97,1.2061855670103092,0.0462004455661469,578,It's an interesting concept. If they don't serve your meal in 30 minutes or less the execute the waiter.
943,4,12,81,97,1.2061855670103092,0.05063629562986725,578,"Please don't order the paparazipizza again,dear."
943,2,16,79,97,1.2061855670103092,0.0462004455661469,578,I like mine covered.
943,4,12,81,97,1.2061855670103092,0.05063629562986725,578,"Darling, life is going to get busy very soon."
943,2,16,79,97,1.2061855670103092,0.0462004455661469,578,I ordered the Paparazzi Pizza. Why do you ask?
943,6,8,83,97,1.2061855670103092,0.054713688412682655,578,"What, exactly, is on the Super Deluxe?"
943,7,6,84,97,1.2061855670103092,0.056642425195453365,578,I never thought pizza would be the new kale.
943,2,16,79,97,1.2061855670103092,0.0462004455661469,578,This place is famous for its pepperoni paparazzi pizza.
943,3,14,80,97,1.2061855670103092,0.04846914279015989,578,I never like eating at a table by the kitchen
943,4,12,81,97,1.2061855670103092,0.05063629562986725,578,"Marvin, I said the pepperoni , not the paparazzi!"
956,5,10,83,98,1.2040816326530612,0.05221615820079095,578,Mr. Spicer! Why did the chef lie about the size of the crowd in the dining room?
956,2,16,80,98,1.2040816326530612,0.045774958984969194,578,I hear the food here is scandalously good.
956,4,12,82,98,1.2040816326530612,0.050161077954179,578,You ordered the pie with extra paparazzi?
956,5,10,83,98,1.2040816326530612,0.05221615820079095,578,Don't you just love undiscovered ethnic restaurants?
956,3,14,81,98,1.2040816326530612,0.048018124763472565,578,I ordered the paparazzi pizza.
956,1,18,79,98,1.2040816326530612,0.043416050423211075,578,I hope this place isn't another flash in the pan.
956,3,14,81,98,1.2040816326530612,0.048018124763472565,578,The reviews are in on tonight's special
956,2,16,80,98,1.2040816326530612,0.045774958984969194,578,"You did order the Paparazzi pizza, right?"
956,2,16,80,98,1.2040816326530612,0.045774958984969194,578,"Oh, I hope you don't mind but I went ahead and ordered the Large Pizzarazzi."
956,1,18,79,98,1.2040816326530612,0.043416050423211075,578,You had to order the Brangelina.
956,5,10,83,98,1.2040816326530612,0.05221615820079095,578,"Oh, did I mention I'm running for President?"
956,4,12,82,98,1.2040816326530612,0.050161077954179,578,"""I forgot to mention it's ""Celebrity Pizza Boy "" night. Tonight's boy is Nicholas Cage""."
956,3,14,81,98,1.2040816326530612,0.048018124763472565,578,Never order the chef's world-famous anything.
956,4,12,82,98,1.2040816326530612,0.050161077954179,578,Did you order the pizza with extra paparazzi?
956,5,10,83,98,1.2040816326530612,0.05221615820079095,578,Apparently the pizza's made using dough from Russia.
956,4,12,82,98,1.2040816326530612,0.050161077954179,578,So tell me again why this restaurant is named Paparazzi?
956,3,14,81,98,1.2040816326530612,0.048018124763472565,578,The waiter may have misunderstood your order for pasta razzi.
956,6,8,84,98,1.2040816326530612,0.05419336318198782,578,"Tell me again you love me, before the fake news distorts it."
956,2,16,80,98,1.2040816326530612,0.045774958984969194,578,Apparently they have a celebrity chef...
956,5,10,83,98,1.2040816326530612,0.05221615820079095,578,This used to be the best pizza place in Mar-a-Lago
956,4,12,82,98,1.2040816326530612,0.050161077954179,578,"I like this idea of speed dating and eating, don't you?"
956,1,18,79,98,1.2040816326530612,0.043416050423211075,578,Marge said an Olympic track star is a waiter here. When has she ever been right?
956,5,10,83,98,1.2040816326530612,0.05221615820079095,578,"Your Italian may need a little work, I think you ordered Paparazzi instead of Pepperoni."
956,3,14,81,98,1.2040816326530612,0.048018124763472565,578,I've heard of drink chasers but this is ridiculous.
956,2,16,80,98,1.2040816326530612,0.045774958984969194,578,"Please, not another pizzarazzi joke!"
981,2,15,77,94,1.202127659574468,0.046815269577118276,578,Did you order our pizza with paparazzi?
981,2,15,77,94,1.202127659574468,0.046815269577118276,578,"The first time you ordered off-menu in your broken Italian was charming and endearing, Stanley... but that was then."
981,2,15,77,94,1.202127659574468,0.046815269577118276,578,You know what this restaurant could use? Fewer Kardashians.
981,5,9,80,94,1.202127659574468,0.05364709930456415,578,"Breaking News, Breaking News. Everything is Breaking News."
981,4,11,79,94,1.202127659574468,0.05147067771448707,578,I hope this lives up to they hype.
981,2,15,77,94,1.202127659574468,0.046815269577118276,578,I didn't know it came with paparazzi.
981,5,9,80,94,1.202127659574468,0.05364709930456415,578,I knew you said extra paparazzi.
981,4,11,79,94,1.202127659574468,0.05147067771448707,578,"I ordered the ""Paparazzi Pepperoni""."
981,3,13,78,94,1.202127659574468,0.04919806972822639,578,What would you think if I told you Sean Spicer is our waiter?
981,4,11,79,94,1.202127659574468,0.05147067771448707,578,"It's their new pizza, ""The Kardashian"""
981,3,13,78,94,1.202127659574468,0.04919806972822639,578,Don't look now but here come the pizzeratti.
981,3,13,78,94,1.202127659574468,0.04919806972822639,578,Who ordered the paparazzi pizza?
981,3,13,78,94,1.202127659574468,0.04919806972822639,578,Are you ready for your surprise?
981,1,17,76,94,1.202127659574468,0.04430450164682011,578,"I see you're relying on the ""paparazzi pizza on the first date"" trick."
981,5,9,80,94,1.202127659574468,0.05364709930456415,578,I'm told that the pizza here is famous.
981,3,13,78,94,1.202127659574468,0.04919806972822639,578,I've never had a pizza with celebrity style toppings before.
981,2,15,77,94,1.202127659574468,0.046815269577118276,578,I told them you are Brad Pitt.
981,3,13,78,94,1.202127659574468,0.04919806972822639,578,"I heard you say ""large pie with pepperoni""."
981,1,17,76,94,1.202127659574468,0.04430450164682011,578,"It's always been known for good food, but after the chef won ""Dancing with the Stars' it's been crazy"
981,4,11,79,94,1.202127659574468,0.05147067771448707,578,I'm told that the pizzas here are world famous
981,2,15,77,94,1.202127659574468,0.046815269577118276,578,"The name of the place is '""Pizzarazzi.'"
981,4,11,79,94,1.202127659574468,0.05147067771448707,578,"It's pronounced ""pap·par·del·le""."
981,3,13,78,94,1.202127659574468,0.04919806972822639,578,I ordered pizza with paparazzi.
981,4,11,79,94,1.202127659574468,0.05147067771448707,578,Didn't he used to be the Speaker of the House?
981,4,11,79,94,1.202127659574468,0.05147067771448707,578,The pepperozzi are after me!
981,5,9,80,94,1.202127659574468,0.05364709930456415,578,The quality is okay. It's the sex tape that made it famous.
981,3,13,78,94,1.202127659574468,0.04919806972822639,578,you said you just won WHAT
981,3,13,78,94,1.202127659574468,0.04919806972822639,578,Did you order pepperoni or paparazzi?
981,3,13,78,94,1.202127659574468,0.04919806972822639,578,"Did you have to order the ""Pizza Diana""?"
981,2,15,77,94,1.202127659574468,0.046815269577118276,578,I hear the pizza here is world famous!
981,3,13,78,94,1.202127659574468,0.04919806972822639,578,"I understand it's called ""Leaked Pizza."""
981,4,11,79,94,1.202127659574468,0.05147067771448707,578,He's Trump's waiter tonight. They're just hoping they can get a state secret or two out of him.
981,4,11,79,94,1.202127659574468,0.05147067771448707,578,I told you I look like Julia Roberts.
981,6,7,81,94,1.202127659574468,0.05573860298930121,578,Milestones in speed dating: Amazon's first ten-minute pizza delivery!
981,4,11,79,94,1.202127659574468,0.05147067771448707,578,Don't be silly. Why would Dustin Hoffman work at a pizza restaurant?
981,4,11,79,94,1.202127659574468,0.05147067771448707,578,This new 'dine and dash' concept is really something
981,3,13,78,94,1.202127659574468,0.04919806972822639,578,The paparzzi pizza looks good tonight.
981,4,11,79,94,1.202127659574468,0.05147067771448707,578,I'm the last remaining vote on repealing Obama Care.
981,3,13,78,94,1.202127659574468,0.04919806972822639,578,I thought you ordered yours without paparazzi.
981,3,13,78,94,1.202127659574468,0.04919806972822639,578,I ordered us a large cheese and paparazzi.
981,1,17,76,94,1.202127659574468,0.04430450164682011,578,It's all about the presentation here.
981,3,13,78,94,1.202127659574468,0.04919806972822639,578,I hope you ordered something special.
981,6,7,81,94,1.202127659574468,0.05573860298930121,578,…It's just harder to know what's famous anymore.
981,5,9,80,94,1.202127659574468,0.05364709930456415,578,I don't care if it's the millionth pizza!! I told you I had a lactose intolerance!
981,5,9,80,94,1.202127659574468,0.05364709930456415,578,"The hallucinations are weird, but I'm getting used to them."
981,2,15,77,94,1.202127659574468,0.046815269577118276,578,"Damn, it's the pizza-razzi!"
981,2,15,77,94,1.202127659574468,0.046815269577118276,578,"Wow, I guess the #5 really is famous."
981,4,11,79,94,1.202127659574468,0.05147067771448707,578,Donald tweeted that the paparazzi pizza here is really really good.
981,4,11,79,94,1.202127659574468,0.05147067771448707,578,Why must you always order the Pizza Papparazzi?
981,5,9,80,94,1.202127659574468,0.05364709930456415,578,It looks like the presidential pizza has been leaked to the press.
981,2,15,77,94,1.202127659574468,0.046815269577118276,578,Did you order extra paparazzi?
981,3,13,78,94,1.202127659574468,0.04919806972822639,578,"Remember the last time you ordered the Paparazzi Pizza here, it didn't agree with you, and I got hot flashes."
981,1,17,76,94,1.202127659574468,0.04430450164682011,578,"The food here is okay, but what a presentation!"
981,4,11,79,94,1.202127659574468,0.05147067771448707,578,His YouTube video went viral.
981,2,15,77,94,1.202127659574468,0.046815269577118276,578,Their pizza is famous.
981,4,11,79,94,1.202127659574468,0.05147067771448707,578,"Well, you may have meant pepperoni, but you definitely said ""extra paparazzi."""
981,4,11,79,94,1.202127659574468,0.05147067771448707,578,The Kardashians love their pizza.
981,3,13,78,94,1.202127659574468,0.04919806972822639,578,I thought we ordered pepperoni not paparazzi.
981,3,13,78,94,1.202127659574468,0.04919806972822639,578,Make way for the pizzarazzi!
981,1,17,76,94,1.202127659574468,0.04430450164682011,578,Is this what they mean by trending?
981,4,11,79,94,1.202127659574468,0.05147067771448707,578,"I wonder why they call it the ""15 minuets of Fame"" special."
981,5,9,80,94,1.202127659574468,0.05364709930456415,578,That pizza has 100k instagram followers!
981,3,13,78,94,1.202127659574468,0.04919806972822639,578,You'll see.
981,3,13,78,94,1.202127659574468,0.04919806972822639,578,"Next time, no celebrity chef, ok?"
981,4,11,79,94,1.202127659574468,0.05147067771448707,578,I'm sure it'll turn out to be a Nothing Pizza.
981,3,13,78,94,1.202127659574468,0.04919806972822639,578,Someone must have ordered extra paparazzi.
981,5,9,80,94,1.202127659574468,0.05364709930456415,578,He really is a celebrity chef.
981,3,13,78,94,1.202127659574468,0.04919806972822639,578,I ordered the large paparazzi
981,5,9,80,94,1.202127659574468,0.05364709930456415,578,I think we'er their first customers.
1050,3,13,79,95,1.2,0.04872391770757884,578,"So... I take it that this place is known for it's ""World's Famous Pizza"" ?"
1051,0,19,77,96,1.1979166666666667,0.040877951813226225,578,"Yes, it's that good."
1052,5,8,78,91,1.1978021978021978,0.054626672182585344,578,"Charles, don't you think ordering a Princess Diana pizza is in poor taste?"
1052,3,12,76,91,1.1978021978021978,0.049956709512768704,578,Maybe we should ask why it is called Fake News Pizza.
1052,2,14,75,91,1.1978021978021978,0.047449684731754656,578,"Scaramucci didn't last long in the Whitehouse, but he's still very popular with the press."
1052,4,10,77,91,1.1978021978021978,0.05234379685830403,578,Why do you suppose they call it Papa Razzi Pizza?
1052,4,10,77,91,1.1978021978021978,0.05234379685830403,578,He was a finalist on Top Waiter.
1052,2,14,75,91,1.1978021978021978,0.047449684731754656,578,I ordered the pizzarazzi special
1052,4,10,77,91,1.1978021978021978,0.05234379685830403,578,"I thought about spagetti balinese, but your dad says their paparazzi pizza is something special."
1052,2,14,75,91,1.1978021978021978,0.047449684731754656,578,Their pizza’s supposed to be pretty good.
1052,3,12,76,91,1.1978021978021978,0.049956709512768704,578,It must be the Russian toppings.
1052,3,12,76,91,1.1978021978021978,0.049956709512768704,578,It's always the thin ones that get all of the attention.
1052,2,14,75,91,1.1978021978021978,0.047449684731754656,578,They say the pizza is fake.
1052,3,12,76,91,1.1978021978021978,0.049956709512768704,578,I wonder what ever happened to Spicer.
1052,3,12,76,91,1.1978021978021978,0.049956709512768704,578,"Oh no, did you order the Pepperazzi?"
1052,3,12,76,91,1.1978021978021978,0.049956709512768704,578,Here he comes... 32 minutes...16 freebies in a row. Let's make the next one puffer fish/truffle/ghee.
1052,2,14,75,91,1.1978021978021978,0.047449684731754656,578,I know you are wondering why I insisted we eat here this evening...
1052,2,14,75,91,1.1978021978021978,0.047449684731754656,578,Are you sure you said pepperoni?
1052,2,14,75,91,1.1978021978021978,0.047449684731754656,578,. . . so glad they don't know we're restaurant review writers.
1052,3,12,76,91,1.1978021978021978,0.049956709512768704,578,It's a Moochie special--salami and mountain oysters--but it'll be gone soon.
1070,4,9,76,89,1.1910112359550562,0.052701300672173365,578,Do you ever watch 'Undercover Boss'?
1070,3,11,75,89,1.1910112359550562,0.0502201600716848,578,Here's your paparazzi pizza.
1070,4,9,76,89,1.1910112359550562,0.052701300672173365,578,I knew we shouldn't have ordered the paparazzi pizza>
1070,6,5,78,89,1.1910112359550562,0.05734241294508956,578,I told you the pizza was famous here.
1070,1,15,73,89,1.1910112359550562,0.04484795700808779,578,I feel bad that you've gone through all this trouble; but I'm not really hungry.
1070,2,13,74,89,1.1910112359550562,0.047609892487932244,578,"See? I told you that ""papparazzi"" wasn't a typo."
1070,3,11,75,89,1.1910112359550562,0.0502201600716848,578,"My Italian's a little rusty. Did I order ""pizza"" or ""paparazzi""?"
1070,1,15,73,89,1.1910112359550562,0.04484795700808779,578,You'd better give a bit more thought to the tip.
1070,4,9,76,89,1.1910112359550562,0.052701300672173365,578,I told you their pizza was famous!
1070,4,9,76,89,1.1910112359550562,0.052701300672173365,578,The pepperoni is good but the paparazzi is killer.
1070,2,13,74,89,1.1910112359550562,0.047609892487932244,578,"They call it ""fastest food."""
1070,2,13,74,89,1.1910112359550562,0.047609892487932244,578,I heard they do the Waiter Olympics here.
1070,5,7,77,89,1.1910112359550562,0.05507076999145734,578,I'm not Steve Bannon; I'm not trying to suck my own cock
1070,4,9,76,89,1.1910112359550562,0.052701300672173365,578,I hear the paparazzi at this place is excellent.
1070,3,11,75,89,1.1910112359550562,0.0502201600716848,578,What did the waiter mean by one-millionth pizza?
1070,2,13,74,89,1.1910112359550562,0.047609892487932244,578,It's the Pizzarazzi !
1070,2,13,74,89,1.1910112359550562,0.047609892487932244,578,Relax. It's just the Pizzarazzi.
1070,3,11,75,89,1.1910112359550562,0.0502201600716848,578,Is George Clooney really sitting right behind me?
1070,2,13,74,89,1.1910112359550562,0.047609892487932244,578,Help! The pizzarazzi!!!
1070,3,11,75,89,1.1910112359550562,0.0502201600716848,578,Fine. You blame society's voracious hunger; I blame the Pizzarazzi.
1070,2,13,74,89,1.1910112359550562,0.047609892487932244,578,I always thought Sean Spicer would land a few rungs higher on the employment ladder.
1070,2,13,74,89,1.1910112359550562,0.047609892487932244,578,I didn't read anything about pizzarazzi in the Yelp! reviews.
1070,1,15,73,89,1.1910112359550562,0.04484795700808779,578,I told the reservations people our marriage has lasted a year.
1070,1,15,73,89,1.1910112359550562,0.04484795700808779,578,Do you think this thing for posting a picture of everything we eat is getting out of hand?
1070,4,9,76,89,1.1910112359550562,0.052701300672173365,578,"I said pizza with pepperoni, not paparazzi."
1070,4,9,76,89,1.1910112359550562,0.052701300672173365,578,I thought we weren't going to order fast food tonight.
1070,2,13,74,89,1.1910112359550562,0.047609892487932244,578,"Well, you ordered a pie called ""The Kadashian Special"" . What did you expect?"
1070,1,15,73,89,1.1910112359550562,0.04484795700808779,578,I'm torn between the fettuccine and the paparazzi.
1070,1,15,73,89,1.1910112359550562,0.04484795700808779,578,This is just perfect. I've been so looking forward to a nice quiet evening.
1070,4,9,76,89,1.1910112359550562,0.052701300672173365,578,"IF YOU PROPOSE NOW, WE'LL BE ON NATIONAL T.V.!!!!"
1070,2,13,74,89,1.1910112359550562,0.047609892487932244,578,"I told you to order pizza with pepperoni, not pizza with paparazzi!"
1070,1,15,73,89,1.1910112359550562,0.04484795700808779,578,"Darling, when you see the waiter, tell him I want to change my order."
1070,2,13,74,89,1.1910112359550562,0.047609892487932244,578,"Smile, the pizzarazzi are on the way."
1070,3,11,75,89,1.1910112359550562,0.0502201600716848,578,"Calzone, stromboli, paparazzi - I'll eat anything."
1070,4,9,76,89,1.1910112359550562,0.052701300672173365,578,They're supposedly famous for their sauce.
1070,2,13,74,89,1.1910112359550562,0.047609892487932244,578,It's the one millionth pizza!!
1070,3,11,75,89,1.1910112359550562,0.0502201600716848,578,The pizzarazzi are coming.
1070,4,9,76,89,1.1910112359550562,0.052701300672173365,578,I am very grateful you found this modest hideaway where the press can not see of our love.
1070,4,9,76,89,1.1910112359550562,0.052701300672173365,578,"Actually, I've got no idea why they call it the Paparazzi Pizza."
1070,4,9,76,89,1.1910112359550562,0.052701300672173365,578,Next time can we not order the special?
1070,5,7,77,89,1.1910112359550562,0.05507076999145734,578,"So, what's the significance about the castle on the wall?"
1070,3,11,75,89,1.1910112359550562,0.0502201600716848,578,"So what do you think is on the ""papparizza""?"
1070,1,15,73,89,1.1910112359550562,0.04484795700808779,578,You should not have told the waiter you were the Times's pizza critic.
1070,3,11,75,89,1.1910112359550562,0.0502201600716848,578,"Of all the restaurants in New York, why did we have to pick the one where Shia LaBeouf is the waiter."
1070,1,15,73,89,1.1910112359550562,0.04484795700808779,578,They are famous for their fast service.
1070,3,11,75,89,1.1910112359550562,0.0502201600716848,578,They say the pizzarazzi is to die for
1070,6,5,78,89,1.1910112359550562,0.05734241294508956,578,He's the latest Cabinet head to be fired in Washington.
1070,2,13,74,89,1.1910112359550562,0.047609892487932244,578,They do claim their pizza is famous.
1070,3,11,75,89,1.1910112359550562,0.0502201600716848,578,What in fact happens if pizza is delivered late to Mr. Trump?
1070,1,15,73,89,1.1910112359550562,0.04484795700808779,578,And our pizza is free in three...two...one...
1070,2,13,74,89,1.1910112359550562,0.047609892487932244,578,This is the only restaurant with a celebrity chef and a celebrity waiter.
1070,1,15,73,89,1.1910112359550562,0.04484795700808779,578,"Next time just order the regular, OK?"
1070,2,13,74,89,1.1910112359550562,0.047609892487932244,578,"You'll be impressed by their ""world famous"" pizza."
1070,2,13,74,89,1.1910112359550562,0.047609892487932244,578,I hear the chef is something of a celebrity.
1124,3,10,73,86,1.186046511627907,0.051013337241002224,578,Everything comes with a side of hot paparazzi.
1124,4,8,74,86,1.186046511627907,0.053627962740362745,578,"They say, ""Come for the paparazzi but stay for the pizza"""
1124,2,12,72,86,1.186046511627907,0.048257256089076536,578,You know I don't eat anything flashy.
1124,1,14,71,86,1.186046511627907,0.04533392718515796,578,""". . .And we've squeezed the weekly press briefing onto a pizza."
1124,4,8,74,86,1.186046511627907,0.053627962740362745,578,I must be difficult being the other Brad Pitt.
1124,4,8,74,86,1.186046511627907,0.053627962740362745,578,They finish it off with a dash of waiter.
1124,2,12,72,86,1.186046511627907,0.048257256089076536,578,Guess Scaramucci was right--Spicer did hit the ground running.
1124,0,16,70,86,1.186046511627907,0.04220861455688511,578,"I love ordering the ""Photo Finish Pizza!"""
1124,5,6,75,86,1.186046511627907,0.05612090696789607,578,"Trump's seventh Chief of Staff, Bill Maher, is sitting four tables down."
1124,3,10,73,86,1.186046511627907,0.051013337241002224,578,I ordered us a paparazzi and cheese.
1124,3,10,73,86,1.186046511627907,0.051013337241002224,578,"Oh, Jeffrey, I was so hoping we could do something different tonight."
1124,1,14,71,86,1.186046511627907,0.04533392718515796,578,The large has created a lot of fanfare.
1124,2,12,72,86,1.186046511627907,0.048257256089076536,578,This place is famous for its pizzarazzi.
1124,4,8,74,86,1.186046511627907,0.053627962740362745,578,What's taking so long?
1124,3,10,73,86,1.186046511627907,0.051013337241002224,578,I told you 'the paparazzi's pepperoni pizza' was a bad tongue-twister.
1124,2,12,72,86,1.186046511627907,0.048257256089076536,578,There is a lot of good press about the pizza here
1124,4,8,74,86,1.186046511627907,0.053627962740362745,578,"Sure, I'm famous, but nothing interesting ever happens to me."
1124,1,14,71,86,1.186046511627907,0.04533392718515796,578,It's impossible to keep a secret menu in this town.
1124,1,14,71,86,1.186046511627907,0.04533392718515796,578,Good thing we left our spouses at home.
1124,4,8,74,86,1.186046511627907,0.053627962740362745,578,I heard the new Paparazzi pizza is great!
1124,4,8,74,86,1.186046511627907,0.053627962740362745,578,He's going to be disappointed when I tell him I'm vegan.
1124,4,8,74,86,1.186046511627907,0.053627962740362745,578,Grand openings are not what they used to be.
1124,3,10,73,86,1.186046511627907,0.051013337241002224,578,Would you work on your annunciation? It's 'pep-per-owe-nee.'
1124,2,12,72,86,1.186046511627907,0.048257256089076536,578,So 'Famous Ray’s Pizza' really is famous after all…
1124,3,10,73,86,1.186046511627907,0.051013337241002224,578,I see you ordered extra paparazzi.
1124,2,12,72,86,1.186046511627907,0.048257256089076536,578,"Oh, it'll be hot."
1124,2,12,72,86,1.186046511627907,0.048257256089076536,578,Relax. You reserved under a false name. I'm sure nobody knows you're a famous restaurant reviewer.
1124,3,10,73,86,1.186046511627907,0.051013337241002224,578,"No, I'm pretty sure it's pronounced ""pepperoni,"" not ""paparazzi."""
1124,2,12,72,86,1.186046511627907,0.048257256089076536,578,Pepperoni? Paparazzi? Let's call the whole thing off.
1124,2,12,72,86,1.186046511627907,0.048257256089076536,578,"Probably, take out was the better option."
1124,3,10,73,86,1.186046511627907,0.051013337241002224,578,"Darling, are you sure you said pepperoni, not paparazzi?"
1124,2,12,72,86,1.186046511627907,0.048257256089076536,578,Make way -- this is hot off the press!
1124,3,10,73,86,1.186046511627907,0.051013337241002224,578,I hear Sean Spicer got a waiter job.
1124,3,10,73,86,1.186046511627907,0.051013337241002224,578,I warned you about the media special
1124,3,10,73,86,1.186046511627907,0.051013337241002224,578,"You had to order the paparazzi pizza, you couldn't just ask what it was. You HAD to order it, just to see!"
1124,2,12,72,86,1.186046511627907,0.048257256089076536,578,"And so the bartender looks down and says, 'I'll be damned. A talking duck.'"
1124,4,8,74,86,1.186046511627907,0.053627962740362745,578,I think we better take it to go
1124,3,10,73,86,1.186046511627907,0.051013337241002224,578,Ray's is so famous it comes with its own pizzarazzi...
1124,3,10,73,86,1.186046511627907,0.051013337241002224,578,I ordered the Photo Bomb
1163,4,8,75,87,1.1839080459770115,0.0530510832792138,578,I hear their new Paparazzi Pizza is really getting a lot of attention.
1163,3,10,74,87,1.1839080459770115,0.050468893694394994,578,I first read about this restaurant during Pizzagate.
1163,6,4,77,87,1.1839080459770115,0.05787083764576031,578,"When you ordered ""hot"", was that ""picante"", ""caliente"", or ""last survivor of an endangered species""?"
1163,3,10,74,87,1.1839080459770115,0.050468893694394994,578,The service here is really fast.
1163,2,12,73,87,1.1839080459770115,0.04774726195683065,578,Please don't tell me the first New Year's pizza is a media event in this town!
1163,1,14,72,87,1.1839080459770115,0.04486081606493881,578,I can hardly wait - the pizzarazzi sounded intriguing.
1163,3,10,74,87,1.1839080459770115,0.050468893694394994,578,Fresh off the press
1163,2,12,73,87,1.1839080459770115,0.04774726195683065,578,"My Italian's not strong, so I played it safe with a simple paparazzi pizza."
1163,1,14,72,87,1.1839080459770115,0.04486081606493881,578,``Reince is becoming my favorite waiter.''
1163,3,10,74,87,1.1839080459770115,0.050468893694394994,578,They're quite famous for their fast service.
1163,1,14,72,87,1.1839080459770115,0.04486081606493881,578,I didn't realize that our pizza came with complimentary paparazzi.
1163,2,12,73,87,1.1839080459770115,0.04774726195683065,578,This place is renowned for its paparazzi pizza.
1163,1,14,72,87,1.1839080459770115,0.04486081606493881,578,What did you expect? Their sign says they serve the 'World's Best Pizza.'
1163,4,8,75,87,1.1839080459770115,0.0530510832792138,578,Must be for OJ.
1163,2,12,73,87,1.1839080459770115,0.04774726195683065,578,Damn pizzarazzi!
1163,2,12,73,87,1.1839080459770115,0.04774726195683065,578,Fast food is really catching on!
1163,4,8,75,87,1.1839080459770115,0.0530510832792138,578,You're holding the wine glass wrong.
1163,1,14,72,87,1.1839080459770115,0.04486081606493881,578,Ordering a pizza in this place is always such a production!
1163,1,14,72,87,1.1839080459770115,0.04486081606493881,578,I hear their Paparazzi pizza is to die for.
1163,4,8,75,87,1.1839080459770115,0.0530510832792138,578,They heard a rumor that he was Hillary's server.
1163,2,12,73,87,1.1839080459770115,0.04774726195683065,578,I hear this is where celebrities eat.
1163,1,14,72,87,1.1839080459770115,0.04486081606493881,578,Here comes our mushroom and paparazzi pizza!
1163,2,12,73,87,1.1839080459770115,0.04774726195683065,578,"Ralph, remember your promise - no more food selfies."
1163,2,12,73,87,1.1839080459770115,0.04774726195683065,578,Did you order the Paparizza?
1163,3,10,74,87,1.1839080459770115,0.050468893694394994,578,Please don't overtip again dear.
1163,3,10,74,87,1.1839080459770115,0.050468893694394994,578,It's so hard to escape the pizzarazzi.
1163,4,8,75,87,1.1839080459770115,0.0530510832792138,578,We should have gone to ORIGINAL Rays.
1163,3,10,74,87,1.1839080459770115,0.050468893694394994,578,"This such a quiet, peaceful place unlike my office at the White House."
1191,3,9,71,83,1.180722891566265,0.05183831390483617,578,Paparazzi and mushroom always gives me heartburn.
1191,3,9,71,83,1.180722891566265,0.05183831390483617,578,"Don't look now, but our server's being hounded by the pizzarazzi."
1191,3,9,71,83,1.180722891566265,0.05183831390483617,578,I know you said you wanted just a quiet celebration but -
1191,4,7,72,83,1.180722891566265,0.054599168022660204,578,Will you marry me?
1191,0,15,68,83,1.180722891566265,0.04249277241702737,578,"The place is called ""Paparazzi's"". What did you expect?"
1191,1,13,69,83,1.180722891566265,0.04582023644587216,578,Did you order pressed duck or duck the press?
1191,1,13,69,83,1.180722891566265,0.04582023644587216,578,"Not sure a celebrity waiter was such a good idea dear,nice thought though ."
1191,3,9,71,83,1.180722891566265,0.05183831390483617,578,I told you 'Paparizza' wasn't a typo...
1191,3,9,71,83,1.180722891566265,0.05183831390483617,578,Did the waiter seem surprised that we ordered a plain cheese pizza?
1191,3,9,71,83,1.180722891566265,0.05183831390483617,578,"I've heard the pizza's world famous, but I don't know..."
1191,4,7,72,83,1.180722891566265,0.054599168022660204,578,I ordered the paparazzi pizza with everything
1191,2,11,70,83,1.180722891566265,0.04892190131450311,578,That castle is ours if the pizza isn't here in 2 seconds!!!
1191,3,9,71,83,1.180722891566265,0.05183831390483617,578,"At first, it seemed so exciting that all waiters here are former child stars, but second time, you just don't care anymore."
1191,3,9,71,83,1.180722891566265,0.05183831390483617,578,I told you this was the original Famous Ray's Pizza
1191,3,9,71,83,1.180722891566265,0.05183831390483617,578,How could they possibly know if it was world-famous?
1191,2,11,70,83,1.180722891566265,0.04892190131450311,578,It's a topless pizza.
1191,1,13,69,83,1.180722891566265,0.04582023644587216,578,They only hire actors who want to be waiters.
1191,2,11,70,83,1.180722891566265,0.04892190131450311,578,Have you been reading about pizzagate?
1191,2,11,70,83,1.180722891566265,0.04892190131450311,578,Everyone wants a pizza me
1191,3,9,71,83,1.180722891566265,0.05183831390483617,578,The pizza is supposed to be sensational.
1191,2,11,70,83,1.180722891566265,0.04892190131450311,578,"If you feel you have to photograph the food, then I'm leaving!"
1191,4,7,72,83,1.180722891566265,0.054599168022660204,578,Here's your damned paparazzi pizza!
1191,2,11,70,83,1.180722891566265,0.04892190131450311,578,Eater named him one of the twenty essential servers below 14th Street.
1191,1,13,69,83,1.180722891566265,0.04582023644587216,578,I hate it when you order the paparazzi pizza.
1191,1,13,69,83,1.180722891566265,0.04582023644587216,578,"Honey, it was so sweet of you to plan this quiet, intimate evening together."
1191,2,11,70,83,1.180722891566265,0.04892190131450311,578,I ordered a large pepperoni not a large paparazzi!
1191,3,9,71,83,1.180722891566265,0.05183831390483617,578,Ten more seconds and it's free.
1191,3,9,71,83,1.180722891566265,0.05183831390483617,578,"In an amazing mathematical journey, waiter finds the end of pi."
1191,5,5,73,83,1.180722891566265,0.057226982351308985,578,Did you hear that Donald Trump Jr. was masquerading as a NYC pizza waiter to escape Congressional investigation?
1191,3,9,71,83,1.180722891566265,0.05183831390483617,578,I used the name Sinatra when I made the reservation.
1191,4,7,72,83,1.180722891566265,0.054599168022660204,578,"I specifically said pepperoni, not paparazzi."
1191,5,5,73,83,1.180722891566265,0.057226982351308985,578,The food really is the star of this restaurant.
1191,0,15,68,83,1.180722891566265,0.04249277241702737,578,"It looks like ""world famous pizza"" isn't just a slogan."
1191,1,13,69,83,1.180722891566265,0.04582023644587216,578,"You heard me say pepperoni, right?"
1191,2,11,70,83,1.180722891566265,0.04892190131450311,578,"I ordered with pepperoni, not paparazzi."
1191,1,13,69,83,1.180722891566265,0.04582023644587216,578,He's the only waiter in New York who didn't want to be famous.
1191,4,7,72,83,1.180722891566265,0.054599168022660204,578,It's a great place if you can ignore the Pizzarazzi.
1191,3,9,71,83,1.180722891566265,0.05183831390483617,578,You can't order the 'World Famous Pizza' without attracting some attention.
1191,3,9,71,83,1.180722891566265,0.05183831390483617,578,"Oh great, here comes the pepperozzi."
1191,2,11,70,83,1.180722891566265,0.04892190131450311,578,I ordered the pepperazzi.
1191,3,9,71,83,1.180722891566265,0.05183831390483617,578,He's Method.
1191,1,13,69,83,1.180722891566265,0.04582023644587216,578,So much for that intimate dinner!
1191,1,13,69,83,1.180722891566265,0.04582023644587216,578,I didn't know we'd be on the record...
1191,4,7,72,83,1.180722891566265,0.054599168022660204,578,I had to hire Celebrity Experiences to put an end to Johnny's fantasy about becoming an actor.
1191,0,15,68,83,1.180722891566265,0.04249277241702737,578,Your 'pizza con paparazzi' is here.
1191,1,13,69,83,1.180722891566265,0.04582023644587216,578,"I'm so excited, Harold. We won the lottery and you'll never believe where I hid the ticket!"
1191,3,9,71,83,1.180722891566265,0.05183831390483617,578,I told you this place had the best pizza in the city.
1191,3,9,71,83,1.180722891566265,0.05183831390483617,578,They're famous for their service.
1191,2,11,70,83,1.180722891566265,0.04892190131450311,578,The reviewer said that Marathon Pizza is a real winner.
1191,1,13,69,83,1.180722891566265,0.04582023644587216,578,They've invented an anchovy topping that doesn't smell or taste like anchovy.
1191,2,11,70,83,1.180722891566265,0.04892190131450311,578,Did you order double paparazzi again?
1191,4,7,72,83,1.180722891566265,0.054599168022660204,578,I've almost had my fill of celebrity chefs.
1191,2,11,70,83,1.180722891566265,0.04892190131450311,578,Brace yourself. The pizzarazzi are coming.
1191,0,15,68,83,1.180722891566265,0.04249277241702737,578,Paparazzi Pizza!
1191,1,13,69,83,1.180722891566265,0.04582023644587216,578,Yelp used to be about the reviews. Now all anyone wants is the money shot.
1191,2,11,70,83,1.180722891566265,0.04892190131450311,578,They're well known for their service here.
1191,3,9,71,83,1.180722891566265,0.05183831390483617,578,Again with the pizzarazzi?
1191,2,11,70,83,1.180722891566265,0.04892190131450311,578,We probably should have ordered in.
1191,3,9,71,83,1.180722891566265,0.05183831390483617,578,I'm not so sure we should have ordered the celebrity pizza with the award winning special sauce.
1191,3,9,71,83,1.180722891566265,0.05183831390483617,578,I told them our name was Bourdain.
1191,3,9,71,83,1.180722891566265,0.05183831390483617,578,Did you order pizza with pepperoni or paparazzi?
1191,2,11,70,83,1.180722891566265,0.04892190131450311,578,I love the pizza here at Papa Rotzi's.
1191,3,9,71,83,1.180722891566265,0.05183831390483617,578,What did you say Justin Bieber was doing now that he canceled his tour?
1191,2,11,70,83,1.180722891566265,0.04892190131450311,578,Their secret sauce recipe just showed up on Politico.
1191,2,11,70,83,1.180722891566265,0.04892190131450311,578,How could you not notice that our waiter is Adrien Brody?!
1191,4,7,72,83,1.180722891566265,0.054599168022660204,578,I'm so pleased OJ is laying low now that he is on parole.
1191,1,13,69,83,1.180722891566265,0.04582023644587216,578,"Pepperoni, papparazzi ... you say 'tomayto', I say 'tomahto.'"
1191,2,11,70,83,1.180722891566265,0.04892190131450311,578,I thought that the waiter looked familiar.
1191,1,13,69,83,1.180722891566265,0.04582023644587216,578,Pizza with paparazzi is their specialty!
1191,4,7,72,83,1.180722891566265,0.054599168022660204,578,I think we're going to make our show.
1191,3,9,71,83,1.180722891566265,0.05183831390483617,578,Here's your paparazzi pizza.
1191,1,13,69,83,1.180722891566265,0.04582023644587216,578,Hide your face. It's our pizza with cheese and paparazzi.
1191,2,11,70,83,1.180722891566265,0.04892190131450311,578,It's one of those new 'Fame to Table' restaurants.
1191,2,11,70,83,1.180722891566265,0.04892190131450311,578,I ordered Paparazzi Pizza.
1191,3,9,71,83,1.180722891566265,0.05183831390483617,578,You're the first one whose ever ordered the pizza.
1191,0,15,68,83,1.180722891566265,0.04249277241702737,578,He's trying for the Guiness record for pizza delivery.
1191,3,9,71,83,1.180722891566265,0.05183831390483617,578,That happens everytime he wins the Caption Contest.
1191,4,7,72,83,1.180722891566265,0.054599168022660204,578,Pretend it's a Fellini film and not an ad for pizza.
1191,1,13,69,83,1.180722891566265,0.04582023644587216,578,Did you order extra paparazzi on your pizza?
1191,3,9,71,83,1.180722891566265,0.05183831390483617,578,I asked you to not order that topping.
1191,3,9,71,83,1.180722891566265,0.05183831390483617,578,They weren't kidding when they said their pizza was hot off the press.
1191,3,9,71,83,1.180722891566265,0.05183831390483617,578,Amazon was supposed to delivered in half an hour
1191,2,11,70,83,1.180722891566265,0.04892190131450311,578,I found out about this place on Anthony Bourdain.
1191,1,13,69,83,1.180722891566265,0.04582023644587216,578,How do you feel about this pizzagate scandal?
1191,0,15,68,83,1.180722891566265,0.04249277241702737,578,I've never had paparazzi pizza before.
1191,2,11,70,83,1.180722891566265,0.04892190131450311,578,Please tell me you didn’t order the paparazzi pizza.
1191,2,11,70,83,1.180722891566265,0.04892190131450311,578,I told you not to over tip the waiter
1191,4,7,72,83,1.180722891566265,0.054599168022660204,578,Ignore them! This is just between us.
1279,3,9,72,84,1.1785714285714286,0.051262641097241254,578,"I told them you're the Senator who has the deciding ""no"" vote on repeal and replace."
1279,5,5,74,84,1.1785714285714286,0.056582522368256956,578,You ordered the paparazzi?
1279,3,9,72,84,1.1785714285714286,0.051262641097241254,578,"I think this whole 'food porn' trend is getting completely out of hand, don't you?"
1279,4,7,73,84,1.1785714285714286,0.05398814781884477,578,I hear they're only in season for 18 seconds.
1279,3,9,72,84,1.1785714285714286,0.051262641097241254,578,They say the pizza here is tired of being famous.
1279,1,13,70,84,1.1785714285714286,0.04532256509703348,578,It's that damned pizzarazzi.
1279,2,11,71,84,1.1785714285714286,0.048383846887362136,578,Save room for the Paparazzi.
1279,1,13,70,84,1.1785714285714286,0.04532256509703348,578,I always order the paparazzi.
1279,2,11,71,84,1.1785714285714286,0.048383846887362136,578,I wonder why they call this place Pizzarazzi.
1279,3,9,72,84,1.1785714285714286,0.051262641097241254,578,Doesn't everyone order the house special?
1279,0,15,69,84,1.1785714285714286,0.04203894830190181,578,You shouldn't have ordered the celebrity pizza.
1279,2,11,71,84,1.1785714285714286,0.048383846887362136,578,Who did you tell the waiter we were?
1279,2,11,71,84,1.1785714285714286,0.048383846887362136,578,It's the paparazzi pizza I ordered.
1279,3,9,72,84,1.1785714285714286,0.051262641097241254,578,Next time order a regular pizza instead of the 'Paparazzi Special'!
1279,3,9,72,84,1.1785714285714286,0.051262641097241254,578,Pizza is hot right now.
1279,3,9,72,84,1.1785714285714286,0.051262641097241254,578,Don't look now but the pizza guy is about to take us viral.
1279,2,11,71,84,1.1785714285714286,0.048383846887362136,578,"Yes, the restaurant hires its own photographers to take food pictures."
1279,0,15,69,84,1.1785714285714286,0.04203894830190181,578,"I said pepperoni, not paparazzi."
1279,2,11,71,84,1.1785714285714286,0.048383846887362136,578,Here’s the paparazzi pizza you ordered!
1279,4,7,73,84,1.1785714285714286,0.05398814781884477,578,Are you sure that Mrs. Pence was invited ?
1279,1,13,70,84,1.1785714285714286,0.04532256509703348,578,Their service is notorious
1279,3,9,72,84,1.1785714285714286,0.051262641097241254,578,Did you order the paparazzi pizza again?
1279,2,11,71,84,1.1785714285714286,0.048383846887362136,578,The pepperoni here is famous.
1279,3,9,72,84,1.1785714285714286,0.051262641097241254,578,You'll love the presentation.
1279,1,13,70,84,1.1785714285714286,0.04532256509703348,578,I told you paparazzi was not an Italian dish.
1279,2,11,71,84,1.1785714285714286,0.048383846887362136,578,"Paparazzi, pepperoni, what's the difference?"
1279,2,11,71,84,1.1785714285714286,0.048383846887362136,578,"Did you tell the waiter Pepperoni Pizza, or Paparazzi Pizza?"
1279,4,7,73,84,1.1785714285714286,0.05398814781884477,578,Their paparazzi pizza is famous.
1279,5,5,74,84,1.1785714285714286,0.056582522368256956,578,I had expected Reince Priebus to take a little time off before pursuing another career.
1279,1,13,70,84,1.1785714285714286,0.04532256509703348,578,Their paparazzi pizza is the most authentic in the city.
1309,2,10,68,80,1.175,0.04960285312333035,578,Brace yourself. Pizzarazzi.
1309,1,12,67,80,1.175,0.04630321092291712,578,Finally! The Celebrity Pizza!
1309,2,10,68,80,1.175,0.04960285312333035,578,"""I know it's our first date, but you could have told me you were Papa John""."
1309,2,10,68,80,1.175,0.04960285312333035,578,And it's only natural to feel order envy in this place.
1309,2,10,68,80,1.175,0.04960285312333035,578,I said extra pepperoni not paparazzi!
1309,3,8,69,80,1.175,0.05269628766978955,578,They say he's a celebrity chef.
1309,3,8,69,80,1.175,0.05269628766978955,578,I've heard they're know for fast service.
1309,4,6,70,80,1.175,0.05561793263309727,578,"For the last time, Stuart, 'paparazzi' is not a pizza topping!"
1309,3,8,69,80,1.175,0.05269628766978955,578,I love Paparazzi's.
1309,1,12,67,80,1.175,0.04630321092291712,578,I guess everyone met with the Russians last summer except us.
1309,1,12,67,80,1.175,0.04630321092291712,578,You'll discover that I never do casual.
1309,2,10,68,80,1.175,0.04960285312333035,578,"Let's not linger over dinner, okay?"
1309,3,8,69,80,1.175,0.05269628766978955,578,Here comes the pizza and I'm not even done with my salad.
1309,2,10,68,80,1.175,0.04960285312333035,578,Don't worry about photographing your food tonight.
1309,1,12,67,80,1.175,0.04630321092291712,578,you want fast..order the paparazzi pizza.
1309,3,8,69,80,1.175,0.05269628766978955,578,The pizza here is world famous.
1309,3,8,69,80,1.175,0.05269628766978955,578,Papa John v Papa Razzi
1309,3,8,69,80,1.175,0.05269628766978955,578,Did you order the paparazzi pizza?
1309,2,10,68,80,1.175,0.04960285312333035,578,They take this 'employee of the month' thing too far.
1309,1,12,67,80,1.175,0.04630321092291712,578,I'm sure the waiter is another displaced Trump dump – so I alerted the media.
1309,2,10,68,80,1.175,0.04960285312333035,578,Do you think this whole photograph-your-food-and-put-it-on-Facebook-thing is getting out of hand?
1309,4,6,70,80,1.175,0.05561793263309727,578,"Was it the wine, or did you really order paparazzi pizza?"
1309,2,10,68,80,1.175,0.04960285312333035,578,The New York Times' new restaurant critic needs better disguises.
1309,4,6,70,80,1.175,0.05561793263309727,578,Is coming too soon really newsworthy?
1309,2,10,68,80,1.175,0.04960285312333035,578,"Who ordered the half-cheese, half-paparazzi?!"
1309,2,10,68,80,1.175,0.04960285312333035,578,Looks like he will break the world's record for fastest pizza delivery.
1309,4,6,70,80,1.175,0.05561793263309727,578,"Sir, we’ve already cancelled that order."
1309,3,8,69,80,1.175,0.05269628766978955,578,Room service at the White House.
1309,1,12,67,80,1.175,0.04630321092291712,578,I hear the Chef is a bit full of himself.......
1309,5,4,71,80,1.175,0.058393579497940336,578,I still don't get why it's called paparazzi pizza.
1309,2,10,68,80,1.175,0.04960285312333035,578,And here I thought paparazzi pizza was just a misprint.
1309,2,10,68,80,1.175,0.04960285312333035,578,"""Pizzarazzi, it's all the rage""."
1309,2,10,68,80,1.175,0.04960285312333035,578,"Well, this pizza really is famous!"
1309,2,10,68,80,1.175,0.04960285312333035,578,The food here is scandalously good.
1309,2,10,68,80,1.175,0.04960285312333035,578,"Oh, lots of places say that their pizza is “world famous”."
1309,2,10,68,80,1.175,0.04960285312333035,578,I wonder why they call it 'paparazzi pizza'?
1309,2,10,68,80,1.175,0.04960285312333035,578,Did you order the pepperoni paparazzi?
1309,4,6,70,80,1.175,0.05561793263309727,578,I'd still pick Paparazzi's over Papa John's
1309,2,10,68,80,1.175,0.04960285312333035,578,I ordered a large with mushrooms and paparazzi.
1309,3,8,69,80,1.175,0.05269628766978955,578,"To correct a natural indifference I was placed half-way between misery and the sun. Misery kept me from believing that all was well under the sun, and the sun taught me that history wasn't everything."
1309,1,12,67,80,1.175,0.04630321092291712,578,I hope you like pizza with paparazzi.
1309,2,10,68,80,1.175,0.04960285312333035,578,The pepperoni-paparazzi is amazing here.
1309,2,10,68,80,1.175,0.04960285312333035,578,I ordered the paparazzi pizza.
1309,2,10,68,80,1.175,0.04960285312333035,578,"You know, this place is famous for the pizza."
1309,2,10,68,80,1.175,0.04960285312333035,578,It was voted Food and Wine magazine's sexiest pizza of the year.
1309,3,8,69,80,1.175,0.05269628766978955,578,"Uh oh, it's the pizzarazzi again!"
1309,3,8,69,80,1.175,0.05269628766978955,578,Here comes the Fake Pizza.
1309,3,8,69,80,1.175,0.05269628766978955,578,I don't think they've had many customers.
1309,3,8,69,80,1.175,0.05269628766978955,578,"""A famous chef is fine, but I can't abide the pizzarazzi."
1309,3,8,69,80,1.175,0.05269628766978955,578,You pay extra for the ambiance.
1309,0,14,66,80,1.175,0.0427496391279461,578,These new training tactics for hiring the best waitstaff are getting pretty extreme don't you think?
1309,1,12,67,80,1.175,0.04630321092291712,578,I don't care how famous the pizza is - I want a divorce.
1309,2,10,68,80,1.175,0.04960285312333035,578,When they call him Famous Ray they aren't kidding.
1309,2,10,68,80,1.175,0.04960285312333035,578,I hear the paparazzi pizza is great here.
1309,2,10,68,80,1.175,0.04960285312333035,578,Why do so many Yelpers take photos of their food?
1309,1,12,67,80,1.175,0.04630321092291712,578,I said pizza with cheese and pepperoni; not paparazzi...
1309,3,8,69,80,1.175,0.05269628766978955,578,Yohooooooooo ! You are a Newyorker CARTOON CAPTION CONTEST winner.
1309,3,8,69,80,1.175,0.05269628766978955,578,Do you think he is too busy to get my soup?
1309,2,10,68,80,1.175,0.04960285312333035,578,Did you order a large pizza with extra paparazzi?
1309,3,8,69,80,1.175,0.05269628766978955,578,Once you've had their pizzarazzi you'll never go back!
1309,3,8,69,80,1.175,0.05269628766978955,578,If I didn’t know better I would say this is the last Pizza on earth.
1309,1,12,67,80,1.175,0.04630321092291712,578,Here comes our mushroom and paparazzi pizza!
1309,2,10,68,80,1.175,0.04960285312333035,578,"Like I said to my wife before she filed for divorce, the Mooch don't take nothing from nobody. And if that pizza ain't here in five seconds, the kid waiter is getting a tweet from Mr. President."
1309,2,10,68,80,1.175,0.04960285312333035,578,"Believe me, there is no such thing as Paparazzi pizza."
1309,3,8,69,80,1.175,0.05269628766978955,578,Cheese!
1309,1,12,67,80,1.175,0.04630321092291712,578,I told you paparazzi just don't agree with me.
1309,2,10,68,80,1.175,0.04960285312333035,578,They claim the pizza here is world famous.
1309,1,12,67,80,1.175,0.04630321092291712,578,I'm so glad we discovered this place before it got popular.
1309,3,8,69,80,1.175,0.05269628766978955,578,Have you been to Papa Razzi's Pizza before?
1309,4,6,70,80,1.175,0.05561793263309727,578,I have to say I found the press kit a little insipid.
1309,2,10,68,80,1.175,0.04960285312333035,578,"I hear the ""paparazzi pizza"" here is terrific."
1309,2,10,68,80,1.175,0.04960285312333035,578,I'm not sure I should have ordered extra paparazzi.
1309,3,8,69,80,1.175,0.05269628766978955,578,I told you not to order the Kardashian pie.
1309,3,8,69,80,1.175,0.05269628766978955,578,Let me guess. You ordered the paparizza.
1309,3,8,69,80,1.175,0.05269628766978955,578,I warned you about ordering the paparazzi.
1309,0,14,66,80,1.175,0.0427496391279461,578,Don't look behind you. It's the pizzarazzi!
1309,3,8,69,80,1.175,0.05269628766978955,578,I hope you like paparazzi pizza.
1309,0,14,66,80,1.175,0.0427496391279461,578,I've been experimenting with Twitter.
1309,2,10,68,80,1.175,0.04960285312333035,578,The pizza with paparazzi is hard to pass up.
1309,2,10,68,80,1.175,0.04960285312333035,578,Was that you caught on camera delivering pizza to the president during last night's tweet-storm? What were the toppings? Did he tip you? Was he wearing a bathrobe? Fuzzy slippers?
1309,2,10,68,80,1.175,0.04960285312333035,578,This is the last time we eat at Paparazzi John's.
1309,2,10,68,80,1.175,0.04960285312333035,578,Did the dating website mention that I was recently acquitted of murdering my husband on trumped-up charges?
1309,1,12,67,80,1.175,0.04630321092291712,578,Don't look now but the 2020 presidential campaign is off and running!
1309,1,12,67,80,1.175,0.04630321092291712,578,They found me.
1309,2,10,68,80,1.175,0.04960285312333035,578,"See, you need to wear your glasses. You ordered pizza with paparazzi again."
1309,2,10,68,80,1.175,0.04960285312333035,578,Why in the world did you order pizza with a side of paparazzi?
1309,3,8,69,80,1.175,0.05269628766978955,578,I think our paparazzi is coming.
1309,1,12,67,80,1.175,0.04630321092291712,578,"One paparazzi pizza, coming up!"
1309,3,8,69,80,1.175,0.05269628766978955,578,I asked you to hold the paparazzi!
1309,3,8,69,80,1.175,0.05269628766978955,578,I told you not to joke about wanting paparazzi with our pepperoni.
1309,1,12,67,80,1.175,0.04630321092291712,578,Give it 15 minutes.
1309,2,10,68,80,1.175,0.04960285312333035,578,"I love the ambiance, but I've heard the service can be a little rushed"
1309,2,10,68,80,1.175,0.04960285312333035,578,Uh oh....it's the pie-parazzi!
1309,1,12,67,80,1.175,0.04630321092291712,578,"So far, this has been quite romantic, Ted. But, didn’t you say this restaurant is a finalist for the world’s record “Fastest Hand-tossed Thin-crust Pizza?”"
1309,3,8,69,80,1.175,0.05269628766978955,578,And you had to order the poparazzi pizza.
1309,1,12,67,80,1.175,0.04630321092291712,578,I hear this place hires actors only AFTER they have become famous.
1309,1,12,67,80,1.175,0.04630321092291712,578,"Oh, dear, it's pizzerazzi again."
1309,2,10,68,80,1.175,0.04960285312333035,578,"Honestly darling, the words fail me."
1309,3,8,69,80,1.175,0.05269628766978955,578,"You said pepperoni, right?"
1309,3,8,69,80,1.175,0.05269628766978955,578,"Ugh, not the pizzarazzi again"
1309,4,6,70,80,1.175,0.05561793263309727,578,Instagramming your food yourself is so 2016.
1309,3,8,69,80,1.175,0.05269628766978955,578,#pizza#before we ate#first date#celeberty#nude crust#tweet#very very#fake pizza leaked from kitchen####
1309,1,12,67,80,1.175,0.04630321092291712,578,The paparazzi and mushroom you ordered is ready.
1309,3,8,69,80,1.175,0.05269628766978955,578,The mayor has one more minute to deliver on his promises.
1309,3,8,69,80,1.175,0.05269628766978955,578,"George, I told you: it's PEPPERONI, not paparazzi."
1309,1,12,67,80,1.175,0.04630321092291712,578,Someone must have ordered a Paparazzi Pizza.
1309,2,10,68,80,1.175,0.04960285312333035,578,Our meal will be all over Facebook before I can post about it.
1309,1,12,67,80,1.175,0.04630321092291712,578,I hope the Fresh Leek Special is as good as I've heard.
1309,1,12,67,80,1.175,0.04630321092291712,578,"Yeah, the special. Something called a ""pizzarazzi""."
1309,1,12,67,80,1.175,0.04630321092291712,578,I never believe a restaurant when it says its food is world famous.
1309,2,10,68,80,1.175,0.04960285312333035,578,Can't wait to try it. Audacious Eats.com said it was more delicious than a celebrity/nanny cheating scandal.
1309,1,12,67,80,1.175,0.04630321092291712,578,So much for pulling off a clandestine liaison.
1309,1,12,67,80,1.175,0.04630321092291712,578,It's the pepperoni paparazzi!
1309,1,12,67,80,1.175,0.04630321092291712,578,Looks like our cozy hideaway is about to be the next big thing.
1309,2,10,68,80,1.175,0.04960285312333035,578,Paparazzi's has the fastest delivery.
1309,3,8,69,80,1.175,0.05269628766978955,578,"I said mushroom with pepperoni, not paparazzi."
1309,3,8,69,80,1.175,0.05269628766978955,578,"Oh great, the pizzarazzi."
1426,1,11,65,77,1.1688311688311688,0.0467779231605511,578,Are not they taking this celebrity chef thing too far?
1426,1,11,65,77,1.1688311688311688,0.0467779231605511,578,But how will we know if it is the most famous pizza in the world?
1426,1,11,65,77,1.1688311688311688,0.0467779231605511,578,The reviews all say their pizza is famous.
1426,2,9,66,77,1.1688311688311688,0.05029848501568073,578,"I READ, THAT SEAN SPICER WANTED TO GET OUT OF THE ""LIME LIGHT"" DECEIDED TO SWITCH CAREERS . . ."
1426,2,9,66,77,1.1688311688311688,0.05029848501568073,578,presseroni
1426,1,11,65,77,1.1688311688311688,0.0467779231605511,578,"Really, this whole obsession with posting food pictures online is becoming a little much."
1426,2,9,66,77,1.1688311688311688,0.05029848501568073,578,"Pepperoni, not paparazzi."
1426,1,11,65,77,1.1688311688311688,0.0467779231605511,578,I ordered a large pizza with extra paparazzi
1426,2,9,66,77,1.1688311688311688,0.05029848501568073,578,Oh dear - the pizzarazzi again!
1426,3,7,67,77,1.1688311688311688,0.05358825519207446,578,Can't we just have a nice dinner and forget about all this hot news!
1426,1,11,65,77,1.1688311688311688,0.0467779231605511,578,This is my first time at a celebrity restaurant.
1426,2,9,66,77,1.1688311688311688,0.05029848501568073,578,It must be the first time somebody ordered the house special !
1426,1,11,65,77,1.1688311688311688,0.0467779231605511,578,"I wanted it with pepperoni, not paparazzi."
1426,1,11,65,77,1.1688311688311688,0.0467779231605511,578,I'm told Reince got a job here so he could work incognito
1426,1,11,65,77,1.1688311688311688,0.0467779231605511,578,Of course James Franco has the right to prove himself off-screen! But does he have to do it here?
1426,1,11,65,77,1.1688311688311688,0.0467779231605511,578,And our restaurant reality show did boost business. We just didn't anticipate the pizzarazzi.
1426,3,7,67,77,1.1688311688311688,0.05358825519207446,578,It came with the Netflix Binge Watching Package.
1426,3,7,67,77,1.1688311688311688,0.05358825519207446,578,I wouldn't advise sending your minestrone back to the kitchen right now.
1426,3,7,67,77,1.1688311688311688,0.05358825519207446,578,"You did say 'pepperoni', right?"
1426,3,7,67,77,1.1688311688311688,0.05358825519207446,578,I still don't see why they changed the name to Ray's Famous Pizza.
1426,3,7,67,77,1.1688311688311688,0.05358825519207446,578,One Scaramucci with extra profanity coming up!
1426,0,13,64,77,1.1688311688311688,0.0429698800970655,578,"Paparazzi? No, we ordered the pepperoni."
1426,2,9,66,77,1.1688311688311688,0.05029848501568073,578,I'm so pleased you agreed not to instagram the pizza this time.
1426,3,7,67,77,1.1688311688311688,0.05358825519207446,578,It looks like OJ ordered the pizza.
1426,3,7,67,77,1.1688311688311688,0.05358825519207446,578,we been mistaken for the royals again.
1426,3,7,67,77,1.1688311688311688,0.05358825519207446,578,I think they misunderstood. It's RUMP roast.
1426,3,7,67,77,1.1688311688311688,0.05358825519207446,578,They've indicted a ham sandwich. The pizza's next.
1426,2,9,66,77,1.1688311688311688,0.05029848501568073,578,"One large cheese, extra paparazzi!"
1426,1,11,65,77,1.1688311688311688,0.0467779231605511,578,I hate the Pizzarazzi
1426,2,9,66,77,1.1688311688311688,0.05029848501568073,578,"If the order doesn't come in 30 minutes, they lose a Michelin star."
1426,3,7,67,77,1.1688311688311688,0.05358825519207446,578,"Honestly George, you know that paparazzi pizza gives you heartburn."
1426,0,13,64,77,1.1688311688311688,0.0429698800970655,578,Their service is famous.
1426,2,9,66,77,1.1688311688311688,0.05029848501568073,578,I hope the pizza at this place lives up to its good press.
1426,3,7,67,77,1.1688311688311688,0.05358825519207446,578,"PEPPERONI, not paparazzi, with pizza, you numbskull!"
1426,3,7,67,77,1.1688311688311688,0.05358825519207446,578,It's the big cheese.
1426,1,11,65,77,1.1688311688311688,0.0467779231605511,578,"Next time dear, don't order the Paparazzi Pizza!"
1426,1,11,65,77,1.1688311688311688,0.0467779231605511,578,"Papa Razzi's Pizza seems like such a nice, small, family-run operation ..."
1426,0,13,64,77,1.1688311688311688,0.0429698800970655,578,Did you mispronounce pepperoni as paparazzi?
1426,2,9,66,77,1.1688311688311688,0.05029848501568073,578,Did you see that show where two people talk about the weather? So good.
1426,2,9,66,77,1.1688311688311688,0.05029848501568073,578,"Finally, they've uncovered the pizza behind pizzagate."
1426,2,9,66,77,1.1688311688311688,0.05029848501568073,578,Say what you want about these new celebrity community service restaurants but the food is always hot.
1426,0,13,64,77,1.1688311688311688,0.0429698800970655,578,We sure got lucky beating the dinner rush
1426,2,9,66,77,1.1688311688311688,0.05029848501568073,578,Did you order it with extra paparazzi?
1426,2,9,66,77,1.1688311688311688,0.05029848501568073,578,The pizza-razzi have found us again!
1426,2,9,66,77,1.1688311688311688,0.05029848501568073,578,"I'm glad you chose a quiet place for our first date, Greg."
1426,1,11,65,77,1.1688311688311688,0.0467779231605511,578,Pepperoni. Not paparazzi. Extra pepperoni!
1426,3,7,67,77,1.1688311688311688,0.05358825519207446,578,The pizza paparazzi are so full of pizzazz.
1426,0,13,64,77,1.1688311688311688,0.0429698800970655,578,Did we order that with pepperoni or with papparazzi?
1426,2,9,66,77,1.1688311688311688,0.05029848501568073,578,Here comes the paparazzoni you ordered
1426,0,13,64,77,1.1688311688311688,0.0429698800970655,578,"Honey, everyone gets their 15 minutes of fame."
1426,2,9,66,77,1.1688311688311688,0.05029848501568073,578,Just ignore the pizzarazzi.
1426,4,5,68,77,1.1688311688311688,0.056687428890267476,578,Did you order extra pepperoni or paparzzi ?
1426,1,11,65,77,1.1688311688311688,0.0467779231605511,578,Well when you said we were going to the papa razzi trattoria for dinner you weren't kidding !
1426,2,9,66,77,1.1688311688311688,0.05029848501568073,578,Those pizzarazzi are so annoying.
1426,1,11,65,77,1.1688311688311688,0.0467779231605511,578,I've heard their pizza's world famous.
1426,0,13,64,77,1.1688311688311688,0.0429698800970655,578,Just wait until dessert!
1426,0,13,64,77,1.1688311688311688,0.0429698800970655,578,Their three minute pizza is all the rage.
1426,2,9,66,77,1.1688311688311688,0.05029848501568073,578,I'm old fashioned. I would hate a proposal on a baseball stadium kiss cam.
1426,1,11,65,77,1.1688311688311688,0.0467779231605511,578,I ordered pizza with paparazzi.
1426,2,9,66,77,1.1688311688311688,0.05029848501568073,578,Yelp says the pizza is famous.
1426,1,11,65,77,1.1688311688311688,0.0467779231605511,578,The service is great once he gets past the pizzaraazi.
1426,3,7,67,77,1.1688311688311688,0.05358825519207446,578,The Pizzarazzi are out of control tonight.
1426,1,11,65,77,1.1688311688311688,0.0467779231605511,578,"Honey i think the waiter thought you ordered a paparazzi pizza, not a pepperoni pizza"
1426,1,11,65,77,1.1688311688311688,0.0467779231605511,578,He's a perfectionist. The flashes crisp the edges.
1426,1,11,65,77,1.1688311688311688,0.0467779231605511,578,'Who ordered the photographers?'
1426,2,9,66,77,1.1688311688311688,0.05029848501568073,578,You should have checked the review before you ordered that.
1426,0,13,64,77,1.1688311688311688,0.0429698800970655,578,The paparazzi pizza might have been a bad choice.
1426,3,7,67,77,1.1688311688311688,0.05358825519207446,578,"See Barnard, social media makes anyone an expert food critic, all you need is a camera!"
1426,0,13,64,77,1.1688311688311688,0.0429698800970655,578,He forgot our flash appetizers!
1426,2,9,66,77,1.1688311688311688,0.05029848501568073,578,When will they learn that not every Ray's is really original or famous?
1426,0,13,64,77,1.1688311688311688,0.0429698800970655,578,I can't wait to try the pizzarazzi.
1426,2,9,66,77,1.1688311688311688,0.05029848501568073,578,I knew coming to Famous Ray's was a mistake.
1426,3,7,67,77,1.1688311688311688,0.05358825519207446,578,I love how interactive this year's Hunger Games are.
1426,1,11,65,77,1.1688311688311688,0.0467779231605511,578,That's the last time I order the pizzarazzi.
1426,3,7,67,77,1.1688311688311688,0.05358825519207446,578,"I'm afraid we might have tipped them off by getting the ""Gwyneth Paltrow Special."""
1426,3,7,67,77,1.1688311688311688,0.05358825519207446,578,"Please don't order the paparazipizza again,dear."
1426,4,5,68,77,1.1688311688311688,0.056687428890267476,578,My ex made a big deal out of everything.
1426,4,5,68,77,1.1688311688311688,0.056687428890267476,578,Fast food dinner again?
1426,3,7,67,77,1.1688311688311688,0.05358825519207446,578,"Ugh, again with the pizzarazzi"
1426,1,11,65,77,1.1688311688311688,0.0467779231605511,578,That must be the large pizzarazzi!
1426,2,9,66,77,1.1688311688311688,0.05029848501568073,578,All publicity is good publicity.
1426,2,9,66,77,1.1688311688311688,0.05029848501568073,578,"To think, we had to come all the way to Mar-a-Lago for a peaceful pizza dinner."
1426,2,9,66,77,1.1688311688311688,0.05029848501568073,578,"They ordered extra pepperoni, guys. Use your ears."
1426,3,7,67,77,1.1688311688311688,0.05358825519207446,578,I ordered Pizza al Capone.
1426,2,9,66,77,1.1688311688311688,0.05029848501568073,578,I've heard the service here is spectacular.
1426,3,7,67,77,1.1688311688311688,0.05358825519207446,578,"I don't care if he's a celebrity chef, the service is lousy."
1426,3,7,67,77,1.1688311688311688,0.05358825519207446,578,"Just had to have the 'World Famous' ribs, didn't you."
1426,0,13,64,77,1.1688311688311688,0.0429698800970655,578,"Just when he thought the clicks and flashes were just a distant nightmare, news leaked about Sean Spicer's happy, tranquil turn in a quiet and craft-focused Italian kitchen."
1426,0,13,64,77,1.1688311688311688,0.0429698800970655,578,"Instead of the pepperoni, I think we're getting the paparazzi."
1426,2,9,66,77,1.1688311688311688,0.05029848501568073,578,I don't understand why people take photos of food.
1426,3,7,67,77,1.1688311688311688,0.05358825519207446,578,Our waiter Marcello knew Anita Ekberg
1426,3,7,67,77,1.1688311688311688,0.05358825519207446,578,"No, I said extra pepperoni!"
1426,1,11,65,77,1.1688311688311688,0.0467779231605511,578,He's an ex White House staffer that got his old job back.
1426,1,11,65,77,1.1688311688311688,0.0467779231605511,578,Marge says her review of their alpaca zucchini pâté went viral.
1426,2,9,66,77,1.1688311688311688,0.05029848501568073,578,"Bill, your Italian still needs some work. I think you ordered pizza and paparazzi."
1426,2,9,66,77,1.1688311688311688,0.05029848501568073,578,It's not Paparazzi is it?
1426,3,7,67,77,1.1688311688311688,0.05358825519207446,578,"The ad said ""world-famous pizza."" I hope you don't mind."
1426,2,9,66,77,1.1688311688311688,0.05029848501568073,578,Let me be the first to congratulate you.
1426,2,9,66,77,1.1688311688311688,0.05029848501568073,578,Here comes the pizzerati
1426,2,9,66,77,1.1688311688311688,0.05029848501568073,578,"I understand it really IS ""world famous"" pizza."
1426,1,11,65,77,1.1688311688311688,0.0467779231605511,578,Wait till you try their new Kim Kardashi-onions pizza.
1426,3,7,67,77,1.1688311688311688,0.05358825519207446,578,I said extra pepperoni not paparazzi!
1426,2,9,66,77,1.1688311688311688,0.05029848501568073,578,"Well, at least now we know why they call it a paparazzi pizza."
1426,1,11,65,77,1.1688311688311688,0.0467779231605511,578,"We're the first customers to come back, after they've killed all the rats."
1426,2,9,66,77,1.1688311688311688,0.05029848501568073,578,This is the last time we vacation at the Olympics.
1426,4,5,68,77,1.1688311688311688,0.056687428890267476,578,"Next time you order pizza, don't say you'll pay him double if he brings it in record time!"
1426,0,13,64,77,1.1688311688311688,0.0429698800970655,578,Looks like a new track and pie record!
1426,3,7,67,77,1.1688311688311688,0.05358825519207446,578,"What did you tip him last time ,Your Majesty?"
1426,3,7,67,77,1.1688311688311688,0.05358825519207446,578,Let me warn you my love. Papparazzi Pizza lives up to its reviews.
1426,2,9,66,77,1.1688311688311688,0.05029848501568073,578,"This is my third cooking show, as an extra, never receiving a scrap."
1426,4,5,68,77,1.1688311688311688,0.056687428890267476,578,"Oh no, someone tipped off the pizzarazzi."
1426,1,11,65,77,1.1688311688311688,0.0467779231605511,578,I must admit a trifling contrivance - you are our first customer
1426,2,9,66,77,1.1688311688311688,0.05029848501568073,578,Pizza here is just scandalous.
1426,2,9,66,77,1.1688311688311688,0.05029848501568073,578,So that's what the White House photographers are doing now.
1426,4,5,68,77,1.1688311688311688,0.056687428890267476,578,Paparazzi Pizza? I wonder how they came up with that name.
1426,2,9,66,77,1.1688311688311688,0.05029848501568073,578,"Poor guy, they say you really need a thick crust to survive in this business."
1426,1,11,65,77,1.1688311688311688,0.0467779231605511,578,Forget a quiet dinner. The pizzarazzi are here.
1426,3,7,67,77,1.1688311688311688,0.05358825519207446,578,It's the fastest pizza in the city.
1426,2,9,66,77,1.1688311688311688,0.05029848501568073,578,I heard Trump named someone from this restaurant press secretary
1426,1,11,65,77,1.1688311688311688,0.0467779231605511,578,I ordered the Celebrity Pizza
1426,2,9,66,77,1.1688311688311688,0.05029848501568073,578,Everyone feels like a celebrity Papa Razi's Pizza Parlor
1426,2,9,66,77,1.1688311688311688,0.05029848501568073,578,"Oh no! We ordered pepperoni, not paparazzi!"
1426,1,11,65,77,1.1688311688311688,0.0467779231605511,578,can't escape the pizzarazzi!!
1426,3,7,67,77,1.1688311688311688,0.05358825519207446,578,You told him you were Melania's father?
1426,0,13,64,77,1.1688311688311688,0.0429698800970655,578,No more dinners at Paparazzi's Pizzeria.
1426,2,9,66,77,1.1688311688311688,0.05029848501568073,578,It's not you...
1426,1,11,65,77,1.1688311688311688,0.0467779231605511,578,"You say pepperoni and I say paparazzi, let's call this whole date off."
1426,2,9,66,77,1.1688311688311688,0.05029848501568073,578,I'm afraid I accidentally ordered a paparazzi instead of a pepperoni.
1426,3,7,67,77,1.1688311688311688,0.05358825519207446,578,Do you always sweep a girl off her feet like this?
1426,2,9,66,77,1.1688311688311688,0.05029848501568073,578,I ordered the extra paparazzi
1426,1,11,65,77,1.1688311688311688,0.0467779231605511,578,I hate new restaurants.
1426,2,9,66,77,1.1688311688311688,0.05029848501568073,578,"Next time, let's go to a restaurant without a celebrity chef."
1426,2,9,66,77,1.1688311688311688,0.05029848501568073,578,"Here comes your ""Paparazzi Pizza."""
1426,0,13,64,77,1.1688311688311688,0.0429698800970655,578,I ordered the presto primavera.
1426,1,11,65,77,1.1688311688311688,0.0467779231605511,578,I distinctly said lots of pepperoni.
1426,2,9,66,77,1.1688311688311688,0.05029848501568073,578,He use to be Trump's Secretary of Health.
1426,2,9,66,77,1.1688311688311688,0.05029848501568073,578,I should warn you. The paparazzi pizza is all presentation.
1426,3,7,67,77,1.1688311688311688,0.05358825519207446,578,These days the news cycle doesn't even last until dessert.
1426,0,13,64,77,1.1688311688311688,0.0429698800970655,578,"Welcome to Papa Razzi's pizza, where your food is ready in a flash."
1426,2,9,66,77,1.1688311688311688,0.05029848501568073,578,Can't wait to try their new mushroom and papparazi pizza.
1426,2,9,66,77,1.1688311688311688,0.05029848501568073,578,"Pepperoni, paparazzi, I imagine they can't be that different."
1426,1,11,65,77,1.1688311688311688,0.0467779231605511,578,Wait til you see what comes when you order their famous pizza.
1426,2,9,66,77,1.1688311688311688,0.05029848501568073,578,Papparazzi is NOT a pizza!
1426,3,7,67,77,1.1688311688311688,0.05358825519207446,578,He used to be the chef at Le Cirque...sic transit gloria mundi.
1426,4,5,68,77,1.1688311688311688,0.056687428890267476,578,I ordered fake pizza.
1426,3,7,67,77,1.1688311688311688,0.05358825519207446,578,"Eat it while it's hot, darling."
1426,3,7,67,77,1.1688311688311688,0.05358825519207446,578,I don't really know what comes with the supreme pizza.
1426,3,7,67,77,1.1688311688311688,0.05358825519207446,578,It's the hottest thing since 'slow food'.
1426,1,11,65,77,1.1688311688311688,0.0467779231605511,578,I heard the waiter here is famous.
1426,4,5,68,77,1.1688311688311688,0.056687428890267476,578,THIS is why I wanted the slow food movement topping.
1426,0,13,64,77,1.1688311688311688,0.0429698800970655,578,All of these new restaurants on the Upper West side have to have a gimmick!
1577,1,8,51,60,1.1666666666666667,0.05402796234942498,578,They really meant it when they said 'famous pizza.'
1577,3,7,68,78,1.1666666666666667,0.05294103137220508,578,Its not who you're expecting.
1579,1,10,63,74,1.162162162162162,0.047237758050578095,578,Ray's (Very) Famous Pizza
1579,2,8,64,74,1.162162162162162,0.05100626464063538,578,I've hired photographers to Instagram our food.
1579,3,6,65,74,1.162162162162162,0.05451488126682573,578,"Good news, dear - I've just been confirmed to be an ambassador to Italy."
1579,1,10,63,74,1.162162162162162,0.047237758050578095,578,Papparazi is not Italian for pepperoni.
1579,3,6,65,74,1.162162162162162,0.05451488126682573,578,I find it so convenient that the paparazzi pizza comes pre-posted on Facebook.
1579,4,4,66,74,1.162162162162162,0.05781094642437263,578,The papajohnarazzi have arrived!
1579,0,12,62,74,1.162162162162162,0.043141308959040406,578,The Scaramucci Special for the lady ?!
1579,0,12,62,74,1.162162162162162,0.043141308959040406,578,Doesn't our waiter look like Alec Baldwin?
1579,2,8,64,74,1.162162162162162,0.05100626464063538,578,"No, honey. You really did order a pepperoni paparazzi."
1579,3,6,65,74,1.162162162162162,0.05451488126682573,578,One pepperoni paparazzi pizza coming up.
1579,3,6,65,74,1.162162162162162,0.05451488126682573,578,thirty seconds or your pizza is on us
1579,2,8,64,74,1.162162162162162,0.05100626464063538,578,They create the paparazzi in-house.
1579,1,10,63,74,1.162162162162162,0.047237758050578095,578,Big tipper in the back.
1579,3,6,65,74,1.162162162162162,0.05451488126682573,578,I hear a crew from Undercover Boss was spotted in town earlier this week.
1579,2,8,64,74,1.162162162162162,0.05100626464063538,578,The review said it combines fine cuisine and fast food.
1579,2,8,64,74,1.162162162162162,0.05100626464063538,578,You do have a way with menus
1579,3,6,65,74,1.162162162162162,0.05451488126682573,578,". . . And Herbert, I want a divorce."
1579,3,6,65,74,1.162162162162162,0.05451488126682573,578,"I ordered the topless pizza, you?"
1579,2,8,64,74,1.162162162162162,0.05100626464063538,578,"If I turn down your marriage proposal, would you be upset if I got a few slices to go?"
1579,1,10,63,74,1.162162162162162,0.047237758050578095,578,He was a hedge fund manager in his previous job.
1579,3,6,65,74,1.162162162162162,0.05451488126682573,578,It's the Pizzarazzi !
1579,3,6,65,74,1.162162162162162,0.05451488126682573,578,"No you said ""with paparazzi""."
1579,1,10,63,74,1.162162162162162,0.047237758050578095,578,Celebrity chef culture really is out of control.
1579,0,12,62,74,1.162162162162162,0.043141308959040406,578,This food photography thing is really getting out of hand!
1579,1,10,63,74,1.162162162162162,0.047237758050578095,578,Did you say extra pepperoni or extra paparazzi?
1579,1,10,63,74,1.162162162162162,0.047237758050578095,578,Just try to ignore the pizzarazzi.
1579,2,8,64,74,1.162162162162162,0.05100626464063538,578,"I asked for pepperoni, not paparazzi."
1579,1,10,63,74,1.162162162162162,0.047237758050578095,578,Wonder what happens if you order one of their specialties?
1579,4,4,66,74,1.162162162162162,0.05781094642437263,578,Is the waiter another celebrity we heard never of?
1579,1,10,63,74,1.162162162162162,0.047237758050578095,578,They're known for their paparazzi pizza.
1579,2,8,64,74,1.162162162162162,0.05100626464063538,578,Looks like those knuckleheads next to us ordered the paparazzi pizza...
1579,1,10,63,74,1.162162162162162,0.047237758050578095,578,"Since the pizzarazzi arrived, the service has been top-notch."
1579,2,8,64,74,1.162162162162162,0.05100626464063538,578,It's the pepperoni pizza paparazzi.
1579,2,8,64,74,1.162162162162162,0.05100626464063538,578,Here comes our paparizza.
1579,2,8,64,74,1.162162162162162,0.05100626464063538,578,Did you order it with extra pepperoni or paparazzi?
1579,2,8,64,74,1.162162162162162,0.05100626464063538,578,Remember fast food before Amazon?
1579,2,8,64,74,1.162162162162162,0.05100626464063538,578,I've heard they're famous for their pizza.
1616,2,8,65,75,1.16,0.05036801501882853,578,It's the Hunger Games again.
1616,2,8,65,75,1.16,0.05036801501882853,578,I forgot to tell you - Gordon Ramsey is our chef tonight!
1618,0,11,60,71,1.1549295774647887,0.04324785766640781,578,Pepperoni? Paparazzi? Let's call the whole thing off.
1618,1,9,61,71,1.1549295774647887,0.0476738049630549,578,Is that really Famous Ray?
1618,3,5,63,71,1.1549295774647887,0.055476307136456515,578,Pepperazzi!
1618,1,9,61,71,1.1549295774647887,0.0476738049630549,578,"All right, his pizza is very good. But calling him a 'celebrity chef' is ridiculous."
1618,1,9,61,71,1.1549295774647887,0.0476738049630549,578,No escape from the pizzarazzi.
1618,3,5,63,71,1.1549295774647887,0.055476307136456515,578,"Maybe this will cure you of ordering in Italian, dear."
1618,2,7,62,71,1.1549295774647887,0.05172239521306923,578,"Ummm...did you say pepperoni, or paparazzi?"
1618,2,7,62,71,1.1549295774647887,0.05172239521306923,578,"Harold, did I not specifically tell you that 'paparrazi' was not the same as 'Supreme?'"
1618,3,5,63,71,1.1549295774647887,0.055476307136456515,578,Looks like this is the first order for soylent green pizza.
1618,2,7,62,71,1.1549295774647887,0.05172239521306923,578,They've really improved the service here!
1618,2,7,62,71,1.1549295774647887,0.05172239521306923,578,"You won't understand, Wayne, but I've ordered the paparazzi pizza."
1618,2,7,62,71,1.1549295774647887,0.05172239521306923,578,This better be a fabulous pizza.
1618,2,7,62,71,1.1549295774647887,0.05172239521306923,578,He beat Bobby Flay. Twice.
1618,2,7,62,71,1.1549295774647887,0.05172239521306923,578,I heard the Paparazzi pizza is overrated.
1618,2,7,62,71,1.1549295774647887,0.05172239521306923,578,I hear the waiter used to work for the Kushners.
1618,2,7,62,71,1.1549295774647887,0.05172239521306923,578,I warned you... their famous pizza comes with pepperoni and the pizzarazzi.
1618,1,9,61,71,1.1549295774647887,0.0476738049630549,578,The celebrity staff gimmick is a pain but the pineapple pizza is to die for.
1618,2,7,62,71,1.1549295774647887,0.05172239521306923,578,Oh dear. Here come the pizza-razzi!
1618,3,5,63,71,1.1549295774647887,0.055476307136456515,578,... and you are going to love their paparazzi pizza!
1618,1,9,61,71,1.1549295774647887,0.0476738049630549,578,I admire that. He hasn't let his fame as an actor stop him from revisiting his roots as a waiter.
1618,0,11,60,71,1.1549295774647887,0.04324785766640781,578,"Oh look, someone ordered the paparazzi pie!"
1618,2,7,62,71,1.1549295774647887,0.05172239521306923,578,The Jones's quiet evening in a little-known pizza joint down a lonely country road is about to change drastically.
1618,0,11,60,71,1.1549295774647887,0.04324785766640781,578,I never tip celebrity waiters.
1618,2,7,62,71,1.1549295774647887,0.05172239521306923,578,I assume this is your first time at 'Pizzarazzi'.
1618,0,11,60,71,1.1549295774647887,0.04324785766640781,578,You knew this would happen when Fox began filming Celebrity Waiter
1618,1,9,61,71,1.1549295774647887,0.0476738049630549,578,I'm having second thoughts about that paparazzi pizza.
1618,4,3,64,71,1.1549295774647887,0.05899182265721229,578,I ordered some fast food.
1618,1,9,61,71,1.1549295774647887,0.0476738049630549,578,It looks like someone ordered the paparazzi pizza.
1618,1,9,61,71,1.1549295774647887,0.0476738049630549,578,The service balances out the lousy food
1618,3,5,63,71,1.1549295774647887,0.055476307136456515,578,"Oh honey, did you tell him we're vegan?"
1618,1,9,61,71,1.1549295774647887,0.0476738049630549,578,Here comes the pipparazzi!
1618,1,9,61,71,1.1549295774647887,0.0476738049630549,578,"I distinctly said 'pepperoni,' not 'paparazzi.'"
1618,2,7,62,71,1.1549295774647887,0.05172239521306923,578,So sweet of you honey to arrange this anniversary dinner just for the two of us.
1618,2,7,62,71,1.1549295774647887,0.05172239521306923,578,Huh. It seems our waiter used to be in Trump's Cabinet.
1618,1,9,61,71,1.1549295774647887,0.0476738049630549,578,Here's your secret Russian pizza.
1618,2,7,62,71,1.1549295774647887,0.05172239521306923,578,The pizzarazzi never leave me alone.
1618,2,7,62,71,1.1549295774647887,0.05172239521306923,578,"Paparazzi?, sorry honey, I thought I said pepperoni"
1618,3,5,63,71,1.1549295774647887,0.055476307136456515,578,I think I misspoke. Did I say 'pepperoni' or 'paparazzi?'
1618,2,7,62,71,1.1549295774647887,0.05172239521306923,578,I see you fancy Italian!
1618,2,7,62,71,1.1549295774647887,0.05172239521306923,578,"Oh how exciting, someone ordered the paparazzi and mushroom pizza!"
1618,2,7,62,71,1.1549295774647887,0.05172239521306923,578,I told you not to order the Kardashian pie.
1618,2,7,62,71,1.1549295774647887,0.05172239521306923,578,No successful actor can truly return to his roots.
1618,1,9,61,71,1.1549295774647887,0.0476738049630549,578,"I regret I must tell you that I've met someone, Harold."
1618,1,9,61,71,1.1549295774647887,0.0476738049630549,578,They say it's only a matter of time before the pizzarazzi discover this place.
1618,1,9,61,71,1.1549295774647887,0.0476738049630549,578,Next time let's ask for the no scandal section.
1618,1,9,61,71,1.1549295774647887,0.0476738049630549,578,"This isn't what I meant by ""better service."""
1618,3,5,63,71,1.1549295774647887,0.055476307136456515,578,I heard that this place was the home of the world's most famous pizza.
1618,2,7,62,71,1.1549295774647887,0.05172239521306923,578,Jared's portfolio keeps expanding.
1618,3,5,63,71,1.1549295774647887,0.055476307136456515,578,Again. It's pepperoni darling!
1618,1,9,61,71,1.1549295774647887,0.0476738049630549,578,"No, paparazzi is not the same as pepperoni."
1618,3,5,63,71,1.1549295774647887,0.055476307136456515,578,Did we say pepperoni or papparazzi?
1618,1,9,61,71,1.1549295774647887,0.0476738049630549,578,You ordered the Celebrity Special AGAIN?
1618,1,9,61,71,1.1549295774647887,0.0476738049630549,578,I ordered the pizza with social media.
1618,3,5,63,71,1.1549295774647887,0.055476307136456515,578,"Our waiter is Rob Kardashian, supposedly ..."
1618,2,7,62,71,1.1549295774647887,0.05172239521306923,578,"""Quiet evening for two"", you said. ""Celebrity chef,"" you said. ""Paparazzi pizza"", you said."
1618,2,7,62,71,1.1549295774647887,0.05172239521306923,578,"Don't look now, Sidney, but here comes the Paparazzi Pizza you ordered."
1618,3,5,63,71,1.1549295774647887,0.055476307136456515,578,I ordered the paparazzi pizza to record the occasion of you remembering our anniversary.
1618,1,9,61,71,1.1549295774647887,0.0476738049630549,578,"The food's only average here, but I think it's worth a few extra dollars to have Usain Bolt deliver our pizza."
1618,1,9,61,71,1.1549295774647887,0.0476738049630549,578,"Did you order ""with pepperoni"" or ""with paparazzi?"""
1618,3,5,63,71,1.1549295774647887,0.055476307136456515,578,The Pizzarazzi are all over poor Mario again.
1618,1,9,61,71,1.1549295774647887,0.0476738049630549,578,I swear our waiter looks like Brad Pitt.
1618,0,11,60,71,1.1549295774647887,0.04324785766640781,578,Paparazzi sure add pizzazz to the Running of the Pizzas.
1618,3,5,63,71,1.1549295774647887,0.055476307136456515,578,Its Chernobyl style
1618,3,5,63,71,1.1549295774647887,0.055476307136456515,578,"""We should not have ordered the ""Paparazzi Pizza""!"
1618,2,7,62,71,1.1549295774647887,0.05172239521306923,578,"I wish you were more like this place, hot and Italian!"
1618,1,9,61,71,1.1549295774647887,0.0476738049630549,578,Here comes our Celebrity Pizza now!
1618,1,9,61,71,1.1549295774647887,0.0476738049630549,578,The pizza here is always very hot.
1618,3,5,63,71,1.1549295774647887,0.055476307136456515,578,I ordered the paparazzi and meatball.
1618,1,9,61,71,1.1549295774647887,0.0476738049630549,578,You had to order the paparazzi pizza.
1618,2,7,62,71,1.1549295774647887,0.05172239521306923,578,One minute to go.
1618,1,9,61,71,1.1549295774647887,0.0476738049630549,578,I distinctly ordered pizza with pepperoni!
1618,2,7,62,71,1.1549295774647887,0.05172239521306923,578,I told you not to order the Kardashian topping.
1618,0,11,60,71,1.1549295774647887,0.04324785766640781,578,I've heard their paparazzi pizza is the talk of the town.
1618,1,9,61,71,1.1549295774647887,0.0476738049630549,578,I see trump fired his chef.
1618,3,5,63,71,1.1549295774647887,0.055476307136456515,578,Would you recognize Sean Spicer?
1618,3,5,63,71,1.1549295774647887,0.055476307136456515,578,If you wanted a quite dinner you shouldn't have ordered the paparazzi pie.
1618,1,9,61,71,1.1549295774647887,0.0476738049630549,578,I can't go anywhere without the pizzarazzi following me.
1618,3,5,63,71,1.1549295774647887,0.055476307136456515,578,I can't wait to try the paparazzi pizza.
1618,0,11,60,71,1.1549295774647887,0.04324785766640781,578,Sometimes a pizza is just a pizza
1618,1,9,61,71,1.1549295774647887,0.0476738049630549,578,You do know the celebrity pizza comes with paparazzi?
1618,2,7,62,71,1.1549295774647887,0.05172239521306923,578,One of these days these damned pizzarazzi are really going to hurt someone.
1699,2,7,63,72,1.1527777777777777,0.051044344702082634,578,"Oh, them? They follow me everywhere, I'm Julia Roberts' third cousin."
1699,2,7,63,72,1.1527777777777777,0.051044344702082634,578,"I'm sure you said ""pappardelle""!"
1699,1,9,62,72,1.1527777777777777,0.04705623039870244,578,The service here is the star.
1702,0,9,50,59,1.152542372881356,0.04721067919755555,578,I'm saving one slice to serve as provenance.
1703,1,8,59,68,1.1470588235294117,0.04807399313332187,578,"Paparazzi Pizza, it's a thing."
1703,3,4,61,68,1.1470588235294117,0.05647186858367098,578,"Ever since he was nominated for the James Beard Award, he has been hounded by the pizzarazzi."
1703,3,4,61,68,1.1470588235294117,0.05647186858367098,578,He got the recipe from Goop.
1703,2,6,60,68,1.1470588235294117,0.052441304127157654,578,Maybe this one really is the original.
1703,2,6,60,68,1.1470588235294117,0.052441304127157654,578,"Remind me not to order the ""La Dolce Vita"" pizza again."
1703,0,10,58,68,1.1470588235294117,0.04326808584867506,578,I'm really curious what a Paparazi Pizza is?
1703,2,6,60,68,1.1470588235294117,0.052441304127157654,578,"Press Secretary Scaramucci just ordered take-out pizza, apparently."
1703,0,10,58,68,1.1470588235294117,0.04326808584867506,578,The ambience is nice but they say the food is the star here.
1703,2,6,60,68,1.1470588235294117,0.052441304127157654,578,The pizza paparazzi has 8 ½ slices.
1703,1,8,59,68,1.1470588235294117,0.04807399313332187,578,There's no such thing as too-fast-service. Is there?
1703,2,6,60,68,1.1470588235294117,0.052441304127157654,578,It's really a shame more people don't know about it.
1703,2,6,60,68,1.1470588235294117,0.052441304127157654,578,Faster than a speeding bullet.
1703,3,4,61,68,1.1470588235294117,0.05647186858367098,578,"You're right, their Salmon is famous."
1703,3,4,61,68,1.1470588235294117,0.05647186858367098,578,Paparazzi pizza is not my idea of a night out.
1703,3,4,61,68,1.1470588235294117,0.05647186858367098,578,"Next time, let's just order the pepperoni instead of the paparazzi."
1703,2,6,60,68,1.1470588235294117,0.052441304127157654,578,Trump says this is the fastest restaurant in DC.
1703,2,6,60,68,1.1470588235294117,0.052441304127157654,578,The wait staff here is famously good
1703,0,10,58,68,1.1470588235294117,0.04326808584867506,578,I think he's a Kardashian.
1703,2,6,60,68,1.1470588235294117,0.052441304127157654,578,Oh good. They remembered the Papparazzi Pizza with extra sleaze.
1703,1,8,59,68,1.1470588235294117,0.04807399313332187,578,They said it would be an exciting dining experience.
1703,0,10,58,68,1.1470588235294117,0.04326808584867506,578,Let's just say its a popular dish
1703,2,6,60,68,1.1470588235294117,0.052441304127157654,578,Looks like our waiter got a call back.
1703,1,8,59,68,1.1470588235294117,0.04807399313332187,578,They say this place is famous for its quick service.
1703,1,8,59,68,1.1470588235294117,0.04807399313332187,578,You HAD to order paparazzi pizza.
1703,3,4,61,68,1.1470588235294117,0.05647186858367098,578,I wonder why this place is called Paparazzi Pizza.
1703,2,6,60,68,1.1470588235294117,0.052441304127157654,578,Who knew ordering a non-glutenfree pizza would get so much attention?
1703,3,4,61,68,1.1470588235294117,0.05647186858367098,578,Did you order pizza with pepperoni or paparazzi?
1703,1,8,59,68,1.1470588235294117,0.04807399313332187,578,"When they say ""world famous,"" they MEAN ""world famous."""
1703,1,8,59,68,1.1470588235294117,0.04807399313332187,578,These tasting dinners sure keep the staff on their toes
1703,2,6,60,68,1.1470588235294117,0.052441304127157654,578,I ordered the Pizzarazzi
1703,0,10,58,68,1.1470588235294117,0.04326808584867506,578,They have thirty seconds after the order or the pizza's free.
1703,1,8,59,68,1.1470588235294117,0.04807399313332187,578,so thats why they call it paparazzi pizza
1703,3,4,61,68,1.1470588235294117,0.05647186858367098,578,"I'm telling you, this is the real famous Ray's"
1703,2,6,60,68,1.1470588235294117,0.052441304127157654,578,Did you tell the waiter that you are a celebrity?
1703,4,2,62,68,1.1470588235294117,0.06023332552753309,578,"I'd like to call over our server, but how do you pronounce 'Reince'?"
1703,0,10,58,68,1.1470588235294117,0.04326808584867506,578,"We could order it to go, but I doubt we'll get through the line of people waiting to get a signed copy of their pizza boxes."
1703,1,8,59,68,1.1470588235294117,0.04807399313332187,578,Did I say paparazzi ? I meant pepperoni..... the pizza with extra pepperoni...
1703,1,8,59,68,1.1470588235294117,0.04807399313332187,578,"I asked for the ""make me a celebrity"" option."
1703,1,8,59,68,1.1470588235294117,0.04807399313332187,578,I wondered what they meant by 'paparotzi pizza'.
1703,1,8,59,68,1.1470588235294117,0.04807399313332187,578,"Honey, i think we ordered pepperoni, not paparazzi, right?"
1703,2,6,60,68,1.1470588235294117,0.052441304127157654,578,I've taken the liberty of ordering ahead Mr. President.
1703,1,8,59,68,1.1470588235294117,0.04807399313332187,578,"Next time let's order pepperoni, not paparazzi."
1703,2,6,60,68,1.1470588235294117,0.052441304127157654,578,I guess he heard paparazzi instead of pepperazzi.
1703,0,10,58,68,1.1470588235294117,0.04326808584867506,578,One lousyTriple-X rated movie. I thought they'd be over it by now.
1703,1,8,59,68,1.1470588235294117,0.04807399313332187,578,Our paparazzi pizza is here!
1703,0,10,58,68,1.1470588235294117,0.04326808584867506,578,You had me at meet Jeff Session's replacement
1703,2,6,60,68,1.1470588235294117,0.052441304127157654,578,You ever wonder if they call their pizza 'world famous' just to drive up sales?
1703,1,8,59,68,1.1470588235294117,0.04807399313332187,578,I ordered the papparizza.
1703,1,8,59,68,1.1470588235294117,0.04807399313332187,578,I can't believe there would be a celebrity chef at a pizza parlor.
1703,1,8,59,68,1.1470588235294117,0.04807399313332187,578,It's that damed Pizza-razzi again.
1703,1,8,59,68,1.1470588235294117,0.04807399313332187,578,"""You just had to sit at the finish line of the Pizza Delivery 500""."
1703,2,6,60,68,1.1470588235294117,0.052441304127157654,578,Of course I didn’t /ask/ him to send a tweet. I just mentioned the service was a bit slow.
1703,0,10,58,68,1.1470588235294117,0.04326808584867506,578,Try to ignore the pizza-razzi
1703,1,8,59,68,1.1470588235294117,0.04807399313332187,578,Apparently our waiter heard you say that we wanted a Fresh 'Papparazzi' Pizza ...
1703,2,6,60,68,1.1470588235294117,0.052441304127157654,578,The pizzarazzi knows no limits
1703,1,8,59,68,1.1470588235294117,0.04807399313332187,578,I requested the chef’s special.
1703,1,8,59,68,1.1470588235294117,0.04807399313332187,578,It's the pizza paparazzi.
1703,0,10,58,68,1.1470588235294117,0.04326808584867506,578,"""Did we order the deep dish or the paparazzi style pizza?"
1703,3,4,61,68,1.1470588235294117,0.05647186858367098,578,Catch him! Don't let the mohel escape!
1703,2,6,60,68,1.1470588235294117,0.052441304127157654,578,... and that's the difference between 'pepperoni' and 'paparazzi.'
1703,1,8,59,68,1.1470588235294117,0.04807399313332187,578,So what are your thoughts about being on the cover of every major newspaper in the world?
1703,1,8,59,68,1.1470588235294117,0.04807399313332187,578,"As it turns out, people DO care what I eat for dinner."
1703,2,6,60,68,1.1470588235294117,0.052441304127157654,578,I told you not to order it with pineapple in NY!
1703,1,8,59,68,1.1470588235294117,0.04807399313332187,578,"You ordered the paparizza again, didn't you."
1703,1,8,59,68,1.1470588235294117,0.04807399313332187,578,"So much for a nice, quiet evening"
1703,2,6,60,68,1.1470588235294117,0.052441304127157654,578,Pepperoni you asshat
1703,1,8,59,68,1.1470588235294117,0.04807399313332187,578,Lets toast to the beginning of a peaceful marriage!
1703,0,10,58,68,1.1470588235294117,0.04326808584867506,578,So you heard about this place on Instagram?
1703,1,8,59,68,1.1470588235294117,0.04807399313332187,578,I just hope he's famous for getting your order right.
1703,2,6,60,68,1.1470588235294117,0.052441304127157654,578,I'm fairly certain that you've got the exchange rate wrong for this country
1703,1,8,59,68,1.1470588235294117,0.04807399313332187,578,Papa razzi makes the best best pizza
1703,2,6,60,68,1.1470588235294117,0.052441304127157654,578,"'Waited tables, broke into movies, hit the skids, back waiting tables.'"
1703,1,8,59,68,1.1470588235294117,0.04807399313332187,578,I'm not a fan of pizza.
1703,2,6,60,68,1.1470588235294117,0.052441304127157654,578,Ever since they found that pic of Amelia Earhart all missing celebrities are in play. This guy's supposed to be D.B. Cooper.
1703,2,6,60,68,1.1470588235294117,0.052441304127157654,578,"You kept insisting, ""paparazzi,"" It's ""pepperoni."""
1703,2,6,60,68,1.1470588235294117,0.052441304127157654,578,They say it's the most popular pizza ever!
1703,2,6,60,68,1.1470588235294117,0.052441304127157654,578,Intimate atmosphere and exotic cuisine--just perfect.
1703,4,2,62,68,1.1470588235294117,0.06023332552753309,578,Don't turn around but the pizzarazzi are here again.
1703,2,6,60,68,1.1470588235294117,0.052441304127157654,578,"I swear, if you even whisper a half baked pun I will walk out."
1703,2,6,60,68,1.1470588235294117,0.052441304127157654,578,"I ordered ""Ray's Famous"""
1703,1,8,59,68,1.1470588235294117,0.04807399313332187,578,"How many times do I have to tell you. It's pepperoni, not paparazzi."
1703,1,8,59,68,1.1470588235294117,0.04807399313332187,578,I took the liberty of calling the pizzarazzi.
1703,1,8,59,68,1.1470588235294117,0.04807399313332187,578,Here comes my hot mess.
1703,2,6,60,68,1.1470588235294117,0.052441304127157654,578,I ordered us a pizza with paparazzi.
1703,1,8,59,68,1.1470588235294117,0.04807399313332187,578,he must have thought you said papperazzi instead of pepperoni.
1703,1,8,59,68,1.1470588235294117,0.04807399313332187,578,"Well, it appears as though the pizza-razzi have found what they want."
1703,2,6,60,68,1.1470588235294117,0.052441304127157654,578,I heard that he's a celebrity chef.
1703,3,4,61,68,1.1470588235294117,0.05647186858367098,578,Holy poparapizza !
1703,3,4,61,68,1.1470588235294117,0.05647186858367098,578,You wanna pizza me?
1703,1,8,59,68,1.1470588235294117,0.04807399313332187,578,Their paparazzipizza is to die for.
1703,1,8,59,68,1.1470588235294117,0.04807399313332187,578,I guess your De Caprio pizza is ready.
1703,2,6,60,68,1.1470588235294117,0.052441304127157654,578,"They’ll have to wait! The new policy is, the first person to deliver POTUS’ pizza gets to keep their healthcare."
1703,1,8,59,68,1.1470588235294117,0.04807399313332187,578,I hear their pizza is the talk of the town.
1703,3,4,61,68,1.1470588235294117,0.05647186858367098,578,I thought you said pepperoni.
1703,1,8,59,68,1.1470588235294117,0.04807399313332187,578,"My dear, this pizza from the Russian embassy will be perfect complement to our business arrangements."
1703,2,6,60,68,1.1470588235294117,0.052441304127157654,578,Stop the presses! It's delivery AND DiGiorno!
1703,3,4,61,68,1.1470588235294117,0.05647186858367098,578,Did you order the 1 minute pizza or we pay nothing
1703,2,6,60,68,1.1470588235294117,0.052441304127157654,578,You won't believe what follows the main course
1703,1,8,59,68,1.1470588235294117,0.04807399313332187,578,I ordered the cheese and paparazzi.
1703,1,8,59,68,1.1470588235294117,0.04807399313332187,578,This place is famous for their pizza.
1703,2,6,60,68,1.1470588235294117,0.052441304127157654,578,Uh oh. Are you sure you ordered extra pepperoni?
1703,1,8,59,68,1.1470588235294117,0.04807399313332187,578,"No no no, I said extra pepperoni, not paparazzi!"
1703,3,4,61,68,1.1470588235294117,0.05647186858367098,578,Want to feel like a celebrity? Come on down to Paparazzi Pizza! Where your business... is everyone's business.
1703,0,10,58,68,1.1470588235294117,0.04326808584867506,578,Prince Harry? Really?
1703,2,6,60,68,1.1470588235294117,0.052441304127157654,578,I love how they serve pizza hot off the presses
1703,1,8,59,68,1.1470588235294117,0.04807399313332187,578,He's on the short list for Secretary of Agriculture.
1703,2,6,60,68,1.1470588235294117,0.052441304127157654,578,Try the pizza here. It's famous.
1703,1,8,59,68,1.1470588235294117,0.04807399313332187,578,"I SAID, ""OH SHIT, HERE THEY COME AGAIN."""
1703,1,8,59,68,1.1470588235294117,0.04807399313332187,578,This is the best paparazzi pizza in New York.
1703,0,10,58,68,1.1470588235294117,0.04326808584867506,578,Their known for their famous pizza.
1703,2,6,60,68,1.1470588235294117,0.052441304127157654,578,"Now I see what you mean about ""Famous"" Ray's Pizza!"
1703,1,8,59,68,1.1470588235294117,0.04807399313332187,578,Are you sure Governor Christie said the press will never find us here?
1703,2,6,60,68,1.1470588235294117,0.052441304127157654,578,I liked this place better before it got popular.
1703,2,6,60,68,1.1470588235294117,0.052441304127157654,578,Did you order food from Publishers Clearing House?
1703,2,6,60,68,1.1470588235294117,0.052441304127157654,578,I guess they're the 'pizza-razzi'.
1703,0,10,58,68,1.1470588235294117,0.04326808584867506,578,I told you not to order the paparazzi pizza.
1703,2,6,60,68,1.1470588235294117,0.052441304127157654,578,What'd you expect? Ray's famous.
1703,3,4,61,68,1.1470588235294117,0.05647186858367098,578,"And no, the Fellini character was Paparazzo, not Pizza Rizzo."
1703,1,8,59,68,1.1470588235294117,0.04807399313332187,578,I think I ordered paparazzi instead of pappardelle.
1703,1,8,59,68,1.1470588235294117,0.04807399313332187,578,"They didn't mention ""Waiter Workouts"" when I made the reservation"
1703,1,8,59,68,1.1470588235294117,0.04807399313332187,578,"I guess this is your concept of ""fast food"" ?"
1703,2,6,60,68,1.1470588235294117,0.052441304127157654,578,It's the hottest pizza in town.
1703,1,8,59,68,1.1470588235294117,0.04807399313332187,578,Not quite what I expected from a celebrity chef.
1703,2,6,60,68,1.1470588235294117,0.052441304127157654,578,These Foodies are really getting out of hand....
1703,2,6,60,68,1.1470588235294117,0.052441304127157654,578,You did order pizzarazzi.
1703,1,8,59,68,1.1470588235294117,0.04807399313332187,578,The paparazzi pizza here is sensational.
1703,1,8,59,68,1.1470588235294117,0.04807399313332187,578,"You'll love this pizza, it's famous around here."
1703,3,4,61,68,1.1470588235294117,0.05647186858367098,578,*Sigh* We can't go anywhere without being followed by the pizzarazzi.
1703,1,8,59,68,1.1470588235294117,0.04807399313332187,578,News Flash: Pizza is NOT my idea of an anniversary dinner.
1703,1,8,59,68,1.1470588235294117,0.04807399313332187,578,I've heard of celebrity chefs...but never celebrity waiters.
1703,3,4,61,68,1.1470588235294117,0.05647186858367098,578,The pizza has olives from a real Kardashian.
1703,2,6,60,68,1.1470588235294117,0.052441304127157654,578,I hear it's the most Instagrammable pizza in the city.
1703,2,6,60,68,1.1470588235294117,0.052441304127157654,578,I told you not to order their famous pizza.
1703,0,10,58,68,1.1470588235294117,0.04326808584867506,578,"This ""30 minute guarantee"" is getting out of hand."
1703,0,10,58,68,1.1470588235294117,0.04326808584867506,578,I didn't know you ordered a paparazzi pizza?
1703,2,6,60,68,1.1470588235294117,0.052441304127157654,578,"Dahling, what I eat IS a big deal."
1703,0,10,58,68,1.1470588235294117,0.04326808584867506,578,You'll never guess where this pizza has been!
1703,1,8,59,68,1.1470588235294117,0.04807399313332187,578,"Apparently, the pizza here is famous."
1703,2,6,60,68,1.1470588235294117,0.052441304127157654,578,"This pizza must be so famous, it got it self an Olympic runner to get away from paparazzi!"
1703,1,8,59,68,1.1470588235294117,0.04807399313332187,578,This place was good until the pizzarazzi caught on.
1703,1,8,59,68,1.1470588235294117,0.04807399313332187,578,"I hear the pizza here is famous for it's sizzle and pizazz, Zeppo."
1703,3,4,61,68,1.1470588235294117,0.05647186858367098,578,This place uses pizza toppings from the garbage of celebrities
1703,2,6,60,68,1.1470588235294117,0.052441304127157654,578,"Howard, please tell me you didn't order extra paparazzi again."
1703,1,8,59,68,1.1470588235294117,0.04807399313332187,578,I'm dreading the thought of another meal interrupted by the pizzarazzi.
1703,1,8,59,68,1.1470588235294117,0.04807399313332187,578,Did you order the papapizzarazzi with full coverage again?
1703,1,8,59,68,1.1470588235294117,0.04807399313332187,578,I like this service! Let's keep letting them think we are hoity toity food critics.
1703,2,6,60,68,1.1470588235294117,0.052441304127157654,578,Breaking News. Man beats Amazon Prime.
1703,0,10,58,68,1.1470588235294117,0.04326808584867506,578,"I thought ""30 minutes or it's free"" was only for home delivery."
1703,3,4,61,68,1.1470588235294117,0.05647186858367098,578,Last week it was the chicken parmesan.
1703,2,6,60,68,1.1470588235294117,0.052441304127157654,578,"Pizza in a ""flash"""
1703,2,6,60,68,1.1470588235294117,0.052441304127157654,578,Cheese with extra paparazzi on the side.
1703,2,6,60,68,1.1470588235294117,0.052441304127157654,578,"I ordered us a pizza with ""the works."""
1703,0,10,58,68,1.1470588235294117,0.04326808584867506,578,One papparazzi with cheese!
1703,3,4,61,68,1.1470588235294117,0.05647186858367098,578,"Your Italian conjugation needs work. I believe the waiter thought you said pizza for Cher, not to share."
1703,2,6,60,68,1.1470588235294117,0.052441304127157654,578,Did we order the pizza with pepperoni or paparazzi?!
1703,1,8,59,68,1.1470588235294117,0.04807399313332187,578,"And that's why it's called ""Even More Famous Ray's."""
1703,1,8,59,68,1.1470588235294117,0.04807399313332187,578,"Guess what? You DID order ""paparazzi and cheese."""
1703,3,4,61,68,1.1470588235294117,0.05647186858367098,578,"'HE'S ALWAYS BOTHERED BY THE PIZZARAZZI'S."""
1703,2,6,60,68,1.1470588235294117,0.052441304127157654,578,"You can run, but you can't hide from pizzarazzis."
1703,1,8,59,68,1.1470588235294117,0.04807399313332187,578,We're having FAKE PIZZA tonight. Sad!
1703,1,8,59,68,1.1470588235294117,0.04807399313332187,578,The horror of food Instagrams going commercial: Pizzarappi
1703,0,10,58,68,1.1470588235294117,0.04326808584867506,578,This is one of those celebrity chef restaurants.
1703,2,6,60,68,1.1470588235294117,0.052441304127157654,578,Don't look behind you but I think he messed up the pepperoni topping
1703,2,6,60,68,1.1470588235294117,0.052441304127157654,578,They're famous for their gluten-free and kale pizza.
1703,3,4,61,68,1.1470588235294117,0.05647186858367098,578,I heard Luigi's is making a big deal over their new gluten free pizza.
1703,1,8,59,68,1.1470588235294117,0.04807399313332187,578,"They're famous for their pizza, but I think I'll have the linguini."
1703,1,8,59,68,1.1470588235294117,0.04807399313332187,578,We're really an immediate gratification society now.
1703,2,6,60,68,1.1470588235294117,0.052441304127157654,578,It's the first gluten eating costumer in years!
1703,2,6,60,68,1.1470588235294117,0.052441304127157654,578,The food here is so overrated.
1703,1,8,59,68,1.1470588235294117,0.04807399313332187,578,Mine was underexposed.
1703,2,6,60,68,1.1470588235294117,0.052441304127157654,578,I wouldn't have ordered the pappardelle a la paparazzi.
1703,1,8,59,68,1.1470588235294117,0.04807399313332187,578,What do you say we don't order in Italian next time?
1703,3,4,61,68,1.1470588235294117,0.05647186858367098,578,They've redefined the whole idea of a finish line for this year's marathon.
1703,1,8,59,68,1.1470588235294117,0.04807399313332187,578,Did you make our reservation under Lindsay Lohan again?
1703,1,8,59,68,1.1470588235294117,0.04807399313332187,578,The critics are right--the the new chef is just a flash in the pan.
1703,1,8,59,68,1.1470588235294117,0.04807399313332187,578,They really do go the extra mile here.
1703,3,4,61,68,1.1470588235294117,0.05647186858367098,578,Trump must be eating here tonight
1703,0,10,58,68,1.1470588235294117,0.04326808584867506,578,I specifically ordered extra 'pepperoni'.
1703,1,8,59,68,1.1470588235294117,0.04807399313332187,578,"Gosh, my vegan diet isn't a secret anymore!"
1703,1,8,59,68,1.1470588235294117,0.04807399313332187,578,No way this waiter served pizza to Donald Jr and the Russians.
1703,1,8,59,68,1.1470588235294117,0.04807399313332187,578,Did you order yours with paparazzi?
1703,1,8,59,68,1.1470588235294117,0.04807399313332187,578,You won't believe how well know this place is for its cooking
1703,1,8,59,68,1.1470588235294117,0.04807399313332187,578,I hope you like paparazzi with your pizza.
1703,1,8,59,68,1.1470588235294117,0.04807399313332187,578,How many times do I have to tell you pepperoni not paparazzi?
1703,1,8,59,68,1.1470588235294117,0.04807399313332187,578,You had to Tweet didn't you!
1703,1,8,59,68,1.1470588235294117,0.04807399313332187,578,They're famous for their pizza here.
1703,3,4,61,68,1.1470588235294117,0.05647186858367098,578,So much for a romantic dinner on a Cruise.
1703,2,6,60,68,1.1470588235294117,0.052441304127157654,578,I assume he's broken the world record for slowest service...
1703,1,8,59,68,1.1470588235294117,0.04807399313332187,578,Looks like the Kardashian order is ready.
1703,1,8,59,68,1.1470588235294117,0.04807399313332187,578,Hope you like paparazzi.
1893,2,4,49,55,1.1454545454545455,0.06040370257667094,578,Did you order from the endangered species menu?
1894,2,6,61,69,1.144927536231884,0.05171962876419153,578,"I understand that our waiter, Vlad, once served borscht to Melania!"
1894,3,4,62,69,1.144927536231884,0.055688216518499936,578,the pizzas here are really famous
1894,1,8,60,69,1.144927536231884,0.04742006474057418,578,I told you he heard paparazzi and not pepperoni!
1894,1,8,60,69,1.144927536231884,0.04742006474057418,578,One with extra drama.
1894,1,8,60,69,1.144927536231884,0.04742006474057418,578,"I took the liberty of ordering 'The Works"""
1894,3,4,62,69,1.144927536231884,0.055688216518499936,578,I apologize for thinking you could never order a newsworthy pizza.
1894,1,8,60,69,1.144927536231884,0.04742006474057418,578,Who ordered pizza with Paparazzi?
1894,2,6,61,69,1.144927536231884,0.05171962876419153,578,"You insisted it was pronounced ""Paparazzi""."
1894,0,10,59,69,1.144927536231884,0.04268963668731212,578,"How did Paparrazini's get its name, you ask?"
1894,1,8,60,69,1.144927536231884,0.04742006474057418,578,I told you I wanted a pizza with pepperoni not paparazzi!
1894,2,6,61,69,1.144927536231884,0.05171962876419153,578,"Excuse me waiter, we did not order extra paparazzi"
1905,3,3,59,65,1.1384615384615384,0.05749967841433098,578,"By ordering an entree with leeks, you drew a little extra attention to our waiter, a recent White House press staffer."
1905,0,9,56,65,1.1384615384615384,0.043172969847391635,578,Talk about hot press.
1905,2,5,58,65,1.1384615384615384,0.053154903696481744,578,"don't look now, but here comes ""Spicey""."
1905,1,7,57,65,1.1384615384615384,0.04842183966159297,578,I hear their pizza has achieved celebrity status.
1905,1,7,57,65,1.1384615384615384,0.04842183966159297,578,We should try their famous pizza.
1905,1,7,57,65,1.1384615384615384,0.04842183966159297,578,I heard the food here is really the star.
1905,1,7,57,65,1.1384615384615384,0.04842183966159297,578,Those pizzarazzi are such a pain in the neck...
1905,1,7,57,65,1.1384615384615384,0.04842183966159297,578,Their paparazzipizza is to die for.
1905,1,7,57,65,1.1384615384615384,0.04842183966159297,578,Trust the press to sniff out a good story.
1905,1,7,57,65,1.1384615384615384,0.04842183966159297,578,Here comes the pipparazzi!
1905,2,5,58,65,1.1384615384615384,0.053154903696481744,578,I just asked to hold the anchovies.
1905,2,5,58,65,1.1384615384615384,0.053154903696481744,578,I swear--this is the real Famous Ray's.
1905,2,5,58,65,1.1384615384615384,0.053154903696481744,578,Ufff...now Del Posto has this 'gluten free' pizza?
1905,1,7,57,65,1.1384615384615384,0.04842183966159297,578,Baked news!
1905,1,7,57,65,1.1384615384615384,0.04842183966159297,578,"I asked for extra ""PEPP-ER-ONI,"" Jack."
1905,2,5,58,65,1.1384615384615384,0.053154903696481744,578,I don't see anything unpresidential about making the white house communications director a literal plate of hot potatoes.
1905,2,5,58,65,1.1384615384615384,0.053154903696481744,578,"""Oh no, it's the pizzarazzi.'"
1905,0,9,56,65,1.1384615384615384,0.043172969847391635,578,Did you order the Pepperoni or Paparazzi special?
1905,2,5,58,65,1.1384615384615384,0.053154903696481744,578,Don't you love the endangered species menu?
1905,2,5,58,65,1.1384615384615384,0.053154903696481744,578,"""TRUMP"". Pizza debuts to large crowds in NY. Waiter claims to have first hand knowledge of the President's pizza skills. ""Most people to try a new pizza ever"" according to sources on the atvthe White House"
1905,0,9,56,65,1.1384615384615384,0.043172969847391635,578,"Here is your pizza, hot off the presses!"
1905,1,7,57,65,1.1384615384615384,0.04842183966159297,578,I most certainly did mean to order the pizza paparazzi.
1905,1,7,57,65,1.1384615384615384,0.04842183966159297,578,It's only the Pizza Pie Paparazzi.
1905,1,7,57,65,1.1384615384615384,0.04842183966159297,578,Why do they call it Paparazzi Pizza?
1905,1,7,57,65,1.1384615384615384,0.04842183966159297,578,The pizza marathon is being run today.
1905,1,7,57,65,1.1384615384615384,0.04842183966159297,578,Don't ever bring me to Pizza-razzi again.
1905,1,7,57,65,1.1384615384615384,0.04842183966159297,578,This is the next big thing... they call it fast food.
1905,1,7,57,65,1.1384615384615384,0.04842183966159297,578,"They say the food here's ""world famous."""
1905,0,9,56,65,1.1384615384615384,0.043172969847391635,578,And this is just the appetizer?
1905,3,3,59,65,1.1384615384615384,0.05749967841433098,578,"Don't mind the cameras; we're still gonna fuck, right?"
1905,1,7,57,65,1.1384615384615384,0.04842183966159297,578,"I hear the service isn't anything special, but the waiters are a better class of actor."
1905,1,7,57,65,1.1384615384615384,0.04842183966159297,578,"Your extra-paparazzi-no-anchovies order is getting really old, Tom."
1905,2,5,58,65,1.1384615384615384,0.053154903696481744,578,"'you say pizzeria, I say paparazzi, what's the difference?'"
1905,2,5,58,65,1.1384615384615384,0.053154903696481744,578,Alex Jones is at it again.
1905,2,5,58,65,1.1384615384615384,0.053154903696481744,578,"It's Sicilian with feta, spinach and a hint of paparazzi."
1905,2,5,58,65,1.1384615384615384,0.053154903696481744,578,The Pizza-razzi
1905,1,7,57,65,1.1384615384615384,0.04842183966159297,578,He's most famous for his paparazzi pizza
1905,2,5,58,65,1.1384615384615384,0.053154903696481744,578,Maybe we shouldn't have ordered a pizza Kardashian Style.
1905,1,7,57,65,1.1384615384615384,0.04842183966159297,578,They're famous for their prompt service.
1905,1,7,57,65,1.1384615384615384,0.04842183966159297,578,Here comes Ms. Kardashian's pizza now.
1905,0,9,56,65,1.1384615384615384,0.043172969847391635,578,"Just how long did you say you've been CEO of Trump Towers, Inc.?"
1905,1,7,57,65,1.1384615384615384,0.04842183966159297,578,"The celebrity chef here is wonderful, but the pizzarazzi can be annoying."
1905,1,7,57,65,1.1384615384615384,0.04842183966159297,578,They make such a fuss over the 'Princess Diana' pizza special.
1905,2,5,58,65,1.1384615384615384,0.053154903696481744,578,"Well, the pizza is famous."
1905,2,5,58,65,1.1384615384615384,0.053154903696481744,578,The pizza here is very popular.
1905,1,7,57,65,1.1384615384615384,0.04842183966159297,578,"No, I don’t think our waiter looks a bit like Daniel Day-Lewis"
1905,1,7,57,65,1.1384615384615384,0.04842183966159297,578,"It's called ""Celebrity Pizza Delivery"" and you've been pizza'd."
1905,2,5,58,65,1.1384615384615384,0.053154903696481744,578,Maybe we shouldn't have ordered the Paparazzi Pizza.
1905,1,7,57,65,1.1384615384615384,0.04842183966159297,578,This isn't what i expected from a celebrity restaurant
1905,2,5,58,65,1.1384615384615384,0.053154903696481744,578,It's very hot right now.
1905,0,9,56,65,1.1384615384615384,0.043172969847391635,578,News flash: here comes our pizza!
1905,0,9,56,65,1.1384615384615384,0.043172969847391635,578,"Celebrity chef is one thing, celebrity waiter is quite another."
1905,0,9,56,65,1.1384615384615384,0.043172969847391635,578,Yelp reviews said their service is unusually fast.
1905,0,9,56,65,1.1384615384615384,0.043172969847391635,578,I'm not sure this celebrity waiter fad is going to catch on.
1905,3,3,59,65,1.1384615384615384,0.05749967841433098,578,"Paparazzi and pizza is not my idea of a quiet, intimate dinner, my dear."
1905,3,3,59,65,1.1384615384615384,0.05749967841433098,578,The food here really is the star.
1905,0,9,56,65,1.1384615384615384,0.043172969847391635,578,I've barely started on my salad and here comes the pizzarazzi.
1905,2,5,58,65,1.1384615384615384,0.053154903696481744,578,I'm well connected.
1905,1,7,57,65,1.1384615384615384,0.04842183966159297,578,Pepperoni or paparazzi? Which did you order?
1905,2,5,58,65,1.1384615384615384,0.053154903696481744,578,This Pizzagate scandal keeps getting more absurd.
1905,3,3,59,65,1.1384615384615384,0.05749967841433098,578,"I meant ""alluded to"", not ""colluded too""."
1905,2,5,58,65,1.1384615384615384,0.053154903696481744,578,It was your idea to order the 'Two-Topping Celebrity' .
1905,2,5,58,65,1.1384615384615384,0.053154903696481744,578,So they actually deliver our pizza directly from Naples?
1905,3,3,59,65,1.1384615384615384,0.05749967841433098,578,"Quick, where's my phone?"
1905,1,7,57,65,1.1384615384615384,0.04842183966159297,578,"........and another thing about me, I like my pizza hot with media coverage."
1905,2,5,58,65,1.1384615384615384,0.053154903696481744,578,You're sure that this is where the race ends?
1905,1,7,57,65,1.1384615384615384,0.04842183966159297,578,"Trust me, this is famous pizza."
1905,2,5,58,65,1.1384615384615384,0.053154903696481744,578,"Don't laugh, but I think the man of my dreams will be running towards me with a hot pizza."
1905,2,5,58,65,1.1384615384615384,0.053154903696481744,578,"Don't look now, but here comes the pepperoni paparazzi."
1905,1,7,57,65,1.1384615384615384,0.04842183966159297,578,I'll have the paparazzi and sausage please.
1905,3,3,59,65,1.1384615384615384,0.05749967841433098,578,The garçon has just left the White House !
1905,1,7,57,65,1.1384615384615384,0.04842183966159297,578,Pizzarazzi. They're everywhere.
1905,1,7,57,65,1.1384615384615384,0.04842183966159297,578,what did you order !
1905,1,7,57,65,1.1384615384615384,0.04842183966159297,578,I've never heard of paparazzi pizza.
1905,2,5,58,65,1.1384615384615384,0.053154903696481744,578,"""Celebrity chef""? Ridiculous."
1905,1,7,57,65,1.1384615384615384,0.04842183966159297,578,Have you had the Paparazzi pizza before?
1905,3,3,59,65,1.1384615384615384,0.05749967841433098,578,You can stop staring now. You're right. It's OJ.
1905,1,7,57,65,1.1384615384615384,0.04842183966159297,578,The brochure said the service was definitely something to write home about.
1905,2,5,58,65,1.1384615384615384,0.053154903696481744,578,I hear the waitstaff is more noteworthy than the clientele.
1905,2,5,58,65,1.1384615384615384,0.053154903696481744,578,"By the way, did I mention before my transition surgery I was ........... ."
1905,1,7,57,65,1.1384615384615384,0.04842183966159297,578,This place has been getting a lot of press recently. I hope you like it.
1905,0,9,56,65,1.1384615384615384,0.043172969847391635,578,Please tell me you didn't order the Paparazi Pizza AGAIN.
1905,2,5,58,65,1.1384615384615384,0.053154903696481744,578,This celebrity chef nonsense has gotten out of hand...
1905,1,7,57,65,1.1384615384615384,0.04842183966159297,578,Their signature dish is the Pepperoni Paparazzi.
1905,1,7,57,65,1.1384615384615384,0.04842183966159297,578,I don't think he heard you right when you said you wanted it with pepperoni.
1905,0,9,56,65,1.1384615384615384,0.043172969847391635,578,"Pepperoni?? Paparazzi?? Darling, What's the difference?!!!"
1905,2,5,58,65,1.1384615384615384,0.053154903696481744,578,They advertised 'world-record' service.
1905,1,7,57,65,1.1384615384615384,0.04842183966159297,578,"What a mistake. Instead of a baby, the paper promised $10,000 for the first pizza delivered for the New Year."
1905,2,5,58,65,1.1384615384615384,0.053154903696481744,578,"Here comes the pepperoni pizza, with paparazzi."
1905,2,5,58,65,1.1384615384615384,0.053154903696481744,578,"We should have gone to ""Original Rays"" instead of ""Famous Rays""!"
1905,2,5,58,65,1.1384615384615384,0.053154903696481744,578,Are you certain about ordering the paparapizza?
1905,1,7,57,65,1.1384615384615384,0.04842183966159297,578,Last time I ate here I found a lens in my linguine.
1905,1,7,57,65,1.1384615384615384,0.04842183966159297,578,Do you always tip beforhand?
1905,0,9,56,65,1.1384615384615384,0.043172969847391635,578,I understand this place serves celebrity pizza.
1905,0,9,56,65,1.1384615384615384,0.043172969847391635,578,I can't wait to try their famous Paparrazi pizza.
1905,2,5,58,65,1.1384615384615384,0.053154903696481744,578,I ordered the tabloid with cheese.
1905,2,5,58,65,1.1384615384615384,0.053154903696481744,578,"Real pizza comes from Italy, and that's final."
1905,1,7,57,65,1.1384615384615384,0.04842183966159297,578,You'd think the democrats wouldn't get so excited over one little vote.
1905,2,5,58,65,1.1384615384615384,0.053154903696481744,578,You just had to order the Paparizza.
1905,1,7,57,65,1.1384615384615384,0.04842183966159297,578,"Pretending to be Amelia Earhart gets me a reservation, anywhere."
2005,0,9,57,66,1.1363636363636365,0.042565532289603344,578,They say the pizza's the real star here.
2005,1,7,58,66,1.1363636363636365,0.04772866020849245,578,The Pizzarazzi are back.
2005,2,5,59,66,1.1363636363636365,0.052385355506078195,578,Their asparagus and Britney spears pizza is very popular.
2005,1,7,58,66,1.1363636363636365,0.04772866020849245,578,Perhaps we offered too large a prize for our fastest pizza delivery contest.
2009,1,6,54,61,1.1311475409836065,0.049452797144256905,578,We need a party song. A fundamental jam.
2009,0,8,53,61,1.1311475409836065,0.04357902084672543,578,Looks like word got out about that Michelin star.
2009,2,4,55,61,1.1311475409836065,0.054699426256796496,578,"Paparazzi, it sounded cute."
2009,0,8,53,61,1.1311475409836065,0.04357902084672543,578,What did you think I _meant_ by 'famous'?
2009,1,6,54,61,1.1311475409836065,0.049452797144256905,578,Did I mention that I'm a candidate for the Senate?
2009,1,6,54,61,1.1311475409836065,0.049452797144256905,578,"Well, if it isn't the pizzarazzi."
2009,1,6,54,61,1.1311475409836065,0.049452797144256905,578,What would make you think I am famous?
2009,2,4,55,61,1.1311475409836065,0.054699426256796496,578,I read about this waiter in Celebrity Food Magazine. The guy's simply got it. And they all want a piece of what he’s got.
2009,1,6,54,61,1.1311475409836065,0.049452797144256905,578,Damn fame. We can't seem to go anywhere without being hounded by the pizzaazzi!
2009,1,6,54,61,1.1311475409836065,0.049452797144256905,578,I love the paparazzi pizza.
2009,1,6,54,61,1.1311475409836065,0.049452797144256905,578,"You ordered the large paparazzi again, didn't you?"
2009,3,2,56,61,1.1311475409836065,0.0594850848554023,578,Looks like he escaped.
2009,2,4,55,61,1.1311475409836065,0.054699426256796496,578,The Pizzarazzi are relentless here
2009,2,4,55,61,1.1311475409836065,0.054699426256796496,578,"At La Dolce Vita, every pizza comes with a side of paparazzi."
2009,1,6,54,61,1.1311475409836065,0.049452797144256905,578,Remind me next time to read about the latest Celebrity Chef before we go out to eat...
2009,1,6,54,61,1.1311475409836065,0.049452797144256905,578,"You just had to order the pizzarazzi, didn't you?"
2009,1,6,54,61,1.1311475409836065,0.049452797144256905,578,The Mooch ordered a pizza with !?#*@$! on it.
2009,2,4,55,61,1.1311475409836065,0.054699426256796496,578,Paparazzi and mushrooms. Why?
2009,2,4,55,61,1.1311475409836065,0.054699426256796496,578,I liked this place better when it wasn't swarming with pizzarazzi.
2009,1,6,54,61,1.1311475409836065,0.049452797144256905,578,I understand their pizza and paparazzi special is quite a production.
2009,1,6,54,61,1.1311475409836065,0.049452797144256905,578,It's not fake news. Congress finally agreed on something--pizza for lunch!
2009,1,6,54,61,1.1311475409836065,0.049452797144256905,578,Do you like the wine?
2009,0,8,53,61,1.1311475409836065,0.04357902084672543,578,"The special tonight is The Marathon Pizza, delivered to your table in under three hours--or it's free."
2009,1,6,54,61,1.1311475409836065,0.049452797144256905,578,Make a wish.
2009,1,6,54,61,1.1311475409836065,0.049452797144256905,578,I thought the Waiters Marathon was tomorrow.
2009,2,4,55,61,1.1311475409836065,0.054699426256796496,578,I hate your 'Find the Paparazzi in the pizza' shtick.
2009,1,6,54,61,1.1311475409836065,0.049452797144256905,578,I ordered the Paparazzi Pizza - it's done in a flash
2009,1,6,54,61,1.1311475409836065,0.049452797144256905,578,Our entrée my be endangered.
2009,1,6,54,61,1.1311475409836065,0.049452797144256905,578,I think I'll change my order.
2009,1,6,54,61,1.1311475409836065,0.049452797144256905,578,I could do without the pizzarazzi.
2009,1,6,54,61,1.1311475409836065,0.049452797144256905,578,It's called 'Fugitive Chefs'.
2009,1,6,54,61,1.1311475409836065,0.049452797144256905,578,"I told you no more restaurant recommendations from ""The Guiness Book!"""
2009,2,4,55,61,1.1311475409836065,0.054699426256796496,578,I told you not to order extra paparazzi.
2009,1,6,54,61,1.1311475409836065,0.049452797144256905,578,Is it true that you were only in the June 2016 meeting to deliver pizza?
2009,2,4,55,61,1.1311475409836065,0.054699426256796496,578,I said pizzarazi!
2009,0,8,53,61,1.1311475409836065,0.04357902084672543,578,I don't think the hospitality industry and nuclear footballs are a good combination.
2009,1,6,54,61,1.1311475409836065,0.049452797144256905,578,(Yawn.)
2009,0,8,53,61,1.1311475409836065,0.04357902084672543,578,I've heard good things about their pizza.
2009,1,6,54,61,1.1311475409836065,0.049452797144256905,578,The pizzarazzi couldn't exist without the tabloids lurid obsession with toppings.
2009,2,4,55,61,1.1311475409836065,0.054699426256796496,578,"Okay, Mr. Know-It-All. There is such a thing as paparazzi pie."
2009,2,4,55,61,1.1311475409836065,0.054699426256796496,578,Celebrity chefs are passé.
2009,1,6,54,61,1.1311475409836065,0.049452797144256905,578,The privacy! What happened to it?
2009,0,8,53,61,1.1311475409836065,0.04357902084672543,578,"Great, here comes another ""pizzagate."""
2009,2,4,55,61,1.1311475409836065,0.054699426256796496,578,I hear this new Russian/Kardashian pizza is very popular with the media.
2009,2,4,55,61,1.1311475409836065,0.054699426256796496,578,Their pizza’s gone viral.
2009,0,8,53,61,1.1311475409836065,0.04357902084672543,578,I hear the owner provides work for recovering paparazzi . I wonder how that's going ?
2009,0,8,53,61,1.1311475409836065,0.04357902084672543,578,Todays special is pizza paparazzi.
2009,0,8,53,61,1.1311475409836065,0.04357902084672543,578,The pizzarazzi are relentless.
2009,2,4,55,61,1.1311475409836065,0.054699426256796496,578,The service here is picture perfect.
2009,0,8,53,61,1.1311475409836065,0.04357902084672543,578,"""Oh no, it's the pizzarazzi.'"
2009,1,6,54,61,1.1311475409836065,0.049452797144256905,578,It's a slice of pizza. Let's not make a big deal of it.
2009,2,4,55,61,1.1311475409836065,0.054699426256796496,578,Papa Razzi's pizza is hot right now.
2009,1,6,54,61,1.1311475409836065,0.049452797144256905,578,"I am told it's a secret recipe, that everyone is trying to get hold of!"
2009,1,6,54,61,1.1311475409836065,0.049452797144256905,578,"You ordered the paparizza, didn’t you?"
2009,1,6,54,61,1.1311475409836065,0.049452797144256905,578,"What did you have to say, ""Trump always orders this""."
2009,1,6,54,61,1.1311475409836065,0.049452797144256905,578,I don't remember ordering paparazzi.
2009,0,8,53,61,1.1311475409836065,0.04357902084672543,578,I hope the pizza is hot this time
2009,1,6,54,61,1.1311475409836065,0.049452797144256905,578,"At Papa Razzi Pizza, every pie is an event!"
2009,0,8,53,61,1.1311475409836065,0.04357902084672543,578,I think the oval office just ordered pizza.
2009,2,4,55,61,1.1311475409836065,0.054699426256796496,578,Looks like you ordered paparazzi pizza.
2009,1,6,54,61,1.1311475409836065,0.049452797144256905,578,The paparazzi here are to die for.
2009,1,6,54,61,1.1311475409836065,0.049452797144256905,578,"Is this your first visit to ""paparazzi Pizza""?"
2009,3,2,56,61,1.1311475409836065,0.0594850848554023,578,Sometimes he tweets his pizza order.
2009,2,4,55,61,1.1311475409836065,0.054699426256796496,578,"So, this is the infamous Papa Razzi's pizza?"
2009,0,8,53,61,1.1311475409836065,0.04357902084672543,578,They're famous for their cheese and paparazzi pizza.
2009,3,2,56,61,1.1311475409836065,0.0594850848554023,578,Did you order pizza with extra paparazzi?
2009,2,4,55,61,1.1311475409836065,0.054699426256796496,578,The paparizza is my guilty pleasure.
2009,1,6,54,61,1.1311475409836065,0.049452797144256905,578,One paparazzi pizza to go.
2009,1,6,54,61,1.1311475409836065,0.049452797144256905,578,I just love the understated décor and gracious service.
2009,0,8,53,61,1.1311475409836065,0.04357902084672543,578,This restaurant is always so nice and quiet.
2009,1,6,54,61,1.1311475409836065,0.049452797144256905,578,Everyone says the pizza is the star of the show here.
2009,2,4,55,61,1.1311475409836065,0.054699426256796496,578,I'll puke if I see one more crusty celebrity in this place.
2009,1,6,54,61,1.1311475409836065,0.049452797144256905,578,Last time I criticized them for being too laid-back.
2009,1,6,54,61,1.1311475409836065,0.049452797144256905,578,Ugh! Don't look now...PIZZARAZZI!
2009,0,8,53,61,1.1311475409836065,0.04357902084672543,578,I hate when pizza arrives before I can finish my salad
2009,2,4,55,61,1.1311475409836065,0.054699426256796496,578,Do you mind dating an actress less famous than pizza?
2009,1,6,54,61,1.1311475409836065,0.049452797144256905,578,"When I made the reservation, I let it slip that I sometimes write reviews for Trip Adviser."
2009,2,4,55,61,1.1311475409836065,0.054699426256796496,578,Don't look now - here come the pizzarazzi.
2009,1,6,54,61,1.1311475409836065,0.049452797144256905,578,"So...pepperoni, paparazzi, what difference does it really make?"
2009,0,8,53,61,1.1311475409836065,0.04357902084672543,578,"""I told you not to order the ""Celebrity Pizza""."
2009,1,6,54,61,1.1311475409836065,0.049452797144256905,578,I may have forgotten to mention that sometimes I'm recognized.
2009,1,6,54,61,1.1311475409836065,0.049452797144256905,578,I said I'd give a five star review
2009,1,6,54,61,1.1311475409836065,0.049452797144256905,578,I ordered the pizza with paparazzi.
2009,0,8,53,61,1.1311475409836065,0.04357902084672543,578,"This is World Famous Pizza, darling. Pretend you're not a newbie and ignore them."
2009,0,8,53,61,1.1311475409836065,0.04357902084672543,578,So that's why it's called 'Papa Razzi's Pizza'.
2009,1,6,54,61,1.1311475409836065,0.049452797144256905,578,The media are far too obsessed with cheesy and saucy content.
2009,0,8,53,61,1.1311475409836065,0.04357902084672543,578,"And on the side of the white Bronco the sign clearly read, ""Thirty Minutes or Less."""
2009,0,8,53,61,1.1311475409836065,0.04357902084672543,578,I asked him to ham it up.
2009,0,8,53,61,1.1311475409836065,0.04357902084672543,578,It's a new topping invented by someone called Kardashian.
2009,0,8,53,61,1.1311475409836065,0.04357902084672543,578,Calzones keep a lower profile.
2009,2,4,55,61,1.1311475409836065,0.054699426256796496,578,"As surprise parties go, I find it different yet somewhat lacking."
2009,0,8,53,61,1.1311475409836065,0.04357902084672543,578,Here they are very proud of their pizza.
2009,0,8,53,61,1.1311475409836065,0.04357902084672543,578,"Yes, the entire wait staff once worked in the Trump administration."
2009,2,4,55,61,1.1311475409836065,0.054699426256796496,578,The place is empty. Are you sure that the pizza here is in demand?
2009,0,8,53,61,1.1311475409836065,0.04357902084672543,578,"I still think ""pizzarazzi"" is a little too on-the-nose."
2009,2,4,55,61,1.1311475409836065,0.054699426256796496,578,I guess the pizzarazzi reads Yelp.
2009,0,8,53,61,1.1311475409836065,0.04357902084672543,578,Trump came by and offered him Reince Preibus's job. Said he really knows how to take orders.
2009,1,6,54,61,1.1311475409836065,0.049452797144256905,578,You hardly ever see them these days. It's all done by drone now.
2009,1,6,54,61,1.1311475409836065,0.049452797144256905,578,Why do you always order the rock star pie?
2009,3,2,56,61,1.1311475409836065,0.0594850848554023,578,This place is well known for its paparazzi pizza.
2009,1,6,54,61,1.1311475409836065,0.049452797144256905,578,"Don't look now, Reince is delivering pizza !"
2009,1,6,54,61,1.1311475409836065,0.049452797144256905,578,"You say pepperoni and I say paparazzi, let's call the whole thing off."
2009,0,8,53,61,1.1311475409836065,0.04357902084672543,578,"Do you think he understood ""with pepperoni""?"
2009,2,4,55,61,1.1311475409836065,0.054699426256796496,578,"5 more seconds and its free, honey."
2009,1,6,54,61,1.1311475409836065,0.049452797144256905,578,Did you order one with the extra paparazzi again?
2009,3,2,56,61,1.1311475409836065,0.0594850848554023,578,We should maybe come back when they're not filming 'The Amazing Race.'
2009,1,6,54,61,1.1311475409836065,0.049452797144256905,578,"Governor Christie must be dining here tonight, look at all the Pizzarazzi..."
2009,1,6,54,61,1.1311475409836065,0.049452797144256905,578,"Next time, order the Paparazzi Pizza to go!"
2009,1,6,54,61,1.1311475409836065,0.049452797144256905,578,The paparazzi pizza is simply to die for.
2009,1,6,54,61,1.1311475409836065,0.049452797144256905,578,I told you to stop Instagramming our restaurant meals!
2009,0,8,53,61,1.1311475409836065,0.04357902084672543,578,You crowd funded our dinner?
2009,1,6,54,61,1.1311475409836065,0.049452797144256905,578,"So, really, what could be more ridiculous than the beer mile?"
2009,1,6,54,61,1.1311475409836065,0.049452797144256905,578,Why do you always insist on ordering a sausage and paparazzi pizza?
2009,2,4,55,61,1.1311475409836065,0.054699426256796496,578,Looks like the paparazzi pizza is ready.
2009,1,6,54,61,1.1311475409836065,0.049452797144256905,578,The red sauce is coming! The red sauce is coming!
2009,1,6,54,61,1.1311475409836065,0.049452797144256905,578,I figured I was never going to make it in the tabloids on my own so I thought maybe ordering the most famous pizza in New York was the way to go!
2009,2,4,55,61,1.1311475409836065,0.054699426256796496,578,Did I mention that the waiters' race comes through here?
2009,2,4,55,61,1.1311475409836065,0.054699426256796496,578,"Paparazzi Pizza. It is delivered in a FLASH, and Sean Spicer is the celebrity delivery boy, still, so don't ask any questions."
2009,2,4,55,61,1.1311475409836065,0.054699426256796496,578,"?duh, you’re the one that said, “pepperoni, paparazzi, I don’t care…”"
2009,0,8,53,61,1.1311475409836065,0.04357902084672543,578,It's the hottest pizzeria in town. Check out all the pizzerazzi.
2009,2,4,55,61,1.1311475409836065,0.054699426256796496,578,You were asking what the 'Kardashian special' was?
2009,1,6,54,61,1.1311475409836065,0.049452797144256905,578,That's hot!
2009,1,6,54,61,1.1311475409836065,0.049452797144256905,578,I hope the pizza is as good as you say it is.
2009,0,8,53,61,1.1311475409836065,0.04357902084672543,578,He used to be in the President's cabinet.
2009,1,6,54,61,1.1311475409836065,0.049452797144256905,578,Now I have people Instagram my food for me.
2009,1,6,54,61,1.1311475409836065,0.049452797144256905,578,Paparazzi Pizza did sound suspicious.
2009,1,6,54,61,1.1311475409836065,0.049452797144256905,578,"I couldn't resist - it was buy one, get the whole cart."
2009,2,4,55,61,1.1311475409836065,0.054699426256796496,578,"I hear the papara-pizza here is a modern take on the classic, but quite authentic."
2009,1,6,54,61,1.1311475409836065,0.049452797144256905,578,No mind. It's just the pizzarazi.
2009,1,6,54,61,1.1311475409836065,0.049452797144256905,578,Smile for the pizza-razzi.
2009,2,4,55,61,1.1311475409836065,0.054699426256796496,578,"No, I don't think the whole celebrity chef thing has gotten out of hand."
2009,2,4,55,61,1.1311475409836065,0.054699426256796496,578,One Pizzarazzi coming up!
2009,1,6,54,61,1.1311475409836065,0.049452797144256905,578,This celebrity-themed restaurant really seems to be focusing on the wrong person.
2009,0,8,53,61,1.1311475409836065,0.04357902084672543,578,Are you sure it's a good idea to come on celebrity waiter night?
2009,0,8,53,61,1.1311475409836065,0.04357902084672543,578,OK here's your cheese and paparazzi.
2009,1,6,54,61,1.1311475409836065,0.049452797144256905,578,"If they can't do a really meaningful Neopolitan, who cares about the service?"
2009,1,6,54,61,1.1311475409836065,0.049452797144256905,578,Your pizza Mr. Kushner!
2009,1,6,54,61,1.1311475409836065,0.049452797144256905,578,You're wrong again. The saying is a picture is worth a thousand words NOT the pizza is with a thousand pictures!
2009,2,4,55,61,1.1311475409836065,0.054699426256796496,578,"3.9 seconds, oven to table!"
2009,0,8,53,61,1.1311475409836065,0.04357902084672543,578,The pepperoni here is good but the paparazzi is really cheesy.
2009,0,8,53,61,1.1311475409836065,0.04357902084672543,578,As the world's most influential food critic you can make or break a chef's career?
2009,1,6,54,61,1.1311475409836065,0.049452797144256905,578,Hungry ?
2009,1,6,54,61,1.1311475409836065,0.049452797144256905,578,Ever since Rudolfo won Iron Chef he can't go anywhere without the paparazzi chasing after him.
2009,2,4,55,61,1.1311475409836065,0.054699426256796496,578,I always order the large paparazzi
2009,1,6,54,61,1.1311475409836065,0.049452797144256905,578,"They're famous for the pizza here, but I really prefer their linguine."
2009,0,8,53,61,1.1311475409836065,0.04357902084672543,578,"Its old fashioned, but the chef does ask that you don't take photographs of the food."
2009,0,8,53,61,1.1311475409836065,0.04357902084672543,578,"Oh, wow! It must be Celebrity Waiter night."
2009,0,8,53,61,1.1311475409836065,0.04357902084672543,578,Let's not complain again about the food not being hot enough.
2009,1,6,54,61,1.1311475409836065,0.049452797144256905,578,Those damn pizzarazzi are everywhere.
2009,2,4,55,61,1.1311475409836065,0.054699426256796496,578,Sausage and paparazzi coming thru.
2009,1,6,54,61,1.1311475409836065,0.049452797144256905,578,I told you we shouldn't have ordered the paparazzi special.
2009,1,6,54,61,1.1311475409836065,0.049452797144256905,578,Are you sure the Paparizza is GMO free?
2161,0,8,54,62,1.1290322580645162,0.042922525410265526,578,have you tried the pizzrazzi?
2161,1,6,55,62,1.1290322580645162,0.048694598441382554,578,Every dish at Le Mauvais is an event.
2161,1,6,55,62,1.1290322580645162,0.048694598441382554,578,Who knew a white house staffer would call Domino's from a restaurant?
2161,0,8,54,62,1.1290322580645162,0.042922525410265526,578,I hear the owner used to be the Communications Director for the Whitehouse.
2161,1,6,55,62,1.1290322580645162,0.048694598441382554,578,The sign wasn't lying when it said world famous pizza.
2161,2,4,56,62,1.1290322580645162,0.053851505523430855,578,I used to be the White House Press Secretary but they won't stop following me!
2161,1,6,55,62,1.1290322580645162,0.048694598441382554,578,Looks like the Kardashian's pizza is up.
2161,2,4,56,62,1.1290322580645162,0.053851505523430855,578,"I've ordered us a special tonight, dear, to commemorate our quiet love bond."
2161,2,4,56,62,1.1290322580645162,0.053851505523430855,578,"La Pizza-razzi,That,s a funny name for a restaurant."
2161,1,6,55,62,1.1290322580645162,0.048694598441382554,578,This celebrity chef's pizza may not be worth it...
2161,2,4,56,62,1.1290322580645162,0.053851505523430855,578,Paparazzo pizzas simply have no taste.
2161,3,2,57,62,1.1290322580645162,0.05855600205711376,578,"I told you it's piZZA with pepperONI, dear."
2161,1,6,55,62,1.1290322580645162,0.048694598441382554,578,"Put on your sunglasses, it's the pizzarazzi"
2161,2,4,56,62,1.1290322580645162,0.053851505523430855,578,He's a method actor.
2175,2,3,50,55,1.1272727272727272,0.05834153162906526,578,"Oh honey, he found the muskrat topping with goat cheese."
2176,0,8,55,63,1.126984126984127,0.0422853514020739,578,"Look, it's the pizzarazzi!"
2176,1,6,56,63,1.126984126984127,0.04795918799660978,578,"I said with pepperoni, not paparazzi."
2176,2,4,57,63,1.126984126984127,0.0530293926364563,578,Luigi is going for the record tonight. A different topping on each slice.
2179,1,5,52,58,1.1206896551724137,0.049666682137193066,578,"I ordered your favorite, paparazzi pizza."
2179,0,7,51,58,1.1206896551724137,0.04314879647175589,578,"Smile, dear. Here comes your large paparazzi pizza."
2179,2,3,53,58,1.1206896551724137,0.05542328023559171,578,"Remember how you scoffed at that ""Paparazzi Pizza"" idea I had?"
2179,1,5,52,58,1.1206896551724137,0.049666682137193066,578,I hear the paparazzi pizza is delicious.
2179,1,5,52,58,1.1206896551724137,0.049666682137193066,578,You're about to have it your way
2179,0,7,51,58,1.1206896551724137,0.04314879647175589,578,Waiters have replaced bartenders as the new celebrities.
2179,1,5,52,58,1.1206896551724137,0.049666682137193066,578,Did it say with celery or celebrity?
2179,0,7,51,58,1.1206896551724137,0.04314879647175589,578,Did you have spell check on when you ordered the pizza?
2179,1,5,52,58,1.1206896551724137,0.049666682137193066,578,I hear this is the freshest paparazzi pizza in town.
2179,1,5,52,58,1.1206896551724137,0.049666682137193066,578,"Why do you always order the paparazzi and green pepper pizza?"""
2179,1,5,52,58,1.1206896551724137,0.049666682137193066,578,I said NOT paparazzi pizza..
2179,0,7,51,58,1.1206896551724137,0.04314879647175589,578,"It's pronounced ""pepper-oni."""
2179,1,5,52,58,1.1206896551724137,0.049666682137193066,578,"That pizza is featured on all ""10 foodie instagram accounts you should be following""."
2179,1,5,52,58,1.1206896551724137,0.049666682137193066,578,I said onions and mushrooms and hold the paparazzi.
2179,1,5,52,58,1.1206896551724137,0.049666682137193066,578,Extra! Extra! Cheese!
2179,1,5,52,58,1.1206896551724137,0.049666682137193066,578,I think Mama Razzi's husband made their pizzas famous.
2179,1,5,52,58,1.1206896551724137,0.049666682137193066,578,I heard that they have a celebrity chef.. I heard that they have a celebrity chef here.
2179,1,5,52,58,1.1206896551724137,0.049666682137193066,578,Yelp suggested the pizza with a side of paparazzi..
2179,1,5,52,58,1.1206896551724137,0.049666682137193066,578,What makes you think this is the place known for its World Famous Pizza?
2179,0,7,51,58,1.1206896551724137,0.04314879647175589,578,Did we order that mushroom pizza with pepporoni or paparazi? Just asking.
2179,2,3,53,58,1.1206896551724137,0.05542328023559171,578,So this is the famous Paparazzi Pizza Parlor.
2179,1,5,52,58,1.1206896551724137,0.049666682137193066,578,Paparazzi Pzza - it just sounds so Italian I had to order it.
2179,0,7,51,58,1.1206896551724137,0.04314879647175589,578,Don't be alarmed. I ordered the Pizzarazzi.
2179,1,5,52,58,1.1206896551724137,0.049666682137193066,578,"I ordered pepperoni, not paparazzi."
2179,1,5,52,58,1.1206896551724137,0.049666682137193066,578,What did you think you'd get at a place called Papa Ratzi pizza?
2179,1,5,52,58,1.1206896551724137,0.049666682137193066,578,Wait! Did you order Pizza or Paparazzi?
2179,2,3,53,58,1.1206896551724137,0.05542328023559171,578,We have six seconds to eat.
2179,1,5,52,58,1.1206896551724137,0.049666682137193066,578,"This ""world famous"" pizza better be worth the twenty-six dollars."
2179,1,5,52,58,1.1206896551724137,0.049666682137193066,578,What is in a paparazzi pizza anyway?
2179,0,7,51,58,1.1206896551724137,0.04314879647175589,578,When a moon hits your eye like some big paprazzi that's amore.
2179,1,5,52,58,1.1206896551724137,0.049666682137193066,578,They're seeing whether he can get it here before I end this date.
2179,1,5,52,58,1.1206896551724137,0.049666682137193066,578,"Papparazzi pizza, again?"
2179,2,3,53,58,1.1206896551724137,0.05542328023559171,578,"I am so glad we didn't order that ""paparazzi pizza"" appetizer!"
2179,2,3,53,58,1.1206896551724137,0.05542328023559171,578,Thank you for taking me to such a classy restaurant.
2179,1,5,52,58,1.1206896551724137,0.049666682137193066,578,"Mama Mia, Mario, here comes the pepperoni paparazzi !"
2179,1,5,52,58,1.1206896551724137,0.049666682137193066,578,"I just want a bigger slice of the pie, Richard."
2179,3,1,54,58,1.1206896551724137,0.06063580352917647,578,....and the tapes are put out by this woman by the name of Rosetta Stone.
2179,1,5,52,58,1.1206896551724137,0.049666682137193066,578,What's stopping us from indicting him? We need someone to figure out what he did with the bodies.
2179,1,5,52,58,1.1206896551724137,0.049666682137193066,578,"Trump keeps tweeting these terrible insults about his serving style, but so far, he says he won't quit."
2179,0,7,51,58,1.1206896551724137,0.04314879647175589,578,Your paparazzi pizza is ready.
2179,0,7,51,58,1.1206896551724137,0.04314879647175589,578,I guess YELP wasn't being silly when they said the pies here were so popular they were attracting their own 'pizzarazzi.'
2179,0,7,51,58,1.1206896551724137,0.04314879647175589,578,I hope you like sausage and paparazzi.
2179,1,5,52,58,1.1206896551724137,0.049666682137193066,578,I said I wanted the pizza with PEPPERONI.
2179,0,7,51,58,1.1206896551724137,0.04314879647175589,578,"To flee or not to flee, that is the question."
2179,1,5,52,58,1.1206896551724137,0.049666682137193066,578,Why do they call it Paparazzi Pizza?
2179,1,5,52,58,1.1206896551724137,0.049666682137193066,578,I call dibs on its good side.
2179,0,7,51,58,1.1206896551724137,0.04314879647175589,578,"Did I say, ""paparazzi and mushroom""?"
2179,2,3,53,58,1.1206896551724137,0.05542328023559171,578,"They are here for my press conference. I have established a new religion ""Guilt is Good r us"" and I am the Molly Lama."
2179,1,5,52,58,1.1206896551724137,0.049666682137193066,578,"I enjoy how they act out the specials, Pizza with Papparazzi."
2179,2,3,53,58,1.1206896551724137,0.05542328023559171,578,I think we forgot to tell them to hold the papparazzi.
2179,1,5,52,58,1.1206896551724137,0.049666682137193066,578,"I hear the fettuccini is good, but the paparazzi is to die for."
2179,1,5,52,58,1.1206896551724137,0.049666682137193066,578,I'm a vegetarian. I ordered some paparazzi with the pepperoni.
2231,0,7,52,59,1.11864406779661,0.042460458882410665,578,That's why they call it a paparazzi pizza.
2231,0,7,52,59,1.11864406779661,0.042460458882410665,578,"Though I never ordered a pizza, it looks like a great pizza is being thrust upon us."
2231,2,3,54,59,1.11864406779661,0.05451419668666752,578,He should have waited until we finished our salad.
2231,1,5,53,59,1.11864406779661,0.048860455426129414,578,They say the star of the restaurant is its service.
2235,1,4,48,53,1.1132075471698113,0.051539276936327136,578,"If it's not here in 30 minutes or less, we're through."
2236,0,6,49,55,1.1090909090909091,0.04242424242424242,578,I ordered the 'Elvis Lives.
2236,1,4,50,55,1.1090909090909091,0.04973144899026735,578,"Pepperoni, not paparazzi."
2236,1,4,50,55,1.1090909090909091,0.04973144899026735,578,They're famous for their papparizza.
2236,2,2,51,55,1.1090909090909091,0.05609472071480735,578,I think these new fancy restaurants are a bit overrated!
2236,1,4,50,55,1.1090909090909091,0.04973144899026735,578,This whole celebrity chef thing's getting blown out of proportion
2236,1,4,50,55,1.1090909090909091,0.04973144899026735,578,Odd being the first customers at Chipotle's Pizzeria.
2236,2,2,51,55,1.1090909090909091,0.05609472071480735,578,I don't think Pizzagate will amount to much.
2236,0,6,49,55,1.1090909090909091,0.04242424242424242,578,Sinatra's here.
2236,1,4,50,55,1.1090909090909091,0.04973144899026735,578,"Have to say, haven't been impressed with Usain Bolt's pizzeria so far."
2236,0,6,49,55,1.1090909090909091,0.04242424242424242,578,I ordered extra paparazzi!
2236,0,6,49,55,1.1090909090909091,0.04242424242424242,578,What is the gauntlet surprise anyway?
2236,1,4,50,55,1.1090909090909091,0.04973144899026735,578,I really dislike the pizzarazzi.
2236,0,6,49,55,1.1090909090909091,0.04242424242424242,578,"Paparazzi discover infamous, ""Pie in the Sky""."
2236,0,6,49,55,1.1090909090909091,0.04242424242424242,578,This is the top rated pizza on Yelp...or was it Instagram?
2236,0,6,49,55,1.1090909090909091,0.04242424242424242,578,The flashbulbs bake the pizzas at Paparazzi John's.
2236,1,4,50,55,1.1090909090909091,0.04973144899026735,578,He thought he could hide his fame with a simple job.
2236,0,6,49,55,1.1090909090909091,0.04242424242424242,578,Did you ask me to drop a tip or a hot tip for our waiter?
2236,0,6,49,55,1.1090909090909091,0.04242424242424242,578,"I'm serious, the pizza is the real star here."
2236,0,6,49,55,1.1090909090909091,0.04242424242424242,578,Try not to burn your mouth this time.
2236,1,4,50,55,1.1090909090909091,0.04973144899026735,578,Food bloggers are getting out of hand.
2236,1,4,50,55,1.1090909090909091,0.04973144899026735,578,I just feel like I can never really relax
2236,2,2,51,55,1.1090909090909091,0.05609472071480735,578,I wish you'd pay just half as much attention to me.
2236,2,2,51,55,1.1090909090909091,0.05609472071480735,578,The final pizza.
2236,0,6,49,55,1.1090909090909091,0.04242424242424242,578,"Now I understand why they call it ""pizzarazzi."""
2236,1,4,50,55,1.1090909090909091,0.04973144899026735,578,Coming in!!! Hot food!! All I can say is the Mooch has requested his pie with extra Muzzarell'!!
2236,0,6,49,55,1.1090909090909091,0.04242424242424242,578,Did I mention this place has a celebrity chef?
2236,0,6,49,55,1.1090909090909091,0.04242424242424242,578,Did you know we were Papa Gino's millionth customer?
2236,1,4,50,55,1.1090909090909091,0.04973144899026735,578,I thought we shook those pizzerazzi back at Domino's.
2236,1,4,50,55,1.1090909090909091,0.04973144899026735,578,Here comes our endangered species blue plate special.
2236,0,6,49,55,1.1090909090909091,0.04242424242424242,578,It says the owner is an ex-reality show host and the the kitchen runs like a fine-tuned machine.
2236,1,4,50,55,1.1090909090909091,0.04973144899026735,578,We ordered Pizza with Pepperoni not Paparazzi!
2236,2,2,51,55,1.1090909090909091,0.05609472071480735,578,Looks like our Salsiccia Pizza with a side of Stronzi is ready.
2236,1,4,50,55,1.1090909090909091,0.04973144899026735,578,Was the food always better than the sex?
2236,1,4,50,55,1.1090909090909091,0.04973144899026735,578,"Ye gods, you're a celebrity ?"
2236,1,4,50,55,1.1090909090909091,0.04973144899026735,578,They take Dine and Dash very seriously
2236,0,6,49,55,1.1090909090909091,0.04242424242424242,578,Pizza Mar-a-Lago!
2236,0,6,49,55,1.1090909090909091,0.04242424242424242,578,I ordered paparozzni. How about you?
2236,2,2,51,55,1.1090909090909091,0.05609472071480735,578,Pizza is featured here.
2236,0,6,49,55,1.1090909090909091,0.04242424242424242,578,Forget celebrity chefs! The new trend is celebrity waiters.
2236,1,4,50,55,1.1090909090909091,0.04973144899026735,578,"I'm pretty sure they didn't hear ""pepperoni"""
2236,0,6,49,55,1.1090909090909091,0.04242424242424242,578,Even the waiters are famous here
2236,0,6,49,55,1.1090909090909091,0.04242424242424242,578,Who knew gluten free pizza was so popular?
2236,2,2,51,55,1.1090909090909091,0.05609472071480735,578,"The pizza press here is really fast, and the waiters are just dashing!"
2236,1,4,50,55,1.1090909090909091,0.04973144899026735,578,Looks like the Paparazzi are having lunch here today.
2236,2,2,51,55,1.1090909090909091,0.05609472071480735,578,Did you order anchovies again?
2236,1,4,50,55,1.1090909090909091,0.04973144899026735,578,I told you we should have gotten take-out!
2236,1,4,50,55,1.1090909090909091,0.04973144899026735,578,I hear they have a great potpourrizzi flavor here.
2236,0,6,49,55,1.1090909090909091,0.04242424242424242,578,Did someone call for our celebrity pizza??
2236,1,4,50,55,1.1090909090909091,0.04973144899026735,578,I'm glad you kept the press from the enterance.
2236,0,6,49,55,1.1090909090909091,0.04242424242424242,578,"You were saying what a nice, private place this is for a tryst?"
2236,1,4,50,55,1.1090909090909091,0.04973144899026735,578,"And you thought ""Papperazzi pepperoni"" was preposterous."
2236,1,4,50,55,1.1090909090909091,0.04973144899026735,578,It lacks a human element.
2236,0,6,49,55,1.1090909090909091,0.04242424242424242,578,Those damn pizzarazzi.
2236,0,6,49,55,1.1090909090909091,0.04242424242424242,578,Did you order one mozzarella pizza with an onion ring
2236,1,4,50,55,1.1090909090909091,0.04973144899026735,578,"Oh, here comes George Clooney with our pizza."
2236,2,2,51,55,1.1090909090909091,0.05609472071480735,578,The Paparazzi are in feeding frenzy.
2236,1,4,50,55,1.1090909090909091,0.04973144899026735,578,"Honest, I wasn't expecting this at all!!!"
2236,1,4,50,55,1.1090909090909091,0.04973144899026735,578,I hear that their pizza topping are world famous.
2236,1,4,50,55,1.1090909090909091,0.04973144899026735,578,Pizzagate is born.
2236,1,4,50,55,1.1090909090909091,0.04973144899026735,578,It's one of those 'Instagram' famous pizza places
2236,0,6,49,55,1.1090909090909091,0.04242424242424242,578,I read that the paparazzi dine here!
2236,1,4,50,55,1.1090909090909091,0.04973144899026735,578,"When I called to order ahead, it was intercepted by the Russians."
2236,0,6,49,55,1.1090909090909091,0.04242424242424242,578,"One thousandth customer bonus is bad enough, but the pizza-eating contest is totally up to you."
2236,0,6,49,55,1.1090909090909091,0.04242424242424242,578,"Sorry, dear, when we asked for extra cheese I forgot to mention the gag order."
2236,0,6,49,55,1.1090909090909091,0.04242424242424242,578,Hold onto your glass. Our waiter is trying for a new world speed record for sausage and onion.
2236,2,2,51,55,1.1090909090909091,0.05609472071480735,578,They say the pizza here is the toast of the town!
2236,1,4,50,55,1.1090909090909091,0.04973144899026735,578,That's how you know it's famous--it's being chased by pizzarazzi.
2236,1,4,50,55,1.1090909090909091,0.04973144899026735,578,You must have ordered something rare.
2236,1,4,50,55,1.1090909090909091,0.04973144899026735,578,"Ooh, someone ordered the Kardashian special!"
2236,0,6,49,55,1.1090909090909091,0.04242424242424242,578,"Harold, you said nothing about paparazzi's on the 1st date!"
2236,1,4,50,55,1.1090909090909091,0.04973144899026735,578,I heard O.J. makes a killer pizza.
2236,0,6,49,55,1.1090909090909091,0.04242424242424242,578,The pizzarrazi has arrived.
2236,1,4,50,55,1.1090909090909091,0.04973144899026735,578,I told you our waiter was in the National Enquirer.
2236,0,6,49,55,1.1090909090909091,0.04242424242424242,578,I thought you said pepperoni.
2236,1,4,50,55,1.1090909090909091,0.04973144899026735,578,I ordered Tony's famous pizza.
2236,0,6,49,55,1.1090909090909091,0.04242424242424242,578,"It has been a long time, and they said our order would arrive in a flash."
2236,1,4,50,55,1.1090909090909091,0.04973144899026735,578,You may have heard. The pizza here is very good.
2236,0,6,49,55,1.1090909090909091,0.04242424242424242,578,I prefer the simpler days of food porn to food paparazzi
2236,1,4,50,55,1.1090909090909091,0.04973144899026735,578,"Usain Bolt, disguised as Mortimer Smith IV, could not fool the paparazzi."
2236,3,0,52,55,1.1090909090909091,0.06180629713445799,578,More distracting than that castle painting?
2236,1,4,50,55,1.1090909090909091,0.04973144899026735,578,I don't see why people complain about fast food.....
2236,2,2,51,55,1.1090909090909091,0.05609472071480735,578,i thought Celebrity Waiter was a charity event ...
2236,1,4,50,55,1.1090909090909091,0.04973144899026735,578,I didn't even know George Clooney had a pizza named after him.
2236,1,4,50,55,1.1090909090909091,0.04973144899026735,578,Looks like we're actually going to get our pizza on time for once.
2236,1,4,50,55,1.1090909090909091,0.04973144899026735,578,They say the veal here is dating Ben Affleck.
2236,1,4,50,55,1.1090909090909091,0.04973144899026735,578,hot pizza
2236,1,4,50,55,1.1090909090909091,0.04973144899026735,578,One paparazzi pizza coming right up!
2236,0,6,49,55,1.1090909090909091,0.04242424242424242,578,Trump's here.
2236,0,6,49,55,1.1090909090909091,0.04242424242424242,578,You're fired.
2236,1,4,50,55,1.1090909090909091,0.04973144899026735,578,"I've heard our waiter, in the off-season, is Tom Brady."
2236,2,2,51,55,1.1090909090909091,0.05609472071480735,578,How life resembles Instagram these days!
2236,0,6,49,55,1.1090909090909091,0.04242424242424242,578,Did we order extra pepperoni or extra paparazzi?
2236,2,2,51,55,1.1090909090909091,0.05609472071480735,578,They say the food here is very photogenic.
2236,1,4,50,55,1.1090909090909091,0.04973144899026735,578,Did I mention in my Profile that I hate Italian food?
2236,0,6,49,55,1.1090909090909091,0.04242424242424242,578,They make a big deal about everything here.
2236,0,6,49,55,1.1090909090909091,0.04242424242424242,578,The pizzarazzis are really becoming annoying.
2236,0,6,49,55,1.1090909090909091,0.04242424242424242,578,You just had to try the pizzarazzi!
2236,0,6,49,55,1.1090909090909091,0.04242424242424242,578,I suppose the paparazzi have moved on to celebrity food.
2236,1,4,50,55,1.1090909090909091,0.04973144899026735,578,We can speed date and still have a full meal!
2236,0,6,49,55,1.1090909090909091,0.04242424242424242,578,No brick oven pizzeria is safe from the pizzarazzi nowadays.
2236,0,6,49,55,1.1090909090909091,0.04242424242424242,578,"I ordered pepperoni, not paparazzi! I ordered pepperoni, not paparazzi!"
2236,0,6,49,55,1.1090909090909091,0.04242424242424242,578,Did you order a pizza paparazzi?
2236,0,6,49,55,1.1090909090909091,0.04242424242424242,578,"Sure it's alliterative, but I wonder why it's called Paparazzi Pizza."
2236,2,2,51,55,1.1090909090909091,0.05609472071480735,578,It's like they have never seen someone order anchovies...
2236,0,6,49,55,1.1090909090909091,0.04242424242424242,578,The pizza with paparazzi is the best in the city.
2236,2,2,51,55,1.1090909090909091,0.05609472071480735,578,Are the rumors regarding your Digiorno heritage true?
2236,0,6,49,55,1.1090909090909091,0.04242424242424242,578,"It's called The Paparazzi Pizzeria. They have a strict ""no selfie"" policy."
2236,1,4,50,55,1.1090909090909091,0.04973144899026735,578,I just hope the food won't be cold.
2236,0,6,49,55,1.1090909090909091,0.04242424242424242,578,You never told me why they call it Warp Speed Pizza.
2236,1,4,50,55,1.1090909090909091,0.04973144899026735,578,What's next? Burgerazzi?
2236,1,4,50,55,1.1090909090909091,0.04973144899026735,578,Here comes that FAMOUS AMOS pizza!
2236,1,4,50,55,1.1090909090909091,0.04973144899026735,578,"Here's Trump's Pizza, it has Russian cheese on it."
2236,1,4,50,55,1.1090909090909091,0.04973144899026735,578,I ordered the paparazzi with our pizza.
2236,0,6,49,55,1.1090909090909091,0.04242424242424242,578,What do you say we should celebrate our first date?
2236,1,4,50,55,1.1090909090909091,0.04973144899026735,578,three Three stars and there goes the neighborhood.
2236,0,6,49,55,1.1090909090909091,0.04242424242424242,578,I knew we should have asked to see a business plan before we lent your brother money.
2236,2,2,51,55,1.1090909090909091,0.05609472071480735,578,He runs them in fresh from the Dolomites.
2236,1,4,50,55,1.1090909090909091,0.04973144899026735,578,Our order has finally arrived.
2236,3,0,52,55,1.1090909090909091,0.06180629713445799,578,"If a joke with pizzarazzi wins this, I swear the God..."
2236,0,6,49,55,1.1090909090909091,0.04242424242424242,578,You weren't kidding...this place really is famous for its fast service.
2236,0,6,49,55,1.1090909090909091,0.04242424242424242,578,Maybe we'll win something .
2236,1,4,50,55,1.1090909090909091,0.04973144899026735,578,"""The Burning Palm"" It's new and a bit gimmicky , but it's really caught the public's attention."
2236,0,6,49,55,1.1090909090909091,0.04242424242424242,578,"Don, I sure wish you did not have the same middle initial and last name of a President."
2236,2,2,51,55,1.1090909090909091,0.05609472071480735,578,"I'm not so sure ""pepperazi"" is just an Italian spelling of pepperoni"
2236,1,4,50,55,1.1090909090909091,0.04973144899026735,578,Did you order a Pizzarazzi ?
2236,3,0,52,55,1.1090909090909091,0.06180629713445799,578,They say this was Lady Di's favorite Italian restaurant.
2236,1,4,50,55,1.1090909090909091,0.04973144899026735,578,The ambiance keeps bringing me back.
2236,0,6,49,55,1.1090909090909091,0.04242424242424242,578,"29 min 55 sec, 29 min 56 sec..."
2236,1,4,50,55,1.1090909090909091,0.04973144899026735,578,"Ahh, here comes your paparazzo pizza!"
2236,1,4,50,55,1.1090909090909091,0.04973144899026735,578,I don’t know. Maybe we should have asked what comes on the paparazzi-roni pie.
2236,0,6,49,55,1.1090909090909091,0.04242424242424242,578,"I can't wait to taste the ""Kim Kardashian"" pizza we ordered."
2236,1,4,50,55,1.1090909090909091,0.04973144899026735,578,I didn't expect the pizzarazzi.
2236,1,4,50,55,1.1090909090909091,0.04973144899026735,578,"Everything is good, but they're wildly famous for their pizza."
2236,1,4,50,55,1.1090909090909091,0.04973144899026735,578,He could never escape the papapizzarazzi.
2236,1,4,50,55,1.1090909090909091,0.04973144899026735,578,tapping the glass really gets results
2236,1,4,50,55,1.1090909090909091,0.04973144899026735,578,"He was one of the kids in the movie ""Goonies"", remember?"
2236,1,4,50,55,1.1090909090909091,0.04973144899026735,578,This is such a nice change from all the fast food.
2236,0,6,49,55,1.1090909090909091,0.04242424242424242,578,The paparazzo topping is a riot.
2236,1,4,50,55,1.1090909090909091,0.04973144899026735,578,How did the pizzarazzi know we were going to order the celebrity pizza?
2236,2,2,51,55,1.1090909090909091,0.05609472071480735,578,Here comes the new Michelin man.
2236,1,4,50,55,1.1090909090909091,0.04973144899026735,578,"Ever since he made all that dough, the paparazzi won't leave him alone."
2236,1,4,50,55,1.1090909090909091,0.04973144899026735,578,Should've known Papa Razzi's would be a zoo.
2236,1,4,50,55,1.1090909090909091,0.04973144899026735,578,"Oh! I meant to tell you, paparazzo is NOT an Italian dish."
2236,2,2,51,55,1.1090909090909091,0.05609472071480735,578,"I think we may regret ordering the ""Pizza Paparazzi."""
2236,0,6,49,55,1.1090909090909091,0.04242424242424242,578,I hear the pizza is very popular here.
2236,2,2,51,55,1.1090909090909091,0.05609472071480735,578,I ordered the Russian pizza.
2236,2,2,51,55,1.1090909090909091,0.05609472071480735,578,"Sir, can you confirm that she intends to eat the gluten?"
2236,1,4,50,55,1.1090909090909091,0.04973144899026735,578,They're celebrated for their pizza pies.
2236,1,4,50,55,1.1090909090909091,0.04973144899026735,578,I wonder why this place is called Paparazzi Pizza.
2236,0,6,49,55,1.1090909090909091,0.04242424242424242,578,Here come the Pizza-razzi.
2236,1,4,50,55,1.1090909090909091,0.04973144899026735,578,The pizzarazzi are here again.
2236,1,4,50,55,1.1090909090909091,0.04973144899026735,578,I didn't dress for Bon Appetit
2236,0,6,49,55,1.1090909090909091,0.04242424242424242,578,You're right! The Pizzarazzi are out of control!
2236,0,6,49,55,1.1090909090909091,0.04242424242424242,578,"One Porcini Portobello Provolone Pizza, and one order of Parmesan Pepperoni Paparazzi, I mean Pappardelle - comming up!"
2236,1,4,50,55,1.1090909090909091,0.04973144899026735,578,"I told you - this is NOT Papa John's, it's Paparazzi's."
2236,1,4,50,55,1.1090909090909091,0.04973144899026735,578,Mr. Banzini. Too bad they don't use film any more. You can't avoid being on the cover of Time magazine.
2236,2,2,51,55,1.1090909090909091,0.05609472071480735,578,"Having just hopped off the Concorde, Giuseppe raced to deliver Italy's first cross-promotional pizza to go along with this year's Beaujolais nouveau."
2236,0,6,49,55,1.1090909090909091,0.04242424242424242,578,This is why I hate restaurants with celebrity chefs
2236,1,4,50,55,1.1090909090909091,0.04973144899026735,578,Darn pizzarazzi! I told you we should have had the lasagna.
2236,1,4,50,55,1.1090909090909091,0.04973144899026735,578,Ok but don't you think all restaurants have a story behind them?
2236,1,4,50,55,1.1090909090909091,0.04973144899026735,578,I hear this place reinvented the Pizzagate.
2236,0,6,49,55,1.1090909090909091,0.04242424242424242,578,Bon Appetite!! Pizza hot off the press!
2236,1,4,50,55,1.1090909090909091,0.04973144899026735,578,About the pizza I ordered . . .
2236,0,6,49,55,1.1090909090909091,0.04242424242424242,578,"Mr. Vice President, you didn't need to invite the waiter to join us."
2236,2,2,51,55,1.1090909090909091,0.05609472071480735,578,We should really eat somewhere less flashy.
2236,2,2,51,55,1.1090909090909091,0.05609472071480735,578,Who'd have ever guessed that a pizza place would win three stars from Michelin?
2236,1,4,50,55,1.1090909090909091,0.04973144899026735,578,The pizzarazzi are killing this place.
2236,0,6,49,55,1.1090909090909091,0.04242424242424242,578,I told you that you shouldn't have become a Trump White House staffer!
2236,0,6,49,55,1.1090909090909091,0.04242424242424242,578,It's called the Pizzarazzi. Why do you ask?
2236,1,4,50,55,1.1090909090909091,0.04973144899026735,578,They got it wrong again. I ordered the pizza with pepperoni... not paparazzi.
2236,1,4,50,55,1.1090909090909091,0.04973144899026735,578,I told you this pizza place is more famous than the one you wanted to go to.
2236,1,4,50,55,1.1090909090909091,0.04973144899026735,578,Pizzarazzi? Is that even a word?
2236,2,2,51,55,1.1090909090909091,0.05609472071480735,578,I've met someone else ... someone more interesting.
2236,0,6,49,55,1.1090909090909091,0.04242424242424242,578,He got the Broadway lead but is still too insecure to quit his day job.
2236,0,6,49,55,1.1090909090909091,0.04242424242424242,578,I've heard good things about the specials here.
2236,1,4,50,55,1.1090909090909091,0.04973144899026735,578,"Honey, I thought we said no to your Instagram team."
2236,1,4,50,55,1.1090909090909091,0.04973144899026735,578,A hot new take on Pizza-Gate...
2236,0,6,49,55,1.1090909090909091,0.04242424242424242,578,"So you wanted pepperoni and I wanted paparazzi: don't make a big deal out of it, just SMILE!"
2236,0,6,49,55,1.1090909090909091,0.04242424242424242,578,He's never gotten over serving Madonna
2236,1,4,50,55,1.1090909090909091,0.04973144899026735,578,You ordered extra Paparazzi?
2236,0,6,49,55,1.1090909090909091,0.04242424242424242,578,Please be Pat Paulsen sprinting past the paparazzi with our pepperoni pizza.
2236,1,4,50,55,1.1090909090909091,0.04973144899026735,578,If I say yes what network will we sell it to?
2236,1,4,50,55,1.1090909090909091,0.04973144899026735,578,The pizzarazzi is here.
2236,0,6,49,55,1.1090909090909091,0.04242424242424242,578,I've heard great things about the paparizza here.
2236,2,2,51,55,1.1090909090909091,0.05609472071480735,578,The 40 yard dash is one of the main stats managers will use to draft the best wait staff for Restaurant Week.
2236,0,6,49,55,1.1090909090909091,0.04242424242424242,578,You shouldn't have sent the steak back!
2236,1,4,50,55,1.1090909090909091,0.04973144899026735,578,Remind me next time to not order the special.
2236,0,6,49,55,1.1090909090909091,0.04242424242424242,578,They have a reputation for fast service.
2236,1,4,50,55,1.1090909090909091,0.04973144899026735,578,I heard what we ordered is their most popular dish.
2236,2,2,51,55,1.1090909090909091,0.05609472071480735,578,I disagree. It IS a just punishment for paparazzi.
2236,1,4,50,55,1.1090909090909091,0.04973144899026735,578,The parparazzi pizza is to die for.
2236,2,2,51,55,1.1090909090909091,0.05609472071480735,578,I guess this accounts for the Zillow Walk Score of 100!?
2236,0,6,49,55,1.1090909090909091,0.04242424242424242,578,Would you like your order for here or to go?
2236,2,2,51,55,1.1090909090909091,0.05609472071480735,578,The Paparazzi Pizza is very good here
2236,2,2,51,55,1.1090909090909091,0.05609472071480735,578,They say the pizza here is very popular.
2236,0,6,49,55,1.1090909090909091,0.04242424242424242,578,Fresh ground pepper spray?
2236,1,4,50,55,1.1090909090909091,0.04973144899026735,578,I don't see why the Papparazzi Pizza is the most expensive thing on the menu.
2236,2,2,51,55,1.1090909090909091,0.05609472071480735,578,Nothing ruins the ambience like pizza paparazzi!
2236,0,6,49,55,1.1090909090909091,0.04242424242424242,578,They say the food stinks but the service is fantastic.
2236,1,4,50,55,1.1090909090909091,0.04973144899026735,578,I don't think we really need a celebrity chef for a couple of slices of pizza.
2236,1,4,50,55,1.1090909090909091,0.04973144899026735,578,"No, you said paparazzi, not peperoni."
2236,0,6,49,55,1.1090909090909091,0.04242424242424242,578,I couldn’t remember if on dates you liked pepperoni pizzas or paparazzi peepers.
2236,0,6,49,55,1.1090909090909091,0.04242424242424242,578,They're famous for service.
2236,0,6,49,55,1.1090909090909091,0.04242424242424242,578,Here come the fake pizza-paparazzi
2236,2,2,51,55,1.1090909090909091,0.05609472071480735,578,"Oh no, it looks like the pizzarazzi are at it again."
2236,0,6,49,55,1.1090909090909091,0.04242424242424242,578,"That typo on the menu, Paparazzi Pizza, was sort of endearing."
2236,0,6,49,55,1.1090909090909091,0.04242424242424242,578,What is a pepperazzi pizza?
2236,1,4,50,55,1.1090909090909091,0.04973144899026735,578,I wonder why they call this place Pete's Famous?
2236,1,4,50,55,1.1090909090909091,0.04973144899026735,578,The pizzarazzi is really getting out of hand.
2236,1,4,50,55,1.1090909090909091,0.04973144899026735,578,I hope they don't follow you to the bathroom!
2236,1,4,50,55,1.1090909090909091,0.04973144899026735,578,Try to look famous. It's the Pizzarapa.
2236,2,2,51,55,1.1090909090909091,0.05609472071480735,578,RUN! IT'S THE PIZZARAZZI!
2236,2,2,51,55,1.1090909090909091,0.05609472071480735,578,I understand our waiter is freakishly photogenic.
2236,1,4,50,55,1.1090909090909091,0.04973144899026735,578,Food porn just isn't what it used to be.
2236,0,6,49,55,1.1090909090909091,0.04242424242424242,578,This #instafoodie thing is getting way too far.
2236,0,6,49,55,1.1090909090909091,0.04242424242424242,578,"Don't be silly. ""Pizzas made in Italy""is referring to the ingredients."
2236,0,6,49,55,1.1090909090909091,0.04242424242424242,578,I should tell you my online profile didn't mention that I'm the highest paid woman in show business.
2236,1,4,50,55,1.1090909090909091,0.04973144899026735,578,What kind of Italian side dish is paparazzi?
2236,0,6,49,55,1.1090909090909091,0.04242424242424242,578,They are really giving him a pizza their mind.
2236,0,6,49,55,1.1090909090909091,0.04242424242424242,578,I ordered the pepperoni pizza with a side of paparazzi.
2236,2,2,51,55,1.1090909090909091,0.05609472071480735,578,I see you ordered the Princes Diana Special again
2236,1,4,50,55,1.1090909090909091,0.04973144899026735,578,That Italian singer is three tables over.
2236,1,4,50,55,1.1090909090909091,0.04973144899026735,578,"I'm tired of quiet dinners, so I phoned the pizzarazzi"
2236,0,6,49,55,1.1090909090909091,0.04242424242424242,578,"Watch out, here come the pizzarazzi."
2236,2,2,51,55,1.1090909090909091,0.05609472071480735,578,"I said ""KASHA"" not ""KARDASHIAN""!"
2236,0,6,49,55,1.1090909090909091,0.04242424242424242,578,"Don't bother to turn around! The ""celebrity chef "" is running out another one of those weird pizzas."
2236,2,2,51,55,1.1090909090909091,0.05609472071480735,578,9....8....7....6....
2236,0,6,49,55,1.1090909090909091,0.04242424242424242,578,They just found out that he was the 'con' who was cooking the books on 'Cooks vs Cons'.
2236,1,4,50,55,1.1090909090909091,0.04973144899026735,578,"Listen, sweetie, I told you you could have the girlfriend treatment for 200 if you didn´t tell anyone."
2236,1,4,50,55,1.1090909090909091,0.04973144899026735,578,How exciting to have a celebrity chef.
2236,0,6,49,55,1.1090909090909091,0.04242424242424242,578,The pizzarazzi here is just divine!
2236,0,6,49,55,1.1090909090909091,0.04242424242424242,578,Oh no! It's the Pepperoni Pizza Paparazzi
2236,1,4,50,55,1.1090909090909091,0.04973144899026735,578,I think you'll like their new paparazzi pizza.
2236,0,6,49,55,1.1090909090909091,0.04242424242424242,578,I certainly hope this Kardashian Pizza doesn't actually have any Kardashian in it.
2236,1,4,50,55,1.1090909090909091,0.04973144899026735,578,...and here comes the pizzarazzi...
2236,1,4,50,55,1.1090909090909091,0.04973144899026735,578,"As a therapist I know I shouldn't do it, but I can't help tweeting about my celebrity clients' secret lives."
2236,0,6,49,55,1.1090909090909091,0.04242424242424242,578,The pizza's hot but it'll be forgotten in fifteen minutes.
2236,0,6,49,55,1.1090909090909091,0.04242424242424242,578,"I just want to enjoy a relaxing, leisurely meal, with no fan fare this evenning."
2236,1,4,50,55,1.1090909090909091,0.04973144899026735,578,"When they say their pizza is famous, they quite mean it."
2236,1,4,50,55,1.1090909090909091,0.04973144899026735,578,"Just once I'd like to go somewhere without a ""TV Chef."""
2236,2,2,51,55,1.1090909090909091,0.05609472071480735,578,Next time let me pick from the menu.
2236,0,6,49,55,1.1090909090909091,0.04242424242424242,578,Now you know why I never like to sit near the kitchen in a restaurant.
2236,1,4,50,55,1.1090909090909091,0.04973144899026735,578,I just have to warn you the pizza here is highly sought after!
2236,1,4,50,55,1.1090909090909091,0.04973144899026735,578,Oh my God! It's the pizzarazzi!
2236,0,6,49,55,1.1090909090909091,0.04242424242424242,578,He once waited on Trump.
2236,0,6,49,55,1.1090909090909091,0.04242424242424242,578,"I thought your ordered the pepperoni, not the paparazzi."
2236,0,6,49,55,1.1090909090909091,0.04242424242424242,578,"Apparently, ordering a pizza with anchovies, is big news!"
2236,1,4,50,55,1.1090909090909091,0.04973144899026735,578,"Oh, I forgot to tell you: we're the very first customers for ""Trump's Pizza."
2236,0,6,49,55,1.1090909090909091,0.04242424242424242,578,It happens every time I order the Beyoncé.
2236,1,4,50,55,1.1090909090909091,0.04973144899026735,578,I hear the food is pretty rich.
2486,1,4,51,56,1.1071428571428572,0.04887415212385381,578,That's Amore?
2486,1,4,51,56,1.1071428571428572,0.04887415212385381,578,To think we payed a thousand bucks for a peaceful dinner......
2486,0,6,50,56,1.1071428571428572,0.0417053005800816,578,"The pizza here is average, but it looks fabulous."
2486,1,4,51,56,1.1071428571428572,0.04887415212385381,578,I'm not Steve Bannon; I'm not trying to suck my own cock
2486,2,2,52,56,1.1071428571428572,0.05511835805950912,578,You never listen. I wanted the pepperoni not the paparazzi pizza.
2486,1,4,51,56,1.1071428571428572,0.04887415212385381,578,See. Even the best restaurants in New York get you pizza in less than 30 minutes.
2486,2,2,52,56,1.1071428571428572,0.05511835805950912,578,I told you I don't remember serving pizza to a Russian diplomat!
2486,2,2,52,56,1.1071428571428572,0.05511835805950912,578,"Ugh, scooped again. I haven't posted my dinner on Instagram in ages."
2486,3,0,53,56,1.1071428571428572,0.06072383423769371,578,"Oh, great! Here comes the pizzarazzi. I told you not to order the Clooney special."
2486,1,4,51,56,1.1071428571428572,0.04887415212385381,578,A word of warning. I ordered pepperoni seems they thought I said paparazzi.
2496,0,5,46,51,1.0980392156862746,0.042054138410837674,578,"cute, Riley. you ordered paparazzi with extra cheese."
2496,0,5,46,51,1.0980392156862746,0.042054138410837674,578,"I've so been looking forward to a quiet dinner, just the two of us."
2496,0,5,46,51,1.0980392156862746,0.042054138410837674,578,Welcome to Paparazzi Pizza!
2496,0,5,46,51,1.0980392156862746,0.042054138410837674,578,"Granted they're famous for their quick service, but how's the food?"
2496,1,3,47,51,1.0980392156862746,0.050525877359706366,578,See! I told you this restaurant was full of celebrities.
2496,1,3,47,51,1.0980392156862746,0.050525877359706366,578,"Ah, La Dolce Vita! Pizza, Paparazzi! Shouldn't that tower be leaning?"
2496,1,3,47,51,1.0980392156862746,0.050525877359706366,578,Last pizza on earth
2496,1,3,47,51,1.0980392156862746,0.050525877359706366,578,Sean Spicer is just trying to adjust to his new job.
2496,1,3,47,51,1.0980392156862746,0.050525877359706366,578,"I told you to order pepperoni, not paparazzi."
2496,1,3,47,51,1.0980392156862746,0.050525877359706366,578,"Oh look dear, it's the Pizzarazzi!"
2496,0,5,46,51,1.0980392156862746,0.042054138410837674,578,Let's hope he's not 'discovered' too soon!
2496,0,5,46,51,1.0980392156862746,0.042054138410837674,578,The pizza here is highly regarded.
2496,1,3,47,51,1.0980392156862746,0.050525877359706366,578,"No anchovies, but the Paparazzi Pizza comes loaded with plenty of drams."
2496,0,5,46,51,1.0980392156862746,0.042054138410837674,578,I let you photograph me at breakfeast but this crosses the line!
2496,0,5,46,51,1.0980392156862746,0.042054138410837674,578,So why do they call this place Paparazzaria ?
2496,1,3,47,51,1.0980392156862746,0.050525877359706366,578,Excitement? Wait until the winner is announced.
2496,0,5,46,51,1.0980392156862746,0.042054138410837674,578,"""Oh my, since his rise to realty TV stardom, his service has become so fast""."
2496,1,3,47,51,1.0980392156862746,0.050525877359706366,578,Did you order the pepperoni or the papparzi?
2496,0,5,46,51,1.0980392156862746,0.042054138410837674,578,and I thought the 'food porn' reference in the Zagat was just fluff.
2496,0,5,46,51,1.0980392156862746,0.042054138410837674,578,Fresh from North Korea!
2496,1,3,47,51,1.0980392156862746,0.050525877359706366,578,I wonder if the pizza coming?
2496,0,5,46,51,1.0980392156862746,0.042054138410837674,578,"""I hear the pizzarzzi love this place""!"
2496,0,5,46,51,1.0980392156862746,0.042054138410837674,578,Perhaps Parker Posey patronizes Paparazzi’s Pizza.
2496,1,3,47,51,1.0980392156862746,0.050525877359706366,578,Todays' special was the paparotzi (sp.) pizza.
2496,0,5,46,51,1.0980392156862746,0.042054138410837674,578,You'll love the service.
2496,1,3,47,51,1.0980392156862746,0.050525877359706366,578,The last two reviews I read about this place were very effusive about the pizza.
2496,1,3,47,51,1.0980392156862746,0.050525877359706366,578,"Yes, dear, I ordered cheese and paparazzi."
2496,1,3,47,51,1.0980392156862746,0.050525877359706366,578,I hear that Sean Spicer can once again be photographed live while he is working.
2496,0,5,46,51,1.0980392156862746,0.042054138410837674,578,Their kitchen is reputed to have the world's greatest paparazzi.
2496,0,5,46,51,1.0980392156862746,0.042054138410837674,578,Some celebrity chef happened to mention pizza is the new black.
2496,1,3,47,51,1.0980392156862746,0.050525877359706366,578,This restaurant makes the best pepperoni paparazzi.
2496,0,5,46,51,1.0980392156862746,0.042054138410837674,578,They say the paparazzi pizza is to die for!
2496,1,3,47,51,1.0980392156862746,0.050525877359706366,578,"Pizzaman, not pizza boy."
2496,1,3,47,51,1.0980392156862746,0.050525877359706366,578,Yeah if I ever eat pizza my head blows up like a balloon. It's really something to see.
2496,2,1,48,51,1.0980392156862746,0.05776831318688719,578,"From woman's perspective: ""That pie looks familiar, have they been in anything I would've seen?"""
2496,0,5,46,51,1.0980392156862746,0.042054138410837674,578,I love pizza with paparazzi.
2496,0,5,46,51,1.0980392156862746,0.042054138410837674,578,"Forget brick ovens, the pizzarazzi is cooked under white hot scrutiny!"
2496,1,3,47,51,1.0980392156862746,0.050525877359706366,578,"A 35th anniversary can be daring, yes, but mostly, delicious, and dignified..."
2496,1,3,47,51,1.0980392156862746,0.050525877359706366,578,Uh-oh. Pizzarazzi.
2496,1,3,47,51,1.0980392156862746,0.050525877359706366,578,"Look out, here comes your Princess Diana In Memorium special."
2496,0,5,46,51,1.0980392156862746,0.042054138410837674,578,"I'lGet me a gluten-free, dairy-free, vegan pizza in under 30 minutes & I'll skip the pre-nup."
2496,0,5,46,51,1.0980392156862746,0.042054138410837674,578,"""Pizza-razzi?"" Is that a thing?"
2496,1,3,47,51,1.0980392156862746,0.050525877359706366,578,This is what happens when reality stars get high ratings.
2496,0,5,46,51,1.0980392156862746,0.042054138410837674,578,it's new 'press' release pizza dough
2496,0,5,46,51,1.0980392156862746,0.042054138410837674,578,He was not kidding when he said our order is world famous.
2496,0,5,46,51,1.0980392156862746,0.042054138410837674,578,You can never avoid the Pizzarazi.
2496,0,5,46,51,1.0980392156862746,0.042054138410837674,578,Your catch of the day just came through the door!
2496,0,5,46,51,1.0980392156862746,0.042054138410837674,578,"Bill, I love you, and recognize you are a millionaire, but the pizzarazzi is killing my birthday meal wish...."
2496,0,5,46,51,1.0980392156862746,0.042054138410837674,578,This targeted advertising has gone too far!
2496,1,3,47,51,1.0980392156862746,0.050525877359706366,578,When you said we were going to Paparazzi Pizza for our anniversary I really couldn't have imagined it would be so pleasant and charming?
2496,1,3,47,51,1.0980392156862746,0.050525877359706366,578,Paparzzi. Is that a meat topping or a vegetable?
2496,0,5,46,51,1.0980392156862746,0.042054138410837674,578,"I hate that since Luigi got his own Paparazzi, now WE look bad if we don't leave a good tip."
2496,0,5,46,51,1.0980392156862746,0.042054138410837674,578,"I knew there was something screwy about calling a restaurant ""Pizzarazzi""."
2496,0,5,46,51,1.0980392156862746,0.042054138410837674,578,Did you order yours with paparazzi?
2496,0,5,46,51,1.0980392156862746,0.042054138410837674,578,Correct me if I'm wrong but I think I speak for all of us when I say love of celebrity is something of a guilty pleasure
2496,0,5,46,51,1.0980392156862746,0.042054138410837674,578,Just another day at Ray's Famous Pizza
2496,0,5,46,51,1.0980392156862746,0.042054138410837674,578,See? I told you that slice of history was the most popular topping
2496,1,3,47,51,1.0980392156862746,0.050525877359706366,578,You ordered a pizzarazzi?
2496,1,3,47,51,1.0980392156862746,0.050525877359706366,578,I've heard the paparazzi pizza is to die for…
2496,1,3,47,51,1.0980392156862746,0.050525877359706366,578,This waiter is suppose to be the paparazzi of pizza!
2496,0,5,46,51,1.0980392156862746,0.042054138410837674,578,The Beyonce Pizza is just too hot.
2496,1,3,47,51,1.0980392156862746,0.050525877359706366,578,This is what I get for marrying a Guinness!
2496,1,3,47,51,1.0980392156862746,0.050525877359706366,578,This entree is famous!
2496,0,5,46,51,1.0980392156862746,0.042054138410837674,578,That better be Vegan Cheese on that Pizza...
2496,2,1,48,51,1.0980392156862746,0.05776831318688719,578,"Finally, my quest ends -- a pizza that is both contextually and paradigmatically perfect. Yes, I will marry you!"
2496,0,5,46,51,1.0980392156862746,0.042054138410837674,578,"I told them we have tickets for an off, off, off Broadway play that's expected to close any minute now."
2496,0,5,46,51,1.0980392156862746,0.042054138410837674,578,Not even the kitchen is safe from #foodstagrams anymore
2496,0,5,46,51,1.0980392156862746,0.042054138410837674,578,This Guinness book business gets on my nerve.
2496,0,5,46,51,1.0980392156862746,0.042054138410837674,578,I think the pizza is hot.
2496,1,3,47,51,1.0980392156862746,0.050525877359706366,578,I reserved the fish the same day I killed my husband.
2496,0,5,46,51,1.0980392156862746,0.042054138410837674,578,"That's kinky, but my fantasy has Nicholas Cage delivering the pizza."
2496,0,5,46,51,1.0980392156862746,0.042054138410837674,578,'Quiet and intimate ........Really'??
2496,1,3,47,51,1.0980392156862746,0.050525877359706366,578,Stop Thief!!
2496,0,5,46,51,1.0980392156862746,0.042054138410837674,578,"The first gluten free, dairy free and tomato free pizza."
2496,1,3,47,51,1.0980392156862746,0.050525877359706366,578,Try the Pizzarazzi. It's the best in the city.
2496,1,3,47,51,1.0980392156862746,0.050525877359706366,578,I thought we settled on the pepperoni and not the paparazzi.
2496,0,5,46,51,1.0980392156862746,0.042054138410837674,578,"All I'm saying is, when he talks about ""fake news""...he's not totally wrong."
2496,1,3,47,51,1.0980392156862746,0.050525877359706366,578,The waiter really is Nicolas Cage researching his new role in Moonstruck Again.
2496,1,3,47,51,1.0980392156862746,0.050525877359706366,578,To think Daniel Day Lewis thought he could return to the 'humble life.
2496,0,5,46,51,1.0980392156862746,0.042054138410837674,578,"Are you sure you ordered ""pepperoni?"""
2496,1,3,47,51,1.0980392156862746,0.050525877359706366,578,Only his loyal followers can order the paparazzi pizza.
2496,1,3,47,51,1.0980392156862746,0.050525877359706366,578,...I don't know but his driver is Gorbachev.
2496,1,3,47,51,1.0980392156862746,0.050525877359706366,578,I ordered you the paparazzi pizza.
2496,1,3,47,51,1.0980392156862746,0.050525877359706366,578,Did you order from Papa Razzi's again?
2496,1,3,47,51,1.0980392156862746,0.050525877359706366,578,Did you ask for extra pepperoni or extra paparazzi?
2496,0,5,46,51,1.0980392156862746,0.042054138410837674,578,"Oh Harold, this must be your Pizzarazzi Special."
2496,1,3,47,51,1.0980392156862746,0.050525877359706366,578,"Don,t you just hate the pizzarazzi?"
2496,1,3,47,51,1.0980392156862746,0.050525877359706366,578,The owner has a thing about hiring former White House staffers.
2496,1,3,47,51,1.0980392156862746,0.050525877359706366,578,Your Kardashian is ready.
2496,2,1,48,51,1.0980392156862746,0.05776831318688719,578,"Can't wait to try Trump's pizza! It's topped with pepper-comeys, spicer meatballs, priebus sausage drizzled with Scaramucci sauce. To die for!"
2496,2,1,48,51,1.0980392156862746,0.05776831318688719,578,Maybe I should have ordered a Guinness.
2496,1,3,47,51,1.0980392156862746,0.050525877359706366,578,Here's your food! Now hide me!!!
2496,1,3,47,51,1.0980392156862746,0.050525877359706366,578,Here comes our gluten free Paparazzi. .
2496,1,3,47,51,1.0980392156862746,0.050525877359706366,578,Look - here comes our Pizzarazzi.
2496,0,5,46,51,1.0980392156862746,0.042054138410837674,578,Your pizzarazzi is on the way.
2496,0,5,46,51,1.0980392156862746,0.042054138410837674,578,Judging by the number of pizzarazzi Angelo has created another masterpiece.
2496,1,3,47,51,1.0980392156862746,0.050525877359706366,578,I hope we get our dinner before the pizzarazzi find us.
2496,1,3,47,51,1.0980392156862746,0.050525877359706366,578,"Tom-A-to, tom-AH-to; Pepperoni, Paparazzi."
2496,1,3,47,51,1.0980392156862746,0.050525877359706366,578,Sounds like our paparizza is ready . . ..
2496,0,5,46,51,1.0980392156862746,0.042054138410837674,578,I hear their new paparazzi pizza is flash-cooked.
2496,1,3,47,51,1.0980392156862746,0.050525877359706366,578,"This ""Amazon Effect"" is really something"
2496,2,1,48,51,1.0980392156862746,0.05776831318688719,578,Apparently the waiter here was a child star.
2496,0,5,46,51,1.0980392156862746,0.042054138410837674,578,"Quick, finish your drink it's the Pizzarazzi."
2496,0,5,46,51,1.0980392156862746,0.042054138410837674,578,Did you order the Pappardelle?
2496,1,3,47,51,1.0980392156862746,0.050525877359706366,578,Who knew that Christopher Walken could make pizza?
2496,1,3,47,51,1.0980392156862746,0.050525877359706366,578,Dates say I'm one in a million.
2496,1,3,47,51,1.0980392156862746,0.050525877359706366,578,They're famous for their paparazzi pizza.
2496,0,5,46,51,1.0980392156862746,0.042054138410837674,578,"Should we order the three-cheese, the pepperoni, or the paparazzi?"
2496,1,3,47,51,1.0980392156862746,0.050525877359706366,578,"Oh, no...I think someone ordered the pepperoni and Paparazzi pizza."
2496,1,3,47,51,1.0980392156862746,0.050525877359706366,578,Did you say pepperoni or paparazzi?
2496,1,3,47,51,1.0980392156862746,0.050525877359706366,578,"You said you wanted it Insta, Graham."
2496,2,1,48,51,1.0980392156862746,0.05776831318688719,578,"Remind me dear, are they called ""pizzarazzi"" or ""papparizza""?"
2496,0,5,46,51,1.0980392156862746,0.042054138410837674,578,Did I say paparazzi pizza? I meant pepperoni pizza!
2496,1,3,47,51,1.0980392156862746,0.050525877359706366,578,Large pizza with paparazzi!
2496,1,3,47,51,1.0980392156862746,0.050525877359706366,578,"Oh, here comes their famous pepperazzi pizza!"
2496,1,3,47,51,1.0980392156862746,0.050525877359706366,578,It's a really big show tonight!
2496,1,3,47,51,1.0980392156862746,0.050525877359706366,578,I cheat on my husband and I still can't get attention.
2496,0,5,46,51,1.0980392156862746,0.042054138410837674,578,Did you know that the chef here is up for the pizzaiola-of-the-year award?
2496,1,3,47,51,1.0980392156862746,0.050525877359706366,578,"Next time, can we try a restaurant with a celebrity chef?"
2496,1,3,47,51,1.0980392156862746,0.050525877359706366,578,I've noticed a subtle shift of focus from celebrity patrons to the culinary artistes.
2496,0,5,46,51,1.0980392156862746,0.042054138410837674,578,I ordered the paparazzi special pizza.
2496,0,5,46,51,1.0980392156862746,0.042054138410837674,578,Looks like we got paparazzi instead of pepperoni
2496,1,3,47,51,1.0980392156862746,0.050525877359706366,578,"I said I wanted pizza with pepperoni, not paparazzi"
2496,0,5,46,51,1.0980392156862746,0.042054138410837674,578,"Finally, here comes the pepperoni paparazzi."
2496,2,1,48,51,1.0980392156862746,0.05776831318688719,578,"Here comes your ""Paparazzi Pizza."""
2496,1,3,47,51,1.0980392156862746,0.050525877359706366,578,Oh good - I was getting tired of all this cake news.
2496,0,5,46,51,1.0980392156862746,0.042054138410837674,578,"It's an exciting new show "" Pizza Delivery With the Stars"""
2496,0,5,46,51,1.0980392156862746,0.042054138410837674,578,Wouldn't you know? George is trying to be a decoy for Amal again.
2496,0,5,46,51,1.0980392156862746,0.042054138410837674,578,"""I think Luigi should get more credit for your ' fast service' success.''"
2496,0,5,46,51,1.0980392156862746,0.042054138410837674,578,"""Did you really bet that he couldn't deliver a pizza in under five minutes?"
2496,0,5,46,51,1.0980392156862746,0.042054138410837674,578,The chef's specials here are rather famous.
2496,0,5,46,51,1.0980392156862746,0.042054138410837674,578,"hash-tag, mariouppedhisgame"
2496,1,3,47,51,1.0980392156862746,0.050525877359706366,578,Their signature pizza here is the paparazzi special.
2496,0,5,46,51,1.0980392156862746,0.042054138410837674,578,"I didn't say it was the Queen, I said her date was obviously a queen"
2496,1,3,47,51,1.0980392156862746,0.050525877359706366,578,Five minutes or the Duck à l'orange is free
2496,1,3,47,51,1.0980392156862746,0.050525877359706366,578,The paparazzi pizza here is the best in town.
2496,0,5,46,51,1.0980392156862746,0.042054138410837674,578,The Pizza-razzi
2496,1,3,47,51,1.0980392156862746,0.050525877359706366,578,I understand that some rich and famous politician has been tweeting night after night about the pizza here.
2496,1,3,47,51,1.0980392156862746,0.050525877359706366,578,"Uh oh...I knew you shouldn't have ordered the Kardashian topping!"""
2496,0,5,46,51,1.0980392156862746,0.042054138410837674,578,It looks like the paparazzi finally caught up with the new 'It Pie.' You can kiss our quiet dinner goodbye.
2496,1,3,47,51,1.0980392156862746,0.050525877359706366,578,Your nothing burger is here.
2496,1,3,47,51,1.0980392156862746,0.050525877359706366,578,"I told you that was John Turturro waiting on us. Look, the paparazzi have caught on."
2496,1,3,47,51,1.0980392156862746,0.050525877359706366,578,"""Pizza alla paparazzi, coming up""!"
2496,0,5,46,51,1.0980392156862746,0.042054138410837674,578,"Apparently it's not enough to simply call it ""Ray's Famous Pizza."
2496,1,3,47,51,1.0980392156862746,0.050525877359706366,578,Dine & Dash
2496,0,5,46,51,1.0980392156862746,0.042054138410837674,578,What do you expect? It's Pizzarazzi!
2496,1,3,47,51,1.0980392156862746,0.050525877359706366,578,"I can't take your order, I'm just the hot dog stand monitor."
2496,0,5,46,51,1.0980392156862746,0.042054138410837674,578,"Apparently, it's in high demand."
2496,0,5,46,51,1.0980392156862746,0.042054138410837674,578,Press secretary doesn't have the cachet it used to.
2496,0,5,46,51,1.0980392156862746,0.042054138410837674,578,"hot pizza, this must be a first"
2496,0,5,46,51,1.0980392156862746,0.042054138410837674,578,Phew. At least it's not a nothing burger.
2496,1,3,47,51,1.0980392156862746,0.050525877359706366,578,That stinks - the Pizzarazzi have found the place.
2496,1,3,47,51,1.0980392156862746,0.050525877359706366,578,I told you this place was overrun with pizzarazzi
2496,0,5,46,51,1.0980392156862746,0.042054138410837674,578,"""Is it me or do they actually serve the food hotter here on ""Pizzarazzi Nights?"
2496,0,5,46,51,1.0980392156862746,0.042054138410837674,578,Here's looking at you kid
2496,0,5,46,51,1.0980392156862746,0.042054138410837674,578,I thought we ordered pepperoni not paparazzi.
2496,1,3,47,51,1.0980392156862746,0.050525877359706366,578,Word is our waiter approves of Trump.
2496,0,5,46,51,1.0980392156862746,0.042054138410837674,578,I ordered the Pizzarazzi
2496,0,5,46,51,1.0980392156862746,0.042054138410837674,578,Who ordered the large double papparazzi?
2496,1,3,47,51,1.0980392156862746,0.050525877359706366,578,It's those pesky pizzarazzi.
2496,1,3,47,51,1.0980392156862746,0.050525877359706366,578,The special here is out-of-the ordinary
2496,0,5,46,51,1.0980392156862746,0.042054138410837674,578,Did you know Trump's cousin works here?
2496,0,5,46,51,1.0980392156862746,0.042054138410837674,578,Giovanni never dreamed that his special Paparazzi Pepperoni Pizza would be in such high demand.
2496,0,5,46,51,1.0980392156862746,0.042054138410837674,578,His Lordship is currently engaged in public service.
2496,1,3,47,51,1.0980392156862746,0.050525877359706366,578,It's Poparizza.
2496,0,5,46,51,1.0980392156862746,0.042054138410837674,578,I heard Trump finally fired Jeff Sessions.
2496,1,3,47,51,1.0980392156862746,0.050525877359706366,578,"I ordered the fast food, fake news special."
2496,0,5,46,51,1.0980392156862746,0.042054138410837674,578,"uh oh, here comes the PIZZArazzi"
2496,1,3,47,51,1.0980392156862746,0.050525877359706366,578,The President read my Yelp review.
2496,1,3,47,51,1.0980392156862746,0.050525877359706366,578,I think the pepperonzzi followed you.
2496,0,5,46,51,1.0980392156862746,0.042054138410837674,578,"Here comes our ""entrée mystérieuse!"""
2496,0,5,46,51,1.0980392156862746,0.042054138410837674,578,I hear they got their pizza recipe from Alec Baldwin.
2496,0,5,46,51,1.0980392156862746,0.042054138410837674,578,Mellania's order.
2496,0,5,46,51,1.0980392156862746,0.042054138410837674,578,My friend Sheri said not to order the pepperoni... something about people taking pictures?
2496,0,5,46,51,1.0980392156862746,0.042054138410837674,578,I wonder what OJ will do next.
2496,1,3,47,51,1.0980392156862746,0.050525877359706366,578,I guess this pineapple on pizza thing is a big deal
2496,2,1,48,51,1.0980392156862746,0.05776831318688719,578,"Michelin star? No, but they've got the pizza-razzi, and a nice chianti."
2496,0,5,46,51,1.0980392156862746,0.042054138410837674,578,This place is great! The pizza always comes in record time.
2496,1,3,47,51,1.0980392156862746,0.050525877359706366,578,Thank goodness we finally got away from the pizzarazzi.
2496,1,3,47,51,1.0980392156862746,0.050525877359706366,578,Not again! It's the pizzarazzi.
2496,0,5,46,51,1.0980392156862746,0.042054138410837674,578,This is my first celebrity chef sighting.
2496,0,5,46,51,1.0980392156862746,0.042054138410837674,578,Our waiter was once on a reality TV show.
2496,0,5,46,51,1.0980392156862746,0.042054138410837674,578,Are you sure you ordered the right pizza?
2496,0,5,46,51,1.0980392156862746,0.042054138410837674,578,Sure I would. Who wouldn't want their fifteen minutes of fame?
2496,0,5,46,51,1.0980392156862746,0.042054138410837674,578,He's actually named Ray.
2496,0,5,46,51,1.0980392156862746,0.042054138410837674,578,There must be something fake about our pizza - artificial ingredients perhaps.
2496,1,3,47,51,1.0980392156862746,0.050525877359706366,578,Does Tony have a not-so-famous pizza?
2496,0,5,46,51,1.0980392156862746,0.042054138410837674,578,Opening night of ‘World’s Fastest Food Joint’ is getting great press.
2496,0,5,46,51,1.0980392156862746,0.042054138410837674,578,You know a restaurant is good when the pizzarazzi show up.
2496,1,3,47,51,1.0980392156862746,0.050525877359706366,578,This is the last time we eat at Reality Pizza.
2496,0,5,46,51,1.0980392156862746,0.042054138410837674,578,I heard they hired Comby after he was fired.
2496,0,5,46,51,1.0980392156862746,0.042054138410837674,578,He's the original Famous Ray.
2496,1,3,47,51,1.0980392156862746,0.050525877359706366,578,The port pairs well with pizza paparazzi!
2496,0,5,46,51,1.0980392156862746,0.042054138410837674,578,One paparazzi pizza please !
2496,1,3,47,51,1.0980392156862746,0.050525877359706366,578,I ordered mine Extra Hot.
2496,0,5,46,51,1.0980392156862746,0.042054138410837674,578,Apparently the pizza here is famously good.
2496,0,5,46,51,1.0980392156862746,0.042054138410837674,578,"Under new management, indeed."
2496,0,5,46,51,1.0980392156862746,0.042054138410837674,578,I hear the food is the real star here.
2496,0,5,46,51,1.0980392156862746,0.042054138410837674,578,"Is this what they mean by making a ""food run"" ?"
2496,0,5,46,51,1.0980392156862746,0.042054138410837674,578,"Oh, no! Here come the pizzarazzi!"
2496,0,5,46,51,1.0980392156862746,0.042054138410837674,578,"Honey, I think our server may have been in the witness protection program."
2496,0,5,46,51,1.0980392156862746,0.042054138410837674,578,Did we say pepperoni or papparazzi?
2496,1,3,47,51,1.0980392156862746,0.050525877359706366,578,They make a very famous pizza here.
2496,0,5,46,51,1.0980392156862746,0.042054138410837674,578,"Oh look, somebody ordered the pizzarazzi."
2496,0,5,46,51,1.0980392156862746,0.042054138410837674,578,One pizza a la paparazzi coming up.
2496,1,3,47,51,1.0980392156862746,0.050525877359706366,578,I admit I'm curious about their so-called 'World-Famous Pizza.'
2496,1,3,47,51,1.0980392156862746,0.050525877359706366,578,"I just wanted pepperoni and vegetable, not paparazzi and Instagrammable."
2496,0,5,46,51,1.0980392156862746,0.042054138410837674,578,If the camera puts on ten pounds this is going to be a very filling pizza.
2496,0,5,46,51,1.0980392156862746,0.042054138410837674,578,You win. I guess there is such a thing as a paparazzi pizza.
2496,1,3,47,51,1.0980392156862746,0.050525877359706366,578,I told you he'd be here in 15 minutes.
2496,1,3,47,51,1.0980392156862746,0.050525877359706366,578,Don´t get excited; it´s just Jared Kushner dining with someone from Russia.
2496,1,3,47,51,1.0980392156862746,0.050525877359706366,578,"Don't look now, but Sean Spicer landed a new job after all."
2496,0,5,46,51,1.0980392156862746,0.042054138410837674,578,"No, it's not fake news, the pizza was made right here in America!"
2496,0,5,46,51,1.0980392156862746,0.042054138410837674,578,Another fast food joint?
2496,0,5,46,51,1.0980392156862746,0.042054138410837674,578,He’s famous because he is the only waiter who has not yet been replaced by a robot.
2496,1,3,47,51,1.0980392156862746,0.050525877359706366,578,Here come the pepperazi...
2496,0,5,46,51,1.0980392156862746,0.042054138410837674,578,BREAKING NEWS - Pizza Too Hot To Handle!
2496,0,5,46,51,1.0980392156862746,0.042054138410837674,578,"That was amusing Bob, declaring our waiter was really senator Smith hiding out from the heath care vote"
2496,0,5,46,51,1.0980392156862746,0.042054138410837674,578,The photographers are here to record the fast food record.
2496,1,3,47,51,1.0980392156862746,0.050525877359706366,578,Pun Night at Papa Rattzi's Pizza
2496,1,3,47,51,1.0980392156862746,0.050525877359706366,578,It looks like the pizzarazzi have found us.
2496,0,5,46,51,1.0980392156862746,0.042054138410837674,578,"'We've won their 'One in a Million' meal."""
2496,0,5,46,51,1.0980392156862746,0.042054138410837674,578,"Ah, it's the Paparazzi Pizza"
2496,1,3,47,51,1.0980392156862746,0.050525877359706366,578,This is nothing. You should have seen how they hounded Chef Boyardee.
2496,0,5,46,51,1.0980392156862746,0.042054138410837674,578,"I clearly said, ""peperoncini,"" NOT ""paparazzi."""
2496,1,3,47,51,1.0980392156862746,0.050525877359706366,578,What office are you running for?
2496,0,5,46,51,1.0980392156862746,0.042054138410837674,578,But is it Instagram-worthy?
2496,1,3,47,51,1.0980392156862746,0.050525877359706366,578,Amazing! Amazon's new app delivers the merchandise BEFORE toy order it!
2496,0,5,46,51,1.0980392156862746,0.042054138410837674,578,Did you order the pizza with the paparazzi sauce?
2496,0,5,46,51,1.0980392156862746,0.042054138410837674,578,There's now where to hide from the pizzarazi.
2496,1,3,47,51,1.0980392156862746,0.050525877359706366,578,I sure hope Sean Spicer gets a new position.
2496,0,5,46,51,1.0980392156862746,0.042054138410837674,578,"You remembered to ask for extra pepperoni, right?"
2496,1,3,47,51,1.0980392156862746,0.050525877359706366,578,"I took you here to this quiet Italian restaurant, not to ask you to accept your marriage proposal, but to let you know I was once on The Apprentice and Don had his way with me."
2496,1,3,47,51,1.0980392156862746,0.050525877359706366,578,"For the last time, it's 'Pizzarazzi'."
2496,0,5,46,51,1.0980392156862746,0.042054138410837674,578,Hold on. You're 'the' Pete Zarazzi?
2496,1,3,47,51,1.0980392156862746,0.050525877359706366,578,Sure is a lot of hype for a cheese-less pizza.
2496,0,5,46,51,1.0980392156862746,0.042054138410837674,578,"One large paparazzi, hot!"
2496,0,5,46,51,1.0980392156862746,0.042054138410837674,578,Just try not to photobomb my quiche Lorraine.
2496,1,3,47,51,1.0980392156862746,0.050525877359706366,578,Never order a Paparazzi Pie.
2496,1,3,47,51,1.0980392156862746,0.050525877359706366,578,Something tells me you haven't read the latest tweet of Trump's ... and you've been fired.
2496,1,3,47,51,1.0980392156862746,0.050525877359706366,578,I hear the chef is going viral
2496,0,5,46,51,1.0980392156862746,0.042054138410837674,578,Henri has made the news again.
2496,1,3,47,51,1.0980392156862746,0.050525877359706366,578,Here come the pizzarazzi again...
2496,0,5,46,51,1.0980392156862746,0.042054138410837674,578,Hide me. It's the Pizza-Razzi.
2496,0,5,46,51,1.0980392156862746,0.042054138410837674,578,Did you order the Paparoni?
2496,2,1,48,51,1.0980392156862746,0.05776831318688719,578,"I knew this would happen when you order that vodka sauce pizza, Jared."
2496,0,5,46,51,1.0980392156862746,0.042054138410837674,578,In Naples they take their pizza pix seriously
2496,0,5,46,51,1.0980392156862746,0.042054138410837674,578,This Instagram food craze is getting out of hand.
2496,0,5,46,51,1.0980392156862746,0.042054138410837674,578,Did we order the paparazzi too?
2496,0,5,46,51,1.0980392156862746,0.042054138410837674,578,Who ordered the paparazzi pizza pie?
2496,1,3,47,51,1.0980392156862746,0.050525877359706366,578,"I still don't think you said ""pepperoni""."
2496,0,5,46,51,1.0980392156862746,0.042054138410837674,578,"I said that he was a piece of s--t - He won. - now, I have to eat my words"
2496,1,3,47,51,1.0980392156862746,0.050525877359706366,578,I recommend the paparazzi pizza.
2496,0,5,46,51,1.0980392156862746,0.042054138410837674,578,The Pepperazzi comes with free shots
2496,0,5,46,51,1.0980392156862746,0.042054138410837674,578,It's getting more difficult to duck the pizzarazzi.
2496,2,1,48,51,1.0980392156862746,0.05776831318688719,578,These pizzarazzi are intolerable.
2496,0,5,46,51,1.0980392156862746,0.042054138410837674,578,"Paparazzi?! More like Pizzarazzi, am I right?"
2496,2,1,48,51,1.0980392156862746,0.05776831318688719,578,It's true. Spicey has a new job. Less stressful.
2496,1,3,47,51,1.0980392156862746,0.050525877359706366,578,I told you Pizza won the nomination
2496,0,5,46,51,1.0980392156862746,0.042054138410837674,578,The pizzarazzi is merciless tonight.
2496,0,5,46,51,1.0980392156862746,0.042054138410837674,578,You were in the mood for something different.
2496,0,5,46,51,1.0980392156862746,0.042054138410837674,578,. . . and your reviews accurately reflect everyday experiences at restaurants?
2758,0,5,47,52,1.0961538461538463,0.04128055232750756,578,"i prefer the quiet of ""the original ray's pizza"""
2758,1,3,48,52,1.0961538461538463,0.049580558825364524,578,They say this restaurant has great ratings.
2758,0,5,47,52,1.0961538461538463,0.04128055232750756,578,"Well, we did order the deep dish."
2758,1,3,48,52,1.0961538461538463,0.049580558825364524,578,I remember a time when chefs were not celebrities.
2762,0,4,43,47,1.0851063829787233,0.041142194186747603,578,"Did you notice they misspelled ""pepperoni"" on the menu?"
2762,0,4,43,47,1.0851063829787233,0.041142194186747603,578,Did you order the paparazzi and sausage?
2762,0,4,43,47,1.0851063829787233,0.041142194186747603,578,"It's hot, it's gluten-free and it does't burn the roof of your mouth."
2762,0,4,43,47,1.0851063829787233,0.041142194186747603,578,It's not delivery it's Digiorno
2762,0,4,43,47,1.0851063829787233,0.041142194186747603,578,It's historic -- Artificial Intelligence creates its first dinner.
2762,0,4,43,47,1.0851063829787233,0.041142194186747603,578,"So, you were asking what the 'Kardashian special' is...."
2762,0,4,43,47,1.0851063829787233,0.041142194186747603,578,They say the pizza here is viral.
2762,0,4,43,47,1.0851063829787233,0.041142194186747603,578,"All I said was they rush ya here, like it's not a state secret."
2762,1,2,44,47,1.0851063829787233,0.05116394748945358,578,"Ohhh, the pizzarazzi at this place are out of control."
2762,0,4,43,47,1.0851063829787233,0.041142194186747603,578,He used to work for Pak Pong Ju.
2762,0,4,43,47,1.0851063829787233,0.041142194186747603,578,Let's not rush things.
2762,1,2,44,47,1.0851063829787233,0.05116394748945358,578,I've heard the paparazzi pizza is quite excellent.
2762,0,4,43,47,1.0851063829787233,0.041142194186747603,578,Pizza a la Paparazzi?
2762,0,4,43,47,1.0851063829787233,0.041142194186747603,578,I'm just not sure about the service here.
2762,0,4,43,47,1.0851063829787233,0.041142194186747603,578,"They DID say, 'a taste of Italy'."
2762,1,2,44,47,1.0851063829787233,0.05116394748945358,578,Uh oh. I think he misheard you when you asked for pepperoni.
2762,0,4,43,47,1.0851063829787233,0.041142194186747603,578,"Ever since Mooch arrived here in the White House, everything is hot, fast, and served on a platter."
2762,1,2,44,47,1.0851063829787233,0.05116394748945358,578,Papa-razzi John's
2762,1,2,44,47,1.0851063829787233,0.05116394748945358,578,I guess it’s Impossible to escape the Pizzaroti
2762,0,4,43,47,1.0851063829787233,0.041142194186747603,578,Donald Trump Jr likes to order pizza during every important meeting.
2762,0,4,43,47,1.0851063829787233,0.041142194186747603,578,Well this place is called Pizza paparazzi.
2762,2,0,45,47,1.0851063829787233,0.05952158350470087,578,The pepperoniazzi have ruined this place.
2762,0,4,43,47,1.0851063829787233,0.041142194186747603,578,Not ours. Our waiter is more Sean Spicerish.
2762,0,4,43,47,1.0851063829787233,0.041142194186747603,578,Who ordered the pizzarazzi?
2762,0,4,43,47,1.0851063829787233,0.041142194186747603,578,Lets get a pizza tonight.
2762,0,4,43,47,1.0851063829787233,0.041142194186747603,578,"Oh no, the pizza-ratzi found us!"
2762,1,2,44,47,1.0851063829787233,0.05116394748945358,578,OK - next time NO MORE celebrity chef restaurants
2762,1,2,44,47,1.0851063829787233,0.05116394748945358,578,"Okay, the Mooch showed up a week ago."
2762,1,2,44,47,1.0851063829787233,0.05116394748945358,578,"TAble 3 ordered the ""Large Hot Kardashian"""
2762,1,2,44,47,1.0851063829787233,0.05116394748945358,578,"I ordered us a large with paparazzi,"
2762,0,4,43,47,1.0851063829787233,0.041142194186747603,578,Did we order pepperoni and paparazzi?
2762,0,4,43,47,1.0851063829787233,0.041142194186747603,578,He nearly broke a world record the last time I was here.
2762,0,4,43,47,1.0851063829787233,0.041142194186747603,578,They say the food is the real celebrity here
2762,1,2,44,47,1.0851063829787233,0.05116394748945358,578,Pizza paparazzi peeked a pic of pepperoni!
2762,0,4,43,47,1.0851063829787233,0.041142194186747603,578,Fast Freddies. I found it on Yelp.
2762,0,4,43,47,1.0851063829787233,0.041142194186747603,578,Peppperoni. I said pepperoni!
2762,1,2,44,47,1.0851063829787233,0.05116394748945358,578,"Don't turn, but the pizzarazzi are here!"
2762,0,4,43,47,1.0851063829787233,0.041142194186747603,578,Celebrities have paparazzi. We have pizzarazzi.
2762,0,4,43,47,1.0851063829787233,0.041142194186747603,578,Paparazzi Pizza does deliver in a flash.
2762,0,4,43,47,1.0851063829787233,0.041142194186747603,578,Is this why they call it 'Paparazzi Pizza'?
2762,0,4,43,47,1.0851063829787233,0.041142194186747603,578,"Peter, You picked a peck of pizza paparazzi."
2762,0,4,43,47,1.0851063829787233,0.041142194186747603,578,So what comes on the Paparazzi Pie?
2762,0,4,43,47,1.0851063829787233,0.041142194186747603,578,Next time let's get less interesting toppings.
2762,1,2,44,47,1.0851063829787233,0.05116394748945358,578,"The food is good here, but the Pizzarazzi can be a bit much at times."
2762,0,4,43,47,1.0851063829787233,0.041142194186747603,578,Watch out. Here comes the latest congressional hopeful.
2762,1,2,44,47,1.0851063829787233,0.05116394748945358,578,What in heaven name did you order.
2762,0,4,43,47,1.0851063829787233,0.041142194186747603,578,"Arthur, your large Paparazzi pizza with extra entourage is about to be served."
2762,0,4,43,47,1.0851063829787233,0.041142194186747603,578,I get it--so what happens with our 'Hawaiian Pizza' ?
2762,0,4,43,47,1.0851063829787233,0.041142194186747603,578,This must be one of those food network spots.
2762,1,2,44,47,1.0851063829787233,0.05116394748945358,578,I told you the pies here are famous. Here come the pizzarazzi.
2762,0,4,43,47,1.0851063829787233,0.041142194186747603,578,"I remind you, sometimes the moment is passed before it arrives."
2762,1,2,44,47,1.0851063829787233,0.05116394748945358,578,Hot stuff!
2762,0,4,43,47,1.0851063829787233,0.041142194186747603,578,It's the best pizzarazzi in town.
2762,0,4,43,47,1.0851063829787233,0.041142194186747603,578,Paparazzi and pizza is today's special.
2762,0,4,43,47,1.0851063829787233,0.041142194186747603,578,The reviews say their paparazzi is very authentic.
2762,0,4,43,47,1.0851063829787233,0.041142194186747603,578,Sometimes I wish my life was a bit more concealed.
2762,0,4,43,47,1.0851063829787233,0.041142194186747603,578,Their Pizza has been in several movies.
2762,1,2,44,47,1.0851063829787233,0.05116394748945358,578,Did you hear Pizza's a vegetable now?
2762,2,0,45,47,1.0851063829787233,0.05952158350470087,578,You can't escape the Pizzaratti
2762,0,4,43,47,1.0851063829787233,0.041142194186747603,578,It's so difficult to get away from the pizzarazzi these days.
2762,0,4,43,47,1.0851063829787233,0.041142194186747603,578,"Coincidentally, your mother has agreed to appear on ""60 Minutes"" to fill in any remaining blanks"""
2762,1,2,44,47,1.0851063829787233,0.05116394748945358,578,I hear that the Capone Calzone is to die for.
2762,0,4,43,47,1.0851063829787233,0.041142194186747603,578,Me getting to choose what toppings to order SHOULDN'T be headline news...
2762,1,2,44,47,1.0851063829787233,0.05116394748945358,578,"You said ""paparazzi "" when meant ""pepperoni."""
2762,0,4,43,47,1.0851063829787233,0.041142194186747603,578,Next time let's ask them to hold back on the paparazzi.
2762,0,4,43,47,1.0851063829787233,0.041142194186747603,578,"Sorry, 'Mooch'--you can't be an elitist if you order pizza!"
2762,0,4,43,47,1.0851063829787233,0.041142194186747603,578,I wonder how paparazzi pizza compares with pepperoni?
2762,0,4,43,47,1.0851063829787233,0.041142194186747603,578,IGNORE THE FUSS! CHEF IS RUNNING FOR CONGRESS
2762,0,4,43,47,1.0851063829787233,0.041142194186747603,578,I got a tweet about this pop-up and I promised a testimonial.
2762,0,4,43,47,1.0851063829787233,0.041142194186747603,578,'Master Chef' has become quite popular.
2762,0,4,43,47,1.0851063829787233,0.041142194186747603,578,I hear the food here is very photogenic.
2762,0,4,43,47,1.0851063829787233,0.041142194186747603,578,Did you leak it to the press that we're having dinner out?
2762,1,2,44,47,1.0851063829787233,0.05116394748945358,578,I ordered the Pizza-ratzi with extra ratzi
2762,1,2,44,47,1.0851063829787233,0.05116394748945358,578,"So, what are pizzarazzi?"
2762,0,4,43,47,1.0851063829787233,0.041142194186747603,578,The pizzarazzi gets hungrier every year
2762,0,4,43,47,1.0851063829787233,0.041142194186747603,578,I don't see what all the fuss is about.
2762,0,4,43,47,1.0851063829787233,0.041142194186747603,578,Piping hot else we get shot.
2762,0,4,43,47,1.0851063829787233,0.041142194186747603,578,It's a foodie fake news reality show.
2762,0,4,43,47,1.0851063829787233,0.041142194186747603,578,I clearly told him I want it with pepperoni not paparazzi!
2762,1,2,44,47,1.0851063829787233,0.05116394748945358,578,"Donald, get over it, when you're president you'll be more famous than Papa John"
2762,1,2,44,47,1.0851063829787233,0.05116394748945358,578,Where's our pizza
2762,0,4,43,47,1.0851063829787233,0.041142194186747603,578,They think this is a reality show and George Clooney is going to give the winner 100k. That's why the Cameras.
2762,0,4,43,47,1.0851063829787233,0.041142194186747603,578,I find the critics are not nearly as bad as the pizzarazzi these days.
2762,2,0,45,47,1.0851063829787233,0.05952158350470087,578,Don't look now but the Pizzarazi are back again.
2762,1,2,44,47,1.0851063829787233,0.05116394748945358,578,Did you order the paparazzi or the pizza?
2762,0,4,43,47,1.0851063829787233,0.041142194186747603,578,This is nothing compared to Wilber.
2762,1,2,44,47,1.0851063829787233,0.05116394748945358,578,Hilarious explosive diarrhea made him a celebrity.
2762,0,4,43,47,1.0851063829787233,0.041142194186747603,578,So how did this place get the name Paparazzi?
2762,0,4,43,47,1.0851063829787233,0.041142194186747603,578,I see the special tonight is paparazzi pizza.
2762,0,4,43,47,1.0851063829787233,0.041142194186747603,578,You KNOW this happens very time you order the pepperozi.
2762,2,0,45,47,1.0851063829787233,0.05952158350470087,578,"I believe the word you're looking for is ""pizzarazzi."""
2762,0,4,43,47,1.0851063829787233,0.041142194186747603,578,They're famous for their pizza al paparazzi.
2762,0,4,43,47,1.0851063829787233,0.041142194186747603,578,That appetizer was so yesterday's news.
2762,0,4,43,47,1.0851063829787233,0.041142194186747603,578,"I said ""with pepperoni,"" but I think they heard ""with paparazzi."""
2762,0,4,43,47,1.0851063829787233,0.041142194186747603,578,"Oh dear, it looks like the entire kitchen is coming out with our pizza."
2762,0,4,43,47,1.0851063829787233,0.041142194186747603,578,I wanted extra pepperoni not paparazzi.
2762,0,4,43,47,1.0851063829787233,0.041142194186747603,578,I never knew Ray's was THIS famous ...
2762,1,2,44,47,1.0851063829787233,0.05116394748945358,578,I told you pepperoni not paparazzi.
2762,0,4,43,47,1.0851063829787233,0.041142194186747603,578,I think our waiter is a runaway model.
2762,0,4,43,47,1.0851063829787233,0.041142194186747603,578,Speed dating is something even the press would get behind don't you think?
2762,1,2,44,47,1.0851063829787233,0.05116394748945358,578,"Supposedly, the owner of this restaurant is a celebrity chef."
2762,1,2,44,47,1.0851063829787233,0.05116394748945358,578,"I see you ordered ""The Papparazzi"""
2762,0,4,43,47,1.0851063829787233,0.041142194186747603,578,"Since he has become a celebrity chef, he has to deal with the paparazzi."
2762,0,4,43,47,1.0851063829787233,0.041142194186747603,578,They say that the paparazzi pizza here is to die for.
2762,0,4,43,47,1.0851063829787233,0.041142194186747603,578,We seem to be on the finish line of the Pizza Carry Marathon.
2762,0,4,43,47,1.0851063829787233,0.041142194186747603,578,For some odd reason I had a craving for red meat.
2762,0,4,43,47,1.0851063829787233,0.041142194186747603,578,"Here's your favorite Charles; Pepperoni, Anchovies and Paparazzi"
2762,0,4,43,47,1.0851063829787233,0.041142194186747603,578,- Papapizzarazzi
2762,0,4,43,47,1.0851063829787233,0.041142194186747603,578,One celebrity roast coming up!
2762,0,4,43,47,1.0851063829787233,0.041142194186747603,578,They have a paparazzi to die for.
2762,1,2,44,47,1.0851063829787233,0.05116394748945358,578,"I said pepperoni pizza, not paparazzi pizza!"
2762,2,0,45,47,1.0851063829787233,0.05952158350470087,578,Why is the restaurant called Pizzarazzi?
2762,0,4,43,47,1.0851063829787233,0.041142194186747603,578,How's that pizza coming?
2762,0,4,43,47,1.0851063829787233,0.041142194186747603,578,One minute ago I ordered the prestissimo pie.
2762,1,2,44,47,1.0851063829787233,0.05116394748945358,578,Baked news!
2762,1,2,44,47,1.0851063829787233,0.05116394748945358,578,"I disagree, employee monitoring will not improve productivity"
2762,1,2,44,47,1.0851063829787233,0.05116394748945358,578,Whoever thought of promising a 60-second delivery?
2762,1,2,44,47,1.0851063829787233,0.05116394748945358,578,"I hear this guy won .... the ""Transparent Employee of the Week"""
2762,1,2,44,47,1.0851063829787233,0.05116394748945358,578,I like mine with paparazzi.
2762,1,2,44,47,1.0851063829787233,0.05116394748945358,578,"The service seems really fast, but there's a shitload of bulls running behind them."
2762,1,2,44,47,1.0851063829787233,0.05116394748945358,578,Justin Beiber is here making a pizza today
2762,1,2,44,47,1.0851063829787233,0.05116394748945358,578,I can't wait to show it to my instagram followers!
2762,0,4,43,47,1.0851063829787233,0.041142194186747603,578,"I know you don't want to rush into anything, Jerry."
2762,0,4,43,47,1.0851063829787233,0.041142194186747603,578,Apparently the sauce is rich enough to land Kylie Jenner.
2762,0,4,43,47,1.0851063829787233,0.041142194186747603,578,They are famous here for their pizza.
2762,0,4,43,47,1.0851063829787233,0.041142194186747603,578,Here's your pressed duck!
2762,0,4,43,47,1.0851063829787233,0.041142194186747603,578,"I must say, the pizzarazzi in this place is a bit cheesy."
2762,0,4,43,47,1.0851063829787233,0.041142194186747603,578,I know I said Pepperoni Pizza!
2762,0,4,43,47,1.0851063829787233,0.041142194186747603,578,I'm looking for world famous fast food in a sit-down restaurant.
2762,0,4,43,47,1.0851063829787233,0.041142194186747603,578,Did you hear? They just discovered another person in the meeting with Donald Trump Jr.?
2762,0,4,43,47,1.0851063829787233,0.041142194186747603,578,"Darling, I am sure you didn't say pepperoni."
2762,0,4,43,47,1.0851063829787233,0.041142194186747603,578,You simply must serve flash-cooked food immediately or all the flavors fade.
2762,0,4,43,47,1.0851063829787233,0.041142194186747603,578,"Is this what is meant by the ""domino effect""?"
2762,2,0,45,47,1.0851063829787233,0.05952158350470087,578,"The food's good, but the pizzarazzi are getting worse."
2762,0,4,43,47,1.0851063829787233,0.041142194186747603,578,"You know, pizza is getting very popular these days!"
2762,1,2,44,47,1.0851063829787233,0.05116394748945358,578,I take it you have never had the Pizza-razzi
2762,1,2,44,47,1.0851063829787233,0.05116394748945358,578,"Oh, John, did you order pizza with paparazzi again?"
2762,0,4,43,47,1.0851063829787233,0.041142194186747603,578,They're famous for their pizzarazzi.
2762,0,4,43,47,1.0851063829787233,0.041142194186747603,578,Hot off the press!
2762,0,4,43,47,1.0851063829787233,0.041142194186747603,578,Oh no not the pepperoni paparazzi again!
2762,0,4,43,47,1.0851063829787233,0.041142194186747603,578,I heard we're getting a pizza a Kardashian didn't pick up.
2762,1,2,44,47,1.0851063829787233,0.05116394748945358,578,You know that novel with no E? In mine every sentence has a double-z.
2762,1,2,44,47,1.0851063829787233,0.05116394748945358,578,All is forgiven as long as THIS dinner doesn't become another 'hot dog eating spectacle' like our last dinner.
2762,1,2,44,47,1.0851063829787233,0.05116394748945358,578,This fast food place is actually quite good.
2762,0,4,43,47,1.0851063829787233,0.041142194186747603,578,"They've served Mike Piazza here, you know. He's in the Baseball Hall of Fame!"
2762,0,4,43,47,1.0851063829787233,0.041142194186747603,578,One pepperoni with no comments coming right up.
2762,1,2,44,47,1.0851063829787233,0.05116394748945358,578,"I should try ordering other dishes but the ""piparazzi"" here is impeccable."
2762,0,4,43,47,1.0851063829787233,0.041142194186747603,578,I still think you tip excessively!
2762,0,4,43,47,1.0851063829787233,0.041142194186747603,578,The pepperoni paparazzi form a thick soup in which the waiter flies.
2762,2,0,45,47,1.0851063829787233,0.05952158350470087,578,Just ignore the pizzarazzi.
2762,1,2,44,47,1.0851063829787233,0.05116394748945358,578,Papapizza
2762,1,2,44,47,1.0851063829787233,0.05116394748945358,578,I think the Pizza-razzi is getting a bit out of hand
2762,0,4,43,47,1.0851063829787233,0.041142194186747603,578,I implied to the reservationist that we were reviewers for the Michelin guide with a second star on the line but I'm sure that sort of nonsense never actually makes a difference.
2762,0,4,43,47,1.0851063829787233,0.041142194186747603,578,"Coming right up! That's one pizza--half pepperoni, half paparazzi."
2762,1,2,44,47,1.0851063829787233,0.05116394748945358,578,"Personally, I prefer Private Penne Pasta over Pizza Paparazzo"
2762,0,4,43,47,1.0851063829787233,0.041142194186747603,578,I don't believe a four-minute pizza is possible.
2762,1,2,44,47,1.0851063829787233,0.05116394748945358,578,"Don't look now but here comes another ""look at me"" method actor."
2762,0,4,43,47,1.0851063829787233,0.041142194186747603,578,"I wanted the sausage pizza, you of course wanted the pepperazzi."
2762,0,4,43,47,1.0851063829787233,0.041142194186747603,578,Your paparazzi pizza is ready.
2762,0,4,43,47,1.0851063829787233,0.041142194186747603,578,"is that a kardashi- oh no, it's a pizza."
2762,0,4,43,47,1.0851063829787233,0.041142194186747603,578,"Your Italian may need a little work, I think you ordered the Paparazzi instead the Pepperoni."
2762,0,4,43,47,1.0851063829787233,0.041142194186747603,578,He must be a famous chef
2762,0,4,43,47,1.0851063829787233,0.041142194186747603,578,You're the only customer to ever order this1
2762,2,0,45,47,1.0851063829787233,0.05952158350470087,578,"Don't look now, but the pizzarazzi have tracked us down again!"
2762,0,4,43,47,1.0851063829787233,0.041142194186747603,578,Call 911! The foodie paparazzi are completely out of hand!
2762,1,2,44,47,1.0851063829787233,0.05116394748945358,578,"Get ready, at the count of three, say PEPPERONI."
2762,0,4,43,47,1.0851063829787233,0.041142194186747603,578,"With the New York Times failing, pizza delivery is the only real news fit to print."
2762,1,2,44,47,1.0851063829787233,0.05116394748945358,578,"God, these new restaurants with there ""creative dishes!"" When is my paparazzi - pepperoni pizza arriving?"
2762,0,4,43,47,1.0851063829787233,0.041142194186747603,578,I believe his culinary artistry is largely unrecognized.
2762,0,4,43,47,1.0851063829787233,0.041142194186747603,578,Don't tell Trump but I think the waiter's Russian.
2762,1,2,44,47,1.0851063829787233,0.05116394748945358,578,Oh... and did I tell you I'm a well-known foodie?
2762,0,4,43,47,1.0851063829787233,0.041142194186747603,578,Paparazzi mission creep!
2762,0,4,43,47,1.0851063829787233,0.041142194186747603,578,What's it gonna be like when you start eating?
2762,1,2,44,47,1.0851063829787233,0.05116394748945358,578,Reince Preibus?
2762,0,4,43,47,1.0851063829787233,0.041142194186747603,578,You didn't hear? Martha Stewart is premiering her new collection of frozen pizzas.
2762,0,4,43,47,1.0851063829787233,0.041142194186747603,578,Is that actually Donald Trump to my right?
2762,1,2,44,47,1.0851063829787233,0.05116394748945358,578,"Oh Philip, I told you not to order from the gluten free menu."
2762,0,4,43,47,1.0851063829787233,0.041142194186747603,578,The Pepperonazi were a bit confused about the direction of their assignment
2762,0,4,43,47,1.0851063829787233,0.041142194186747603,578,I prefer a more leisurely service.
2762,0,4,43,47,1.0851063829787233,0.041142194186747603,578,I've heard the Pizzarazzi doesn't know this Cafe exists.
2762,0,4,43,47,1.0851063829787233,0.041142194186747603,578,I've heard the service here is excellent.
2762,0,4,43,47,1.0851063829787233,0.041142194186747603,578,I guess this is the 'both and' alternative on the take-out/eat-in issue.
2762,0,4,43,47,1.0851063829787233,0.041142194186747603,578,Exactly what did you order on our pizza?!?!
2762,0,4,43,47,1.0851063829787233,0.041142194186747603,578,I'm your biggest fan I'll follow you until you love me Papa-paparazzi
2762,0,4,43,47,1.0851063829787233,0.041142194186747603,578,You haven't lived until you've had the Paparazzi Pizza they make here.
2762,1,2,44,47,1.0851063829787233,0.05116394748945358,578,Really? You ordered this pizza from the Vatican ovens made by the Pope himself!
2762,0,4,43,47,1.0851063829787233,0.041142194186747603,578,"Apparently they flash cook the pizza. It heightens flavours, colour, textures and promises greater nutrition."
2762,1,2,44,47,1.0851063829787233,0.05116394748945358,578,The food here takes forever.
2762,0,4,43,47,1.0851063829787233,0.041142194186747603,578,While I agree that celebrity *chefs* are démodé...
2762,0,4,43,47,1.0851063829787233,0.041142194186747603,578,It's the Pizzarotti.
2762,1,2,44,47,1.0851063829787233,0.05116394748945358,578,They're not Paparazzi. They're pizzarazzi.
2762,0,4,43,47,1.0851063829787233,0.041142194186747603,578,A pizza waiter wins the running of the paparazzi !
2762,0,4,43,47,1.0851063829787233,0.041142194186747603,578,Fancy Fast Food
2762,1,2,44,47,1.0851063829787233,0.05116394748945358,578,"On second thought, perhaps the ring would have been a better surprise?"
2762,0,4,43,47,1.0851063829787233,0.041142194186747603,578,He's my favorite waiter. He's also very camera-shy.
2762,0,4,43,47,1.0851063829787233,0.041142194186747603,578,"Next time, let's go where they don't have the pizzarazzi."
2762,1,2,44,47,1.0851063829787233,0.05116394748945358,578,It's the newest fad: pizza topped with meat from actual Kardashians.
2762,1,2,44,47,1.0851063829787233,0.05116394748945358,578,I swear you ordered paparazzi instead of pepperoni.
2762,1,2,44,47,1.0851063829787233,0.05116394748945358,578,One large napoletana with extra paparazzi!
2762,2,0,45,47,1.0851063829787233,0.05952158350470087,578,"This is sweet and all, but I'm still mad at you."
2762,0,4,43,47,1.0851063829787233,0.041142194186747603,578,"So, your one night stand fantasy is a harried waiter..."
2762,1,2,44,47,1.0851063829787233,0.05116394748945358,578,I ordered the papparizza.
2762,0,4,43,47,1.0851063829787233,0.041142194186747603,578,I guess Gino's not ready for his 15 minutes of fame.
2762,0,4,43,47,1.0851063829787233,0.041142194186747603,578,"I've heard the food in this restaurant is excellent, but the pizza-razzi can be very annoying."
2762,1,2,44,47,1.0851063829787233,0.05116394748945358,578,There's just no escaping the damned pizzarazzi is there?
2762,1,2,44,47,1.0851063829787233,0.05116394748945358,578,Our paparazzi pizza is here!
2762,1,2,44,47,1.0851063829787233,0.05116394748945358,578,"What exactly is ""Paparazzi'?"
2762,0,4,43,47,1.0851063829787233,0.041142194186747603,578,Why is it that the pizzarazzi always follow us here?
2762,1,2,44,47,1.0851063829787233,0.05116394748945358,578,"You were right, pizza is the signature dish here."
2762,1,2,44,47,1.0851063829787233,0.05116394748945358,578,The pizzarazzi are really aggressive tonight.
2762,0,4,43,47,1.0851063829787233,0.041142194186747603,578,The service was slower before it became Paparazzi Pizza
2762,1,2,44,47,1.0851063829787233,0.05116394748945358,578,"You're about to find out how really ""special"" Vinnie's Special Pizza really is."
2762,0,4,43,47,1.0851063829787233,0.041142194186747603,578,"Once a paparazzo, always a paparazzo"
2762,0,4,43,47,1.0851063829787233,0.041142194186747603,578,There is a downside to eating at Hot new restaurants.
2762,1,2,44,47,1.0851063829787233,0.05116394748945358,578,The pizzarazzi is to die for.
2762,0,4,43,47,1.0851063829787233,0.041142194186747603,578,"Yes, Charles, I did order a Pepperoni, not a Paparazzi. Why do you ask?"
2762,0,4,43,47,1.0851063829787233,0.041142194186747603,578,Not just pizza. Pizza and paparazzi in Pisa!
2762,0,4,43,47,1.0851063829787233,0.041142194186747603,578,It's sweeps week for pizza restaurants. I'm glad we ordered the pasta!
2762,0,4,43,47,1.0851063829787233,0.041142194186747603,578,"Ever since my food-review blog hit it big, the papapizzari have been chasing me."
2762,1,2,44,47,1.0851063829787233,0.05116394748945358,578,"We ordered pepperoni pizza, not paparazzi pizza."
2762,1,2,44,47,1.0851063829787233,0.05116394748945358,578,"Emma Allen said ""order the pizza."""
2762,1,2,44,47,1.0851063829787233,0.05116394748945358,578,I think you may have ordered paparazzi instead of pizzaroni?
2762,0,4,43,47,1.0851063829787233,0.041142194186747603,578,"They're known for their 'paparazzi pizza' -- heavily sauced, doughy, cheesy, toasted, grilled, and roasted."
2762,1,2,44,47,1.0851063829787233,0.05116394748945358,578,"All I wanted was - peace, pizza and privacy. Well, at least the pizza is here!"
2762,0,4,43,47,1.0851063829787233,0.041142194186747603,578,Here comes your double paparazzi.
2762,1,2,44,47,1.0851063829787233,0.05116394748945358,578,All I know is 'schnell speise' is German for fast food...
2762,0,4,43,47,1.0851063829787233,0.041142194186747603,578,"The pizzaratti are here and we're in the picture, darling"
2762,1,2,44,47,1.0851063829787233,0.05116394748945358,578,"You must try their ""paparazzi pizza"""
2762,0,4,43,47,1.0851063829787233,0.041142194186747603,578,So the pizza is made by the queen herself?! That is fancy....
2762,0,4,43,47,1.0851063829787233,0.041142194186747603,578,I Said HOLD The Pizza Razzi
2762,1,2,44,47,1.0851063829787233,0.05116394748945358,578,"Yes, they name their pizzas. Ours is the Alec Baldwin."
2762,0,4,43,47,1.0851063829787233,0.041142194186747603,578,I told you the Beaujolais pizza would create a frenzy.
2762,0,4,43,47,1.0851063829787233,0.041142194186747603,578,I hope it's okay - I ordered the pepperazzi.
2762,0,4,43,47,1.0851063829787233,0.041142194186747603,578,"""... Yes, I KNOW your 'real name' is Dylan Bradford Cooper, but why must you use your INITIALS when making a reservation?!?..."
2762,1,2,44,47,1.0851063829787233,0.05116394748945358,578,"One minute left, or they get their pizza free."
2762,0,4,43,47,1.0851063829787233,0.041142194186747603,578,Here come the Papajohn'srazzi.
2762,0,4,43,47,1.0851063829787233,0.041142194186747603,578,"""I hear that the paparazzi in this place is very good, the pizza so so!"
2762,0,4,43,47,1.0851063829787233,0.041142194186747603,578,The paparizza is here!
2762,1,2,44,47,1.0851063829787233,0.05116394748945358,578,"Let me live like a vagabond with the little youth I have left, Saul."
2762,1,2,44,47,1.0851063829787233,0.05116394748945358,578,I told you not to order the Pizza Paparazzi!
2762,1,2,44,47,1.0851063829787233,0.05116394748945358,578,I thought you promised me the Paparazzi would not be here?
2762,1,2,44,47,1.0851063829787233,0.05116394748945358,578,"Oh, good, here comes our paparazzi pizza."
2762,0,4,43,47,1.0851063829787233,0.041142194186747603,578,Press Flash! Pizza Delivery.
2762,0,4,43,47,1.0851063829787233,0.041142194186747603,578,"""Pepperoni is late for dinner."" - Arman Roberts, age 6, Bainbridge Island, WA"
2762,0,4,43,47,1.0851063829787233,0.041142194186747603,578,I hear The Tavern is trying to appeal to the Millennials now.
2762,0,4,43,47,1.0851063829787233,0.041142194186747603,578,You really did read my profile!
2762,0,4,43,47,1.0851063829787233,0.041142194186747603,578,"Wait, did you tell him 'pepperoni' or 'paparazzi'?"
2762,0,4,43,47,1.0851063829787233,0.041142194186747603,578,So you actually thought this celebrity ambiance would impress me?
2762,0,4,43,47,1.0851063829787233,0.041142194186747603,578,I hear they turn every routine service into an extravaganza.
2762,0,4,43,47,1.0851063829787233,0.041142194186747603,578,"Don't look now, but it's the Pizza Paparazzi."
2762,0,4,43,47,1.0851063829787233,0.041142194186747603,578,"It's the ""30 minutes or it's free"" photo finish"
2762,0,4,43,47,1.0851063829787233,0.041142194186747603,578,Maybe we should have sat further from Lady Gaga.
2762,0,4,43,47,1.0851063829787233,0.041142194186747603,578,You ordered the Pepperoni Paparazzi?
2762,0,4,43,47,1.0851063829787233,0.041142194186747603,578,Paparazzi pizza is not a romantic meal.
2762,1,2,44,47,1.0851063829787233,0.05116394748945358,578,"""Next time could we just have cheese and sausage and leave off the paparazzi?"
2762,0,4,43,47,1.0851063829787233,0.041142194186747603,578,I think you may have confused pepperoni with paparazzi.
2762,0,4,43,47,1.0851063829787233,0.041142194186747603,578,They like to remind you all the awards their pizza has gotten.
2762,1,2,44,47,1.0851063829787233,0.05116394748945358,578,"Oh no don't turn around, the pizzaratzzi is here."
2762,0,4,43,47,1.0851063829787233,0.041142194186747603,578,The best New York pizza is worth the pieparazzi isn't it!
2762,0,4,43,47,1.0851063829787233,0.041142194186747603,578,I heard the waiter here is some sort of celebrity specialty runner.
2762,0,4,43,47,1.0851063829787233,0.041142194186747603,578,Truly the world's most famous pizza.
2762,0,4,43,47,1.0851063829787233,0.041142194186747603,578,"No, I don't really see myself as being popular."
2762,0,4,43,47,1.0851063829787233,0.041142194186747603,578,I thought paparazzi was a topping.
2762,2,0,45,47,1.0851063829787233,0.05952158350470087,578,"Oh, no! Here come the pizzarazzi!"
3026,1,2,45,48,1.0833333333333333,0.05011806391880343,578,There's no escaping those pizzarazzis!
3026,0,4,44,48,1.0833333333333333,0.040314953903908046,578,The pepperazzi have arrived.
3026,1,2,45,48,1.0833333333333333,0.05011806391880343,578,Why I envied her? She definitely looks better in pictures.
3026,0,4,44,48,1.0833333333333333,0.040314953903908046,578,"Its the rabid, leftist media again. Just say, 'the order is special delivery from Putin.' They'll go crazy over that."
3026,0,4,44,48,1.0833333333333333,0.040314953903908046,578,I hear Justin Bieber is our new waiter.
3026,0,4,44,48,1.0833333333333333,0.040314953903908046,578,If there's anchovies it goes back.
3026,0,4,44,48,1.0833333333333333,0.040314953903908046,578,It's the pepperoni paparazzi!
3026,1,2,45,48,1.0833333333333333,0.05011806391880343,578,"Bruce, I'm afraid we've walked into a fifth avenue take-out."
3026,0,4,44,48,1.0833333333333333,0.040314953903908046,578,"I told them we have tickets for an off, off, off Broadway play that's expected to close any minute now."
3026,0,4,44,48,1.0833333333333333,0.040314953903908046,578,I guess celebrities just aren't interesting enough anymore.
3026,0,4,44,48,1.0833333333333333,0.040314953903908046,578,The roast Kardashian is supposed to be excellent here
3026,0,4,44,48,1.0833333333333333,0.040314953903908046,578,The pizzarazzi strike again.
3026,1,2,45,48,1.0833333333333333,0.05011806391880343,578,"Oh No, don't look now but it's the pizzarazzi!"
3026,0,4,44,48,1.0833333333333333,0.040314953903908046,578,I had no idea you were this famous.
3026,0,4,44,48,1.0833333333333333,0.040314953903908046,578,When politics get boring there's always pepperoni.
3026,0,4,44,48,1.0833333333333333,0.040314953903908046,578,Now I get why the critic called it a paparizza place
3026,1,2,45,48,1.0833333333333333,0.05011806391880343,578,They always put on a show here when they chase something up in the kitchen.
3026,0,4,44,48,1.0833333333333333,0.040314953903908046,578,"So, this is the famous home of the one minute Pizza!"
3026,0,4,44,48,1.0833333333333333,0.040314953903908046,578,Did you order the Paparoni?
3026,0,4,44,48,1.0833333333333333,0.040314953903908046,578,This restaurant's pizza is famous.
3046,1,2,49,52,1.0769230769230769,0.04632947979911816,578,Wow the one-millionth pizza is about to be served
3047,1,1,41,43,1.069767441860465,0.051503946641122844,578,"Don't look now, but the parapizze have just landed."
3047,0,3,40,43,1.069767441860465,0.03930950021993099,578,The celeb special we ordered is here.
3047,0,3,40,43,1.069767441860465,0.03930950021993099,578,Apparently the Internet cares if you like pepperoni instead of mushrooms.
3047,0,3,40,43,1.069767441860465,0.03930950021993099,578,This new papparoni pizza is really getting popular.
3047,0,3,40,43,1.069767441860465,0.03930950021993099,578,Doesn't our waiter resemble George Clooney ?
3047,0,3,40,43,1.069767441860465,0.03930950021993099,578,Did you read that they just named a PIZZA as Press Secretary?
3047,0,3,40,43,1.069767441860465,0.03930950021993099,578,Apparently it's the most cutting-edge restaurant in town -- nothing is served in a taco!
3047,0,3,40,43,1.069767441860465,0.03930950021993099,578,I say pepperoni; you say paparazzi.
3047,0,3,40,43,1.069767441860465,0.03930950021993099,578,I can't believe I met George Clooney online.
3047,0,3,40,43,1.069767441860465,0.03930950021993099,578,"After Usain Bolt retired, it's just not the same."
3047,0,3,40,43,1.069767441860465,0.03930950021993099,578,It's the pizza paparazzi.
3047,0,3,40,43,1.069767441860465,0.03930950021993099,578,It's the pizzarattsi! Run for your lives!
3047,1,1,41,43,1.069767441860465,0.051503946641122844,578,"Apparently, this pizza joint guarantees we dine like minor celebrities."
3047,1,1,41,43,1.069767441860465,0.051503946641122844,578,If the Pizzarazzi does not arrive before the Paparazzi its free.
3047,1,1,41,43,1.069767441860465,0.051503946641122844,578,"The food here is great, but I could do without the pizzarazzi!"
3047,0,3,40,43,1.069767441860465,0.03930950021993099,578,Did you order the pizzarazzi?
3047,0,3,40,43,1.069767441860465,0.03930950021993099,578,I told you not to order something called Pizzarazzi.
3047,0,3,40,43,1.069767441860465,0.03930950021993099,578,"Oh, it's not a big deal, Rodney. I just thought for once I'd order the daily special."
3047,0,3,40,43,1.069767441860465,0.03930950021993099,578,i am afraid this time it won't be enough that you remember what you ordered
3047,0,3,40,43,1.069767441860465,0.03930950021993099,578,Ordering a plain pizza was a mistake.
3047,0,3,40,43,1.069767441860465,0.03930950021993099,578,Mothers' And Fathers' Italian Association Pizza Corporation
3047,0,3,40,43,1.069767441860465,0.03930950021993099,578,"I told you to order pepperoni, not paparazzi."
3047,0,3,40,43,1.069767441860465,0.03930950021993099,578,The paparazzi here are to die for.
3047,0,3,40,43,1.069767441860465,0.03930950021993099,578,It’s tough being top restaurant critic for 5-Star fast food chains.
3047,0,3,40,43,1.069767441860465,0.03930950021993099,578,Paparazzi's has the fastest delivery.
3047,0,3,40,43,1.069767441860465,0.03930950021993099,578,It hasn't been the same since Michelin started eating pizza joints.
3047,0,3,40,43,1.069767441860465,0.03930950021993099,578,"""I told you not to order the ""Celebrity Pizza""."
3047,0,3,40,43,1.069767441860465,0.03930950021993099,578,I'm so fed up with the pizzarazzi!
3047,0,3,40,43,1.069767441860465,0.03930950021993099,578,They have the best paparazzi pizza.
3047,0,3,40,43,1.069767441860465,0.03930950021993099,578,They are famous for the pizza here.
3047,0,3,40,43,1.069767441860465,0.03930950021993099,578,I ordered the pizza with pepperoni and paparazzi.
3047,0,3,40,43,1.069767441860465,0.03930950021993099,578,"I told you, no thirty minute or less delivery places."
3047,1,1,41,43,1.069767441860465,0.051503946641122844,578,The pizzaratti are here!
3047,0,3,40,43,1.069767441860465,0.03930950021993099,578,"""Comes with a side of Paparazzi? --is that some kind of salad?"
3047,0,3,40,43,1.069767441860465,0.03930950021993099,578,Have you seen Celebrity Chef on Hulu?
3047,0,3,40,43,1.069767441860465,0.03930950021993099,578,I hope they let it cool a bit.
3047,0,3,40,43,1.069767441860465,0.03930950021993099,578,"""I just love the Paparazzi Pizza""."
3047,0,3,40,43,1.069767441860465,0.03930950021993099,578,Help! I said pepperoni not paparazzi!
3047,0,3,40,43,1.069767441860465,0.03930950021993099,578,The pizzarazzis are getting out of control!..
3047,0,3,40,43,1.069767441860465,0.03930950021993099,578,You told me the pizzarazzi would never find this place.
3047,0,3,40,43,1.069767441860465,0.03930950021993099,578,We ordered pepperoni.
3047,0,3,40,43,1.069767441860465,0.03930950021993099,578,"Guaranteed to be here in 30 seconds, or it's free."
3047,0,3,40,43,1.069767441860465,0.03930950021993099,578,"I thought I said pepperoni. [""thought"" in italics]"
3047,1,1,41,43,1.069767441860465,0.051503946641122844,578,"It's the delivery challenge in 'Singing Sensations', where contestants prepare for life after the show."
3047,0,3,40,43,1.069767441860465,0.03930950021993099,578,Pizza's boring. I'm having paparazzi.
3047,0,3,40,43,1.069767441860465,0.03930950021993099,578,"It may well be the biggest pizza with the most toppings, but Tweeting it was a mistake."
3047,0,3,40,43,1.069767441860465,0.03930950021993099,578,"He crowd-funded a paparazzi experience, since his acting career didn't work out as planned."
3047,0,3,40,43,1.069767441860465,0.03930950021993099,578,Nice dinner. But don't you think the waiter is a bit overbearing?
3047,0,3,40,43,1.069767441860465,0.03930950021993099,578,It's the paparizza again.
3047,0,3,40,43,1.069767441860465,0.03930950021993099,578,"I agree dear, but the paparazzi won't stop until we can rid society of its insatiable appetite for pizza."
3047,1,1,41,43,1.069767441860465,0.051503946641122844,578,"The Princess couldn't decide which was more dangerous, the paparazzi or the Pizza in Paris?"
3047,1,1,41,43,1.069767441860465,0.051503946641122844,578,Did you order pepperoni or paparazzi?
3047,1,1,41,43,1.069767441860465,0.051503946641122844,578,"You ordered the Deep Dish Paparazzi, didn't you?"
3047,0,3,40,43,1.069767441860465,0.03930950021993099,578,Did you order a shot?
3047,0,3,40,43,1.069767441860465,0.03930950021993099,578,"I think, Dear, you meant ""pepperoni."""
3047,1,1,41,43,1.069767441860465,0.051503946641122844,578,"""The Last Supper"" was up for sale, so I...."
3047,0,3,40,43,1.069767441860465,0.03930950021993099,578,"'We've won their 'Million to One' meal!"""
3047,1,1,41,43,1.069767441860465,0.051503946641122844,578,The paparazzioni certainly comes with a lot of fanfare.
3047,1,1,41,43,1.069767441860465,0.051503946641122844,578,"Well, I ordered the Kar-dash-ian."
3047,1,1,41,43,1.069767441860465,0.051503946641122844,578,More fake news.
3047,1,1,41,43,1.069767441860465,0.051503946641122844,578,The 'Spicer' is really the way to go.
3047,0,3,40,43,1.069767441860465,0.03930950021993099,578,I actually prefer paparazzi to pepperoni.
3047,0,3,40,43,1.069767441860465,0.03930950021993099,578,Paparazzi? We ordered pepperoni.
3047,0,3,40,43,1.069767441860465,0.03930950021993099,578,"You don't know this about me, I work undercover for the health department."
3047,0,3,40,43,1.069767441860465,0.03930950021993099,578,"Um, we asked for a pepperoni pizza. Not a paparazzi pizza."
3047,0,3,40,43,1.069767441860465,0.03930950021993099,578,"Not only is the service Great, but this is the hot place for widespread attention!"
3047,0,3,40,43,1.069767441860465,0.03930950021993099,578,Didn't you order Papa John's?
3047,0,3,40,43,1.069767441860465,0.03930950021993099,578,So you say we're getting the first drone-delivered pizza?
3047,0,3,40,43,1.069767441860465,0.03930950021993099,578,I've never had paparazzi pizza before.
3047,0,3,40,43,1.069767441860465,0.03930950021993099,578,Did you order the pizza al paparazzi?
3047,0,3,40,43,1.069767441860465,0.03930950021993099,578,"Of course, >you< had to order the pizza pomodoro ala paparazzi."
3047,0,3,40,43,1.069767441860465,0.03930950021993099,578,"What ever you do don't order the pizza with anchovies, they put a crazy rush on it !"
3047,0,3,40,43,1.069767441860465,0.03930950021993099,578,"After the paparazzi pizza, we're having tweeter's tiramisu."
3047,0,3,40,43,1.069767441860465,0.03930950021993099,578,Did you have to order the TMZ pie?
3047,1,1,41,43,1.069767441860465,0.051503946641122844,578,So what's Sean Spicer doing now?
3047,0,3,40,43,1.069767441860465,0.03930950021993099,578,Oh yes! Today is the grand introduction of their new pizza?
3047,0,3,40,43,1.069767441860465,0.03930950021993099,578,You know the deal -- no substitutions
3047,1,1,41,43,1.069767441860465,0.051503946641122844,578,You said no sex without a condiment.
3047,0,3,40,43,1.069767441860465,0.03930950021993099,578,Get ready to smile!
3047,0,3,40,43,1.069767441860465,0.03930950021993099,578,Now I'm starting to have regrets about ordering the 'Beyonce' pizza.
3047,0,3,40,43,1.069767441860465,0.03930950021993099,578,Damn pizzarazzi!
3047,0,3,40,43,1.069767441860465,0.03930950021993099,578,I think Alec Baldwin is doing a wonderful job so far....
3047,0,3,40,43,1.069767441860465,0.03930950021993099,578,I hear their pizza is to die for!
3047,0,3,40,43,1.069767441860465,0.03930950021993099,578,"Harold, you need to clean your ears. I said 'pepperoni.'"
3047,0,3,40,43,1.069767441860465,0.03930950021993099,578,Oh I'm so tired of the pizzarazzi.
3047,0,3,40,43,1.069767441860465,0.03930950021993099,578,"To be honest, I'm glad it's the last one."
3047,1,1,41,43,1.069767441860465,0.051503946641122844,578,You'd better hope your mother finished making that only five minutes ago.
3047,1,1,41,43,1.069767441860465,0.051503946641122844,578,The Apprentice 2018: Bachelors vs. Chefs
3047,0,3,40,43,1.069767441860465,0.03930950021993099,578,This pizza is going to be eaten using knife and fork with ketchup on it!
3047,0,3,40,43,1.069767441860465,0.03930950021993099,578,"Cooking to be a hot story, this couples first pizza."
3047,0,3,40,43,1.069767441860465,0.03930950021993099,578,How difficult can it be for a queen to order an ordinary pizza?
3047,0,3,40,43,1.069767441860465,0.03930950021993099,578,I thought you said the paparazzi couldn't find us here!?!
3047,0,3,40,43,1.069767441860465,0.03930950021993099,578,When did local food get paparazzi?
3047,0,3,40,43,1.069767441860465,0.03930950021993099,578,"I say, darling, did you call the pizzarazzi?"
3047,0,3,40,43,1.069767441860465,0.03930950021993099,578,The Pizzarazzi have arrived!
3047,0,3,40,43,1.069767441860465,0.03930950021993099,578,"...Darling, the Pizza Paparazzi comes highly recommended !"
3047,0,3,40,43,1.069767441860465,0.03930950021993099,578,Your apartment always smells like condiments
3047,0,3,40,43,1.069767441860465,0.03930950021993099,578,Faster faster the lights are turning red...
3047,0,3,40,43,1.069767441860465,0.03930950021993099,578,Paparazzi or pepperoni... which did we order?
3047,0,3,40,43,1.069767441860465,0.03930950021993099,578,I ordered paparizza.
3047,1,1,41,43,1.069767441860465,0.051503946641122844,578,The big problem with Fabio's Famous Pies is all the pizzarazzi!
3047,1,1,41,43,1.069767441860465,0.051503946641122844,578,Who's serving who in this relationship?
3047,0,3,40,43,1.069767441860465,0.03930950021993099,578,"I told you, never order, ""...and hold the paparazzi."""
3047,0,3,40,43,1.069767441860465,0.03930950021993099,578,Great. Now they'll know I eat gluten-free pizza.
3047,1,1,41,43,1.069767441860465,0.051503946641122844,578,"Great pizza, but only one star for service."
3047,0,3,40,43,1.069767441860465,0.03930950021993099,578,"When you said you were taking me to Paparazzi Pizza, I didn't think there would literally be paparazzi."
3047,0,3,40,43,1.069767441860465,0.03930950021993099,578,Did you order Paparazzi on Pizza?
3047,0,3,40,43,1.069767441860465,0.03930950021993099,578,"Oh no, I ordered pepperoni and mushroom and here comes paparrazi and mushroom!"
3047,0,3,40,43,1.069767441860465,0.03930950021993099,578,Tell me you didn't order the #1 Kardashian pie again. Lot's of dough with nothing on it
3047,0,3,40,43,1.069767441860465,0.03930950021993099,578,I preferred chefs being the new rock stars.
3047,1,1,41,43,1.069767441860465,0.051503946641122844,578,This is different. It's Deep Dish pizza-gate.
3047,0,3,40,43,1.069767441860465,0.03930950021993099,578,"Can you say ""paparazzi pizza pursuit"" fast three times?"
3047,0,3,40,43,1.069767441860465,0.03930950021993099,578,"Luigi was about to make pizza delivery history: the fastest, one hand, over the head delivery in the Bronx."
3047,1,1,41,43,1.069767441860465,0.051503946641122844,578,Must make it in thirty minutes or your next pizza is free.
3047,0,3,40,43,1.069767441860465,0.03930950021993099,578,Did you order paparazzi pizza again?
3047,1,1,41,43,1.069767441860465,0.051503946641122844,578,"I done why they call it ""paparazza"""
3047,0,3,40,43,1.069767441860465,0.03930950021993099,578,They serve the best paparazzi pie in town.
3047,0,3,40,43,1.069767441860465,0.03930950021993099,578,Darn pizzarazzi won't leave my pie alone after it was featured on the Food Network.
3047,1,1,41,43,1.069767441860465,0.051503946641122844,578,They say this place is famous for their paparazzi entree.
3047,0,3,40,43,1.069767441860465,0.03930950021993099,578,I think this wine will go nicely with our pizza ai paparazzi.
3047,0,3,40,43,1.069767441860465,0.03930950021993099,578,Why are the pepperonzis always trying to take your picture?
3047,0,3,40,43,1.069767441860465,0.03930950021993099,578,"They misspelled ""pepperoni""."
3047,1,1,41,43,1.069767441860465,0.051503946641122844,578,"I told you it's pronounced ""Mozzarella"" not ""Mooch-erella""!"
3047,0,3,40,43,1.069767441860465,0.03930950021993099,578,"We ordered pepperoni pizza, not paparazzi pizza."
3047,1,1,41,43,1.069767441860465,0.051503946641122844,578,"Snile for the cameras, dear, we can't have you looking indifferent to privilege."
3047,1,1,41,43,1.069767441860465,0.051503946641122844,578,"From what I've heard, this is only a one-star restaurant."
3047,1,1,41,43,1.069767441860465,0.051503946641122844,578,"Damn, pizza stalkers!"
3047,0,3,40,43,1.069767441860465,0.03930950021993099,578,What? You ordered Paparazzi Pizza again?
3047,0,3,40,43,1.069767441860465,0.03930950021993099,578,I warned you the Big Cheese comes with extra pepperazzi!
3047,0,3,40,43,1.069767441860465,0.03930950021993099,578,"Let""s go someplace a little livelier next time."
3047,0,3,40,43,1.069767441860465,0.03930950021993099,578,"It's pepperoni, not paparatzi!"
3047,0,3,40,43,1.069767441860465,0.03930950021993099,578,I didn't know you were the restaurant owner's auditor for the IRS?
3047,1,1,41,43,1.069767441860465,0.051503946641122844,578,"Oh dear, I did not realize that foie gras ban would become such popular fake news..."
3047,1,1,41,43,1.069767441860465,0.051503946641122844,578,"Well, here come the pizzarazi..."
3047,0,3,40,43,1.069767441860465,0.03930950021993099,578,"You ordered the paparazzi pizza special, didn't you?"
3047,0,3,40,43,1.069767441860465,0.03930950021993099,578,It's their most famous dish.
3047,1,1,41,43,1.069767441860465,0.051503946641122844,578,"Ordering their 10,000,000th pizza does detract from the ambiance."
3047,0,3,40,43,1.069767441860465,0.03930950021993099,578,"Honey, did you order paparazzi instead of pepperoni again?"
3047,0,3,40,43,1.069767441860465,0.03930950021993099,578,Frank? You smell that....it ain't me.
3047,0,3,40,43,1.069767441860465,0.03930950021993099,578,"I'm tired of pepperoni, so I thought we'd try paparazzi."
3047,0,3,40,43,1.069767441860465,0.03930950021993099,578,You ordered the paparazzi and mushroom pizza?
3047,0,3,40,43,1.069767441860465,0.03930950021993099,578,I've heard the pizza with raisins is causing a sensation.
3047,1,1,41,43,1.069767441860465,0.051503946641122844,578,"Obviously, we're so cool."
3047,0,3,40,43,1.069767441860465,0.03930950021993099,578,"Oh, God, the pizzarazzi are so annoying!"
3047,1,1,41,43,1.069767441860465,0.051503946641122844,578,Why is a pizza with everything a cause for celebration?
3047,0,3,40,43,1.069767441860465,0.03930950021993099,578,"Harry, are we in the right place?"
3047,1,1,41,43,1.069767441860465,0.051503946641122844,578,I'm curious about the paparazzi pizza.
3047,0,3,40,43,1.069767441860465,0.03930950021993099,578,In this restaurant the paparazzi are called pizzarazzi.
3047,0,3,40,43,1.069767441860465,0.03930950021993099,578,Your friends simply insist on sharing your special moment!
3047,0,3,40,43,1.069767441860465,0.03930950021993099,578,Now you can't say I've nevwer Now you can't say I've never done anything for you.
3047,1,1,41,43,1.069767441860465,0.051503946641122844,578,"He keeps opening new pizzerias, but the pepperonzi always manage to find him."
3047,1,1,41,43,1.069767441860465,0.051503946641122844,578,Wait till you try the pizzaratsi
3047,0,3,40,43,1.069767441860465,0.03930950021993099,578,"Junior, It's a Moscow Duck for you!"
3047,0,3,40,43,1.069767441860465,0.03930950021993099,578,"Whoa, food comes out here in a flash!"
3047,0,3,40,43,1.069767441860465,0.03930950021993099,578,And I hear they have a celebrity chef.
3047,1,1,41,43,1.069767441860465,0.051503946641122844,578,Our pizza-razzi is here.
3047,0,3,40,43,1.069767441860465,0.03930950021993099,578,"Honestly, nobody does paparazzi pizza better than Luigi."
3047,0,3,40,43,1.069767441860465,0.03930950021993099,578,"The hotter it is out of the oven, the more ""likes"" it will get."
3047,0,3,40,43,1.069767441860465,0.03930950021993099,578,This is the Hard Day's Night of pizza.
3047,1,1,41,43,1.069767441860465,0.051503946641122844,578,"No wonder, it is the hottest pizza in the town"
3047,0,3,40,43,1.069767441860465,0.03930950021993099,578,I miss the days before the pizzarazzi
3047,1,1,41,43,1.069767441860465,0.051503946641122844,578,The food presentation here is extremely photogenic......supposedly.
3047,1,1,41,43,1.069767441860465,0.051503946641122844,578,I am curious about what comes with paparazzi pizza.
3047,0,3,40,43,1.069767441860465,0.03930950021993099,578,Did you order the paparazzi special?
3047,0,3,40,43,1.069767441860465,0.03930950021993099,578,Aspiring paparazzi practice on aspiring actors.
3047,0,3,40,43,1.069767441860465,0.03930950021993099,578,You make everything so hot for me!
3047,0,3,40,43,1.069767441860465,0.03930950021993099,578,have you heard there's a pizza shortage.
3047,0,3,40,43,1.069767441860465,0.03930950021993099,578,Let me guess. You ordered the paparazzi special.
3047,0,3,40,43,1.069767441860465,0.03930950021993099,578,I ordered the chef's signature dish!
3047,0,3,40,43,1.069767441860465,0.03930950021993099,578,I'm told all the waiters are Trump administration castoffs.
3047,0,3,40,43,1.069767441860465,0.03930950021993099,578,All of these sensational names to attract customers; Paparazzi Pizza - as if!
3047,1,1,41,43,1.069767441860465,0.051503946641122844,578,Ugh...the Pizzarazzi's here!!!
3047,0,3,40,43,1.069767441860465,0.03930950021993099,578,"Paparazzi, in Pizza Pursuit. PPP"
3047,0,3,40,43,1.069767441860465,0.03930950021993099,578,Kim Kardashian ordered the same pizza earlier this evening.
3047,1,1,41,43,1.069767441860465,0.051503946641122844,578,Don't look! It's the Pizzaratsi again.
3047,0,3,40,43,1.069767441860465,0.03930950021993099,578,There's no one here tonight from the president's cabinet!
3047,0,3,40,43,1.069767441860465,0.03930950021993099,578,This is what happens when the special is ordered. Milton Jefferson
3047,0,3,40,43,1.069767441860465,0.03930950021993099,578,Is the topping Pepperoni or Paparazzi?
3047,1,1,41,43,1.069767441860465,0.051503946641122844,578,Don't look at me!
3047,0,3,40,43,1.069767441860465,0.03930950021993099,578,I am getting a bit tired of these celebrity chefs
3047,1,1,41,43,1.069767441860465,0.051503946641122844,578,They used to look for a scoop. Now they look for a slice.
3047,1,1,41,43,1.069767441860465,0.051503946641122844,578,I heard they have a real pizzarazzi problem here.
3047,0,3,40,43,1.069767441860465,0.03930950021993099,578,Gourmet Pizza Paparazzi
3047,1,1,41,43,1.069767441860465,0.051503946641122844,578,"I admit, I told my staff that I was out to enjoy a special Russian pizza with 'A' mooch."
3047,1,1,41,43,1.069767441860465,0.051503946641122844,578,Did you know the works comes with paparazzi?
3047,0,3,40,43,1.069767441860465,0.03930950021993099,578,"You can't say you're surprised, can you? Everything the president eats becomes a sensation this summer."
3047,0,3,40,43,1.069767441860465,0.03930950021993099,578,What? Your editor knows that your sister is no longer Cultural Attaché in Moscow and we'll be sharing pizza before I leave for my new FBI translator post in Washington?
3047,1,1,41,43,1.069767441860465,0.051503946641122844,578,I love pizza served hot and bothered!
3047,0,3,40,43,1.069767441860465,0.03930950021993099,578,Ray's was always a nice quiet place before he became famous.
3047,0,3,40,43,1.069767441860465,0.03930950021993099,578,I wonder what today's surprise topping is.
3047,0,3,40,43,1.069767441860465,0.03930950021993099,578,I want a divorce.
3047,1,1,41,43,1.069767441860465,0.051503946641122844,578,didn't know the pizza here came with a topping of paparazzi
3047,0,3,40,43,1.069767441860465,0.03930950021993099,578,I prefer viral pizza.
3047,0,3,40,43,1.069767441860465,0.03930950021993099,578,I hadn't even heard of a paparriza before today.
3047,0,3,40,43,1.069767441860465,0.03930950021993099,578,I hope the pizza-razzi don't show up and ruin our evening.
3047,0,3,40,43,1.069767441860465,0.03930950021993099,578,You just had to eat at a restaurant where the waiter is an Instagram star.
3047,0,3,40,43,1.069767441860465,0.03930950021993099,578,Domino's new interior designer really stepped it up.
3047,0,3,40,43,1.069767441860465,0.03930950021993099,578,I just found out that my Ancestry.com results show that I am 27% Russian.
3047,0,3,40,43,1.069767441860465,0.03930950021993099,578,It's only the pizzarazzi! Take a slice and they're gone.
3047,0,3,40,43,1.069767441860465,0.03930950021993099,578,Reality Pizzeria is a real thing.
3047,0,3,40,43,1.069767441860465,0.03930950021993099,578,It's all just bake news.
3047,0,3,40,43,1.069767441860465,0.03930950021993099,578,"I heard that the chef's father's name was ""Razzi""."
3047,0,3,40,43,1.069767441860465,0.03930950021993099,578,"Not pepperoni, but a paparazzi special."
3047,0,3,40,43,1.069767441860465,0.03930950021993099,578,"Pepperoni on a Paparazzi Pizza, how chic!"
3047,0,3,40,43,1.069767441860465,0.03930950021993099,578,"Half pepperoni, half paparazzi"
3047,1,1,41,43,1.069767441860465,0.051503946641122844,578,Trying to deliver a message of love...
3047,0,3,40,43,1.069767441860465,0.03930950021993099,578,The pizzarazzi found us
3047,0,3,40,43,1.069767441860465,0.03930950021993099,578,Pepperoni paparazzi pizzaria is a mouthful.
3047,0,3,40,43,1.069767441860465,0.03930950021993099,578,You say pizza I say piazza.
3047,0,3,40,43,1.069767441860465,0.03930950021993099,578,I hear that in his new job he agreed to be on camera.
3047,0,3,40,43,1.069767441860465,0.03930950021993099,578,That poor waiter. The pizzarazzi are just relentless tonight.
3047,0,3,40,43,1.069767441860465,0.03930950021993099,578,I thought restaurant critics were supposed to be discreet.
3047,1,1,41,43,1.069767441860465,0.051503946641122844,578,Maybe I should have ordered the pizza after all.
3047,0,3,40,43,1.069767441860465,0.03930950021993099,578,"There's no better place for a quiet, intimate moment together."
3047,0,3,40,43,1.069767441860465,0.03930950021993099,578,"I call it the ""pizza paparazzi"""
3047,0,3,40,43,1.069767441860465,0.03930950021993099,578,Perhaps a quiet evening at home for our next anniversary...
3047,0,3,40,43,1.069767441860465,0.03930950021993099,578,I've heard the food here is rarely boring.
3047,0,3,40,43,1.069767441860465,0.03930950021993099,578,If he sets a new record our dinner's on the house.
3047,0,3,40,43,1.069767441860465,0.03930950021993099,578,I told you: No castle in Bordeaux. No yacht in the Bahamas. Yes to the world on a plate.
3047,0,3,40,43,1.069767441860465,0.03930950021993099,578,I thought once you became a star you could ditch table waiting.
3047,0,3,40,43,1.069767441860465,0.03930950021993099,578,Did you order the pizza with the celebrity topping again?
3047,1,1,41,43,1.069767441860465,0.051503946641122844,578,I don't trust the fake pizza news.
3047,0,3,40,43,1.069767441860465,0.03930950021993099,578,I didn't have Celebrity Pizza in mind for my birthday.
3047,0,3,40,43,1.069767441860465,0.03930950021993099,578,Here comes our pizzarazzi!
3047,0,3,40,43,1.069767441860465,0.03930950021993099,578,"Now, they can see the photo shots without more ado!"
3047,0,3,40,43,1.069767441860465,0.03930950021993099,578,It all goes by in a flash.
3047,0,3,40,43,1.069767441860465,0.03930950021993099,578,"Here's your paparazzi, I mean pepperoni pizza!"
3047,1,1,41,43,1.069767441860465,0.051503946641122844,578,"Well,to me it sounded like you ordered paparazzi. So let's hope he heard pizza!"
3047,1,1,41,43,1.069767441860465,0.051503946641122844,578,I said hold the paparazzi.
3047,0,3,40,43,1.069767441860465,0.03930950021993099,578,"Yes, I DID think Dominos was an unusual last name, but..."
3047,1,1,41,43,1.069767441860465,0.051503946641122844,578,The pizza-razzi have found us again!
3047,0,3,40,43,1.069767441860465,0.03930950021993099,578,Any wine goes with Paparitzi pizza.
3047,0,3,40,43,1.069767441860465,0.03930950021993099,578,It's hard to find authentic famous pizza.
3047,0,3,40,43,1.069767441860465,0.03930950021993099,578,"Actually, now I'm thinking about it, it's pepperoni in Italian, not paparazzi"
3047,0,3,40,43,1.069767441860465,0.03930950021993099,578,High drama is not my idea of a first date.
3047,1,1,41,43,1.069767441860465,0.051503946641122844,578,I've ordered the paparazzi pizza. It's evidently very popular.
3047,0,3,40,43,1.069767441860465,0.03930950021993099,578,They don't call it the They don't call it the paparazzi pizza for nothin'
3047,0,3,40,43,1.069767441860465,0.03930950021993099,578,It's just fake news.
3047,0,3,40,43,1.069767441860465,0.03930950021993099,578,Their specialty is the Paparazzi Pizza
3047,0,3,40,43,1.069767441860465,0.03930950021993099,578,It's their new promotion. They guarantee to serve your pizza befor the paparazzi puts you on the front page.
3047,0,3,40,43,1.069767441860465,0.03930950021993099,578,The paparazzi are on to Paolo's pepperoni.
3047,1,1,41,43,1.069767441860465,0.051503946641122844,578,"sigh, here come the pizza-razzi"
3047,0,3,40,43,1.069767441860465,0.03930950021993099,578,I hope you don't mind....the Pizzarazzi do tend to follow me.
3047,0,3,40,43,1.069767441860465,0.03930950021993099,578,"Now, what were you telling me about the president's son being in town?"
3047,0,3,40,43,1.069767441860465,0.03930950021993099,578,"I wonder why they call this place ""Mario's Famous Pizza."""
3047,0,3,40,43,1.069767441860465,0.03930950021993099,578,"No, I did not think our waiter looked like Leonardo DiCaprio."
3047,0,3,40,43,1.069767441860465,0.03930950021993099,578,The restaurant week deals is getting crazy!
3294,1,1,42,44,1.0681818181818181,0.05034476562380576,578,Send back the pizza and order something very expensive.
3294,0,3,41,44,1.0681818181818181,0.03843843094202265,578,Please tell them that my eyes are up here.
3294,1,1,42,44,1.0681818181818181,0.05034476562380576,578,Will pizza ever be a dress up occasion?
3294,1,1,42,44,1.0681818181818181,0.05034476562380576,578,it's the parpapizza!
3294,0,3,41,44,1.0681818181818181,0.03843843094202265,578,This is the only restaurant that lets Brad Pitt wait tables.
3294,0,3,41,44,1.0681818181818181,0.03843843094202265,578,So that's what Sean Spicer is doing now.
3294,0,3,41,44,1.0681818181818181,0.03843843094202265,578,I guess he's the press' flavor of the month.
3294,0,3,41,44,1.0681818181818181,0.03843843094202265,578,They're ocean to table time is legend!
3294,0,3,41,44,1.0681818181818181,0.03843843094202265,578,I've heard the pizzarazzi can be very aggressive.
3294,0,3,41,44,1.0681818181818181,0.03843843094202265,578,Your Pepperoni Paparizza!
3294,0,3,41,44,1.0681818181818181,0.03843843094202265,578,"By the way, I ordered a slice of history."
3294,0,3,41,44,1.0681818181818181,0.03843843094202265,578,"The Pizzarazzi are back, dear."
3294,0,3,41,44,1.0681818181818181,0.03843843094202265,578,"Did you say you heard a fast breaking ""piece of"" news or a fast breaking ""pizza"" news?"
3294,1,1,42,44,1.0681818181818181,0.05034476562380576,578,"Their food is fine, but the atmosphere is stifling."
3294,0,3,41,44,1.0681818181818181,0.03843843094202265,578,Did you order it with pepperoni or paparazzo?
3294,0,3,41,44,1.0681818181818181,0.03843843094202265,578,"So much for your ""brilliant"" idea to order a political puke pizza."
3294,0,3,41,44,1.0681818181818181,0.03843843094202265,578,Pepperoni is so hot right now.
3294,0,3,41,44,1.0681818181818181,0.03843843094202265,578,"Quality, schmality; you get your pizza here in nothing flat."
3294,0,3,41,44,1.0681818181818181,0.03843843094202265,578,I don't know why we keep coming back here. The pepperazzi are simply out of hand.
3294,0,3,41,44,1.0681818181818181,0.03843843094202265,578,"oh no, I never order a large ."
3294,0,3,41,44,1.0681818181818181,0.03843843094202265,578,I ordered a Trump steak.
3294,1,1,42,44,1.0681818181818181,0.05034476562380576,578,Your Pizzarazzi has arrived.
3294,0,3,41,44,1.0681818181818181,0.03843843094202265,578,"Well, maybe, but I'm guessing our waiter thinks they're more annoying than fake."
3294,0,3,41,44,1.0681818181818181,0.03843843094202265,578,Just follow the pizza.
3294,0,3,41,44,1.0681818181818181,0.03843843094202265,578,I've moved from hot franks.
3294,0,3,41,44,1.0681818181818181,0.03843843094202265,578,He's the Informer.
3294,1,1,42,44,1.0681818181818181,0.05034476562380576,578,"Celebrity restaurants, then celebrity chefs--yeah, O.K. ...but celebrity food runners is just dumbing it down."
3294,1,1,42,44,1.0681818181818181,0.05034476562380576,578,Pizza-razzi.
3294,0,3,41,44,1.0681818181818181,0.03843843094202265,578,Did you order paparroni?
3294,0,3,41,44,1.0681818181818181,0.03843843094202265,578,No it is not the paparazzi it is the pepperazzi ( pepperoni )
3294,0,3,41,44,1.0681818181818181,0.03843843094202265,578,So who are you wearing?
3294,0,3,41,44,1.0681818181818181,0.03843843094202265,578,Who leaked to the press that we were having a pepperoni pizza ?
3294,0,3,41,44,1.0681818181818181,0.03843843094202265,578,The Pizzarazzi is the specialty here.
3294,1,1,42,44,1.0681818181818181,0.05034476562380576,578,"We ordered the ""Papa Paparazzi's Pronto Pepperoni Pizza in a flash"", why do you ask?"
3294,0,3,41,44,1.0681818181818181,0.03843843094202265,578,THIS IS THE LAST TIME WE ORDER THEIR CELEBRITY PIZZA!
3294,0,3,41,44,1.0681818181818181,0.03843843094202265,578,I told you they were famous for their pizza
3294,0,3,41,44,1.0681818181818181,0.03843843094202265,578,Luigi! Luigi! Why the split from Mario? Are you and Mario still talking?
3294,0,3,41,44,1.0681818181818181,0.03843843094202265,578,"This place is famous for their celebrity waiters, not their food."
3294,1,1,42,44,1.0681818181818181,0.05034476562380576,578,I ordered us the Lady Gaga Deluxe.
3294,1,1,42,44,1.0681818181818181,0.05034476562380576,578,The pizzarazzi is here.
3294,1,1,42,44,1.0681818181818181,0.05034476562380576,578,I can't eat anywhere without the pizzarazzi hounding me.
3294,1,1,42,44,1.0681818181818181,0.05034476562380576,578,So I've heard NY now has this pizzarazzi botheration...
3294,0,3,41,44,1.0681818181818181,0.03843843094202265,578,This is the pizza of the year
3294,0,3,41,44,1.0681818181818181,0.03843843094202265,578,There's been a misunderstanding about the chef adding leeks to the pizza.
3294,0,3,41,44,1.0681818181818181,0.03843843094202265,578,"Hey, I wonder if he delivers"
3294,0,3,41,44,1.0681818181818181,0.03843843094202265,578,The pizzarazzi are really rough today.
3294,1,1,42,44,1.0681818181818181,0.05034476562380576,578,"I don’t care if the restaurant is called Papa Razzi, Henry. Please don’t embarrass me by taking a photo of every course."
3294,0,3,41,44,1.0681818181818181,0.03843843094202265,578,Here's your famous pizza!
3294,0,3,41,44,1.0681818181818181,0.03843843094202265,578,And I hired the most secretive pizza delivery service just for you!
3294,0,3,41,44,1.0681818181818181,0.03843843094202265,578,"Look, it's the pizzarazzi!"
3294,0,3,41,44,1.0681818181818181,0.03843843094202265,578,Never order the chef's world-famous anything.
3294,0,3,41,44,1.0681818181818181,0.03843843094202265,578,It's so evident that prompt service is all the thing today.
3294,0,3,41,44,1.0681818181818181,0.03843843094202265,578,I'm glad we didn't order the Paparazzi Pizza!
3294,1,1,42,44,1.0681818181818181,0.05034476562380576,578,I ordered pizza with the works.
3294,0,3,41,44,1.0681818181818181,0.03843843094202265,578,"Did you tell the waiter pepperoni, or paparazzi?"
3294,1,1,42,44,1.0681818181818181,0.05034476562380576,578,What I hear is a Carb sighting is more valuable than a Kardashian sighting.
3294,1,1,42,44,1.0681818181818181,0.05034476562380576,578,Here come the papapizzarazzi. Act like someone else ordered the anchovies.
3294,0,3,41,44,1.0681818181818181,0.03843843094202265,578,I ordered the Pizza Paparazzi.
3294,1,1,42,44,1.0681818181818181,0.05034476562380576,578,Our server was once a finalist on celebrate serial killers at large.
3294,1,1,42,44,1.0681818181818181,0.05034476562380576,578,You never told me about the pizzarazzi.
3294,0,3,41,44,1.0681818181818181,0.03843843094202265,578,Are you sure you ordered pepperoni pizza and not papa-paparazzi?
3294,0,3,41,44,1.0681818181818181,0.03843843094202265,578,They're known for fast service.
3356,0,3,42,45,1.0666666666666667,0.03760507165451773,578,"Who cares, you'll only burn your tongue."
3356,1,1,43,45,1.0666666666666667,0.04923659639173308,578,It's those pesky pizzarazzi sgsin
3356,0,3,42,45,1.0666666666666667,0.03760507165451773,578,Having a locally sourced staff couldn't be hotter.
3356,1,1,43,45,1.0666666666666667,0.04923659639173308,578,Thanks for taking me to Pappa Ratzie's Pizza.
3356,0,3,42,45,1.0666666666666667,0.03760507165451773,578,He's Russian.
3356,0,3,42,45,1.0666666666666667,0.03760507165451773,578,I hear they've got the best paparazzi pizza.
3356,0,3,42,45,1.0666666666666667,0.03760507165451773,578,I hear the paparazzi pizza is authentic.
3356,1,1,43,45,1.0666666666666667,0.04923659639173308,578,It's just fake news.
3356,1,1,43,45,1.0666666666666667,0.04923659639173308,578,It would be nice to have a dinner without being bombarded by Pizzarazi.
3356,0,3,42,45,1.0666666666666667,0.03760507165451773,578,"I like Kayne's new Paparazzi Pizza restaurant. I hear the tabloids pay him $200,000 per pizza he delivers. Should have that debt paid off in no time. And look, there's Kim taking a selfie."
3356,0,3,42,45,1.0666666666666667,0.03760507165451773,578,"we obviously differ on the meaning of a secret, intimate dinner!"
3356,0,3,42,45,1.0666666666666667,0.03760507165451773,578,I warned him that if he got that third Michelin star the pizzarazzi would never let him be.
3356,1,1,43,45,1.0666666666666667,0.04923659639173308,578,They say the pizzarazzi here is molto autentico.
3356,0,3,42,45,1.0666666666666667,0.03760507165451773,578,"Oh...look Dear, here comes the pizza special."
3356,0,3,42,45,1.0666666666666667,0.03760507165451773,578,"Cuisine, exquisite. Privacy, not so much."
3356,0,3,42,45,1.0666666666666667,0.03760507165451773,578,"Can I prove that it's 'pepperoni', not 'paparazzi'? Why, yes, I think I can."
3356,0,3,42,45,1.0666666666666667,0.03760507165451773,578,"Apparently, celebrity waiters have become the new celebrity chefs."
3356,0,3,42,45,1.0666666666666667,0.03760507165451773,578,I heard service is very good here.
3356,0,3,42,45,1.0666666666666667,0.03760507165451773,578,"Honey, it looks like the pizzarazzi has spotted us."
3356,0,3,42,45,1.0666666666666667,0.03760507165451773,578,I hope you’ll like this place. The pizza here is famous.
3376,0,2,37,39,1.0512820512820513,0.03578157512432619,578,My boss has to stop making reservations in his name4!
3376,0,2,37,39,1.0512820512820513,0.03578157512432619,578,I'm not sure I care for places with singing waiters.
3376,1,0,38,39,1.0512820512820513,0.05128205128205128,578,The room service menu says pizza here is really really good. The very very best since pizza was invented.
3376,0,2,37,39,1.0512820512820513,0.03578157512432619,578,This place is know for its paparazzi pizza.
3376,0,2,37,39,1.0512820512820513,0.03578157512432619,578,Here comes the paparazzi pizza; can't wait for the Twitter troll tortellini.
3376,0,2,37,39,1.0512820512820513,0.03578157512432619,578,I think I found a shutterbug in my pasta salad.
3376,0,2,37,39,1.0512820512820513,0.03578157512432619,578,"Just a heads-up: I'm gonna want to take a bunch of pictures of the food, and make gifs of myself pretending to bite into the food, and the food will probably be cold by the time I'm done doing all that."
3376,0,2,37,39,1.0512820512820513,0.03578157512432619,578,Must you always order extra paparazzi?
3376,0,2,37,39,1.0512820512820513,0.03578157512432619,578,I do have a preference for non Fair-Trade ingredients.
3376,0,2,37,39,1.0512820512820513,0.03578157512432619,578,Fill up on the bread darling.
3376,0,2,37,39,1.0512820512820513,0.03578157512432619,578,I just like the way it sounded... Paparazzi Pizza!
3376,0,2,37,39,1.0512820512820513,0.03578157512432619,578,"The Fifteen Minute of Fame Pizza is taking longer than I thought, but I bet it's delicious."
3376,0,2,37,39,1.0512820512820513,0.03578157512432619,578,"It's to die for, but he actually killed someone."
3376,0,2,37,39,1.0512820512820513,0.03578157512432619,578,"I hear that they created ""crowd saucing"" here."
3376,0,2,37,39,1.0512820512820513,0.03578157512432619,578,I wonder which celebrity chef spat in our food tonight.
3376,0,2,37,39,1.0512820512820513,0.03578157512432619,578,Thus I had to inform the media....here's your pizza.
3376,0,2,37,39,1.0512820512820513,0.03578157512432619,578,They say the Justin Bieber pizza is very popular.
3376,0,2,37,39,1.0512820512820513,0.03578157512432619,578,"Faster than an ambulance, faster than a speeding bullet - it's the Pizza man ! Delivering anywhere. Even to your favorite restaurants ......"
3376,1,0,38,39,1.0512820512820513,0.05128205128205128,578,They got the order wrong again. I said pizza with pepperoni but they sent pizza with paparazzi!
3376,0,2,37,39,1.0512820512820513,0.03578157512432619,578,"How cute. He thought I said ""paparazzi pizza."""
3376,0,2,37,39,1.0512820512820513,0.03578157512432619,578,I think the Pizza Paparazzi have arrived.
3376,0,2,37,39,1.0512820512820513,0.03578157512432619,578,Your Average Pizza
3376,0,2,37,39,1.0512820512820513,0.03578157512432619,578,"All I wanted was quiet, romantic dinner. But YOU had to invite the pizzarazzi!"
3376,0,2,37,39,1.0512820512820513,0.03578157512432619,578,Trump's personal pizza guy
3376,0,2,37,39,1.0512820512820513,0.03578157512432619,578,I think we're about to try a dish from Medieval times.
3376,0,2,37,39,1.0512820512820513,0.03578157512432619,578,I wonder what your Papparazzi pizza comes with?
3376,1,0,38,39,1.0512820512820513,0.05128205128205128,578,"Sorry, I'm not hungry enough for another course."
3376,0,2,37,39,1.0512820512820513,0.03578157512432619,578,"Now that the paparazzi have time machines, they get to do in-depth interviews of everyday people before they die their gruesome deaths."
3376,0,2,37,39,1.0512820512820513,0.03578157512432619,578,Here comes our paparizza.
3376,0,2,37,39,1.0512820512820513,0.03578157512432619,578,Guiseppi is always terrified by my paparazzi entourage.
3376,0,2,37,39,1.0512820512820513,0.03578157512432619,578,"I told you those little peppers weren't called ""paparazzi."""
3376,0,2,37,39,1.0512820512820513,0.03578157512432619,578,I was sure this wasn't a popular place
3376,0,2,37,39,1.0512820512820513,0.03578157512432619,578,I wasn't sure if you said pizza or paparazzi.
3376,0,2,37,39,1.0512820512820513,0.03578157512432619,578,You had to order to be the first to order a pizza with caviar?
3376,0,2,37,39,1.0512820512820513,0.03578157512432619,578,Oh Sweetheart! FINALLY! A quiet dinner for two!
3376,0,2,37,39,1.0512820512820513,0.03578157512432619,578,I see the pizzarazzi are really getting aggressive this season. That pizza doesn't look that special.
3376,0,2,37,39,1.0512820512820513,0.03578157512432619,578,29 minutes. Looks like you're going to have to pay for the meal after all.
3376,0,2,37,39,1.0512820512820513,0.03578157512432619,578,"I hear the food's great, but what an odd name for an Italian restaurant - Paparazzi Pizza"
3376,0,2,37,39,1.0512820512820513,0.03578157512432619,578,Eat quickly - Mike Pence is in town.
3376,0,2,37,39,1.0512820512820513,0.03578157512432619,578,This is the only place in town that serves Paparazzi Pepperoni Pizza
3376,0,2,37,39,1.0512820512820513,0.03578157512432619,578,So...did you say that your name is Herman Trump?
3376,0,2,37,39,1.0512820512820513,0.03578157512432619,578,...but we see the reverse effect in the Paparazzi pizza where the splicing of rodent DNA and wey protein serves to trigger specific receptors found only in the target group
3376,0,2,37,39,1.0512820512820513,0.03578157512432619,578,"""Whddya mean, your birthday is tomorrow?"
3376,0,2,37,39,1.0512820512820513,0.03578157512432619,578,"According to the reviews, this place is both elegant AND fast food"
3376,0,2,37,39,1.0512820512820513,0.03578157512432619,578,I think I'll order the Papparazzi Panzerotti.
3376,0,2,37,39,1.0512820512820513,0.03578157512432619,578,"I simply told the waiter I need to get back to the Senate chamber quickly, while there's still time to vote against repealing Obamacare."
3376,0,2,37,39,1.0512820512820513,0.03578157512432619,578,You shouldn't have ordered the peparazzi pizza.
3376,0,2,37,39,1.0512820512820513,0.03578157512432619,578,"When pizza becomes fine dining, it always makes the news."
3376,0,2,37,39,1.0512820512820513,0.03578157512432619,578,"I'd say 'Yes' if you eat this pie delivered via Time Machine ex-Castle on the Wall, year 1654"
3376,0,2,37,39,1.0512820512820513,0.03578157512432619,578,...and I grew up Gotti.
3376,0,2,37,39,1.0512820512820513,0.03578157512432619,578,The Paparazzi looks fresh.
3376,0,2,37,39,1.0512820512820513,0.03578157512432619,578,Did I happen to mention my lineage?
3376,0,2,37,39,1.0512820512820513,0.03578157512432619,578,They give me free Instagram.
3376,0,2,37,39,1.0512820512820513,0.03578157512432619,578,This could be our pizzarazzi.
3376,0,2,37,39,1.0512820512820513,0.03578157512432619,578,"I swore I said, ""Large with extra pepperoni!"""
3376,0,2,37,39,1.0512820512820513,0.03578157512432619,578,I ordered us the papperoniazzi.
3376,0,2,37,39,1.0512820512820513,0.03578157512432619,578,I said I wanted a date with flash and pizzaZZ!
3376,0,2,37,39,1.0512820512820513,0.03578157512432619,578,You forgot to raise the drawbridge again.
3376,0,2,37,39,1.0512820512820513,0.03578157512432619,578,I never thought ordering just a cheese pizza would be that unusual.
3376,0,2,37,39,1.0512820512820513,0.03578157512432619,578,I hear the pizzarazzi is amazing.
3376,0,2,37,39,1.0512820512820513,0.03578157512432619,578,How romantic... pizza with paparazzi!
3376,0,2,37,39,1.0512820512820513,0.03578157512432619,578,Never heard of Anniversary Pizza.
3376,0,2,37,39,1.0512820512820513,0.03578157512432619,578,Does Justin Bieber like pepperoni?
3376,0,2,37,39,1.0512820512820513,0.03578157512432619,578,I thought Papa Razzi Pizza just meant some old Italian guy owned it...
3376,0,2,37,39,1.0512820512820513,0.03578157512432619,578,"Slow News Day, I forgot the pepperoni!"
3376,0,2,37,39,1.0512820512820513,0.03578157512432619,578,The OJ special again? Really?
3376,1,0,38,39,1.0512820512820513,0.05128205128205128,578,The King demands a pizza or he will jump.
3376,0,2,37,39,1.0512820512820513,0.03578157512432619,578,"The service is good, of course, but the pepperonazzi can be annoying."
3376,0,2,37,39,1.0512820512820513,0.03578157512432619,578,No Knights of the Round Table for King David.
3376,0,2,37,39,1.0512820512820513,0.03578157512432619,578,Donald tweeted that the paparazzi pizza here is really early great.
3376,0,2,37,39,1.0512820512820513,0.03578157512432619,578,"For once, I just wanted a quiet evening with the two of us."
3376,0,2,37,39,1.0512820512820513,0.03578157512432619,578,Watch out for the pizzarazzi in this place.
3376,0,2,37,39,1.0512820512820513,0.03578157512432619,578,The Pizza Coupon Pizzarazzi jockey for the best shots
3376,0,2,37,39,1.0512820512820513,0.03578157512432619,578,This place has passed it's peak. Too many pizzarazzi.
3376,0,2,37,39,1.0512820512820513,0.03578157512432619,578,Pizzapaparazzi!
3376,1,0,38,39,1.0512820512820513,0.05128205128205128,578,The pizzarazzi are just as just as bad!
3376,0,2,37,39,1.0512820512820513,0.03578157512432619,578,Pepperoni pizza paparrazi.
3376,0,2,37,39,1.0512820512820513,0.03578157512432619,578,Papapizza
3376,0,2,37,39,1.0512820512820513,0.03578157512432619,578,Ripley's Believe it or Not?
3376,0,2,37,39,1.0512820512820513,0.03578157512432619,578,You just had to order the Pizza Paparazzi special!
3376,0,2,37,39,1.0512820512820513,0.03578157512432619,578,I thought I ordered the pappardelle not the paparazzi.
3376,0,2,37,39,1.0512820512820513,0.03578157512432619,578,It's delicious. Even the President orders pizza from here.
3376,0,2,37,39,1.0512820512820513,0.03578157512432619,578,This must be the first pizza order THEY've ever had.
3376,0,2,37,39,1.0512820512820513,0.03578157512432619,578,Their large pizzarazzi is to die for.
3376,0,2,37,39,1.0512820512820513,0.03578157512432619,578,Did you order extra Paparazzi with your Pizza?
3376,0,2,37,39,1.0512820512820513,0.03578157512432619,578,I heard the paparazzi pizza here is to die for.
3376,0,2,37,39,1.0512820512820513,0.03578157512432619,578,Pizzeria paparazzi.
3376,0,2,37,39,1.0512820512820513,0.03578157512432619,578,"Well, the pizzarazzi found us...I told you we should have ordered in Chinese."
3376,1,0,38,39,1.0512820512820513,0.05128205128205128,578,Funny you should ask how ‘Paparazzi’s Pizza’ got its name.
3376,1,0,38,39,1.0512820512820513,0.05128205128205128,578,"This place used to be reliable, but now it's just bake news."
3376,0,2,37,39,1.0512820512820513,0.03578157512432619,578,Italy is a forerunner
3376,0,2,37,39,1.0512820512820513,0.03578157512432619,578,Did you order the celebrity pizza?
3376,1,0,38,39,1.0512820512820513,0.05128205128205128,578,You did say this was a quite private restaurant?
3376,0,2,37,39,1.0512820512820513,0.03578157512432619,578,"Your Pizza con Paparazzi is here, mio amore"
3376,0,2,37,39,1.0512820512820513,0.03578157512432619,578,"""I knew you were wrong when you said this place would be filled with celebrities. The paparazzi have nothing better to chase than the pizza."
3376,1,0,38,39,1.0512820512820513,0.05128205128205128,578,...and so Trump rage tweets that the Prince of Wales gave birth to a pizza.
3376,0,2,37,39,1.0512820512820513,0.03578157512432619,578,"I maxed out the card , ordered the Devotion Pizza with Trump's image on it."
3376,0,2,37,39,1.0512820512820513,0.03578157512432619,578,"I think he thought you said ""pizza with paparazzi""."
3376,0,2,37,39,1.0512820512820513,0.03578157512432619,578,"I told them,anything that doesn't drip or leak."
3376,0,2,37,39,1.0512820512820513,0.03578157512432619,578,The Pizzarazzi have really gotten out of hand lately.
3376,0,2,37,39,1.0512820512820513,0.03578157512432619,578,The sign did say 'Ray's Famous Pizza'.
3376,0,2,37,39,1.0512820512820513,0.03578157512432619,578,"I won the bet, so Donald will be serving the pizza"
3376,0,2,37,39,1.0512820512820513,0.03578157512432619,578,Ordering pizza with pineapple topping is more and more unusual.
3376,0,2,37,39,1.0512820512820513,0.03578157512432619,578,Hillary wants a recount; saying she can do a better job then the now president.
3376,0,2,37,39,1.0512820512820513,0.03578157512432619,578,"I love you accept your propensity to stutter under stress but what are you asking when you say you want to publically 'pep, pep, pepperoni for marriage'?"
3376,0,2,37,39,1.0512820512820513,0.03578157512432619,578,I told you we should have invited them sooner.
3376,0,2,37,39,1.0512820512820513,0.03578157512432619,578,"The new website, ""Did Trump order pizza to mar-a-Lago?"" tracks how many tax payer dollars go to delivering a New York pizza to Trump's Florida haven."
3376,1,0,38,39,1.0512820512820513,0.05128205128205128,578,"Fast food and the paparazzi, an unlikely combination, join forces to break up that awkward silence so common on a first date..."
3376,0,2,37,39,1.0512820512820513,0.03578157512432619,578,Mushroom and Pepperozzi
3376,1,0,38,39,1.0512820512820513,0.05128205128205128,578,"I heard this restaurants specialty is ""Paparazzi Pizza""."
3376,0,2,37,39,1.0512820512820513,0.03578157512432619,578,You never told me your Cousin Viny was so pretentiously sensational serving Pizza!
3376,0,2,37,39,1.0512820512820513,0.03578157512432619,578,Here's your Paparazzi and Cheese.
3376,0,2,37,39,1.0512820512820513,0.03578157512432619,578,Here comes the winner of this month's One Minute Pizza Contest.
3376,0,2,37,39,1.0512820512820513,0.03578157512432619,578,"Well, Cuthbert, my copy of Loonely Planet distinctly said to insist on their Paparazzi Pizza. Your copy may have said Pepperoni."
3376,0,2,37,39,1.0512820512820513,0.03578157512432619,578,"They're not real journalists, just pizzarazzi"
3376,0,2,37,39,1.0512820512820513,0.03578157512432619,578,You said cheese and here come the pizzarazzi.
3376,0,2,37,39,1.0512820512820513,0.03578157512432619,578,I'm starting to believe this pizza is too good...
3376,0,2,37,39,1.0512820512820513,0.03578157512432619,578,Oh dear. The pizzarazzi are on to us again!
3376,0,2,37,39,1.0512820512820513,0.03578157512432619,578,But the hard reality is that fame won't pay the rent between gigs.
3376,0,2,37,39,1.0512820512820513,0.03578157512432619,578,Did we order extra pepperoni or extra paparazzi?
3376,0,2,37,39,1.0512820512820513,0.03578157512432619,578,Five more seconds and it's free.
3376,0,2,37,39,1.0512820512820513,0.03578157512432619,578,Did you notice the traffic jam outside after I tweeted for LEEKS on my pizza?
3376,0,2,37,39,1.0512820512820513,0.03578157512432619,578,Did you order Paparazzi on Pizza?
3376,0,2,37,39,1.0512820512820513,0.03578157512432619,578,The food's worth it; if you can look past the pizzarazzi.
3376,0,2,37,39,1.0512820512820513,0.03578157512432619,578,We ordered Pizza with Pepperoni not Paparazzi!
3376,0,2,37,39,1.0512820512820513,0.03578157512432619,578,"Candidate Smith--they need to report on your Pizza Doctrine. If elected--do you pick intend to pick it up, fold it, or eat it with a knife and fork?"
3376,0,2,37,39,1.0512820512820513,0.03578157512432619,578,How do you feel about the paparazzi?
3376,0,2,37,39,1.0512820512820513,0.03578157512432619,578,"I warned you not to order a ""Trump Rump""."
3376,0,2,37,39,1.0512820512820513,0.03578157512432619,578,Paparazzi pizza? It's a stakeout followed by a take-out.
3376,0,2,37,39,1.0512820512820513,0.03578157512432619,578,It's the pie-parazzi. Do I need to freshen my jejune?
3376,0,2,37,39,1.0512820512820513,0.03578157512432619,578,This is my 4th time completing the NY Pizza 5k dinner/run
3376,0,2,37,39,1.0512820512820513,0.03578157512432619,578,"I hate being a celebrity, they always care more about what we eat."
3376,0,2,37,39,1.0512820512820513,0.03578157512432619,578,It's the damn pizzarzzi again.
3376,0,2,37,39,1.0512820512820513,0.03578157512432619,578,It's those paparapizzi again.
3376,0,2,37,39,1.0512820512820513,0.03578157512432619,578,"No, paparazzi is not 'extra cheese' in Italian."
3376,0,2,37,39,1.0512820512820513,0.03578157512432619,578,Oh dear! Now they are taking food selfies too! I guess it's the new social media... “Foodstagramming”!!!
3376,0,2,37,39,1.0512820512820513,0.03578157512432619,578,You'd think they never heard of flammkuchen pizza before.
3376,0,2,37,39,1.0512820512820513,0.03578157512432619,578,"If it's all the same to you, I think we ought to forget about the anniversary of our first date."
3376,1,0,38,39,1.0512820512820513,0.05128205128205128,578,Did I tell you my hus band works here
3376,1,0,38,39,1.0512820512820513,0.05128205128205128,578,The pizzarazzi are everywhere.
3376,0,2,37,39,1.0512820512820513,0.03578157512432619,578,I'm glad you told him we had to have the entrée before the next tweet.
3376,0,2,37,39,1.0512820512820513,0.03578157512432619,578,"Winner,winner chicken dinner"
3376,0,2,37,39,1.0512820512820513,0.03578157512432619,578,I can't believe our pizza still hasn't arrived we ordered half an hour ago how long does it take to cook a damn pizza?
3376,0,2,37,39,1.0512820512820513,0.03578157512432619,578,"Tell him to sign the check, please."
3376,0,2,37,39,1.0512820512820513,0.03578157512432619,578,"No, an Oscar nominated actor would not be working here."
3376,0,2,37,39,1.0512820512820513,0.03578157512432619,578,"I think 'Pizza Collusion' is an interesting name for a new restaurant, don't you?"
3376,0,2,37,39,1.0512820512820513,0.03578157512432619,578,I heard this was the finish line for the 1st Pizza Marathon!
3376,0,2,37,39,1.0512820512820513,0.03578157512432619,578,"The piece of pizza pie preferred by paparazzi? Why no, I don’t think I have heard of it."
3376,0,2,37,39,1.0512820512820513,0.03578157512432619,578,Papa Razzi's extra cheese!
3376,0,2,37,39,1.0512820512820513,0.03578157512432619,578,i hear beyonce and jay z are expecting a pizza
3376,0,2,37,39,1.0512820512820513,0.03578157512432619,578,"I think we’re in for an interesting evening, Charlie."
3376,0,2,37,39,1.0512820512820513,0.03578157512432619,578,These Paparazzi Pizza orders are getting old!
3376,0,2,37,39,1.0512820512820513,0.03578157512432619,578,Our waiter is such a star!
3376,0,2,37,39,1.0512820512820513,0.03578157512432619,578,They really love up to their name here at Pizzarazzi's.
3376,0,2,37,39,1.0512820512820513,0.03578157512432619,578,But is the food really worth the price to be served by D-list celebrities?
3376,0,2,37,39,1.0512820512820513,0.03578157512432619,578,"""Celebrity Chef"" it is"
3376,0,2,37,39,1.0512820512820513,0.03578157512432619,578,The pizzarazzi is so annoying.
3376,0,2,37,39,1.0512820512820513,0.03578157512432619,578,Did you order...what ?
3376,0,2,37,39,1.0512820512820513,0.03578157512432619,578,"Say cheese, our pizzarazzi is here"
3376,0,2,37,39,1.0512820512820513,0.03578157512432619,578,I ordered the very last of the season Gold River Carp from Western Siberia.
3376,1,0,38,39,1.0512820512820513,0.05128205128205128,578,Don't look now but I think we're the one-thousandth customer or our waiter is Donald Trump.
3376,0,2,37,39,1.0512820512820513,0.03578157512432619,578,"Oh, poor waiter - he's being chased by the Papa -John's-razzi!"
3376,0,2,37,39,1.0512820512820513,0.03578157512432619,578,"I guess that's what they meant by ""pepperazzi."""
3376,1,0,38,39,1.0512820512820513,0.05128205128205128,578,I guess I thought Pizzarazzi meant something else.
3376,0,2,37,39,1.0512820512820513,0.03578157512432619,578,I hear the Kardashians order carry out from here.
3376,0,2,37,39,1.0512820512820513,0.03578157512432619,578,I heard a rumor that the most amazing track star ever at NYU just got a summer job here. I'm guessing that in two seconds that rumor will be confirmed.
3376,0,2,37,39,1.0512820512820513,0.03578157512432619,578,"Why do they call it the ""paparazzi pizza?"""
3376,0,2,37,39,1.0512820512820513,0.03578157512432619,578,"For what I've heard, this is just a one-star restaurant."
3376,0,2,37,39,1.0512820512820513,0.03578157512432619,578,"I said the pizza, not the paparzzi!"
3376,0,2,37,39,1.0512820512820513,0.03578157512432619,578,Wait 'til you see the Steeplechase course
3376,1,0,38,39,1.0512820512820513,0.05128205128205128,578,Privacy is expenisive in today's world.
3376,0,2,37,39,1.0512820512820513,0.03578157512432619,578,"""What was that senator, Pepperoni is Vegan!""."
3376,0,2,37,39,1.0512820512820513,0.03578157512432619,578,authentic Paparazzi Pizza!
3376,0,2,37,39,1.0512820512820513,0.03578157512432619,578,I hear the paparazzi primavera is divine.
3376,0,2,37,39,1.0512820512820513,0.03578157512432619,578,That Paparazzi Pizza Philanderer has our pizza. Quick Kiss Him!
3376,1,0,38,39,1.0512820512820513,0.05128205128205128,578,Here you can still get a white-only white pizza.
3376,0,2,37,39,1.0512820512820513,0.03578157512432619,578,The Paparizza
3376,0,2,37,39,1.0512820512820513,0.03578157512432619,578,I'm having the Pizza Corridore Paparazzi.
3376,0,2,37,39,1.0512820512820513,0.03578157512432619,578,The paparazzi pizza for two.
3376,0,2,37,39,1.0512820512820513,0.03578157512432619,578,and it's a photo finish to this year's waitstaff decathlon.
3376,0,2,37,39,1.0512820512820513,0.03578157512432619,578,I've heard the pizza here is famously good.
3376,0,2,37,39,1.0512820512820513,0.03578157512432619,578,I'm told they have the best pizza in town
3376,0,2,37,39,1.0512820512820513,0.03578157512432619,578,"I ordered it with pepperoni, mushrooms, and kardashians."
3376,0,2,37,39,1.0512820512820513,0.03578157512432619,578,President of PETA? Pepperoni pizza? Busted.
3376,0,2,37,39,1.0512820512820513,0.03578157512432619,578,They go mad here for Papa's pizzarazzi.
3376,0,2,37,39,1.0512820512820513,0.03578157512432619,578,Here comes the paparazzi pepperoni you ordered.
3376,0,2,37,39,1.0512820512820513,0.03578157512432619,578,It's made with anonymous sauces--the bake news media's favorite.
3376,0,2,37,39,1.0512820512820513,0.03578157512432619,578,Paparazzi? I thought you were a vegetarian.
3376,0,2,37,39,1.0512820512820513,0.03578157512432619,578,"He lived tweeted our first course, accusing you of ""fake chews."""
3376,0,2,37,39,1.0512820512820513,0.03578157512432619,578,"My ""Mom Fail"" went viral."
3376,0,2,37,39,1.0512820512820513,0.03578157512432619,578,So much quicker without a side of paparazzi.
3376,0,2,37,39,1.0512820512820513,0.03578157512432619,578,"""Dear, where's the cash receipt for last week's bank deposit?"
3376,0,2,37,39,1.0512820512820513,0.03578157512432619,578,This place has become very Insta-famous recently.
3376,0,2,37,39,1.0512820512820513,0.03578157512432619,578,"When it comes to pizza, you say pepperoni, I say paparazzi."
3376,0,2,37,39,1.0512820512820513,0.03578157512432619,578,Pizza Paparazzi - how authentic.
3376,0,2,37,39,1.0512820512820513,0.03578157512432619,578,Looks like your paparazzi pizza is done.
3376,0,2,37,39,1.0512820512820513,0.03578157512432619,578,There special tonight is paparazzi pizza.
3376,0,2,37,39,1.0512820512820513,0.03578157512432619,578,Just seems to me that speed dating has gone a bit off the rails.
3376,0,2,37,39,1.0512820512820513,0.03578157512432619,578,"I hear this restaurant is very ""Americain""."
3376,0,2,37,39,1.0512820512820513,0.03578157512432619,578,I only eat pizza fresh from the oven with extra paparazzi!
3376,0,2,37,39,1.0512820512820513,0.03578157512432619,578,This is the world's first banana slug pizza.
3376,0,2,37,39,1.0512820512820513,0.03578157512432619,578,Scheduling Celebrity Waiter Night and having a Paparazzi Pop-Up really gets the food out promptly.
3376,1,0,38,39,1.0512820512820513,0.05128205128205128,578,It's free if it's not delivered in 10 seconds or less.
3376,0,2,37,39,1.0512820512820513,0.03578157512432619,578,Susan wasn't kidding when she said they're famous for their fast service.
3376,0,2,37,39,1.0512820512820513,0.03578157512432619,578,"That explains the ""pizza-razzi."""
3376,1,0,38,39,1.0512820512820513,0.05128205128205128,578,It's new on the menu. It's called a paparazzi pie.
3376,0,2,37,39,1.0512820512820513,0.03578157512432619,578,"Told you, Bob, it’s not who you are its where you live that makes you famous"
3376,0,2,37,39,1.0512820512820513,0.03578157512432619,578,Oh for god's sake I said extra pepperoni not extra paparazzi.
3376,0,2,37,39,1.0512820512820513,0.03578157512432619,578,The press thinks they've identified the pizza bandit.
3376,0,2,37,39,1.0512820512820513,0.03578157512432619,578,Maybe we shouldn't have ordered it with pepperzzai.
3376,1,0,38,39,1.0512820512820513,0.05128205128205128,578,"No, this is really the Famous Original Ray's Pizza."
3376,0,2,37,39,1.0512820512820513,0.03578157512432619,578,I hope you don't mind I ordered the pizzarazzi.
3376,0,2,37,39,1.0512820512820513,0.03578157512432619,578,"In retrospect, I'm not quite sure what made me order a meal that goes against everything that cuisine, and cooking actually, are all about."
3376,0,2,37,39,1.0512820512820513,0.03578157512432619,578,"I hear they make a ""famous hot piece."""
3376,0,2,37,39,1.0512820512820513,0.03578157512432619,578,Best food selfies in the city.
3376,0,2,37,39,1.0512820512820513,0.03578157512432619,578,And now for that meat loaf that King Henry VIII buried in his garden.
3376,0,2,37,39,1.0512820512820513,0.03578157512432619,578,Who ordered the pizzarazzi?
3376,0,2,37,39,1.0512820512820513,0.03578157512432619,578,So you created des-pa-cito?
3376,0,2,37,39,1.0512820512820513,0.03578157512432619,578,This restaurant is famous in its food freshness.
3376,0,2,37,39,1.0512820512820513,0.03578157512432619,578,Ugh! I said pepperoni not paparazzi!
3376,0,2,37,39,1.0512820512820513,0.03578157512432619,578,Is this the place that's trying for the Guiness record for fastest order to table pizza?
3376,0,2,37,39,1.0512820512820513,0.03578157512432619,578,Did you order mushrooms and pepperoni or was it mushrooms and paparazzi?
3376,0,2,37,39,1.0512820512820513,0.03578157512432619,578,The Food Network picked this place as a local favorite.
3376,0,2,37,39,1.0512820512820513,0.03578157512432619,578,The pepperoni paparazzi are getting worse by the day.
3376,0,2,37,39,1.0512820512820513,0.03578157512432619,578,Hiring a movie star won't change the fact that you're a failed businessman Howard.
3376,0,2,37,39,1.0512820512820513,0.03578157512432619,578,"Apparently ""bake news"" was not a typo."
3376,0,2,37,39,1.0512820512820513,0.03578157512432619,578,Papa-Johns-Razzi
3376,0,2,37,39,1.0512820512820513,0.03578157512432619,578,"Honey, on every Anniversary for the last 30 years you've ordered a pepperoni pizza. THIS TIME I""VE ORDERED A LARGE KALE and no cheese!"
3376,0,2,37,39,1.0512820512820513,0.03578157512432619,578,Did you order the paparazzi pizza?
3376,0,2,37,39,1.0512820512820513,0.03578157512432619,578,Top-tier Italian restaurants serve pizza with paparazzi.
3376,0,2,37,39,1.0512820512820513,0.03578157512432619,578,They say the service is great here
3376,0,2,37,39,1.0512820512820513,0.03578157512432619,578,I ordered frutti di journalismo.
3376,0,2,37,39,1.0512820512820513,0.03578157512432619,578,"Stay calm, it's just the Pizza-razzi."
3376,0,2,37,39,1.0512820512820513,0.03578157512432619,578,"Relax, I'm sure they meant to say ""pepperoni""."
3376,0,2,37,39,1.0512820512820513,0.03578157512432619,578,I read it's the hottest restaurant in town.
3376,0,2,37,39,1.0512820512820513,0.03578157512432619,578,"Yes, the 'Papparizza' is widely recommended.!"
3376,0,2,37,39,1.0512820512820513,0.03578157512432619,578,I hate the Pizzarazzi
3376,0,2,37,39,1.0512820512820513,0.03578157512432619,578,"You build your own, with choice of filters."
3376,0,2,37,39,1.0512820512820513,0.03578157512432619,578,I need your answer in 30 minutes or less - guaranteed.
3376,0,2,37,39,1.0512820512820513,0.03578157512432619,578,"Since being banned in most restaurants, professional instagrammers have had to get creative"
3376,1,0,38,39,1.0512820512820513,0.05128205128205128,578,El Chapo just can't seem to hide!
3376,0,2,37,39,1.0512820512820513,0.03578157512432619,578,Jeff Bezos delivering first Whole Foods pizza.
3376,0,2,37,39,1.0512820512820513,0.03578157512432619,578,Whoops. I said 'paparazzi' when I meant 'pepperoni.'
3376,0,2,37,39,1.0512820512820513,0.03578157512432619,578,"Sorry, Ladies, never thought the pizzarazzi would find me here!"
3376,0,2,37,39,1.0512820512820513,0.03578157512432619,578,This place is know for its paparazzi pizza.
3621,0,2,38,40,1.05,0.03489912202260563,578,I'm still gonna Instagram this pizza lol
3621,0,2,38,40,1.05,0.03489912202260563,578,"Pizza me? Mr. Senator, I thought you said you wanted a piece o' me."
3621,0,2,38,40,1.05,0.03489912202260563,578,"Lady: ""This is most intimate date we have ever since you won your Oscar, honey. But it takes them awhile to serve the meals. Man: I guess our steaks got the world's attention honey."
3621,0,2,38,40,1.05,0.03489912202260563,578,The 'Can't Spell Paparazzi Without Pizza' business really delivers.
3621,0,2,38,40,1.05,0.03489912202260563,578,Candid cameras
3621,0,2,38,40,1.05,0.03489912202260563,578,"Yes, I told you. Now there's another one, ""SUPER Famous Ray's."""
3621,0,2,38,40,1.05,0.03489912202260563,578,"They say this is fake pizza, but it's still better than the other options."
3621,0,2,38,40,1.05,0.03489912202260563,578,Can you smell what The Rock is cooking?
3621,0,2,38,40,1.05,0.03489912202260563,578,At least Chez Paparazzi's food is good.
3621,1,0,39,40,1.05,0.04999999999999999,578,"You realize of course, this will be our last pizza before the zombie apocalypse."
3621,0,2,38,40,1.05,0.03489912202260563,578,No worries. The Paparazzi pizza doesn't come with spinach.
3621,0,2,38,40,1.05,0.03489912202260563,578,Margie said this pace had fast service but the ambience is a bit noisy
3621,0,2,38,40,1.05,0.03489912202260563,578,Are you ready to spice up your night
3621,0,2,38,40,1.05,0.03489912202260563,578,"While you were gone, I odered a large poperozi with no anchovies."
3621,0,2,38,40,1.05,0.03489912202260563,578,I said pepperoni.
3621,0,2,38,40,1.05,0.03489912202260563,578,"I thought I said pepperoni, did you order some paparazzi?!"
3621,0,2,38,40,1.05,0.03489912202260563,578,'...Pinot Noir. I love an alliteration at lunch.'
3621,0,2,38,40,1.05,0.03489912202260563,578,I asked for the pizzarazzi with extra shutters.
3621,0,2,38,40,1.05,0.03489912202260563,578,Do you think the pizza should be either heads or tails?
3621,0,2,38,40,1.05,0.03489912202260563,578,Who would have thought that ordering a pizza at Paparazzi's included interactive theater?
3621,0,2,38,40,1.05,0.03489912202260563,578,I'm curious why you brought me to this pizza restaurant! Are you proposing marriage tonight? Or are you a food critic?
3621,0,2,38,40,1.05,0.03489912202260563,578,Foodies say the pizza here is epic.
3621,0,2,38,40,1.05,0.03489912202260563,578,"'You've become a shadow of your former self."""
3621,0,2,38,40,1.05,0.03489912202260563,578,Our waiter looks a lot like Tom Hanks.
3621,0,2,38,40,1.05,0.03489912202260563,578,They say the ownner used to be a paparozzi.
3621,0,2,38,40,1.05,0.03489912202260563,578,"You say Paparazzi, I say Pepperoni...what's the difference?"
3621,0,2,38,40,1.05,0.03489912202260563,578,So much quicker without a side of paparazzi.
3621,0,2,38,40,1.05,0.03489912202260563,578,Just wait till you try the Papparazzi Pizza here.
3621,0,2,38,40,1.05,0.03489912202260563,578,He hopes to be the first to get it to Indiana while it’s still hot.
3621,0,2,38,40,1.05,0.03489912202260563,578,Pizzapaparazzi!
3621,0,2,38,40,1.05,0.03489912202260563,578,"No, we ordered the pepperoni pizza, not the paparazzi pizza."
3621,0,2,38,40,1.05,0.03489912202260563,578,You didn't tell me we were going to FAMOUS Ray's!
3621,0,2,38,40,1.05,0.03489912202260563,578,Looks like the pizzarazzi have showed up.
3621,0,2,38,40,1.05,0.03489912202260563,578,He's trying to build his own brand !
3621,0,2,38,40,1.05,0.03489912202260563,578,"Sorry, but I prefer a beer, definitely not a martini, with my pizza. Luigi! Over here, please."
3621,0,2,38,40,1.05,0.03489912202260563,578,"Before his big break as a waiter, he used to be a famous actor."
3621,0,2,38,40,1.05,0.03489912202260563,578,Better prepare yourself for a lot more heat than a hot pizza!
3621,0,2,38,40,1.05,0.03489912202260563,578,The pizzarazzi in Italy are really something.
3621,0,2,38,40,1.05,0.03489912202260563,578,Since this place was gentrified the keep confusing paparazzi with pepperoni.
3621,0,2,38,40,1.05,0.03489912202260563,578,"The pizza here is nothing special, but the delivery is terrific!"
3621,0,2,38,40,1.05,0.03489912202260563,578,Looks like your wife ordered the appetizer.
3621,0,2,38,40,1.05,0.03489912202260563,578,"I guess ""pepperoni"" wasn't misprinted after all!"
3621,0,2,38,40,1.05,0.03489912202260563,578,Make it to go?
3621,0,2,38,40,1.05,0.03489912202260563,578,Seems like they want us out of here.
3621,0,2,38,40,1.05,0.03489912202260563,578,"Welcome to Airbnb, Portland style!"
3621,1,0,39,40,1.05,0.04999999999999999,578,You don't listen! I said I'm leaving you for Mike's pizza; not Mike Piazza.
3621,1,0,39,40,1.05,0.04999999999999999,578,"I told you, I don't like pizza with paparazzi!"
3621,0,2,38,40,1.05,0.03489912202260563,578,The Chef's special must be really special!
3621,0,2,38,40,1.05,0.03489912202260563,578,The pepperazzi have arrived.
3621,0,2,38,40,1.05,0.03489912202260563,578,Did you order a pepperoni pizza or a pizza with paparazzi?
3621,0,2,38,40,1.05,0.03489912202260563,578,"When the moon hits your eye, la la la"
3621,1,0,39,40,1.05,0.04999999999999999,578,Did I mention I'm verified on Twitter?
3621,0,2,38,40,1.05,0.03489912202260563,578,I'm so sick of the pizzarazzi.
3621,0,2,38,40,1.05,0.03489912202260563,578,This place is so trendy that the paps even stalk the servers.
3621,0,2,38,40,1.05,0.03489912202260563,578,"Sorry, I didn't think the pizza-razzi knew about this place."
3621,0,2,38,40,1.05,0.03489912202260563,578,I hear this is the place that's known for its Pizza Pie Parazzi.
3621,0,2,38,40,1.05,0.03489912202260563,578,Why do they call it the celebrity pizza?
3621,0,2,38,40,1.05,0.03489912202260563,578,Someone was saying the President is turning back into a pizza
3621,0,2,38,40,1.05,0.03489912202260563,578,I'm hive-sitting.
3621,1,0,39,40,1.05,0.04999999999999999,578,You know I don't like pizza.
3621,0,2,38,40,1.05,0.03489912202260563,578,Don't turn around - the pizza-razzi is here.
3621,0,2,38,40,1.05,0.03489912202260563,578,Don't get your hopes up about their paparazzi pizza - it's probably just a typo.
3621,0,2,38,40,1.05,0.03489912202260563,578,"Mama mía, it's the pie-parazzi!"
3621,0,2,38,40,1.05,0.03489912202260563,578,ARE YOU SURE YOU SAID PEPPERONI...NOT PAPARAZZI
3621,0,2,38,40,1.05,0.03489912202260563,578,"Really, Celebrity Pizza.....This reality TV thing has gone way to far!"
3621,0,2,38,40,1.05,0.03489912202260563,578,I told you not to order from Paprazzia pizza to go.
3621,0,2,38,40,1.05,0.03489912202260563,578,The first Pizza on the Space Station
3621,0,2,38,40,1.05,0.03489912202260563,578,Pizza-razzi.
3621,1,0,39,40,1.05,0.04999999999999999,578,"Don't look now, Harry, but here come the pizzaparazzi!"
3621,0,2,38,40,1.05,0.03489912202260563,578,It's the crazy pizzarazzi!
3621,0,2,38,40,1.05,0.03489912202260563,578,The Papar-izza concept was clever on paper but annoying in execution.
3621,0,2,38,40,1.05,0.03489912202260563,578,This is the last time we eat at Kardashian's Pizzeria
3621,0,2,38,40,1.05,0.03489912202260563,578,I can just picture the papparazi pizza!
3621,0,2,38,40,1.05,0.03489912202260563,578,Every pizza gets 15 minutes to bake.
3621,0,2,38,40,1.05,0.03489912202260563,578,"Don't worry, it's just the Pepperonzzi."
3621,1,0,39,40,1.05,0.04999999999999999,578,"I wish I could run like him- but just like my mama and peppero, I have bad razzis."
3621,0,2,38,40,1.05,0.03489912202260563,578,He has the pizzarazzi with him!
3621,0,2,38,40,1.05,0.03489912202260563,578,You didn't tell me your name was Don Junior!
3621,0,2,38,40,1.05,0.03489912202260563,578,Thin is in.
3621,0,2,38,40,1.05,0.03489912202260563,578,Looks like the pizza-razzi is here.
3621,1,0,39,40,1.05,0.04999999999999999,578,They're the pizzarazzi
3621,0,2,38,40,1.05,0.03489912202260563,578,This place is a favorite spot of the hipster Instagrammers.
3621,0,2,38,40,1.05,0.03489912202260563,578,The Pizzarattzi's are something to behold here.
3621,0,2,38,40,1.05,0.03489912202260563,578,Their pizza is alway too hot.
3621,0,2,38,40,1.05,0.03489912202260563,578,"I could've sworn it was pronounced 'pepperoni,' dear--"
3621,0,2,38,40,1.05,0.03489912202260563,578,"Did you have to order the ""Alec Baldwin""?"
3621,0,2,38,40,1.05,0.03489912202260563,578,Do you think our waiter is the real SUPER MARIO?
3621,0,2,38,40,1.05,0.03489912202260563,578,Angelo still hasn't learned how to avoid the pizzarazzi.
3621,0,2,38,40,1.05,0.03489912202260563,578,Must be the chef's special today.
3621,0,2,38,40,1.05,0.03489912202260563,578,"I told you, the pizza here is more famous than Kim Kardashian"
3621,0,2,38,40,1.05,0.03489912202260563,578,So we ordered pizza in a restaurant - does that really make front page news.
3621,0,2,38,40,1.05,0.03489912202260563,578,Very slow news week. Poperozzi following a lead on a guy who allegedly ordered pizza with six extra toppings.
3621,0,2,38,40,1.05,0.03489912202260563,578,"I order celery pizza, not celebrity"
3621,0,2,38,40,1.05,0.03489912202260563,578,He hates pizzarazzi!
3621,1,0,39,40,1.05,0.04999999999999999,578,Did you order the pizzarazzi?
3621,0,2,38,40,1.05,0.03489912202260563,578,It's your Celebrity Placenta gourmet pizza!
3621,0,2,38,40,1.05,0.03489912202260563,578,"Help! It's the Pizzarazzi!"""
3621,0,2,38,40,1.05,0.03489912202260563,578,They only hire pro football players under suspension.
3621,0,2,38,40,1.05,0.03489912202260563,578,it's the parpapizza!
3621,0,2,38,40,1.05,0.03489912202260563,578,"Put it on my tab, Lloyd."
3621,0,2,38,40,1.05,0.03489912202260563,578,"Wasn't it nice of our boy Frank to celebrate with that window poster, ""Tonight, Birthday pizza for Papa Razzi?"""
3621,0,2,38,40,1.05,0.03489912202260563,578,"lights, camera, pizza, action!"
3621,0,2,38,40,1.05,0.03489912202260563,578,"So, what's so special about the first pepperoni of the season?"
3621,0,2,38,40,1.05,0.03489912202260563,578,It is a pizza run captured for the ages. Yum!!
3621,0,2,38,40,1.05,0.03489912202260563,578,Did you order yours with pepperoni or paparazzi?
3621,0,2,38,40,1.05,0.03489912202260563,578,"I thought you ordered the pepperoni pizza, not the paparazzi pizza."
3621,0,2,38,40,1.05,0.03489912202260563,578,They said it was a small place where everyone minds his own business.
3621,1,0,39,40,1.05,0.04999999999999999,578,"That's what you get for ordering Trump steak, Larry."
3621,0,2,38,40,1.05,0.03489912202260563,578,"I've heard of ""World Famous Ray's,"" but this is carrying things too far!"
3621,1,0,39,40,1.05,0.04999999999999999,578,Pizza ratings? That's real fake news!
3621,0,2,38,40,1.05,0.03489912202260563,578,Did you order the Trump Dump again?
3621,0,2,38,40,1.05,0.03489912202260563,578,"For crust sake honey, can I get a pizza mind in here?!"
3621,0,2,38,40,1.05,0.03489912202260563,578,I'd wished for the pizza to be with you.
3621,0,2,38,40,1.05,0.03489912202260563,578,Skinny pizza for 'skinny repeal' senators meeting next room!
3621,0,2,38,40,1.05,0.03489912202260563,578,They got the best paparazzi pizza here
3621,0,2,38,40,1.05,0.03489912202260563,578,Wait for it... Here comes the famous Pasquale Jones Pizza!
3621,1,0,39,40,1.05,0.04999999999999999,578,Did you ever think the endangered species warnings were real?
3621,0,2,38,40,1.05,0.03489912202260563,578,"Why did you pronounce it ""papparoni""?"
3621,0,2,38,40,1.05,0.03489912202260563,578,Did you even know what Pizza Paparazzi was before you ordered it?
3621,0,2,38,40,1.05,0.03489912202260563,578,Don’t turn around. The pizzarazzi are here.
3621,0,2,38,40,1.05,0.03489912202260563,578,"I've never watched ""Celebrity Chef"""
3621,0,2,38,40,1.05,0.03489912202260563,578,"This time, use your napkin."
3621,0,2,38,40,1.05,0.03489912202260563,578,"Real pizza, guys. Real hot pizza, ah, hot, hot!"
3621,0,2,38,40,1.05,0.03489912202260563,578,"Did you hear? They finally found Jimmy Hoffa's remains kneaded in some frozen pizza dough,at a diner around here too!"
3621,0,2,38,40,1.05,0.03489912202260563,578,"I'm dying to know what ""Pizza Paparazzi"" is like."
3621,0,2,38,40,1.05,0.03489912202260563,578,"While he's doing the 'serve and swerve', let's do a dine and dash'!"
3621,0,2,38,40,1.05,0.03489912202260563,578,Paparizza ! You know I really thought it was going to work the other way
3621,0,2,38,40,1.05,0.03489912202260563,578,"The Pizzaratzi, The Pizzaratzi, go out the back door!"
3621,0,2,38,40,1.05,0.03489912202260563,578,I learned about this place from a photo I saw on facebook.
3621,0,2,38,40,1.05,0.03489912202260563,578,That's the one with Russian caviar.
3621,0,2,38,40,1.05,0.03489912202260563,578,I ordered the paparazzi pepperoni pizza.
3621,1,0,39,40,1.05,0.04999999999999999,578,I hit lottery an sick of you an this place.
3621,0,2,38,40,1.05,0.03489912202260563,578,The damn pizzarazzi are going to spoil our dinner again.
3621,0,2,38,40,1.05,0.03489912202260563,578,"""The menu said A Pound of Flesh From the White House."
3621,0,2,38,40,1.05,0.03489912202260563,578,The pizza here is definitely the star dish
3621,1,0,39,40,1.05,0.04999999999999999,578,Pepperazzi!
3621,0,2,38,40,1.05,0.03489912202260563,578,Did you order pizzarazzi again.
3621,0,2,38,40,1.05,0.03489912202260563,578,"I'm not mad that you quit the firm to become a circus clown, but are you sure that you are qualified to take a pie in the face?"
3621,0,2,38,40,1.05,0.03489912202260563,578,I hear their food's done in a flash.
3621,0,2,38,40,1.05,0.03489912202260563,578,I told you not to order Pizza Paparazzi.
3621,0,2,38,40,1.05,0.03489912202260563,578,The paparazzi should be ashamed! So what if he's the first zombie waiter.
3621,0,2,38,40,1.05,0.03489912202260563,578,The last pizza.
3621,0,2,38,40,1.05,0.03489912202260563,578,Pie-parazzi?
3621,0,2,38,40,1.05,0.03489912202260563,578,#pepperonipaparazzi
3621,0,2,38,40,1.05,0.03489912202260563,578,"I said I wanted pepperoni, not paparazzi, on my pizza."
3621,0,2,38,40,1.05,0.03489912202260563,578,"You shouldn't have made the reservation in your real name, Donald."
3621,0,2,38,40,1.05,0.03489912202260563,578,I can't believe you ordered paparazzi pizza when you know I'm gluten free.
3621,0,2,38,40,1.05,0.03489912202260563,578,"""Broadway Pizza"" is so Paparazzi...in a good way!"
3621,0,2,38,40,1.05,0.03489912202260563,578,They now serve it in 0.30 minutes or less.
3621,0,2,38,40,1.05,0.03489912202260563,578,One large pizza with extra paparazzi coming right up.
3621,0,2,38,40,1.05,0.03489912202260563,578,Look out! Here's your paparazzi pizza!
3621,0,2,38,40,1.05,0.03489912202260563,578,"Hmm, wonder what the Paparazzi Pizza special is?"
3621,0,2,38,40,1.05,0.03489912202260563,578,"And their latest celebrity-themed pizza is called ""The Bieber""."
3621,0,2,38,40,1.05,0.03489912202260563,578,Their specialty is Pizza Paparazzi.
3621,0,2,38,40,1.05,0.03489912202260563,578,"I guess they didn't hear ""oysters."""
3621,0,2,38,40,1.05,0.03489912202260563,578,Home working was not as he imagined
3621,0,2,38,40,1.05,0.03489912202260563,578,They say this Paparazzipizza has the best pies in town!
3621,0,2,38,40,1.05,0.03489912202260563,578,Fine. Next time we’ll order ours with extra paparazzi.
3621,1,0,39,40,1.05,0.04999999999999999,578,"The ""Original Ray's Pizza' cult is getting out of hand, don't you think?"
3621,0,2,38,40,1.05,0.03489912202260563,578,It's always newsworthy when somebody orders baked foetus de crocodile.
3621,0,2,38,40,1.05,0.03489912202260563,578,They promise '20 minutes or less or it's free.'
3621,0,2,38,40,1.05,0.03489912202260563,578,"It's Pizzazzi, new breed of photographers! They are always hot on the trail of hot pizzas!"
3621,0,2,38,40,1.05,0.03489912202260563,578,Are those waiters or paparazzi?
3621,0,2,38,40,1.05,0.03489912202260563,578,Don't look now but here come the Pizza paparazzi
3621,1,0,39,40,1.05,0.04999999999999999,578,Don't look now but Trump must be in the restaurant.
3786,0,2,39,41,1.048780487804878,0.034059122057973054,578,I thought you said this place had incredible pepperoni.
3786,0,2,39,41,1.048780487804878,0.034059122057973054,578,Pissarazzi again
3786,1,0,40,41,1.048780487804878,0.04878048780487807,578,Do celebrity chefs REALLY need celebrity servers?
3786,0,2,39,41,1.048780487804878,0.034059122057973054,578,There pizza here sure gets a lot of good press.
3786,0,2,39,41,1.048780487804878,0.034059122057973054,578,So you don't think I'm spicy enough
3786,0,2,39,41,1.048780487804878,0.034059122057973054,578,It's a big event. He just finished his fast.
3786,0,2,39,41,1.048780487804878,0.034059122057973054,578,"Admit it, you've been waiting all night for this so you could make your ""pizzaratzi"" joke."
3786,0,2,39,41,1.048780487804878,0.034059122057973054,578,Have you ever heard about people who become those they serve?
3786,0,2,39,41,1.048780487804878,0.034059122057973054,578,"That's Buckingham Palace, from the backside - I told him I own it."
3786,0,2,39,41,1.048780487804878,0.034059122057973054,578,Pepperoni must sound like paparazzi here!
3786,0,2,39,41,1.048780487804878,0.034059122057973054,578,Pizzaria? Papparazzi? I never could get my Italian straight.
3786,0,2,39,41,1.048780487804878,0.034059122057973054,578,I told you we shouldn't have ordered the pizzarazzi.
3786,0,2,39,41,1.048780487804878,0.034059122057973054,578,What do I do? I'm a speed eating competitor.
3786,0,2,39,41,1.048780487804878,0.034059122057973054,578,Don't look now but I don't think you should have ordered the Justin Bieber pizza.
3786,0,2,39,41,1.048780487804878,0.034059122057973054,578,Did you know the neighborhood before it gentrified?
3786,0,2,39,41,1.048780487804878,0.034059122057973054,578,But the pizzas are so overrated.
3786,0,2,39,41,1.048780487804878,0.034059122057973054,578,I hope you didn't order Russian caviar.
3786,0,2,39,41,1.048780487804878,0.034059122057973054,578,"Yes, I really do think you look like Prince Harry."
3786,0,2,39,41,1.048780487804878,0.034059122057973054,578,You can't avoid the paparazzi pizza.
3786,0,2,39,41,1.048780487804878,0.034059122057973054,578,"Hold on to your drink Harold, the Pizzarazzi has arrived."
3786,1,0,40,41,1.048780487804878,0.04878048780487807,578,I told you they had award-winning pizza here!
3786,0,2,39,41,1.048780487804878,0.034059122057973054,578,"Darling, I knew we would have been happier with the Japanese place tonight, to avoid the pizzarazzi."
3786,0,2,39,41,1.048780487804878,0.034059122057973054,578,I say let's change it up. Romantic dinners are overrated.
3786,0,2,39,41,1.048780487804878,0.034059122057973054,578,The Papapizzas come with Paparazzis
3786,1,0,40,41,1.048780487804878,0.04878048780487807,578,Anchovies? Not tonight—just double paparazzi.
3786,0,2,39,41,1.048780487804878,0.034059122057973054,578,It's the Pizzarotti.
3786,0,2,39,41,1.048780487804878,0.034059122057973054,578,We should've ordered the pizza.
3786,0,2,39,41,1.048780487804878,0.034059122057973054,578,After thoughtful consideration i have decided it is time to explore a low carb diet.
3786,0,2,39,41,1.048780487804878,0.034059122057973054,578,"I think Congress just said that ""tip"" means, to insure promptness?"
3786,0,2,39,41,1.048780487804878,0.034059122057973054,578,Uh oh! Here come the pepperoni paparazzi!
3786,0,2,39,41,1.048780487804878,0.034059122057973054,578,"I thought you said pepperoni, not paparazzi."
3786,0,2,39,41,1.048780487804878,0.034059122057973054,578,I'm pretty sure 'paparazzo' is not Italian for pepperoni.
3786,0,2,39,41,1.048780487804878,0.034059122057973054,578,"Like them? Why, I must have eaten a million of them!"
3786,0,2,39,41,1.048780487804878,0.034059122057973054,578,I ordered a Famous Ray's pepperoni. It's terrific except for the pizzarazzi.
3786,0,2,39,41,1.048780487804878,0.034059122057973054,578,They're not known for their speedy delivery.
3786,0,2,39,41,1.048780487804878,0.034059122057973054,578,I hope it doesn't have anchovies
3786,0,2,39,41,1.048780487804878,0.034059122057973054,578,Why do they call this place “Paparazzi Pizza”?
3786,0,2,39,41,1.048780487804878,0.034059122057973054,578,Fake news is ruining my appetite but I have lost 5 pounds at least.
3786,0,2,39,41,1.048780487804878,0.034059122057973054,578,Paparazzi Pizza!
3786,0,2,39,41,1.048780487804878,0.034059122057973054,578,"It’s my anniversary too, couldn’t we have gone someplace famous for something I like to eat?"
3786,0,2,39,41,1.048780487804878,0.034059122057973054,578,I told the owner I was a Michelin award reviewer.
3786,0,2,39,41,1.048780487804878,0.034059122057973054,578,"It's pepperoni, not paparatzi!"
3786,1,0,40,41,1.048780487804878,0.04878048780487807,578,Pepperoni? I thought you said Paparazzi.
3786,0,2,39,41,1.048780487804878,0.034059122057973054,578,You know Donald Trump eats here.
3786,0,2,39,41,1.048780487804878,0.034059122057973054,578,"Tell me, what on my PizzaMiAmore.com account attracted you the most?"
3831,0,2,40,42,1.0476190476190477,0.033258585512837065,578,Why do you suppose it's called a Pizza Kardashian?
3832,0,2,41,43,1.0465116279069768,0.03249479679096613,578,They only serve dishes connected to the latest and most shocking celebrity weight gain scandals.
3833,0,2,43,45,1.0444444444444445,0.031067790907534747,578,Shall we ask for a take-home box?
3834,0,2,47,49,1.0408163265306123,0.028559278271677983,578,Papa thinks we'll marry.
3835,0,1,33,34,1.0294117647058822,0.029854071701326604,578,Poor Spicer. No one to call off the press now.
3835,0,1,33,34,1.0294117647058822,0.029854071701326604,578,"After winning first place on the X-Factor, things were never the same on Sal Valinetti's day job serving pizzas."
3835,0,1,33,34,1.0294117647058822,0.029854071701326604,578,Paparazzi? Here? You'd think they'd be out looking for famous actors like Jeff Corey or Josh Brolin! Chances are no one will understand this reference.
3835,0,1,33,34,1.0294117647058822,0.029854071701326604,578,"Ever since Trump's hostile tantrums, they've been after anyone."
3835,0,1,33,34,1.0294117647058822,0.029854071701326604,578,"Its a shame, he cant go anywhere without the pizzaratti following him."
3835,0,1,33,34,1.0294117647058822,0.029854071701326604,578,Remind me never again to order the paparazzi on the side.
3835,0,1,33,34,1.0294117647058822,0.029854071701326604,578,"I understand the ""Chef's Surprise"" is exhilarating."
3835,0,1,33,34,1.0294117647058822,0.029854071701326604,578,Would you mind if I Instagramed out dinner?
3835,0,1,33,34,1.0294117647058822,0.029854071701326604,578,"I wonder what will happen to all of the NFL players who want to follow the science, and not the money."
3835,0,1,33,34,1.0294117647058822,0.029854071701326604,578,"I've ordered us a Hot Paparazzi, dear. You'll love it, but just remember to leave a 1000 percent tip, or they'll follow you home."
3835,0,1,33,34,1.0294117647058822,0.029854071701326604,578,Here come the pizzarazzi again...
3835,0,1,33,34,1.0294117647058822,0.029854071701326604,578,Looks like the new pizza recipe has brought out the pie-parazzi.
3835,0,1,33,34,1.0294117647058822,0.029854071701326604,578,"Herold, I've been told the pavarazzi pizza here - will change your life!"
3835,0,1,33,34,1.0294117647058822,0.029854071701326604,578,The pizza here is TMZ-worthy.
3835,0,1,33,34,1.0294117647058822,0.029854071701326604,578,I hear the Pappa Razi Special is quite popular.
3835,0,1,33,34,1.0294117647058822,0.029854071701326604,578,The royal pizza your highness...
3835,0,1,33,34,1.0294117647058822,0.029854071701326604,578,"Do you remember me telling you it sounded as if you said ""paparazzi"" instead of ""pepperoni""?"
3835,0,1,33,34,1.0294117647058822,0.029854071701326604,578,The Papajohnarazzi is getting really out of hand
3835,0,1,33,34,1.0294117647058822,0.029854071701326604,578,"Honey, don't look now, but I think the pizzarrati have discovered this place."
3835,0,1,33,34,1.0294117647058822,0.029854071701326604,578,"So... if our pizza's not ready in 3 minutes, it's free AND we get to castrate Antonio?!"
3835,0,1,33,34,1.0294117647058822,0.029854071701326604,578,Good idea hiring people to take perfect Instagram photos for us.
3835,0,1,33,34,1.0294117647058822,0.029854071701326604,578,I told you Ray was famous.
3835,0,1,33,34,1.0294117647058822,0.029854071701326604,578,Paparapizza to go.
3835,0,1,33,34,1.0294117647058822,0.029854071701326604,578,The Pizza a la Diana is here.
3835,0,1,33,34,1.0294117647058822,0.029854071701326604,578,I get so tired of the Pizzarati
3835,0,1,33,34,1.0294117647058822,0.029854071701326604,578,"Sure, our pizza is hot right now, but we all know it'll be crappy later."
3835,0,1,33,34,1.0294117647058822,0.029854071701326604,578,Did we order the Pepperoni Pizza or the Paparazzi Pizza? I always mess that up.
3835,0,1,33,34,1.0294117647058822,0.029854071701326604,578,"Yeah Bob, poor choice on coming to Jimmy John's Pizzeria debut."
3835,0,1,33,34,1.0294117647058822,0.029854071701326604,578,"You know, I won't eat cold pizza"
3835,0,1,33,34,1.0294117647058822,0.029854071701326604,578,"So Mike, apparently Gordon Ramsey said this pizza is decent."
3835,0,1,33,34,1.0294117647058822,0.029854071701326604,578,Breaking news-Trump ordered caviar on his pizza.
3835,0,1,33,34,1.0294117647058822,0.029854071701326604,578,I'm proud of you winning that contest advertising 'A Quiet Evening for Two!'
3835,0,1,33,34,1.0294117647058822,0.029854071701326604,578,i'v heard the paparazzi have a new rival: the pizzarazzi
3835,0,1,33,34,1.0294117647058822,0.029854071701326604,578,"I know I ordered the pepperoncini, not the paparazzi!"
3835,0,1,33,34,1.0294117647058822,0.029854071701326604,578,I forgot about the papajohnparazzi.
3835,0,1,33,34,1.0294117647058822,0.029854071701326604,578,You had to order the paparazzi pizza.
3835,0,1,33,34,1.0294117647058822,0.029854071701326604,578,"It's all the rage now, ordering to go while seated in an upscale restaurant."
3835,0,1,33,34,1.0294117647058822,0.029854071701326604,578,I distinctly remember saying pepperoni and NOT paparazzi pizza!!
3835,0,1,33,34,1.0294117647058822,0.029854071701326604,578,"I told you I wanted pepperoni, not paparazzi."
3835,0,1,33,34,1.0294117647058822,0.029854071701326604,578,This place is called Paparazzi Pizzeria they really make the News about delivering food.
3835,0,1,33,34,1.0294117647058822,0.029854071701326604,578,They're heeeeere.
3835,0,1,33,34,1.0294117647058822,0.029854071701326604,578,They all start out as Pizzarazzi.
3835,0,1,33,34,1.0294117647058822,0.029854071701326604,578,Why did you have to order the Kardashian Pizza?
3835,0,1,33,34,1.0294117647058822,0.029854071701326604,578,The Paparazzi Pizza is fabulous
3835,0,1,33,34,1.0294117647058822,0.029854071701326604,578,The curse of being unrich but still famous.
3835,0,1,33,34,1.0294117647058822,0.029854071701326604,578,And on my splurge days I have the the foie gras and paparazzi pizza.
3835,0,1,33,34,1.0294117647058822,0.029854071701326604,578,"""They say people were slipping him bribes."" can't believe our waiter was caught"
3835,0,1,33,34,1.0294117647058822,0.029854071701326604,578,Did you really order the pieparozzi?
3835,0,1,33,34,1.0294117647058822,0.029854071701326604,578,This place goes out of their way to deliver a hot pizza!
3835,0,1,33,34,1.0294117647058822,0.029854071701326604,578,I have my doubts about the extra spicy pizza.
3835,0,1,33,34,1.0294117647058822,0.029854071701326604,578,Quick get the shot. It's the famous Ray's pizza.
3835,0,1,33,34,1.0294117647058822,0.029854071701326604,578,The paparazzi pizza here is exceptional
3835,0,1,33,34,1.0294117647058822,0.029854071701326604,578,Paparazzi Pizza? Let's Enquirer.
3835,0,1,33,34,1.0294117647058822,0.029854071701326604,578,"It's the real ""Mystic Pizza."""
3835,0,1,33,34,1.0294117647058822,0.029854071701326604,578,When did pizzarazzi become a thing?
3835,0,1,33,34,1.0294117647058822,0.029854071701326604,578,"Don’t look now, but here come the pizzarazzi."
3835,0,1,33,34,1.0294117647058822,0.029854071701326604,578,As promised: back in a flash!
3835,0,1,33,34,1.0294117647058822,0.029854071701326604,578,"And they say, they may win top ratings for their prompt service..."
3835,0,1,33,34,1.0294117647058822,0.029854071701326604,578,"Don't look now, but the pizza paparazzi have arrived."
3835,0,1,33,34,1.0294117647058822,0.029854071701326604,578,I love the Italian flair. Pizza and paparazzi!
3835,0,1,33,34,1.0294117647058822,0.029854071701326604,578,Why did you order paparazzi? I said pepperoni!
3835,0,1,33,34,1.0294117647058822,0.029854071701326604,578,"Yes, I guess it's fair to say that my fifteen minutes has stretched out a bit."
3835,0,1,33,34,1.0294117647058822,0.029854071701326604,578,Pizzarazzi on your six.
3835,0,1,33,34,1.0294117647058822,0.029854071701326604,578,"Sounds delicious but just what is ""Pizza con Paparazzi""?"
3835,0,1,33,34,1.0294117647058822,0.029854071701326604,578,"I don't think ""Pizzarazzi"" is Italian for Pizza with ham."
3835,0,1,33,34,1.0294117647058822,0.029854071701326604,578,"When you're a star, everyone wants a piece of you."
3835,0,1,33,34,1.0294117647058822,0.029854071701326604,578,I told you not to announce your pizza was running for office until after dinner.
3835,0,1,33,34,1.0294117647058822,0.029854071701326604,578,"Don't worry, only Papa Razzi and Uncle Fellini know about tonight!"
3835,0,1,33,34,1.0294117647058822,0.029854071701326604,578,Princess Kate and Prince William are having a date. The server wants to make everything perfect for them. The paparazzi wants to capture their entire date.
3835,0,1,33,34,1.0294117647058822,0.029854071701326604,578,"OMG, here come the pizzarazis!"
3835,0,1,33,34,1.0294117647058822,0.029854071701326604,578,Do you have a better side?
3835,0,1,33,34,1.0294117647058822,0.029854071701326604,578,"Pepperoni, hold the paparazzi."
3835,0,1,33,34,1.0294117647058822,0.029854071701326604,578,Thee President must have ordered a pizza!
3835,0,1,33,34,1.0294117647058822,0.029854071701326604,578,"I though you said ""Pizzaria"", not ""Paparazzi""."
3835,0,1,33,34,1.0294117647058822,0.029854071701326604,578,What is better than a selfie?
3835,0,1,33,34,1.0294117647058822,0.029854071701326604,578,For dinner tonight- Paparazzi with marinara sauce
3835,0,1,33,34,1.0294117647058822,0.029854071701326604,578,I told you paparazzi wasn't a pizza topping.
3835,0,1,33,34,1.0294117647058822,0.029854071701326604,578,It will be my first time to try paparazzi fiorentino.
3835,0,1,33,34,1.0294117647058822,0.029854071701326604,578,Dagwood orders pizza.
3835,0,1,33,34,1.0294117647058822,0.029854071701326604,578,"Help! It's the Pizzarazzi!"""
3835,0,1,33,34,1.0294117647058822,0.029854071701326604,578,"No, it was Ron Galella who told me about it."
3835,0,1,33,34,1.0294117647058822,0.029854071701326604,578,They ordered pepperoni pizza?! I thought they said paparazzi pizza!
3835,0,1,33,34,1.0294117647058822,0.029854071701326604,578,Don't look now but here come the Pizza paparazzi
3835,0,1,33,34,1.0294117647058822,0.029854071701326604,578,"Ok, YOU tell him that you actually wanted anchovies."
3835,0,1,33,34,1.0294117647058822,0.029854071701326604,578,"Oh my, it's pizza paparazzi. Say it 10 times as fast as you can!"
3835,0,1,33,34,1.0294117647058822,0.029854071701326604,578,We simply cannot avoid the pizzarazzi.
3835,0,1,33,34,1.0294117647058822,0.029854071701326604,578,The Paparazzi Kitchen: the pizzas flash to your table!
3835,0,1,33,34,1.0294117647058822,0.029854071701326604,578,They ran in here to get away from the pizza-razzi
3835,0,1,33,34,1.0294117647058822,0.029854071701326604,578,"Come for the pizza, flee from the paparazzi."
3835,0,1,33,34,1.0294117647058822,0.029854071701326604,578,Here come the Philistines.
3835,0,1,33,34,1.0294117647058822,0.029854071701326604,578,Are you sure you said pepperoni?
3835,0,1,33,34,1.0294117647058822,0.029854071701326604,578,Does our extra famous ingredient cost more?
3835,0,1,33,34,1.0294117647058822,0.029854071701326604,578,Don't look. It's the pizzararozzi.
3835,0,1,33,34,1.0294117647058822,0.029854071701326604,578,Looks like the pizza-razzie has arrived.
3835,0,1,33,34,1.0294117647058822,0.029854071701326604,578,"Trust me honey, everyone is going gluten free."
3835,0,1,33,34,1.0294117647058822,0.029854071701326604,578,Does our extra famous ingredient cost more?
3835,0,1,33,34,1.0294117647058822,0.029854071701326604,578,"""World famous pizza"" is just an advertising slogan!"
3835,0,1,33,34,1.0294117647058822,0.029854071701326604,578,"Can we stop ordering the Popperotzzi Pizza, please!"
3835,0,1,33,34,1.0294117647058822,0.029854071701326604,578,Fastest chicken paparazzi pizza in the city.
3835,0,1,33,34,1.0294117647058822,0.029854071701326604,578,"""Pizzarazzi"" sounded SO authentic."
3835,0,1,33,34,1.0294117647058822,0.029854071701326604,578,Mine! Mine!
3835,0,1,33,34,1.0294117647058822,0.029854071701326604,578,"Oh look, the pizzarazzi has arrived."
3835,0,1,33,34,1.0294117647058822,0.029854071701326604,578,I read the pizza is off the hook.
3835,0,1,33,34,1.0294117647058822,0.029854071701326604,578,The pizzaratti are here!
3835,0,1,33,34,1.0294117647058822,0.029854071701326604,578,Why do they call it Paparazzi Pete's Pizzeria?
3835,0,1,33,34,1.0294117647058822,0.029854071701326604,578,"One sausage paparazzi, coming up"
3835,0,1,33,34,1.0294117647058822,0.029854071701326604,578,It's the first upscale stuffed crust pizza!
3835,0,1,33,34,1.0294117647058822,0.029854071701326604,578,Marge will never believe that Justin Bieber was our waiter.
3835,0,1,33,34,1.0294117647058822,0.029854071701326604,578,"Did you order the ""paparonni"" or the ""say 'cheese'""?"
3835,0,1,33,34,1.0294117647058822,0.029854071701326604,578,"Here comes your pepperoni paparazzi pizza, Peter Piper"
3835,0,1,33,34,1.0294117647058822,0.029854071701326604,578,The food's lousy but the waiter got five stars.
3835,0,1,33,34,1.0294117647058822,0.029854071701326604,578,*if the pizza guy found the Like Mike shoes instead of Lil Bow Wow
3835,0,1,33,34,1.0294117647058822,0.029854071701326604,578,The waiter must have misspelled peparoni.
3835,0,1,33,34,1.0294117647058822,0.029854071701326604,578,He hates pizzarazzi!
3835,0,1,33,34,1.0294117647058822,0.029854071701326604,578,Did you order the Dagwood Pizza again?
3835,0,1,33,34,1.0294117647058822,0.029854071701326604,578,Here at the White House we only serves pizza with Russian cheeses....
3835,0,1,33,34,1.0294117647058822,0.029854071701326604,578,"I thought you said this place was famous for hot pizzaz, not hot pizza!"
3835,0,1,33,34,1.0294117647058822,0.029854071701326604,578,I had no idea the no-E. coli pizza would be this popular.
3835,0,1,33,34,1.0294117647058822,0.029854071701326604,578,I'm pretty certain I've asked for pepperoni not paparazzi...
3835,0,1,33,34,1.0294117647058822,0.029854071701326604,578,Their pizzas are the talk of the town.
3835,0,1,33,34,1.0294117647058822,0.029854071701326604,578,"Picture, getting hit with a pizza."
3835,0,1,33,34,1.0294117647058822,0.029854071701326604,578,"You must have misread it. It's ""pepperoni,"" not ""paparazzi."""
3835,0,1,33,34,1.0294117647058822,0.029854071701326604,578,"This is rather sudden, before I can answer your proposal, what is your name?"
3835,0,1,33,34,1.0294117647058822,0.029854071701326604,578,"This place is famous for its sausage, ham and cheese pizza with extra paparazzi."
3835,0,1,33,34,1.0294117647058822,0.029854071701326604,578,I was only trying to get in the spirit of the place and said I thought I heard Trumpets.
3835,0,1,33,34,1.0294117647058822,0.029854071701326604,578,I still dont see how Tom Cheney could have coluded with Russia by himself
3835,0,1,33,34,1.0294117647058822,0.029854071701326604,578,"The food is great, as long as you're willing to put up with the Pizzarazzi."
3835,0,1,33,34,1.0294117647058822,0.029854071701326604,578,You can't spell paparazzi without pizza.
3835,0,1,33,34,1.0294117647058822,0.029854071701326604,578,the Pizzarazzi comes out quick here
3835,0,1,33,34,1.0294117647058822,0.029854071701326604,578,"Sure honey, we can eat out. I know a great place to our right."
3835,0,1,33,34,1.0294117647058822,0.029854071701326604,578,Wheels up!
3835,0,1,33,34,1.0294117647058822,0.029854071701326604,578,The liver and onions is world famous here.
3835,0,1,33,34,1.0294117647058822,0.029854071701326604,578,have you tried the pizzrazzi?
3835,0,1,33,34,1.0294117647058822,0.029854071701326604,578,This celebrity waiter business is getting out of hand.
3835,0,1,33,34,1.0294117647058822,0.029854071701326604,578,"""World's Fastest Pizza"" night would not be my choice for our first date."
3835,0,1,33,34,1.0294117647058822,0.029854071701326604,578,"""I think you'll like it. It's a 'paparizza'."
3835,0,1,33,34,1.0294117647058822,0.029854071701326604,578,Did I order the pepperoni or the paparazzi?
3835,0,1,33,34,1.0294117647058822,0.029854071701326604,578,Never heard of a Paparazzi Pizza
3835,0,1,33,34,1.0294117647058822,0.029854071701326604,578,I told him to hold the paparazzi.
3835,0,1,33,34,1.0294117647058822,0.029854071701326604,578,At least we'll know if he spat in it.
3835,0,1,33,34,1.0294117647058822,0.029854071701326604,578,I've noticed they take their sprezzatura a bit too seriously around these parts.
3835,0,1,33,34,1.0294117647058822,0.029854071701326604,578,Out of my way! I need to get this skinny repeal-a-pizza on the table before my boss fires me and I don't know the first thing about making pizzas.
3835,0,1,33,34,1.0294117647058822,0.029854071701326604,578,This place is known for it's pizzarazzi.
3835,0,1,33,34,1.0294117647058822,0.029854071701326604,578,Did you order a pepperoni and paparazzi?
3835,0,1,33,34,1.0294117647058822,0.029854071701326604,578,"Look out, it's the pizza-razzi!"
3835,0,1,33,34,1.0294117647058822,0.029854071701326604,578,I guess the president is tweeting again.
3835,0,1,33,34,1.0294117647058822,0.029854071701326604,578,I ordered the pepperoni not the paparazzi.
3835,0,1,33,34,1.0294117647058822,0.029854071701326604,578,The waiter was so surprised that you ordered fruitcake.
3835,0,1,33,34,1.0294117647058822,0.029854071701326604,578,Here comes our Princess Dianna pizza.
3835,0,1,33,34,1.0294117647058822,0.029854071701326604,578,He'd be my number one draft pick.
3835,0,1,33,34,1.0294117647058822,0.029854071701326604,578,"Sorry, I ordered the paparizza."
3835,0,1,33,34,1.0294117647058822,0.029854071701326604,578,Cursed Pizzarazzi!!
3835,0,1,33,34,1.0294117647058822,0.029854071701326604,578,"It gives new meaning to ""Hot off the press"""
3835,0,1,33,34,1.0294117647058822,0.029854071701326604,578,Uh Oh. Here come the pizzazz.
3835,0,1,33,34,1.0294117647058822,0.029854071701326604,578,Can't stand the heat? Get out of the kitchen.
3835,0,1,33,34,1.0294117647058822,0.029854071701326604,578,"And, they're noted for their award winning servers..."
3835,0,1,33,34,1.0294117647058822,0.029854071701326604,578,They say it's the best pizza in New York.
3835,0,1,33,34,1.0294117647058822,0.029854071701326604,578,Papa Razzi's is DC Fusion . . . haute cuisine and sleaze.
3835,0,1,33,34,1.0294117647058822,0.029854071701326604,578,"Changing your pronoun to ""Your Greatness"" isn't going to work out for me."
3835,0,1,33,34,1.0294117647058822,0.029854071701326604,578,It will only last a minute. They're doing a Fake News promotion.
3835,0,1,33,34,1.0294117647058822,0.029854071701326604,578,I heard the pepperonis were designed by Kylie Jenner.
3835,0,1,33,34,1.0294117647058822,0.029854071701326604,578,Here comes pizzarazzi.
3835,0,1,33,34,1.0294117647058822,0.029854071701326604,578,I thought the TMZ special was a la carte?
3835,0,1,33,34,1.0294117647058822,0.029854071701326604,578,"I told them we were shooting the first episode of RUSH ORDER ROMANCE tv series."" ""Seems they're more interested in the ""unknown actor's"" pizza delivery speed."
3835,0,1,33,34,1.0294117647058822,0.029854071701326604,578,"Trust me, the pizzarazzi special is worth the wait."
3835,0,1,33,34,1.0294117647058822,0.029854071701326604,578,I have a birthmark shaped like George Washington.
4001,0,1,34,35,1.0285714285714285,0.028988551782622423,578,I can't figure out how a restaurant like Papa Razzi's can have excellent food at a reasonable price and still provide the fastest service in town on a consistent basis.
4001,0,1,34,35,1.0285714285714285,0.028988551782622423,578,Did you HAVE to ask for extra oregano?
4001,0,1,34,35,1.0285714285714285,0.028988551782622423,578,"They come with the ""Paparazzo"" special"
4001,0,1,34,35,1.0285714285714285,0.028988551782622423,578,Of course he'll only levitate for magic pizza.
4001,0,1,34,35,1.0285714285714285,0.028988551782622423,578,Damn! It's the pizzarazzi! Should we get this to go?
4001,0,1,34,35,1.0285714285714285,0.028988551782622423,578,Here comes our pizzarazzi!
4001,0,1,34,35,1.0285714285714285,0.028988551782622423,578,You asked me why I hate tourists. This is one reason.
4001,0,1,34,35,1.0285714285714285,0.028988551782622423,578,Fastest service in the world
4001,0,1,34,35,1.0285714285714285,0.028988551782622423,578,They really take it literally when you order Pizza Paparazzi here.
4001,0,1,34,35,1.0285714285714285,0.028988551782622423,578,"When, did Little Caesars, start delivering?"
4001,0,1,34,35,1.0285714285714285,0.028988551782622423,578,"Look out, it's the pizza-razzi!"
4001,0,1,34,35,1.0285714285714285,0.028988551782622423,578,"After all, he is on his last lap."
4001,0,1,34,35,1.0285714285714285,0.028988551782622423,578,Rumor has it he's being considered for Secretary of Health and Human Services.
4001,0,1,34,35,1.0285714285714285,0.028988551782622423,578,"You idiots, they ordered extra pepperoni not extra paparazzi!"
4001,0,1,34,35,1.0285714285714285,0.028988551782622423,578,"Papparazzi pizza, again?"
4001,0,1,34,35,1.0285714285714285,0.028988551782622423,578,You had to insist it was a paparazzi pizza.
4001,0,1,34,35,1.0285714285714285,0.028988551782622423,578,You shouldn't have told the reporters where we are having dinner
4001,0,1,34,35,1.0285714285714285,0.028988551782622423,578,I think paparazzi are classier than snapchat.
4001,0,1,34,35,1.0285714285714285,0.028988551782622423,578,Is pepperoni journalistic slang for paparazzi?
4001,0,1,34,35,1.0285714285714285,0.028988551782622423,578,Did you ask for pepperoni or paparazzi?
4001,0,1,34,35,1.0285714285714285,0.028988551782622423,578,The pizzarazzi have discovered our little secret.
4001,0,1,34,35,1.0285714285714285,0.028988551782622423,578,I just don't understand why anyone would photographs of their dinner.
4001,0,1,34,35,1.0285714285714285,0.028988551782622423,578,Little did Ted and Lilly know that their life was about to change forever.
4001,0,1,34,35,1.0285714285714285,0.028988551782622423,578,"Sorry to barge in, but Donald Trump has agreed to eat a slice folded over if Robert Mueller will just lay off."
4025,0,1,35,36,1.0277777777777777,0.028171808490950554,578,I think the Pizzarazzi are coming.
4025,0,1,35,36,1.0277777777777777,0.028171808490950554,578,Paparazzi Pizza is all the rage!
4025,0,1,35,36,1.0277777777777777,0.028171808490950554,578,"We ordered pappardelle, not papparazzi!"
4025,0,1,35,36,1.0277777777777777,0.028171808490950554,578,It must be a slow news day. The gauntlet seems especially robust today.
4025,0,1,35,36,1.0277777777777777,0.028171808490950554,578,Did you order the Communications Director?
4025,0,1,35,36,1.0277777777777777,0.028171808490950554,578,"“I said I like Pizza with Pepperoni, Not Pizza with Paparazzi.”  *Sarah Banu."
4025,0,1,35,36,1.0277777777777777,0.028171808490950554,578,I hope the Trump Pepperoni lives up to its hype.
4032,0,1,36,37,1.027027027027027,0.02739983121755955,578,While I appreciate you joining us President Mattarella – I was asking for the pizza to come with mozzarella…
4033,0,0,28,28,1.0,0.036369648372665396,578,I ordered the pepperazzi.
4033,0,0,28,28,1.0,0.036369648372665396,578,I can get into anywhere if I bring a pizza!
4033,0,0,27,27,1.0,0.03774256780481986,578,Ten-second eggs! Get'em while they're hot!
4033,0,0,27,27,1.0,0.03774256780481986,578,Here comes another one that must have just been selected as a replacement for his staff.
4033,0,0,27,27,1.0,0.03774256780481986,578,The media is working overtime because in the last four weeks every customer has died. Did you bring the half-price coupon?
4033,0,0,27,27,1.0,0.03774256780481986,578,I just can't get away from the pizzeratzi.
4033,0,0,28,28,1.0,0.036369648372665396,578,I 've been afraid to tell you that i don't think this is going to work
4033,0,0,30,30,1.0,0.03390317518104052,578,I want to know how all of those photographers got into the kitchen in the first place.
4033,0,0,27,27,1.0,0.03774256780481986,578,He's been staring at me like that ever since I asked him how business was.
4033,0,0,27,27,1.0,0.03774256780481986,578,The Yelp reviews say the paparazzi pizza here is really something.
4033,0,0,27,27,1.0,0.03774256780481986,578,"Lureen: Antonio, I've heard the 'Paparazzi' is excellent. Always steaming hot. How? Antonio: Flashbulbs, mi amore, flashbulbs."
4033,0,0,27,27,1.0,0.03774256780481986,578,MOM GET THE CAMERA
4033,0,0,27,27,1.0,0.03774256780481986,578,I hear the pizzapoparazzi is very popular.
4033,0,0,27,27,1.0,0.03774256780481986,578,I told them I was 'hangry' and that the next step for me is usually the naked mole rat impression.
4033,0,0,27,27,1.0,0.03774256780481986,578,Should we change our order to 'Pepperazzi to go'?
4033,0,0,27,27,1.0,0.03774256780481986,578,I wish you had half the charisma of that crust.
4033,0,0,28,28,1.0,0.036369648372665396,578,Did you order a large pizza with paparazzi?
4033,0,0,27,27,1.0,0.03774256780481986,578,"All I said was, he could deliver with a little more enthusiasm."
4033,0,0,28,28,1.0,0.036369648372665396,578,Brussel sprouts are the new pineapple.
4033,0,0,27,27,1.0,0.03774256780481986,578,"If I'd known it was a celebrity serving, I would have stayed home."
4033,0,0,27,27,1.0,0.03774256780481986,578,Fruity with an afterglow of smoky
4033,0,0,27,27,1.0,0.03774256780481986,578,"Danny DeVito, no relation but always kidded, serving his hundred thousandth pizza at Tony's."
4033,0,0,28,28,1.0,0.036369648372665396,578,Oh--so your reservations were *about* Pizza-My-Mind. . .
4033,0,0,27,27,1.0,0.03774256780481986,578,Papa Razzi has been after this chef for years.
4033,0,0,28,28,1.0,0.036369648372665396,578,"I'm not sure what this ""piu veloce"" contest is all about."
4033,0,0,27,27,1.0,0.03774256780481986,578,So what premium are we paying for the world's sexiest pizza?
4033,0,0,27,27,1.0,0.03774256780481986,578,I think the papparazzi is here.
4033,0,0,29,29,1.0,0.03509312031717982,578,Have I ever mentioned the pizzarazzi to you?
4033,0,0,28,28,1.0,0.036369648372665396,578,NO! You have to BUY the pizza if you want to instagram it!
4033,0,0,27,27,1.0,0.03774256780481986,578,Isn't this the most asinine excuse for a cartoon you've ever seen?
4033,0,0,27,27,1.0,0.03774256780481986,578,"""The pizza is so-so, but their marketing is exceptional""!"
4033,0,0,29,29,1.0,0.03509312031717982,578,I guess you ordered the last 'Sessions' special.
4033,0,0,28,28,1.0,0.036369648372665396,578,What do you think comes with our pizzarazzi?
4033,0,0,27,27,1.0,0.03774256780481986,578,"Maybe we shouldn't have ordered the ""Rushing"" pizza!"
4033,0,0,27,27,1.0,0.03774256780481986,578,"So, why do you find it so hard to leave your 'restaurant' past behind?"
4033,0,0,32,32,1.0,0.031750031750047626,578,Their pie is to die for.
4033,0,0,27,27,1.0,0.03774256780481986,578,"As a matter of fact, I did note the resemblance of the gentleman in the corner to Mr Trump."
4033,0,0,27,27,1.0,0.03774256780481986,578,Infamous Original Ray's Pizza.
4033,0,0,27,27,1.0,0.03774256780481986,578,"The awful pizzarazzi again, I'm so glad we ordered a calzone."
4033,0,0,27,27,1.0,0.03774256780481986,578,I order pizza with pepperoni on paparazzi!
4033,0,0,28,28,1.0,0.036369648372665396,578,"Oh, for Pete's sake!"
4033,0,0,27,27,1.0,0.03774256780481986,578,I wanted dinner with a celebr
4033,0,0,27,27,1.0,0.03774256780481986,578,The service is especially quick here at Mar-a-lago for some reason.
4033,0,0,28,28,1.0,0.036369648372665396,578,They have they best gluten-free-press.
4033,0,0,27,27,1.0,0.03774256780481986,578,Those pizzarazzi never give up
4033,0,0,28,28,1.0,0.036369648372665396,578,There’s no escaping the pizzarazzi.
4033,0,0,27,27,1.0,0.03774256780481986,578,Guess who's coming to dinner? O.J.
4033,0,0,27,27,1.0,0.03774256780481986,578,"Next, they serve the Chef Flambé ."
4033,0,0,27,27,1.0,0.03774256780481986,578,Capturing a Pizza the Action
4033,0,0,27,27,1.0,0.03774256780481986,578,No. I didn't know Reince Priebus changed jobs. Why do you ask?
4033,0,0,27,27,1.0,0.03774256780481986,578,Here it is folks! Hot off the press!
4033,0,0,28,28,1.0,0.036369648372665396,578,"I know the sign says ""Nunzio's Famous Pizza"", but..."
4033,0,0,27,27,1.0,0.03774256780481986,578,The Papapizzi are relentless.
4033,0,0,27,27,1.0,0.03774256780481986,578,He's faster than a speeding drone!
4033,0,0,28,28,1.0,0.036369648372665396,578,"Bertram, I believe that I would prefer a more bland appetizer"
4033,0,0,28,28,1.0,0.036369648372665396,578,They're famous for their service.
4033,0,0,28,28,1.0,0.036369648372665396,578,#pepperonipaparazzi
4033,0,0,27,27,1.0,0.03774256780481986,578,I think the pizza is ready.
4033,0,0,29,29,1.0,0.03509312031717982,578,"I present your large pizza with pepperoni, mozzarella, and paparazzi"
4033,0,0,27,27,1.0,0.03774256780481986,578,It's a Pizza Experience!
4033,0,0,27,27,1.0,0.03774256780481986,578,Pepperoni and subpoena.
4033,0,0,29,29,1.0,0.03509312031717982,578,They just got one star.
4033,0,0,28,28,1.0,0.036369648372665396,578,Trust me—the food here will look exquisite on your Instagram post.
4033,0,0,27,27,1.0,0.03774256780481986,578,.Time for a recount since you suspect voter fraud. So nice of you to share.
4033,0,0,29,29,1.0,0.03509312031717982,578,WAAAAIT. This is gluten-free. . .
4033,0,0,29,29,1.0,0.03509312031717982,578,This place is famous for its pizzarazzi.
4033,0,0,27,27,1.0,0.03774256780481986,578,Haven't we had the entree?
4033,0,0,27,27,1.0,0.03774256780481986,578,"Made in Italy, eaten in Little Italy"
4033,0,0,28,28,1.0,0.036369648372665396,578,Here comes your nauseating pepperatzi pizza.
4033,0,0,27,27,1.0,0.03774256780481986,578,Ugh...Celebrity Chef. I've lost my appetite.
4033,0,0,27,27,1.0,0.03774256780481986,578,Here come the Papajohn'srazzi.
4033,0,0,29,29,1.0,0.03509312031717982,578,Embracing gluten is a big deal for me.
4033,0,0,29,29,1.0,0.03509312031717982,578,The kitchen is quite proud of it's pizzarazzi
4033,0,0,29,29,1.0,0.03509312031717982,578,"Somehow, the pizzarazzi found us."
4033,0,0,28,28,1.0,0.036369648372665396,578,You told them to 'Stop the Presses?'
4033,0,0,28,28,1.0,0.036369648372665396,578,"I mean, he IS the hottest celebrity chef in the country.."
4033,0,0,27,27,1.0,0.03774256780481986,578,"Oh wait, I'm so helpless without my glasses. Did we order the pepperoni pizza, or the paparazzi pizza?"
4033,0,0,28,28,1.0,0.036369648372665396,578,The pizzarazzi are at it again .
4033,0,0,27,27,1.0,0.03774256780481986,578,Maybe we shouldn't have ordered from Domino's.
4033,0,0,27,27,1.0,0.03774256780481986,578,"Those beggars are hungry."""
4033,0,0,28,28,1.0,0.036369648372665396,578,They're finally bringing our half cheese and half paparazzi pizza!
4033,0,0,27,27,1.0,0.03774256780481986,578,Our waiter's almost as fast as the US Senate voting on health care.
4033,0,0,27,27,1.0,0.03774256780481986,578,I told you paparazzi is not a type of cheese.
4033,0,0,27,27,1.0,0.03774256780481986,578,"There's a double your money back guarantee..from order to your table in less than fifteen minutes."""
4033,0,0,27,27,1.0,0.03774256780481986,578,"Oh, my! Don't look behind you, but maybe it wasn't a joke on the menu. Maybe this really is Sean Spicer's first night as the pizza guy here."
4033,0,0,27,27,1.0,0.03774256780481986,578,They call it a pepparazzi pizza.
4033,0,0,28,28,1.0,0.036369648372665396,578,Somebody is trying to be #1 on TripAdvisor.
4033,0,0,27,27,1.0,0.03774256780481986,578,He's not going to be happy until you order one with saurkraut.
4033,0,0,28,28,1.0,0.036369648372665396,578,People get very excited when honesty is on the line.
4033,0,0,27,27,1.0,0.03774256780481986,578,Did you order...what ?
4033,0,0,29,29,1.0,0.03509312031717982,578,"""I just love the Paparazzi Pizza""."
4033,0,0,27,27,1.0,0.03774256780481986,578,The paparazzi want your pepperoni pizza!
4033,0,0,28,28,1.0,0.036369648372665396,578,Did I order the pepperoni or the paparazzi?
4033,0,0,28,28,1.0,0.036369648372665396,578,"Wow, I always knew the news was cheesy, but I didn't mean like this."" ""Well, at least now they have a piece of the pie."
4033,0,0,27,27,1.0,0.03774256780481986,578,"nothing exciting ever happens"" or ""I wish I could taste a famous pizza."
4033,0,0,28,28,1.0,0.036369648372665396,578,The paparazzoni pizza is different how?
4033,0,0,29,29,1.0,0.03509312031717982,578,You said you wanted Italian. So I ordered Pizza and Paparazzi
4033,0,0,27,27,1.0,0.03774256780481986,578,That sounded like a smoke alarm?
4033,0,0,27,27,1.0,0.03774256780481986,578,And you had to bring me to the only pizza parlor in Hollywood!
4033,0,0,27,27,1.0,0.03774256780481986,578,I meant it would be nice to have dachshunds...
4033,0,0,27,27,1.0,0.03774256780481986,578,You'll love the parkour pepperoni.
4033,0,0,31,31,1.0,0.032791291789197645,578,I could have sworn I ordered the pappardelle.
4033,0,0,27,27,1.0,0.03774256780481986,578,"Pizza is so ""kardashian"""
4033,0,0,28,28,1.0,0.036369648372665396,578,"And now the famous ""vegan defeater"""
4033,0,0,27,27,1.0,0.03774256780481986,578,Io
4033,0,0,28,28,1.0,0.036369648372665396,578,Hot off the press!
4033,0,0,27,27,1.0,0.03774256780481986,578,"In un-Trump related news, Pizza takes 36 minutes, Is free."
4033,0,0,27,27,1.0,0.03774256780481986,578,They are looking to automate their servers.
4033,0,0,27,27,1.0,0.03774256780481986,578,HHHHNNNNNNNNNNGGGGG I NEEED RUN
4033,0,0,28,28,1.0,0.036369648372665396,578,"Heard of Soul Food right?"" ""Well, the paparazzi pizza is Soulless Food that's fast and cheap."
4033,0,0,28,28,1.0,0.036369648372665396,578,"See, honey, I told you those internet rumors about the basement were just fake news."
4033,0,0,29,29,1.0,0.03509312031717982,578,These are the pizzarazzi of the food porn industry
4033,0,0,27,27,1.0,0.03774256780481986,578,This no cal pizza better be good.
4033,0,0,27,27,1.0,0.03774256780481986,578,You get the tip. I'll pay for coverage.
4033,0,0,28,28,1.0,0.036369648372665396,578,"I ordered the health care special. No one knows what it is, but it gets lots of press!"
4033,0,0,27,27,1.0,0.03774256780481986,578,"I think it was called ""The Loneliness of the Pizza Runner"" ..."
4033,0,0,28,28,1.0,0.036369648372665396,578,I didn't know they served a steaming pile of Donald Trump on a platter.
4033,0,0,27,27,1.0,0.03774256780481986,578,It's the latest health care bill
4033,0,0,27,27,1.0,0.03774256780481986,578,But you promised there wouldn't be any pizzarazzi!
4033,0,0,29,29,1.0,0.03509312031717982,578,My first husband just didn't have a sophisticated palate—I've always loved their artisan mozzarella and paparazzi pizza.
4033,0,0,27,27,1.0,0.03774256780481986,578,Surprise! Two for one plus Early Bird Special; it's going to be an audition for the Fast Eating Contest.
4033,0,0,29,29,1.0,0.03509312031717982,578,"Oh dear, it's the Pizza-razzi again!"
4033,0,0,27,27,1.0,0.03774256780481986,578,The pizza paparozi are here so be Mastrioni
4033,0,0,27,27,1.0,0.03774256780481986,578,I ordered the Veal Paparazzi.
4033,0,0,28,28,1.0,0.036369648372665396,578,"Can we just get ""Joe's Pedestrian Pizza"" next time?"
4033,0,0,28,28,1.0,0.036369648372665396,578,I thought he was staying up north this week.
4033,0,0,28,28,1.0,0.036369648372665396,578,Papparazzarella.
4033,0,0,27,27,1.0,0.03774256780481986,578,Stoves? Where we're going we won't need stoves.
4033,0,0,27,27,1.0,0.03774256780481986,578,It just hasn't been the same since they hired that Barron.
4033,0,0,29,29,1.0,0.03509312031717982,578,I've changed my mind about the double jalapenos and extra anchovies
4033,0,0,29,29,1.0,0.03509312031717982,578,"Even here, we're not safe from the pizzarazzi."
4033,0,0,28,28,1.0,0.036369648372665396,578,What makes you think Daniel Day Lewis has found his new vocation?
4033,0,0,28,28,1.0,0.036369648372665396,578,Your mother's the only one who doesn't think I'm glamorous.
4033,0,0,27,27,1.0,0.03774256780481986,578,"The Royals must have ordered ""takeout"" again."
4033,0,0,29,29,1.0,0.03509312031717982,578,".....meanwhile at Johnny's Pizzaria: ""You didn't order the Depperoni again, did you?"""
4033,0,0,27,27,1.0,0.03774256780481986,578,Their pizza is 'World Famous.'
4033,0,0,27,27,1.0,0.03774256780481986,578,I asked for a pan of pepperoni pizza not for a peck of pushy paparazzi.
4033,0,0,28,28,1.0,0.036369648372665396,578,Tell me more about this celebrity pizza.
4033,0,0,27,27,1.0,0.03774256780481986,578,"I knew that Ashton Kutcher has had a dry spell since WHAT HAPPENS IN VEGAS, but I didn't realize he was back to waiting tables!"
4033,0,0,29,29,1.0,0.03509312031717982,578,10 Million Instagram Like pizza pie to Table 4.
4033,0,0,27,27,1.0,0.03774256780481986,578,I ordered Pizzagate.
4033,0,0,27,27,1.0,0.03774256780481986,578,They follow you until you love their pizza.
4033,0,0,27,27,1.0,0.03774256780481986,578,There goes another pie shot by the pizzarazzi.
4033,0,0,28,28,1.0,0.036369648372665396,578,"This place is so trendy. Tonight's special is ""Baked News."""
4033,0,0,27,27,1.0,0.03774256780481986,578,Buzz is they've served almost a million of these!
4033,0,0,31,31,1.0,0.032791291789197645,578,I know he's a celebrity chef but why must they photograph is castle from here?
4033,0,0,29,29,1.0,0.03509312031717982,578,"Yeah, he signed a five year extension in May. I don't think he's worth all that money but if they make the playoffs..."
4033,0,0,27,27,1.0,0.03774256780481986,578,The endangered creatures pizza has gotten some notoriety lately.
4033,0,0,28,28,1.0,0.036369648372665396,578,"No, you've never had a pizza like this before, and I didn't mean ""pepperoni,"" I meant..."
4033,0,0,27,27,1.0,0.03774256780481986,578,"Siri confirms your order for ""Pizza with run on and paparazzi"""
4033,0,0,27,27,1.0,0.03774256780481986,578,Next in line for white house press secretary.
4033,0,0,27,27,1.0,0.03774256780481986,578,I hear their paparazzi pizza is from a Fake News recipe.
4033,0,0,27,27,1.0,0.03774256780481986,578,"I don’t know, it was just a clever name for a pizza -- “Health Department Dare.”"
4033,0,0,28,28,1.0,0.036369648372665396,578,What do they expect? They called the place Pepperazzi.
4033,0,0,27,27,1.0,0.03774256780481986,578,Did you have to order extra gluten?
4033,0,0,27,27,1.0,0.03774256780481986,578,Care for dessert then ?
4033,0,0,27,27,1.0,0.03774256780481986,578,""" I guess the paparazzi figured out' Justin whats his name', is here""."
4033,0,0,29,29,1.0,0.03509312031717982,578,It's the new bunch of pizzarazzis.
4033,0,0,27,27,1.0,0.03774256780481986,578,They say he was a waiter at the Bread Loaf Writers' Conference.
4033,0,0,29,29,1.0,0.03509312031717982,578,I heard that President Trump just fired his head waiter last week for serving the guests too fast. I wonder where the poor fella is working at now.
4033,0,0,27,27,1.0,0.03774256780481986,578,Did you hear? Sean Spicer has a new job.
4033,0,0,27,27,1.0,0.03774256780481986,578,"It's not ""who moved the cheese""; it's ""who moves the cheese faster""."
4033,0,0,27,27,1.0,0.03774256780481986,578,"In the old days son, fast, efficient service was the norm."
4033,0,0,27,27,1.0,0.03774256780481986,578,Try the veal. It's the best in the city.
4033,0,0,27,27,1.0,0.03774256780481986,578,Are we staying for the pizza-razzi hour?
4033,0,0,27,27,1.0,0.03774256780481986,578,I guess they discovered the missing pope in the pizza.
4033,0,0,27,27,1.0,0.03774256780481986,578,He's coming; Trump's coming!
4033,0,0,27,27,1.0,0.03774256780481986,578,Have you met my Snapchat team?
4033,0,0,27,27,1.0,0.03774256780481986,578,They said the food hear` was Hot
4033,0,0,27,27,1.0,0.03774256780481986,578,I think I know why the menu called it rapappizza.
4033,0,0,27,27,1.0,0.03774256780481986,578,I thought he was bluffing when he refused to sell his corner spot.
4033,0,0,27,27,1.0,0.03774256780481986,578,Just a heads-up: those awards in the lobby for fast Service are pretty accurate
4033,0,0,28,28,1.0,0.036369648372665396,578,Try not to overreact to their pepperoni paparazzi.
4033,0,0,29,29,1.0,0.03509312031717982,578,Honey you didn't order the Kardashian with the lot did you?
4033,0,0,28,28,1.0,0.036369648372665396,578,The Paparazzi shop is always open!
4033,0,0,29,29,1.0,0.03509312031717982,578,I ordered the Scaramucci with cocaine on top.
4033,0,0,30,30,1.0,0.03390317518104052,578,Did you order paparazzi instead of pepperoni?
4033,0,0,27,27,1.0,0.03774256780481986,578,I see the food here posted all the time.
4033,0,0,27,27,1.0,0.03774256780481986,578,"Voila le New York less than a minute maestro."""
4033,0,0,27,27,1.0,0.03774256780481986,578,Yelp!
4033,0,0,27,27,1.0,0.03774256780481986,578,They ensure the crust doesn't fold under pressure.
4033,0,0,27,27,1.0,0.03774256780481986,578,Delivery from Italy does take longer.
4033,0,0,27,27,1.0,0.03774256780481986,578,NEW TOPPING ?
4033,0,0,27,27,1.0,0.03774256780481986,578,I mentioned on my profile that I don't eat 'fast food'
4033,0,0,28,28,1.0,0.036369648372665396,578,I understand that Brad Pitt got his break while working at El Pollo Loco.
4033,0,0,27,27,1.0,0.03774256780481986,578,The pizza-razzi; just doing their job.
4033,0,0,27,27,1.0,0.03774256780481986,578,I ordered the pepperoni pizzarati.
4033,0,0,27,27,1.0,0.03774256780481986,578,"I know ya Hendree's girl, and ya very much his favorite girl also. But sometimes, sometimes he can treat youse like a real fuckin' jerk... Speakin' ah jerks, here comes Boy Wonder with the pie."
4033,0,0,30,30,1.0,0.03390317518104052,578,All they want is for him to say the word.
4033,0,0,27,27,1.0,0.03774256780481986,578,I said I like rare meat.
4033,0,0,27,27,1.0,0.03774256780481986,578,Our waiter seems to be focused on his Hollywood dreams.
4033,0,0,27,27,1.0,0.03774256780481986,578,"The paparazzi really enhance the ambiance of this place, no?"
4033,0,0,27,27,1.0,0.03774256780481986,578,I am so lonely.....
4033,0,0,28,28,1.0,0.036369648372665396,578,I may want to keep my maiden name 'Pizz-amore'.
4033,0,0,27,27,1.0,0.03774256780481986,578,"If we order the pizza, tell them to hold the paparazzi."
4033,0,0,29,29,1.0,0.03509312031717982,578,I didn't realize it was fast food...
4033,0,0,29,29,1.0,0.03509312031717982,578,I told you papizzarazzi is a word.
4033,0,0,28,28,1.0,0.036369648372665396,578,Our waiter wants a lot of attention.
4033,0,0,28,28,1.0,0.036369648372665396,578,Did you order the celebrity pizza?
4033,0,0,27,27,1.0,0.03774256780481986,578,Am I overdressed for the famous original pizza?
4033,0,0,27,27,1.0,0.03774256780481986,578,"Sir, here is the pepporazzi you ordered! With extra tapings."
4033,0,0,28,28,1.0,0.036369648372665396,578,Being a dictator has its perks.
4033,0,0,31,31,1.0,0.032791291789197645,578,Would you mind if we had Donald Trump's final pizza?
4033,0,0,27,27,1.0,0.03774256780481986,578,"Sorry hon, didn't realize it was dyslexic paparazzi dinner meetup night."
4033,0,0,27,27,1.0,0.03774256780481986,578,Bruce Dern's side job....
4033,0,0,27,27,1.0,0.03774256780481986,578,Oh no the pizzarazzis are here agan.
4033,0,0,27,27,1.0,0.03774256780481986,578,I said pepperoni.
4033,0,0,28,28,1.0,0.036369648372665396,578,"""The Pizza and the Press"" ...... the smash hit movie about the insatiable appetite of the Paparazzi - with pepperoni and and sausage."
4033,0,0,35,35,1.0,0.028988551782622423,578,Believe me when I say you need more paparazzi pizza in your life
4033,0,0,27,27,1.0,0.03774256780481986,578,The pizzarazzi are at it again .
4033,0,0,27,27,1.0,0.03774256780481986,578,Did you order Double Everything?
4033,0,0,27,27,1.0,0.03774256780481986,578,The pizzarazzi strike again.
4033,0,0,28,28,1.0,0.036369648372665396,578,Papa John filming a new commercial.
4033,0,0,27,27,1.0,0.03774256780481986,578,Dennis - I told you not to order extra paparazzi.
4033,0,0,29,29,1.0,0.03509312031717982,578,Did I mention that he pizza comes with a side order of paparazzi?
4033,0,0,28,28,1.0,0.036369648372665396,578,Danny Meyer is hosting the next table...
4033,0,0,27,27,1.0,0.03774256780481986,578,I told you ordering the Pizza pierazzi was risky.
4033,0,0,29,29,1.0,0.03509312031717982,578,I hope you didn't order the Beyonce pizza special
4033,0,0,27,27,1.0,0.03774256780481986,578,I heard that Woody Harrelson has fallen on bad times.
4033,0,0,27,27,1.0,0.03774256780481986,578,I hear this place is popular with the pizzarazzi.
4033,0,0,27,27,1.0,0.03774256780481986,578,Why can't anyone believe that I've never tried pizza before?
4033,0,0,27,27,1.0,0.03774256780481986,578,Pizza is free only if 20 reporters or less.
4033,0,0,27,27,1.0,0.03774256780481986,578,The pepperoni here is famous.
4033,0,0,28,28,1.0,0.036369648372665396,578,Your beauty inspires Ed Sheeran. (Castle on the Hill)
4033,0,0,27,27,1.0,0.03774256780481986,578,"Just wait 'til you try the Paparazzi Pepperoni pizza, darling!"
4033,0,0,27,27,1.0,0.03774256780481986,578,. . . and it's celebrity waiter night.
4033,0,0,27,27,1.0,0.03774256780481986,578,i didn't order paparazzi pizza
4033,0,0,27,27,1.0,0.03774256780481986,578,Hey lady and Gentlemen here is your special pizza for the date
4033,0,0,29,29,1.0,0.03509312031717982,578,You once promised us a cruise if you could see the president's head served on a platter.
4033,0,0,29,29,1.0,0.03509312031717982,578,... it's down to a tenth of a second of 30 minutes or free. Will he make it?
4033,0,0,27,27,1.0,0.03774256780481986,578,Here comes our paparazzi and green pepper pizza now.
4033,0,0,27,27,1.0,0.03774256780481986,578,Trump is replacing all staff with pepperoni.
4033,0,0,29,29,1.0,0.03509312031717982,578,"Oh, John - I hate to tell you but it looks like the pizzarattzi found us!"
4033,0,0,27,27,1.0,0.03774256780481986,578,The paparazzi special really does come in a flash.
4033,0,0,30,30,1.0,0.03390317518104052,578,"I only count 7, you said it was a 9 photo restaurant."
4033,0,0,29,29,1.0,0.03509312031717982,578,They won't even let me serve a pizza in peace at Papa Razzi's.
4033,0,0,27,27,1.0,0.03774256780481986,578,I thought we ordered pepperoni.
4033,0,0,27,27,1.0,0.03774256780481986,578,"Nice to have a quite evening out without constant ""Breaking News"" stories. Oh wait; you just had to have the strawberry balsamic pizza with chicken, sweet onion, and Applewood bacon didn't you?"
4033,0,0,27,27,1.0,0.03774256780481986,578,This date is just another flash in the pan.
4033,0,0,29,29,1.0,0.03509312031717982,578,"Pizza, Pizza.!"
4033,0,0,29,29,1.0,0.03509312031717982,578,I don't understand why there's all this excitement between what is vegan and what is vegetarian.
4033,0,0,27,27,1.0,0.03774256780481986,578,Oh no - I thought this was a pizzeria not a paparazzi hangout.
4033,0,0,28,28,1.0,0.036369648372665396,578,He is famous for his pizza being served hot from the oven.
4033,0,0,27,27,1.0,0.03774256780481986,578,Oops! SLOW service is GOOD service.
4033,0,0,27,27,1.0,0.03774256780481986,578,Why restaurants aren't Twitter themed.
4033,0,0,28,28,1.0,0.036369648372665396,578,The queen says buzz off.
4033,0,0,28,28,1.0,0.036369648372665396,578,The press found out about your parking ticket
4033,0,0,27,27,1.0,0.03774256780481986,578,So remember that story about my Papa Murphy?
4033,0,0,27,27,1.0,0.03774256780481986,578,They do make pizza in Italy! I ordered one freshly flown in!
4033,0,0,27,27,1.0,0.03774256780481986,578,"The pizza here is just ok, but the paparazzi do a fantastic job."
4033,0,0,27,27,1.0,0.03774256780481986,578,The guidebook said the format was retro fast food.
4033,0,0,28,28,1.0,0.036369648372665396,578,I told you not to order the Pizzarazzi.
4033,0,0,29,29,1.0,0.03509312031717982,578,I'm giving them one more try to re-pizza and replace.
4033,0,0,30,30,1.0,0.03390317518104052,578,"No thanks, we only eat out."
4033,0,0,29,29,1.0,0.03509312031717982,578,The ole pizzarazzi is at it again.
4033,0,0,29,29,1.0,0.03509312031717982,578,It's just the pizza paparazzi.
4033,0,0,27,27,1.0,0.03774256780481986,578,"If the pizza's not here in 30 seconds, it's free."
4033,0,0,27,27,1.0,0.03774256780481986,578,I ordered pickled peperoni pizza with a pack of paparazzi.
4033,0,0,28,28,1.0,0.036369648372665396,578,I only eat where Gordon Ramsey films his shows.
4033,0,0,28,28,1.0,0.036369648372665396,578,Brace for the pizzarazzi!
4033,0,0,28,28,1.0,0.036369648372665396,578,Our order in your Berlitz Italian brings forth an extra large pizza with paparazzi.
4033,0,0,27,27,1.0,0.03774256780481986,578,Did you orchestrate it?
4033,0,0,27,27,1.0,0.03774256780481986,578,Looks like the paparazzi pizza might be thin crust.
4033,0,0,28,28,1.0,0.036369648372665396,578,They serve great pizzarazzi here.
4033,0,0,27,27,1.0,0.03774256780481986,578,"I'm starving, but I don't know what I feel like eating."
4033,0,0,27,27,1.0,0.03774256780481986,578,I wonder what OJ is doing now.
4033,0,0,27,27,1.0,0.03774256780481986,578,Toothpicks!
4033,0,0,27,27,1.0,0.03774256780481986,578,Why use Instagram when you can pay the paparazzi?
4033,0,0,29,29,1.0,0.03509312031717982,578,I always ask for extra paparazzi.
4033,0,0,27,27,1.0,0.03774256780481986,578,I understand that the pizza here is really special!
4033,0,0,29,29,1.0,0.03509312031717982,578,I can't wait to taste the Princess Diana Memorial Pizza!
4033,0,0,28,28,1.0,0.036369648372665396,578,Hmmm...Papa Razzi Pizza...Too trendy...Pretty much a flash in the pan
4033,0,0,28,28,1.0,0.036369648372665396,578,They say people were slipping him bribes.
4033,0,0,28,28,1.0,0.036369648372665396,578,Only in Italy can you get authentic pepperoni and paparazzi.
4033,0,0,27,27,1.0,0.03774256780481986,578,"Relax, you're just in one of my recurring, shameful food dreams. Us women, right?"
4033,0,0,28,28,1.0,0.036369648372665396,578,I hear their Paparazzi pizza is to die for.
4033,0,0,27,27,1.0,0.03774256780481986,578,"Order veils, this slice is going viral."
4033,0,0,27,27,1.0,0.03774256780481986,578,"You ordered it with peppers 'n mozz, but I think he heard ""paparazz."""
4033,0,0,29,29,1.0,0.03509312031717982,578,You've taken 'instagramming food' way too far.
4033,0,0,27,27,1.0,0.03774256780481986,578,I have a Prime account.
4033,0,0,28,28,1.0,0.036369648372665396,578,Their ad says they serve the fastest pizza in town.
4033,0,0,30,30,1.0,0.03390317518104052,578,Pizzarapi? Where did they get a name like that?
4033,0,0,28,28,1.0,0.036369648372665396,578,"I wonder why last night I dreamed of Dino who sang ""When the Moon Hits Your Eye Like a Big Pizza Pie."""
4033,0,0,27,27,1.0,0.03774256780481986,578,Hope we show up on page 6 with our pizza!
4033,0,0,27,27,1.0,0.03774256780481986,578,I'm just a waiter
4033,0,0,28,28,1.0,0.036369648372665396,578,Was it a paparazzi pizza?
4033,0,0,28,28,1.0,0.036369648372665396,578,Tell me billy: who really let the cat out of the bag.
4033,0,0,28,28,1.0,0.036369648372665396,578,"These ""Star Chef"" style pizzas have really been popular haven't they?"
4033,0,0,28,28,1.0,0.036369648372665396,578,Dating pressure today.
4033,0,0,28,28,1.0,0.036369648372665396,578,Breaking news. Pizza has been ruled a pre-existing condition.
4033,0,0,28,28,1.0,0.036369648372665396,578,Did you order a paparazzi pie again?
4033,0,0,28,28,1.0,0.036369648372665396,578,The parparazzi pizza is to die for.
4033,0,0,28,28,1.0,0.036369648372665396,578,I told you it would be a madhouse here during Jen Acker's birthday dinner!
4033,0,0,27,27,1.0,0.03774256780481986,578,I wasn't joking when I said I come from a WASPy family
4033,0,0,28,28,1.0,0.036369648372665396,578,Doing lunges while delivering pizza is priority.
4033,0,0,27,27,1.0,0.03774256780481986,578,I wish the Department of Health had approved body cameras!
4033,0,0,27,27,1.0,0.03774256780481986,578,I wonder if the King ever eats fast food?
4033,0,0,27,27,1.0,0.03774256780481986,578,"Tonight, grave sir, both the food cart guy, and I do equally desire your company. Shall it be frankfurters or Salisbury steak?"
4033,0,0,29,29,1.0,0.03509312031717982,578,"Even if you tact now, it's overdone."
4033,0,0,28,28,1.0,0.036369648372665396,578,I see the pizzarazzi are back.
4033,0,0,27,27,1.0,0.03774256780481986,578,"Let's hope it's real cheese, fake news."
4033,0,0,27,27,1.0,0.03774256780481986,578,So what exactly would be a noisy dinner?
4033,0,0,29,29,1.0,0.03509312031717982,578,"Really, this is one of Usain Bolt's fast food restaurants."
4033,0,0,27,27,1.0,0.03774256780481986,578,'Pie On The Fly' hired a new waiter after the last one prematurely retired due to turf toe.
4033,0,0,27,27,1.0,0.03774256780481986,578,"It's paparazzi, not pizzarapi!"
4033,0,0,27,27,1.0,0.03774256780481986,578,That must be their famous Paparazzi Pizza to go - with the secret ingredients!
4033,0,0,28,28,1.0,0.036369648372665396,578,"No, Amazon Prime cannot deliver a pizza in one minute."
4033,0,0,27,27,1.0,0.03774256780481986,578,Celebrity 'Chef' indeed!
4033,0,0,27,27,1.0,0.03774256780481986,578,"Believe it or not, I actually prefer pizza delivery than right out of the oven."
4033,0,0,27,27,1.0,0.03774256780481986,578,"How often do you order pizza with gluten, GMO tomato, and nonlocally sourced peperoni?"
4033,0,0,27,27,1.0,0.03774256780481986,578,"I bluffed, I reserved under the name ""Ann Coulter"""
4033,0,0,28,28,1.0,0.036369648372665396,578,"No need to panic, but the pizza-razzi have arrived and they're mighty hungry for either a scoop or a slice."
4033,0,0,29,29,1.0,0.03509312031717982,578,I don't know. There's just something missing in my life.
4033,0,0,28,28,1.0,0.036369648372665396,578,the rich man's wealth tires the poor man's jaw
4033,0,0,27,27,1.0,0.03774256780481986,578,I created a media frenzy by telling the chef that you could name the names.
4033,0,0,27,27,1.0,0.03774256780481986,578,The Lewinsky pizza always draws a crowd. You would be surprised how much difference a little bit of bacon can make.
4033,0,0,27,27,1.0,0.03774256780481986,578,"When you made the dinner reservation, why did you have to mention that are a friend of Anthony Scaramucci?"
4033,0,0,28,28,1.0,0.036369648372665396,578,Did you order the Princess Di special?
4033,0,0,27,27,1.0,0.03774256780481986,578,"Well, somebody had to do it."
4033,0,0,27,27,1.0,0.03774256780481986,578,"Finally, here it comes. Oh dear, it has anchovies, you know how much I hate anchovies"
4033,0,0,27,27,1.0,0.03774256780481986,578,A celebrity pizza chef?
4033,0,0,29,29,1.0,0.03509312031717982,578,You entered to win : free hotdogs for a year : I don't get what you are complaining about.
4033,0,0,27,27,1.0,0.03774256780481986,578,They say the pizza is to die for.
4033,0,0,27,27,1.0,0.03774256780481986,578,The waiters here really like to express themselves.
4033,0,0,27,27,1.0,0.03774256780481986,578,I Took the Liberty of the Ordering-Out Room Service from Trump Tower. This is their Scurrilous-Topics Pizza. I Hope You Don't Mind.
4033,0,0,27,27,1.0,0.03774256780481986,578,I told you this would happen if you ordered the pizzarazzi
4033,0,0,27,27,1.0,0.03774256780481986,578,"I asked the waiter to bring our exclusive, organic, gluten-free, hipster, pizza to the table as soon as possible so we would be the first to post it on Instagram."
4033,0,0,27,27,1.0,0.03774256780481986,578,"Here we go again. Every time I ask for the pepperoni pizza, they send out the paparazzi pizza instead!"
4033,0,0,27,27,1.0,0.03774256780481986,578,"The matchmaker said you would satisfy my taste for famous, hot and upper crust."
4033,0,0,28,28,1.0,0.036369648372665396,578,This place is known for its flavor of the month pizza.
4033,0,0,28,28,1.0,0.036369648372665396,578,I told the waiter 'collude' was a form of not wearing clothes.
4033,0,0,27,27,1.0,0.03774256780481986,578,"It's the waygu, fugu, truffle, lutefisk pizza!!!"
4033,0,0,28,28,1.0,0.036369648372665396,578,Trumped up!
4033,0,0,27,27,1.0,0.03774256780481986,578,"I promise you, this really is the original Famous Ray's."
4033,0,0,27,27,1.0,0.03774256780481986,578,Domino's wins again.
4033,0,0,27,27,1.0,0.03774256780481986,578,"Bayside, Queens' ""VIPizza"""
4033,0,0,27,27,1.0,0.03774256780481986,578,"These days, everybody's on Instagram."
4033,0,0,27,27,1.0,0.03774256780481986,578,"Please enjoy, this pizza just canceled it's tour to focus on God."
4033,0,0,28,28,1.0,0.036369648372665396,578,"Don't look now, but here comes your deep dish paparazzi pie."
4033,0,0,27,27,1.0,0.03774256780481986,578,I told you not order Russian pizza!
4033,0,0,27,27,1.0,0.03774256780481986,578,"I'm sure I said pepperoni, not paparazzi."
4033,0,0,27,27,1.0,0.03774256780481986,578,Well he did win America's Top Waiter.p
4033,0,0,27,27,1.0,0.03774256780481986,578,Food blogging is getting out of hand.
4033,0,0,28,28,1.0,0.036369648372665396,578,Here comes your 1990's paparazzi pizza.
4033,0,0,28,28,1.0,0.036369648372665396,578,I heard they have the best paparazzi and cheese in town.
4033,0,0,27,27,1.0,0.03774256780481986,578,Surpizza?? You're our one millionth couple to propose here.
4033,0,0,27,27,1.0,0.03774256780481986,578,- Have you eaten southern bluefin tuna? - No. - You will have the pleasure of knowing and experiencing the last one of them.
4033,0,0,27,27,1.0,0.03774256780481986,578,"I miss the days before ""camera eats first"" when food became a serious cultural pursuit and legitimate hobby."
4033,0,0,27,27,1.0,0.03774256780481986,578,This is no hot date in a tower!
4033,0,0,27,27,1.0,0.03774256780481986,578,The waiter seem like a hot dog to you?
4033,0,0,27,27,1.0,0.03774256780481986,578,Big deal... I ordered a small.
4033,0,0,27,27,1.0,0.03774256780481986,578,That's not what he signed up for.
4033,0,0,27,27,1.0,0.03774256780481986,578,"...the President was jealous of Sean's cult following.  Yes, this being his younger brother, it is impressive."
4033,0,0,29,29,1.0,0.03509312031717982,578,Just another Bake News story dear.
4033,0,0,28,28,1.0,0.036369648372665396,578,Just told the waiter that I was hungry...
4033,0,0,28,28,1.0,0.036369648372665396,578,"Pizza, get out of this room!"
4033,0,0,27,27,1.0,0.03774256780481986,578,"Mayday,mayday, the Pizzarazzi are coming!"
4033,0,0,27,27,1.0,0.03774256780481986,578,PapaGinoRazzi?
4033,0,0,27,27,1.0,0.03774256780481986,578,I am so tired of the pizzaratzzi
4033,0,0,29,29,1.0,0.03509312031717982,578,"For a Club Fed, the standards here have really slipped."
4033,0,0,28,28,1.0,0.036369648372665396,578,Service is a bit slow. Let me post to ....
4033,0,0,28,28,1.0,0.036369648372665396,578,They're the pizzarazzi
4033,0,0,28,28,1.0,0.036369648372665396,578,"That food journalist has gone too far. The pizza may be ambrosial, but I didn't expect the paparazzi."
4033,0,0,29,29,1.0,0.03509312031717982,578,The new cook says it's spicier.
4033,0,0,28,28,1.0,0.036369648372665396,578,I UNDERSTAND THE RESTAURANT HAS A CELEBRITY CHHEF.
4033,0,0,28,28,1.0,0.036369648372665396,578,I think I hear the pizzarazzi.
4033,0,0,28,28,1.0,0.036369648372665396,578,Just wait til you try the paparazzi pizza.
4033,0,0,28,28,1.0,0.036369648372665396,578,I found his role as the plain cheese pizza mesmerizing.
4033,0,0,27,27,1.0,0.03774256780481986,578,I've heard Hillary has been known to order pizza here in seclusion.
4033,0,0,27,27,1.0,0.03774256780481986,578,"The ""pizzarazi"" is all over this delivery."
4033,0,0,28,28,1.0,0.036369648372665396,578,Donald's dining on the terrace tonight.
4033,0,0,27,27,1.0,0.03774256780481986,578,Rushin' Man Delivers Deep Dish at Correspondents Dinner
4033,0,0,28,28,1.0,0.036369648372665396,578,I hear their pepperoni paparazzi pizza is REALLY fast.
4033,0,0,27,27,1.0,0.03774256780481986,578,"I told the chef, ""too many cooks spoil the broth,"" but he insisted photographers were a whole different show."
4033,0,0,27,27,1.0,0.03774256780481986,578,"Here's your pizza, Mr. Mooch. Just the way you like it! Freshly picked oregano, razor-sliced garlic, and beyond stereotypical. Mangia, mangia!"
4033,0,0,27,27,1.0,0.03774256780481986,578,"lets make a ""wish"" anyone comes thru the door will ""fly away"" (yes)"
4033,0,0,27,27,1.0,0.03774256780481986,578,Great idea to go to a pizza restaurant--the paparazzi will never think to find us here.
4033,0,0,27,27,1.0,0.03774256780481986,578,"The Paparazzi Pie is supposed to come with ""sides."""
4033,0,0,27,27,1.0,0.03774256780481986,578,It says in the paper that this is the new media hot spot.
4033,0,0,27,27,1.0,0.03774256780481986,578,"They called it ""The Pizza of the Stars."""
4033,0,0,28,28,1.0,0.036369648372665396,578,Pie-parazzi?
4033,0,0,27,27,1.0,0.03774256780481986,578,They changed the name to Really Famous Ray's Pizza.
4033,0,0,28,28,1.0,0.036369648372665396,578,Have you run out of celebrity chefs or what?
4033,0,0,27,27,1.0,0.03774256780481986,578,"Mama Mia, the Pizzarazzi are spicy today!"
4033,0,0,27,27,1.0,0.03774256780481986,578,I didn't know that the Russian Tea Room delivered to Trump Tower
4033,0,0,30,30,1.0,0.03390317518104052,578,What can I say...people are desperate for my secret to success.
4033,0,0,27,27,1.0,0.03774256780481986,578,How often do they have race night?
4033,0,0,28,28,1.0,0.036369648372665396,578,one large paparazzi
4033,0,0,27,27,1.0,0.03774256780481986,578,One Kardashian. I'm trying to hold the paparazzi.
4033,0,0,27,27,1.0,0.03774256780481986,578,"So what does Papparizza mean, anyway?"
4033,0,0,27,27,1.0,0.03774256780481986,578,The new 'Elite-Free' special here is really creating a buzz.
4033,0,0,28,28,1.0,0.036369648372665396,578,Is this why they the Paparazzi-eria
4033,0,0,28,28,1.0,0.036369648372665396,578,I hear this place is popular with the pizzarazzi.
4033,0,0,27,27,1.0,0.03774256780481986,578,Is wine with pizza all the rage now?
4033,0,0,28,28,1.0,0.036369648372665396,578,Cartoon characters can be celebrities too.
4033,0,0,28,28,1.0,0.036369648372665396,578,"I clearly said ""pepperoni,"" NOT paparozzi!!"
4033,0,0,28,28,1.0,0.036369648372665396,578,"Trust me, it's not him. Adrien Brody doesn't have to wait tables for a living."
4033,0,0,28,28,1.0,0.036369648372665396,578,"As you know, these days a new restaurant needs substantial investors."
4033,0,0,27,27,1.0,0.03774256780481986,578,"The press can be a bother, but I love the food at Pizzarazzi!"
4033,0,0,28,28,1.0,0.036369648372665396,578,Paparazzi Pizza on its way.
4033,0,0,27,27,1.0,0.03774256780481986,578,It only got fancy after Crimetown.
4033,0,0,29,29,1.0,0.03509312031717982,578,"Pizza and paparazzi, three o'clock."
4033,0,0,27,27,1.0,0.03774256780481986,578,'I didn't realise you ordered a fake pizza?'
4033,0,0,27,27,1.0,0.03774256780481986,578,"Just remember, when it comes to being in the spotlight, we're all basically the Pizza Rat."
4033,0,0,27,27,1.0,0.03774256780481986,578,Anybody want a paparazzi pizza?
4033,0,0,29,29,1.0,0.03509312031717982,578,You won the pizza auction at Christie's !
4033,0,0,29,29,1.0,0.03509312031717982,578,"Instead of ovens, they make these unbelievable pizzas here using the 'bake' media."
4033,0,0,29,29,1.0,0.03509312031717982,578,Pizza-man to the rescue!
4033,0,0,27,27,1.0,0.03774256780481986,578,"Try not to eat it with a knife and fork this time, honey."
4033,0,0,30,30,1.0,0.03390317518104052,578,Did you order borscht?
4033,0,0,30,30,1.0,0.03390317518104052,578,Is this your first time ordering salmon paparazzo here?
4033,0,0,28,28,1.0,0.036369648372665396,578,"You know what they say, you can't spell pizza without 'paparazzi'."
4033,0,0,27,27,1.0,0.03774256780481986,578,A quiet dinner for two is so relaxing.
4033,0,0,27,27,1.0,0.03774256780481986,578,this one is hot off the presses.
4033,0,0,28,28,1.0,0.036369648372665396,578,The mushroom with extra cheese can't go anywhere without attracting the pizzarazzi.
4033,0,0,28,28,1.0,0.036369648372665396,578,It's the most famous pizza in the world
4033,0,0,27,27,1.0,0.03774256780481986,578,I can't wait to try that new paparazzi pizza!
4033,0,0,27,27,1.0,0.03774256780481986,578,Just ignore the pizzarazzi when our order arrives.
4033,0,0,28,28,1.0,0.036369648372665396,578,This place is highly rated by the pizzarazzi.
4033,0,0,27,27,1.0,0.03774256780481986,578,They're famous for the pizzarazi peperoni.
4033,0,0,27,27,1.0,0.03774256780481986,578,"As strange as it seems, the French finally woke up. He is now the king of France."
4033,0,0,27,27,1.0,0.03774256780481986,578,I hear the popped rozie is very good.
4033,0,0,29,29,1.0,0.03509312031717982,578,"It's the greatest pizza in the world, but...."
4033,0,0,27,27,1.0,0.03774256780481986,578,"I mean, I know he's trending, but after all, he's only five."
4033,0,0,28,28,1.0,0.036369648372665396,578,Do you know of anyone eating here?
4033,0,0,27,27,1.0,0.03774256780481986,578,I've heard the pepperazzi special here is flashy.
4033,0,0,27,27,1.0,0.03774256780481986,578,I heard he won a Servie award.
4033,0,0,27,27,1.0,0.03774256780481986,578,"Ah, the pizzarazzi has arrived. Your forty-five minutes are up."
4033,0,0,28,28,1.0,0.036369648372665396,578,These persistent pizzarazzi are always trying to get a photo for Food & Wine magazine.
4033,0,0,27,27,1.0,0.03774256780481986,578,"I mean, I like the name Sybil....."
4033,0,0,27,27,1.0,0.03774256780481986,578,Did you reserve the table as Scaramucci?
