rank,funny,somewhat_funny,unfunny,count,score,precision,contest,caption
1,822,230,951,2003,1.9355966050923614,0.020977896701788915,581,Expect a chilly reception at the circumcision symposium.
2,14,21,34,69,1.710144927536232,0.09484012948114837,581,Take it. You mother worries.
3,315,195,661,1171,1.704526046114432,0.025253768516319205,581,Your mother wanted me to give you this.
4,57,102,155,314,1.6878980891719746,0.042963378153775315,581,"For Heavens sake, just try it on."
5,245,109,525,879,1.6814562002275313,0.02970096400958845,581,It gets chilly at night in the desert.
6,130,164,355,649,1.6533127889060093,0.031108916628397203,581,"Put this on, take two tablets, and call me in the morning."
7,70,63,180,313,1.648562300319489,0.04652038386872928,581,What else would I do with the sacrificial lamb?
8,164,62,377,603,1.6467661691542288,0.03581993133802056,581,...and this is just one sample of what I can do with the foreskins.
9,29,64,97,190,1.6421052631578947,0.05320765211693358,581,"Yes, 'honor thy mother' means wearing the sweater she knitted you."
10,56,75,180,311,1.6012861736334405,0.04398935825834216,581,Thy wool be done.
11,37,39,114,190,1.5947368421052632,0.057757869660477086,581,Lord and Tailor
12,53,97,197,347,1.585014409221902,0.03980617979107026,581,Because I'm your Father and I said so.
13,16,51,75,142,1.5845070422535212,0.05762502119109274,581,"No, this is a Suggestion, not a Commandment."
14,50,101,194,345,1.5826086956521739,0.039363795041596115,581,So that's why you had me sacrifice the sheep?
15,30,55,116,201,1.572139303482587,0.05212021601929592,581,#11 Thou Shall Not Regift
16,18,69,98,185,1.5675675675675675,0.04890258831104493,581,You climb nearly 7500 feet and you don't bring a sweater?
17,58,54,188,300,1.5666666666666667,0.0459832099000979,581,People who bought tablets also bought this.
18,38,51,136,225,1.5644444444444445,0.0510437789758364,581,"Beat that, Amazon!"
19,46,76,176,298,1.563758389261745,0.043215056143508304,581,"It's not a commandment, just a suggestion."
20,39,73,160,272,1.5551470588235294,0.04437859211740225,581,Not a commandment. Just a suggestion.
21,45,51,161,257,1.54863813229572,0.048324621887099344,581,"Like everything else, I made it myself."
22,37,66,154,257,1.5447470817120623,0.04575475734609955,581,For every ten we throw in a free sweater.
23,22,55,105,182,1.543956043956044,0.052021357065421166,581,Forty days and nights and all you brought were slippers and a housecoat?
24,35,54,143,232,1.5344827586206897,0.0488187334212243,581,Couldn't you just change the weather?
25,37,54,149,240,1.5333333333333334,0.04828533662663411,581,Thou shalt not machine wash.
26,23,43,102,168,1.5297619047619047,0.055957840890197126,581,"Read them over; if I say you need a sweater, you need a sweater."
27,33,51,139,223,1.5246636771300448,0.04956367406120917,581,Thy wool be done.
27,31,55,137,223,1.5246636771300448,0.04874176340028605,581,Not a commandment. Just a suggestion.
29,22,46,105,173,1.5202312138728324,0.05412764618918525,581,Trust me: they'll be more likely to listen if you're not in your bathrobe.
30,27,39,113,179,1.5195530726256983,0.05565209219062626,581,"Not now, Mom!"
31,32,45,134,211,1.5165876777251184,0.051317980905828765,581,"One more thing before you go, is this sweater white and gold or blue and black?"
32,36,38,139,213,1.516431924882629,0.05265400416866735,581,It's a Christmas sweater. Someday you'll understand.
33,29,49,130,208,1.5144230769230769,0.05053520935957008,581,"Yes, it's Egyptian cotton, but, Mose, nobody needs to know!"
34,29,50,131,210,1.5142857142857142,0.050166535795027695,581,This is not a commandment. Just a suggestion.
35,28,49,128,205,1.5121951219512195,0.05063431036187911,581,"Put this sweater on, take those 2 tablets, and call me in the morning."
36,26,54,127,207,1.5120772946859904,0.0493187506643819,581,"It's not a commandment, but if you love Me you'll wear it."
37,26,52,126,204,1.5098039215686274,0.04986710634380528,581,"What do you mean, how do I know your size?"
38,32,37,130,199,1.5075376884422111,0.05372729604843828,581,"Here, keep warm, take the two tablets and call me in the morning."
38,34,33,132,199,1.5075376884422111,0.05466388231852838,581,Your mom wanted me to give you this.
40,17,37,87,141,1.50354609929078,0.0592285028484036,581,"Lord, where do you find the time?"
41,21,34,96,151,1.5033112582781456,0.05933715704530363,581,"Take two tablets, bundle up, and call me if you feel any more symptoms."
42,10,11,41,62,1.5,0.09688430189387637,581,I think you are looking for Joseph!
43,22,49,116,187,1.4973262032085561,0.051079053660882105,581,This wasn't what I had in mind when I asked for your help with climate change.
44,25,41,117,183,1.4972677595628416,0.053617314048853754,581,"Put this on, take the tablets and call me tomorrow!"
44,26,39,118,183,1.4972677595628416,0.05417439991537072,581,"God commands, but Amazon delivers."
46,27,36,118,181,1.4972375690607735,0.055193342513777575,581,Mom?
46,27,36,118,181,1.4972375690607735,0.055193342513777575,581,Customers who viewed this item also viewed . . . .
48,25,41,118,184,1.4945652173913044,0.05339355856305247,581,This one's more like a suggestion.
49,27,35,119,181,1.4917127071823204,0.055190269986566474,581,Lead the Chosen People to Iceland instead. It will be less complicated in the long run.
49,22,45,114,181,1.4917127071823204,0.052335734734165446,581,You know how I worry.
51,27,33,118,178,1.4887640449438202,0.05590773977076763,581,Thou shalt not bleach. Thou shalt not tumble dry. Thou shalt not dry clean.
52,22,39,109,170,1.488235294117647,0.054863203796462964,581,"I write a little, I smite a little, but on the seventh day, I knit."
52,18,47,105,170,1.488235294117647,0.05226391253738202,581,11. Dry Clean Only
52,24,35,111,170,1.488235294117647,0.05611771929935128,581,"I know, I know, I was supposed to rest on the seventh day, but I just love to knit."
55,14,38,85,137,1.4817518248175183,0.05778042654958722,581,"Tell Aaron that I answered his prayer and got the stain out. Next time, he should just try a little seltzer water."
56,10,39,74,123,1.4796747967479675,0.0581256773011146,581,Something to go with your birkenstocks.
57,27,26,114,167,1.4790419161676647,0.05874767630038043,581,"Is that you, Amazon?"
57,25,30,112,167,1.4790419161676647,0.05750651908182966,581,You get one free when you buy two tablets.
59,9,15,45,69,1.4782608695652173,0.08663623880283539,581,"...Also, tell them to stop using masculine pronouns when they're talking about me."
60,20,35,103,158,1.4746835443037976,0.056575502453953035,581,"I'll deliver your commandments, but I draw the line at dropping off your dry cleaning."
61,16,43,100,159,1.471698113207547,0.05339468901902155,581,Thou shalt hand wash and tumble dry
61,22,31,106,159,1.471698113207547,0.05769455598960849,581,"A turtleneck, Lord? Wasn't forty years in the desert enough?"
63,13,40,88,141,1.4680851063829787,0.05563776997469444,581,The 11th Commandment: Never Pay Retail.
64,19,35,102,156,1.4679487179487178,0.05637217678553346,581,"Take two of these, call me in the morning...and put on your sweater, it's chilly."
64,24,25,107,156,1.4679487179487178,0.05992818406420638,581,The first observance of Pullover.
64,20,33,103,156,1.4679487179487178,0.057101097200301064,581,Thou shalt lay flat to dry
67,22,28,104,154,1.4675324675324675,0.059114387013308234,581,First put this on. Then take two tablets and call me in the morning.
67,13,46,95,154,1.4675324675324675,0.05225484486195186,581,I forgot one -- thou shalt dress in layers.
67,20,32,102,154,1.4675324675324675,0.05766060939941545,581,And mother insists I give you this.
67,23,26,105,154,1.4675324675324675,0.05982803013456819,581,It's a hand me down.
71,16,37,95,148,1.4662162162162162,0.05624744119165438,581,"Listen, it's not a commandment. It's a suggestion."
71,17,35,96,148,1.4662162162162162,0.057058770613866654,581,"And also, do you want this? It's not my size."
73,21,29,103,153,1.4640522875816993,0.05867044254346857,581,You ordered all ten! Congratulations and here's your free hoodie.
73,18,35,100,153,1.4640522875816993,0.05642891893550624,581,And thou shalt not machine wash
75,19,32,100,151,1.4635761589403973,0.05775401474884886,581,Pants when you finish the next 10.
75,17,36,98,151,1.4635761589403973,0.056204321703131936,581,And this commandment is from your mother.
75,20,30,101,151,1.4635761589403973,0.05851347229793155,581,Here. My son doesn't wear it anymore.
75,19,32,100,151,1.4635761589403973,0.05775401474884886,581,"The first ""Ugly Christmas sweater"" was a 'hand me down'"
75,16,38,97,151,1.4635761589403973,0.055413225473334396,581,It's going to snow. Trust me.
75,21,28,102,151,1.4635761589403973,0.05926319820184661,581,This one's more of a suggestion.
75,20,30,101,151,1.4635761589403973,0.05851347229793155,581,Do you want this? I accidentally put it in the dryer.
82,9,19,52,80,1.4625,0.0774264657267572,581,Now try it as a folk singer.
83,15,31,86,132,1.4621212121212122,0.060268985143612,581,"No, I personally think 'Thou shalt always bring a sweater just in case"" is great advice, but I think ten is a nice round number."
84,20,26,97,143,1.4615384615384615,0.06099185986898437,581,"And point out that with every ten commandments, they will receive a free winter garment."
84,17,32,94,143,1.4615384615384615,0.05851946515100101,581,"Sorry, did I say ""Canaan""? I meant ""Canada""."
84,15,36,92,143,1.4615384615384615,0.056811457375076646,581,"And while you're down there, could you return this for me? They sent the wrong size."
84,14,38,91,143,1.4615384615384615,0.05593789978932545,581,Climate change is coming
88,14,35,88,137,1.4598540145985401,0.05769900740174503,581,Thank heaven it's not another tablet!
89,18,28,94,140,1.457142857142857,0.060293414606876324,581,"Better to have it and not need it, then need it and not have it. Eleven."
90,17,32,96,145,1.4551724137931035,0.057883578446042167,581,Number 11 - Always take a sweater.
90,18,30,97,145,1.4551724137931035,0.05870514538208848,581,Sweaters are fine. Just don't wear socks with those sandals.
90,17,32,96,145,1.4551724137931035,0.057883578446042167,581,Please don't tell me you made that sweater with the Lamb of God.
93,20,25,98,143,1.4545454545454546,0.06095797236204261,581,...so it's true . You are a woman
94,5,23,45,73,1.452054794520548,0.07309502554147088,581,Yes it’s black and white…you were expecting one of many colors?
95,12,37,86,135,1.451851851851852,0.056347769665941384,581,"Put this on, take two more tablets and call me in the morning."
95,15,31,89,135,1.451851851851852,0.0592177853762416,581,"...Oh, and see if anyone lost this."
95,13,35,87,135,1.451851851851852,0.0573204105519101,581,"Here, I made this on the eighth day."
95,14,33,88,135,1.451851851851852,0.0582768203092196,581,"Honour thy father and mother. Also, your mother says to wear a sweater."
95,15,31,89,135,1.451851851851852,0.0592177853762416,581,"Sorry, you don't have enough cloud storage."""
95,15,31,89,135,1.451851851851852,0.0592177853762416,581,Because I said so.
95,17,27,91,135,1.451851851851852,0.061056226086237106,581,The moral high ground can get a little chilly.
102,20,24,98,142,1.4507042253521127,0.06126677321047398,581,Wear this in the desert; it will add to your suffering.
102,19,26,97,142,1.4507042253521127,0.06044607000257838,581,Thou shalt not re-gift.
104,13,36,89,138,1.4492753623188406,0.05640267169175254,581,"I said, ""Thou shalt knit,"" not ""Thou shalt not"""
104,5,21,43,69,1.4492753623188406,0.07595998824497313,581,...for when it's a cold day in Hell...
106,17,23,89,129,1.441860465116279,0.0631333958498524,581,Proof that God is a woman.
107,5,24,48,77,1.4415584415584415,0.07038005045138966,581,"Look, just wear it, OK? Your mother’s been pestering me."
108,18,23,93,134,1.4402985074626866,0.0622324316608834,581,"""I told you that God was a Jewish mother""."
108,15,29,90,134,1.4402985074626866,0.059466065941210365,581,"Take these two tablets, stay warm and get plenty of rest."
108,16,27,91,134,1.4402985074626866,0.0604022669206912,581,"Once a Jewish mother, always a Jewish mother."
108,16,27,91,134,1.4402985074626866,0.0604022669206912,581,Proof that God is a Mother.
108,14,31,89,134,1.4402985074626866,0.05851488825837687,581,"Oh God, please don't make me wear that!"
108,16,27,91,134,1.4402985074626866,0.0604022669206912,581,"Alexa, I'm cold."
114,15,28,89,132,1.4393939393939394,0.060127068543905614,581,Winter is coming.
115,13,30,86,129,1.434108527131783,0.059108527131782954,581,Here....that burning bush won't keep you warm forever....
115,17,22,90,129,1.434108527131783,0.06307387814079399,581,Wear this. God forbid you should catch a cold.
115,13,30,86,129,1.434108527131783,0.059108527131782954,581,11. Dry Clean Only
115,14,28,87,129,1.434108527131783,0.06012438781972315,581,"Canaan? No, I said Canada."
115,18,20,91,129,1.434108527131783,0.06402685479334028,581,God forbid you should catch a cold.
120,16,23,88,127,1.4330708661417322,0.06283570129288106,581,Just in case hell freezes over.
120,14,27,86,127,1.4330708661417322,0.06081411516303113,581,"If you want one for your brother, I'll need another lamb."
120,17,21,89,127,1.4330708661417322,0.06382248611516991,581,No one is going to listen to you in your pajamas!
123,16,22,87,125,1.432,0.06358737955529917,581,"...And, with every Ten Commandments you get this free hoodie."
123,11,32,82,125,1.432,0.05829402669559806,581,"OK.... Take two tablets, put this on, and call me in the morning."
125,13,27,84,124,1.4274193548387097,0.060781460407686276,581,Your Mom called me.
126,12,26,79,117,1.4273504273504274,0.0622737452788257,581,"Here, it covers a multitude of Sins."
127,8,16,51,75,1.4266666666666667,0.07866758283173945,581,"But wait .. there's more! For only an additional $29.95, plus shipping & handling ..."
128,13,26,83,122,1.4262295081967213,0.06150137192835574,581,"Take two tablets, stay warm and call me in the morning."
128,10,32,80,122,1.4262295081967213,0.05810309594520992,581,It's from my After the Fall collection.
128,16,20,86,122,1.4262295081967213,0.06472146274398946,581,Winter is coming.
131,11,29,80,120,1.425,0.059951544392701235,581,"And for those still tempted by adultery, I have created the turtleneck."
131,13,25,82,120,1.425,0.06224387295058008,581,"I was just joking about ""a cold day in hell."""
131,10,31,79,120,1.425,0.05877186106174505,581,"Take two tablets, then put this on, it'll keep you warm."
134,12,26,80,118,1.423728813559322,0.06184986900520271,581,"Oh, that reminds me. Can you return this to thy neighbor's wife?"
135,13,22,79,114,1.4210526315789473,0.06461851898026931,581,What do I say when they ask me who I am wearing?
136,14,22,83,119,1.4201680672268908,0.0637075535098461,581,"Moshe, take a sweater, it gets cold in the desert at night."
136,17,16,86,119,1.4201680672268908,0.06697717472469003,581,Your mother wanted me to give you this.
136,12,26,81,119,1.4201680672268908,0.06143120271991589,581,From your mother. Call her.
136,16,18,85,119,1.4201680672268908,0.06590532664970568,581,"Oh, and your mother made you this, and wants to know if she has any grandchildren."
140,4,18,40,62,1.4193548387096775,0.07814746631985382,581,"Oy, is another commandment going to kill you?"
141,9,31,77,117,1.4188034188034189,0.05852005764664566,581,"Take two tablets, put on this sweater and call me in the morning."
141,16,17,84,117,1.4188034188034189,0.0667542707342449,581,Thou shalt not machine wash.
141,13,23,81,117,1.4188034188034189,0.06335649936887032,581,...and this is for when hell freezes over.
141,11,27,79,117,1.4188034188034189,0.06098624090417607,581,This will make you look less preachy.
145,12,24,79,115,1.4173913043478261,0.06295859510853141,581,Took me six days to make this.
145,14,20,81,115,1.4173913043478261,0.06533678367224267,581,People who viewed the tablets also bought this hand knit alpaca hoodie sweater in grey
145,13,22,80,115,1.4173913043478261,0.06415870945816099,581,"Come on, God. We said nothing over $10 this year."
145,10,28,77,115,1.4173913043478261,0.06048697459326724,581,"So you made the earth in seven days, but that thing took you six weeks?"
145,10,28,77,115,1.4173913043478261,0.06048697459326724,581,"Forty days and 40 nights, and now you find my luggage?"
145,14,20,81,115,1.4173913043478261,0.06533678367224267,581,And one more commandment from your mother.
145,15,18,82,115,1.4173913043478261,0.06649398921654616,581,"Moishele, Moishele -- you knew you were going to be on the mountain forty days and forty nights. Nights, Moishe; nights!"
152,6,28,63,97,1.4123711340206186,0.06174818840572649,581,"It's not written in stone, but you might want to put this on."
153,13,20,79,112,1.4107142857142858,0.06535908563758756,581,"If you commit for five more commandments, you get the canvas tote AND this official Team God sweatshirt."
154,9,27,74,110,1.4090909090909092,0.06098367211363063,581,Adam got a fig leaf to live in Paradise and I have to wear a sweater in the desert? Please...
155,6,17,48,71,1.408450704225352,0.0765910113105605,581,"Take it, I see lots of wandering around in your future."
156,5,29,62,96,1.40625,0.0602955531367793,581,Not the typical hand-me-down.
157,12,20,77,109,1.4036697247706422,0.06532709467894848,581,"I think there's been a mistake. I'm just Moses, not Eskimoses."
157,9,26,74,109,1.4036697247706422,0.06130208237303013,581,And drop this at the dry cleaner's on your way.
157,11,22,76,109,1.4036697247706422,0.06401355039274723,581,This is for the chilly reception you're going to get when you get back down the mountain.
160,4,19,44,67,1.4029850746268657,0.07385398055884286,581,"This is not a commandment, but I'll be very hurt if you don't accept it."
161,12,19,76,107,1.4018691588785046,0.06620931669615095,581,You're not getting through to the millennials. Loose the robe and wear this.
161,11,21,75,107,1.4018691588785046,0.06486399520624717,581,That was Substance. Now you need Style.
163,12,18,75,105,1.4,0.0671229804574745,581,It's from Mrs. God.
163,12,18,75,105,1.4,0.0671229804574745,581,Your mother said to put this on.
163,9,24,72,105,1.4,0.06289709020331509,581,Use the tablets as needed and take this for the cold.
163,8,26,71,105,1.4,0.06142388601263984,581,It's cold outside. You know I worry.
163,14,14,77,105,1.4,0.06979824404521127,581,XI. Thou Shalt Not Regift.
163,9,18,63,90,1.4,0.07031230493106523,581,And then God created same-day delivery.
163,10,22,73,105,1.4,0.06433656922150993,581,Go north and multiply.
170,6,17,50,73,1.3972602739726028,0.07489141309066996,581,"No, technically, it's not a commandment. But, it will get chilly tonight."
171,10,21,73,104,1.3942307692307692,0.06469649546564098,581,"So it's Egyptian Cotton, get over it"
172,8,23,68,99,1.393939393939394,0.06391698294473333,581,And Moses kvetched unto the Lord: “A hand-me-down? Really?”
173,10,20,72,102,1.392156862745098,0.06558557927703809,581,"Fine, but as my spokesman, I can't have you looking like you just rolled out of bed."
173,10,20,72,102,1.392156862745098,0.06558557927703809,581,I asked for a medium.
173,10,20,72,102,1.392156862745098,0.06558557927703809,581,It's hand of god made.
173,10,20,72,102,1.392156862745098,0.06558557927703809,581,I know you're not cold. Just honor your mother.
173,10,20,72,102,1.392156862745098,0.06558557927703809,581,Here--I made it myself.
173,14,12,76,102,1.392156862745098,0.07126020244262746,581,"It shrank when I washed it, would you like it?"
173,9,22,71,102,1.392156862745098,0.06408846345747218,581,Because I'm a good mother too.
173,11,18,73,102,1.392156862745098,0.06704927493917848,581,THIS IS YOUR MOTHER SPEAKING
173,9,22,71,102,1.392156862745098,0.06408846345747218,581,And on the eighth day I crocheted.
173,9,22,71,102,1.392156862745098,0.06408846345747218,581,The tablets are to share--and the sweater's for you.
183,9,20,68,97,1.3917525773195876,0.06644621146965468,581,Just try it on. I'm not commanding you to keep it.
183,10,18,69,97,1.3917525773195876,0.06804318960022725,581,"Number eleven...when your mother says wear a sweater, wear a sweater."
183,9,20,68,97,1.3917525773195876,0.06644621146965468,581,"It's cold, Moishe-leh, put on a a sweater first!"
183,9,20,68,97,1.3917525773195876,0.06644621146965468,581,You'll need this for the trip down. I've turned off the burning bush.
183,6,26,65,97,1.3917525773195876,0.061406588585939635,581,"Here's a little something for you. Thou shalt not machine wash it, and shall dry clean it only."
183,8,22,67,97,1.3917525773195876,0.06480989420117628,581,Number 11: 'Don't run with scissors.' Number 12: 'Carry an umbrella.' Number 13: 'Pack a sweater.' Number 14...
183,11,16,70,97,1.3917525773195876,0.06960353642793504,581,"Those are from our father, and this is from your mother."
183,8,22,67,97,1.3917525773195876,0.06480989420117628,581,As my representative you could at least throw a shirt on and stop walking around in your bath robe.
183,9,20,68,97,1.3917525773195876,0.06644621146965468,581,And if it's not the right size I kept the receipt.
183,9,20,68,97,1.3917525773195876,0.06644621146965468,581,I meant to say 'Thou shall not chill.'
183,6,26,65,97,1.3917525773195876,0.061406588585939635,581,There's new priority shipping for tablet users.
183,7,24,66,97,1.3917525773195876,0.06313117893771078,581,Same-day delivery really is a godsend.
195,2,21,41,64,1.390625,0.06906830175659225,581,"We'll get to that. But first, put a sweater on. It's cold."
196,9,21,70,100,1.39,0.06497085593719787,581,"It's ""thou shalt knit,"" not ""thou shalt not."""
196,13,13,74,100,1.39,0.07091750791795301,581,"But wait, there's more!"
196,10,19,71,100,1.39,0.06650738547884981,581,"Don't worry, it's ok to covet cashmere."
199,6,23,61,90,1.3888888888888888,0.06456315210976131,581,Tell the world it took me 6 days and 6 nights to make it.
199,5,25,60,90,1.3888888888888888,0.06259962236476228,581,You don't like the robes?
201,9,20,69,98,1.3877551020408163,0.06588607414066301,581,Put this on. It will be a cold day in hell before you see the Promised Land.
201,10,18,70,98,1.3877551020408163,0.06746382883733883,581,I'm not commanding you put on a sweater but don't complain to me when you catch your death out there.
201,6,26,66,98,1.3877551020408163,0.06090808204577228,581,"You aren’t going down there dressed like THAT, are you?"
201,10,18,70,98,1.3877551020408163,0.06746382883733883,581,"OK, technically it's not another commandment. But it will make your mother happy."
201,8,22,68,98,1.3877551020408163,0.06426959880024255,581,"And in case you forget, I wrote them on the sleeve."
201,8,22,68,98,1.3877551020408163,0.06426959880024255,581,Your mother sent this in case you got cold...
201,9,20,69,98,1.3877551020408163,0.06588607414066301,581,"And then do me a favor and drop this off at the cleaners, will ya?"
201,8,22,68,98,1.3877551020408163,0.06426959880024255,581,"Moses, Schmoses. Be a good boy, listen to your mother, and put on this sweater."
201,11,16,71,98,1.3877551020408163,0.06900551888884363,581,"And on the seventh day, God got really into knitting."
210,7,14,52,73,1.3835616438356164,0.07712030024682436,581,Call it a 'Garment' - and establish an industry for your people.
211,4,15,41,60,1.3833333333333333,0.07916109109120167,581,"Wear this, take the two tablets and see me in the morning."
212,12,13,72,97,1.3814432989690721,0.07095824689657836,581,"No, it's not a commandment, but would it kill you to try it on?"
213,3,13,34,50,1.38,0.08518886580500329,581,The hand of Amazon Prime.
214,10,16,69,95,1.3789473684210527,0.06887180321787544,581,"Take your pick, Moses. Ten degrees or ten decrees?"
214,8,20,67,95,1.3789473684210527,0.06553927789512784,581,I hope you don't mind a hand me down.
214,8,20,67,95,1.3789473684210527,0.06553927789512784,581,"No, I said, ""COVER thy neighbor""."
214,9,18,68,95,1.3789473684210527,0.06722619365060226,581,Fleece be with you.
214,7,22,66,95,1.3789473684210527,0.06380777994321155,581,And get this to Aaron.He's Amazon Prime.
214,6,24,65,95,1.3789473684210527,0.062027966398615936,581,"Oh, and can you drop this off at Goodwill?"
214,11,14,70,95,1.3789473684210527,0.07047900002280992,581,Take it. It'll be a cold day in hell if anyone follows these.
214,8,20,67,95,1.3789473684210527,0.06553927789512784,581,"Oh wait, one more: Thou shalt not putteth woolen garments in thy tumble dryer."
214,9,18,68,95,1.3789473684210527,0.06722619365060226,581,Thought you might like this Promised Lands' End sweater.
223,7,20,63,90,1.3777777777777778,0.06624921317748725,581,"It's this, or give up bacon."
223,11,12,67,90,1.3777777777777778,0.07340102047782077,581,"Moses was relieved to see ""Thou shalt not regift"" was not inscribed on the tablets."
223,9,16,65,90,1.3777777777777778,0.0699166219643856,581,"Because your Mother said so, that's why."
223,7,20,63,90,1.3777777777777778,0.06624921317748725,581,"Ok, time for the style commandments."
223,10,14,66,90,1.3777777777777778,0.07167999663119506,581,"Moses, is that what you're wearing to the parting?"
223,6,22,62,90,1.3777777777777778,0.06433716155146124,581,"You won't be getting to the promised land yourself, so please accept this beautiful sweater as a consolation prize. Those desert nights are a bitch."
223,6,22,62,90,1.3777777777777778,0.06433716155146124,581,"Um, I said, ""peace,"" not ""fleece"""
223,7,20,63,90,1.3777777777777778,0.06624921317748725,581,Mom!! Not now.
223,7,20,63,90,1.3777777777777778,0.06624921317748725,581,Thou shalt not chill.
223,10,14,66,90,1.3777777777777778,0.07167999663119506,581,I need XXL.
223,8,18,64,90,1.3777777777777778,0.06810760704042888,581,This is all I have. The coat of many colors is already spoken for.
234,3,17,41,61,1.3770491803278688,0.07452558304363856,581,"After thou hast crossed the desert with thy people, head for Canada."
235,9,17,67,93,1.3763440860215055,0.0682273693993997,581,Proof that God is a Jewish Mother.
235,6,23,64,93,1.3763440860215055,0.06287854692239939,581,Here is your next clue.
235,15,5,73,93,1.3763440860215055,0.07782993305497357,581,Thou shalt not raise the thermostat.
235,9,17,67,93,1.3763440860215055,0.0682273693993997,581,"Is that, um, Egyptian cotton?"
235,13,9,71,93,1.3763440860215055,0.07476623768753174,581,"""In case you find the reception a little cold""."
235,10,15,68,93,1.3763440860215055,0.06991943954193805,581,"Is that a commandment, or just a suggestion?"
235,12,11,70,93,1.3763440860215055,0.07318631161120162,581,... And this is for when Hell freezes over by the time your people actually follow all My commandments.
242,9,16,66,91,1.3736263736263736,0.06926855181581136,581,And this is for the cold reception you're going to get.
242,9,16,66,91,1.3736263736263736,0.06926855181581136,581,"Oh, and one more thing. Take this. I don't want it."
242,9,16,66,91,1.3736263736263736,0.06926855181581136,581,"Keep warm, take two tablets and call me in the morning."
245,2,16,36,54,1.3703703703703705,0.07614165462963654,581,I also want ski pants Lord
246,5,14,46,65,1.3692307692307693,0.07773608819772207,581,"And you thought I was a guy, right?"
247,6,14,51,71,1.3661971830985915,0.07569779112613244,581,People who like that also like this.
248,9,9,56,74,1.364864864864865,0.08066349333787376,581,Thou shalt not wear this around your neck like a douche.
248,3,21,50,74,1.364864864864865,0.06546143655462926,581,This one's more of a suggestion.
250,4,16,46,66,1.3636363636363635,0.07365377215153938,581,"No, I said thou shalt not chill."
250,5,22,61,88,1.3636363636363635,0.06297612413054902,581,"Not really a commandment, just a friendly suggestion."
250,10,12,66,88,1.3636363636363635,0.07260962270783994,581,"It's a mountain. You""ll catch cold. Would it it kill you to put a sweater on for me?"
250,6,20,62,88,1.3636363636363635,0.06501711490338546,581,"One more thing, give this to Waldo."
250,10,12,66,88,1.3636363636363635,0.07260962270783994,581,...and thou shalt not machine dry cashmere.
250,8,16,64,88,1.3636363636363635,0.0689180039617185,581,"Oh, and if you see my kid, give him this. He's always handing his out to strangers..."
250,10,12,66,88,1.3636363636363635,0.07260962270783994,581,"""Not exactly what I had in mind when praying for protection""."
250,9,14,65,88,1.3636363636363635,0.07078788236641323,581,here...honor thy mother
250,5,22,61,88,1.3636363636363635,0.06297612413054902,581,Is it Egyptian cotton?
250,6,20,62,88,1.3636363636363635,0.06501711490338546,581,"Just a suggestion, not a command."
250,4,24,60,88,1.3636363636363635,0.0608667330374533,581,"Wear this, you're in for a cool reception . . ."
250,8,16,64,88,1.3636363636363635,0.0689180039617185,581,You're going to live to 175. Take the sweater.
250,7,18,63,88,1.3636363636363635,0.06699595696916148,581,... And don't forget to call your Mother.
250,7,18,63,88,1.3636363636363635,0.06699595696916148,581,"Think of this one as a suggestion, not a commandment."
250,7,18,63,88,1.3636363636363635,0.06699595696916148,581,"Two tablets, stay warm, and call me in the morning."
250,6,20,62,88,1.3636363636363635,0.06501711490338546,581,Honour thy mother...
250,4,16,46,66,1.3636363636363635,0.07365377215153938,581,"Moses, hold up a minute! The Holy Ghost here wants to come down the mountain with you."
250,9,14,65,88,1.3636363636363635,0.07078788236641323,581,"[Booming Voice] No, it’s a suggestion, not a commandment."
268,3,15,40,58,1.3620689655172413,0.07659683764126195,581,"And if they don't buy into that, change into this."
268,1,19,38,58,1.3620689655172413,0.06824334532780413,581,"Thou shalt wash thy garment on gentle, and dryeth on low settings..."
270,6,18,59,83,1.3614457831325302,0.06765957129858255,581,It's probably just a cold. Take 2 tablets and call me in the morning.
270,5,20,58,83,1.3614457831325302,0.06545196122376797,581,"Keep warm, take two tablets and call me in the morning."
270,7,16,60,83,1.3614457831325302,0.0697973921330756,581,Would it kill you to try it on?
270,9,12,62,83,1.3614457831325302,0.07388770309814092,581,"One last thing, see if Ivanka will sell this."
270,7,16,60,83,1.3614457831325302,0.0697973921330756,581,Politically it appears hell is indeed freezing over. You're going to need this.
270,8,14,61,83,1.3614457831325302,0.07187165163573657,581,Those are from your Father. This is from me. Don't forget to wear it.
270,7,16,60,83,1.3614457831325302,0.0697973921330756,581,"""Take two tablets, and then put on this sweater""."
270,6,18,59,83,1.3614457831325302,0.06765957129858255,581,The last flock you shepherded says 'Hello'.
270,5,20,58,83,1.3614457831325302,0.06545196122376797,581,You will need this when Hell hath frozen over.
270,4,22,57,83,1.3614457831325302,0.06316724521274675,581,What do you think? It's difficult to get an honest opinion up here.
280,7,17,62,86,1.3604651162790697,0.06802427887499866,581,Your mother thought you should have a sweater
280,10,11,65,86,1.3604651162790697,0.07381121832158118,581,For when Hell freezes over.
282,8,14,62,84,1.3571428571428572,0.07114113134330824,581,"Yes, Mother."
282,7,16,61,84,1.3571428571428572,0.06909557754415957,581,"Your mother made this. Read the 4th Commandment, then put this on."
282,10,10,64,84,1.3571428571428572,0.07506519855495997,581,"""I thought you said, 'thou shall not cover your neighbors wife.'"
282,8,14,62,84,1.3571428571428572,0.07114113134330824,581,Sponsored content: Biblical Sweaters starting at $9.99
282,8,14,62,84,1.3571428571428572,0.07114113134330824,581,It has pockets for large tablets.
282,8,14,62,84,1.3571428571428572,0.07114113134330824,581,Dad I'm fine
282,8,14,62,84,1.3571428571428572,0.07114113134330824,581,Your Father and I wanted you to have a little something for yourself as well.
282,7,16,61,84,1.3571428571428572,0.06909557754415957,581,"Stay warm, take two tablets and call me in the morning."
282,8,14,62,84,1.3571428571428572,0.07114113134330824,581,"Thanks, but no one will follow a man in a turtleneck."
282,5,20,59,84,1.3571428571428572,0.06481107444620278,581,"More of a suggestion, actually."
282,8,14,62,84,1.3571428571428572,0.07114113134330824,581,Your Mother which art in Heaven - wants you to put on your sweater.
282,9,12,63,84,1.3571428571428572,0.07312948995754516,581,Just take it I'm sick of that robe.
294,7,11,53,71,1.352112676056338,0.07794800813072517,581,I made it myself.
295,3,20,51,74,1.3513513513513513,0.06505894696308392,581,#11: Always layer.
295,6,14,54,74,1.3513513513513513,0.0730983332284813,581,"Oh, one more ..."
295,7,12,55,74,1.3513513513513513,0.07558835603270962,581,Take this too. It shrunk in the wash.
298,5,11,44,60,1.35,0.08173610561099653,581,Thou shalt not stretch out the neck hole.
298,2,17,41,60,1.35,0.07061073364733361,581,Take this. It's Egyptian cotton.
300,7,15,61,83,1.3493975903614457,0.06949237657840711,581,"Take this, it won't be a warm reception."
300,3,23,57,83,1.3493975903614457,0.060446314705147615,581,You are probably going to get a chilly reception.
302,6,15,57,78,1.3461538461538463,0.07026642385937759,581,"Actually, thou shall not give a damn about wearing sweaters with two kinds of fabric. Or eating shellfish. Or homosexuality. But the whole 'no killing' thing still applies."
303,6,16,59,81,1.345679012345679,0.0684044206281238,581,"Trust me, you'll need this. Global Warming doesn't hit for another 3,300 years."
303,9,10,62,81,1.345679012345679,0.07486715359485235,581,People who liked honoring their Mother and Father also liked...
303,7,14,60,81,1.345679012345679,0.07062440609858557,581,DO NOT FORGET NUMBER ELEVEN: YOU SHALL NOT WASH THY FINE WOOLENS IN HOT WATER.
303,6,16,59,81,1.345679012345679,0.0684044206281238,581,"It's not written in stone, but it's a good rule of thumb."
303,6,16,59,81,1.345679012345679,0.0684044206281238,581,"If this doesn't help, take the two tablets and call me in the morning."
303,7,14,60,81,1.345679012345679,0.07062440609858557,581,"Number 7 contains a typo. It should read, ""You shall cover your neighbor's wife."""
303,6,16,59,81,1.345679012345679,0.0684044206281238,581,"Moishele, you want to catch a cold up here?"
310,6,8,44,58,1.3448275862068966,0.08713954061720913,581,You take it. It doesn't fit me.
311,6,11,50,67,1.3432835820895523,0.07829087585382129,581,"Anxious moment at the holiday gift swap, 1350 BC."
312,5,14,51,70,1.3428571428571427,0.07304587255410247,581,"No, it's a Tablet Protector. These are apt to break. I have it in aqua or sandstone."
313,6,15,58,79,1.3417721518987342,0.06950951625150825,581,"And the Lord said unto Moses: ""Thou shouldst not be dumb enough to spend 40 nights on the mountain in a loincloth."""
313,7,13,59,79,1.3417721518987342,0.07180628659345781,581,"...And while you're down there, could you drop this off at the cleaners for me?"
313,8,11,60,79,1.3417721518987342,0.07403183598402047,581,Newly discovered proof that God is a Mother.
313,6,15,58,79,1.3417721518987342,0.06950951625150825,581,You never did learn how to pack for trips.
313,7,13,59,79,1.3417721518987342,0.07180628659345781,581,"Moses, none of these millennials will listen to you unless you're wearing one of these."
313,7,13,59,79,1.3417721518987342,0.07180628659345781,581,Really? God's Frozen People?
313,5,17,57,79,1.3417721518987342,0.06713421560348777,581,Not saying you'll get lost for 40 years but...doesn't hurt to be prepared.
313,6,15,58,79,1.3417721518987342,0.06950951625150825,581,My wife made it.
313,7,13,59,79,1.3417721518987342,0.07180628659345781,581,That list? It's gonna be a cold day in hell.
313,5,17,57,79,1.3417721518987342,0.06713421560348777,581,Believe me. Global cooling is coming.
313,8,11,60,79,1.3417721518987342,0.07403183598402047,581,"I'm good, Amazon already delivered."
313,6,15,58,79,1.3417721518987342,0.06950951625150825,581,And get a haircut.
313,4,19,56,79,1.3417721518987342,0.06467173230919727,581,"After you tell'm, put this on and lay low for a while."
313,5,17,57,79,1.3417721518987342,0.06713421560348777,581,Proof that God is a woman.
313,5,17,57,79,1.3417721518987342,0.06713421560348777,581,This might help with #10
313,6,15,58,79,1.3417721518987342,0.06950951625150825,581,Eleven--thou shalt not commit crimes of fashion.
313,5,17,57,79,1.3417721518987342,0.06713421560348777,581,"And finally, thou shalt always wear a knitted sweater received, no matter how ugly."
313,8,11,60,79,1.3417721518987342,0.07403183598402047,581,It's from your mother.
331,1,18,40,59,1.3389830508474576,0.06669175712525775,581,Don't make me come down there!
332,3,16,46,65,1.3384615384615384,0.07029102647114255,581,"And lastly, I'd like to offer a fashion suggestion."
333,3,17,48,68,1.338235294117647,0.0682475163889525,581,"I'd rather keep the stones, if you don't mind. They're vintage."
333,3,17,48,68,1.338235294117647,0.0682475163889525,581,"Sorry, I forgot it was Dry Clean Only."
333,4,15,49,68,1.338235294117647,0.07139121133609308,581,"Lord, You communicate in mysterious ways."
333,4,15,49,68,1.338235294117647,0.07139121133609308,581,"This cashmere sweater, however, thou may covet."
337,5,15,54,74,1.337837837837838,0.07011131738885229,581,And this is how you dress for the mountains? Put on a sweater.
337,6,13,55,74,1.337837837837838,0.07270371429951814,581,God that's a great sweater.
337,6,13,55,74,1.337837837837838,0.07270371429951814,581,"That's why I chose you, Moses--you're a trendsetter."
337,6,13,55,74,1.337837837837838,0.07270371429951814,581,"Follow the rules your father gave you, sweetie, and here, wear a sweater. Have you eaten today?"
337,6,13,55,74,1.337837837837838,0.07270371429951814,581,Would it kill you to put on a sweater?
342,6,14,57,77,1.3376623376623376,0.07066327111461151,581,"Trust me, the tablets will have a chilling effect."
342,8,10,59,77,1.3376623376623376,0.07534470707311537,581,...and right now you get a free sweatshirt with every ten commandments.
342,5,16,56,77,1.3376623376623376,0.0682021582133502,581,"No, it's not a commandment. I just think you'll be chilly without it."
342,7,12,58,77,1.3376623376623376,0.07304150453184358,581,I upcycled the Passover lamb.
342,5,16,56,77,1.3376623376623376,0.0682021582133502,581,"I know it's a desert, but it gets cold at night. Thou shalt layer."
342,3,20,54,77,1.3376623376623376,0.06299212161566223,581,And the Lord gave unto Moses the first hand-me-down
342,9,8,60,77,1.3376623376623376,0.07757956163572852,581,"And number 11: Always take a sweater, you never know what it'll be like."""
342,6,14,57,77,1.3376623376623376,0.07066327111461151,581,Merry WHAT?
342,5,16,56,77,1.3376623376623376,0.0682021582133502,581,Do not take the Lord and Tailor's name in vain.
342,3,20,54,77,1.3376623376623376,0.06299212161566223,581,It's part of the Prophet Collection.
352,6,13,56,75,1.3333333333333333,0.07186908351415902,581,Why do I feel like I put more thought into today's gift exchange than you did?
352,8,9,58,75,1.3333333333333333,0.07671952740916672,581,It might help if you wear a turtleneck and call them tablets.
352,2,18,46,66,1.3333333333333333,0.06596365932242049,581,You shall have no other sweaters except this one.
352,6,13,56,75,1.3333333333333333,0.07186908351415902,581,In case you skip Canaan and go straight to Long Island.
352,3,19,53,75,1.3333333333333333,0.0639068391025881,581,Honor thy mother. It's cold out
352,4,14,48,66,1.3333333333333333,0.07268841230626298,581,"No, I said thou shalt not chill."
352,4,17,54,75,1.3333333333333333,0.06666666666666665,581,"Your mom made it, ok?"
352,7,11,57,75,1.3333333333333333,0.07433387871977033,581,"One more thing, on your way down the mountain, could you return this to Macys for me?"
352,7,11,57,75,1.3333333333333333,0.07433387871977033,581,You will need this when hell freezes over.
352,5,9,43,57,1.3333333333333333,0.08426794199726531,581,"Oh, and I almost forgot –– there's an eleventh commandment in the fine print on the tag."
352,5,15,55,75,1.3333333333333333,0.06931669932133816,581,"With all due respect, I prayed for a helicopter."
352,8,9,58,75,1.3333333333333333,0.07671952740916672,581,"And should thou posses space enough to proclaim, #11. Machine wash cold with like colors."
352,5,15,55,75,1.3333333333333333,0.06931669932133816,581,"Thanks, but I'm still toasty from the burning bush."
352,5,15,55,75,1.3333333333333333,0.06931669932133816,581,"Trust me, it will be a chilly reception."
352,8,9,58,75,1.3333333333333333,0.07671952740916672,581,"Wear this, it will be a cold day in hell before they follow those rules."
352,4,17,54,75,1.3333333333333333,0.06666666666666665,581,It's just a suggestion.
352,4,17,54,75,1.3333333333333333,0.06666666666666665,581,"what do you mean this sweater ""looks pretty gay"""
352,6,13,56,75,1.3333333333333333,0.07186908351415902,581,"Take this. I can't always be lighting bushes on fire for you, you know."
352,6,13,56,75,1.3333333333333333,0.07186908351415902,581,Climate change.
352,9,7,59,75,1.3333333333333333,0.07903319711517588,581,Tell Al Gore he got it wrong
352,2,21,52,75,1.3333333333333333,0.06102232152027422,581,"Now, I don't want to see this on eBay next week."
352,8,9,58,75,1.3333333333333333,0.07671952740916672,581,"Moses, you have to update your look. I want to attract a more diverse following."
352,10,5,60,75,1.3333333333333333,0.08128103472893664,581,"while you're at it, could you plug my daughter's clothing line ?"
352,8,9,58,75,1.3333333333333333,0.07671952740916672,581,"Moses, customers who bought ""Ten Commandment Stone Tablets"" also bought ""Knitted Slim Fit Pullover Sweater with Shawl Collar ."""
352,5,15,55,75,1.3333333333333333,0.06931669932133816,581,I didn't bring you out of Egypt to catch a cold.
352,4,17,54,75,1.3333333333333333,0.06666666666666665,581,It gets cold at night in the desert.
352,5,15,55,75,1.3333333333333333,0.06931669932133816,581,"What do you mean, 'How do YOU know it's going to get chilly'?"
352,6,13,56,75,1.3333333333333333,0.07186908351415902,581,The Promised Land's End.
380,5,13,52,70,1.3285714285714285,0.07257873163886115,581,And avoid drafts.
380,7,9,54,70,1.3285714285714285,0.07807579417593077,581,And no running downhill.
380,6,11,53,70,1.3285714285714285,0.07537739025234334,581,Your mother called.
380,4,15,51,70,1.3285714285714285,0.06966773723437258,581,Would you return this for me on your way down?
380,6,11,53,70,1.3285714285714285,0.07537739025234334,581,Just in case hell freezes over.
380,4,15,51,70,1.3285714285714285,0.06966773723437258,581,Thou shalt be nice and cozy.
380,6,11,53,70,1.3285714285714285,0.07537739025234334,581,"I'm giving the same to Aaron, but don't tell him."
380,6,11,53,70,1.3285714285714285,0.07537739025234334,581,This should help with the cold reception.
380,4,15,51,70,1.3285714285714285,0.06966773723437258,581,The eleventh commandment is from your mom: thou shalt wear your sweater to keep from catching a cold.
380,5,13,52,70,1.3285714285714285,0.07257873163886115,581,Ye shall have no other hoodies before me
380,7,9,54,70,1.3285714285714285,0.07807579417593077,581,Mother. Please!
391,6,10,51,67,1.328358208955224,0.07781520194811217,581,"Here, take two tablets, put this sweater on and you'll be fine"
392,4,9,39,52,1.3269230769230769,0.08562235054373873,581,"And from henceforth, thou shalt not leave My hoodie in the dryer on high."
393,6,11,54,71,1.323943661971831,0.0744521179154911,581,It'll be a cold day in hell.
393,6,11,54,71,1.323943661971831,0.0744521179154911,581,Thou shalt hand wash only. Thou shalt use no bleach. Thou shalt lay flat to dry. Thou shalt not wring or twist.
393,7,9,55,71,1.323943661971831,0.07710727818451199,581,expect a chilly reception
393,5,13,53,71,1.323943661971831,0.07169869855988086,581,You'll get the symbolism later
393,5,13,53,71,1.323943661971831,0.07169869855988086,581,"Not right now, Mom, I'm working!!"
393,4,15,52,71,1.323943661971831,0.06883522999350791,581,But I'm Moses. That's for Malibu Ken!
393,7,9,55,71,1.323943661971831,0.07710727818451199,581,"Oh, God, not another knitted sweater."
393,6,11,54,71,1.323943661971831,0.0744521179154911,581,"No, no. I get the tablets. Joseph gets the coat."
393,7,9,55,71,1.323943661971831,0.07710727818451199,581,You'll need it for the Ark.
393,6,11,54,71,1.323943661971831,0.0744521179154911,581,... and #11 - Listen to thy mother
403,6,10,52,68,1.3235294117647058,0.07681424771866757,581,Remember the sweater and keep it holey
403,4,14,50,68,1.3235294117647058,0.07086935534514265,581,Thou shalt not catch cold.
403,5,12,51,68,1.3235294117647058,0.07390160410850675,581,"And God said ""Let there be lightweight cashmere""."
403,4,14,50,68,1.3235294117647058,0.07086935534514265,581,Thanks. But I have my hands full.
403,7,8,53,68,1.3235294117647058,0.07962041330814096,581,"While you're out there spreading the word, see if there's any demand for my new clothing line."
403,6,10,52,68,1.3235294117647058,0.07681424771866757,581,Your mother said you should take a sweater.
403,4,14,50,68,1.3235294117647058,0.07086935534514265,581,.....And here's another hand-me-down.
403,4,14,50,68,1.3235294117647058,0.07086935534514265,581,You're going to spend a few years in the desert. It gets cold at night.
403,3,16,49,68,1.3235294117647058,0.0677014325126266,581,...And remember thy sweater and keep it not holey.
403,3,16,49,68,1.3235294117647058,0.0677014325126266,581,"You took the tablets, but you forgot your sweater."
403,5,12,51,68,1.3235294117647058,0.07390160410850675,581,"And when are you going to settle down, get married and stop all this wandering around?"
403,1,20,47,68,1.3235294117647058,0.06087298940181111,581,"From your mother. She said, ""Wear it. It gets chilly on mountain tops."""
403,5,12,51,68,1.3235294117647058,0.07390160410850675,581,Forty days and forty nights and NOW you give that to me?
416,5,11,50,66,1.3181818181818181,0.07528993193244386,581,It was on sale & your color!
416,3,15,48,66,1.3181818181818181,0.06881985845663371,581,"Okay, so it's no God's before you, no taking your name in vain and no graven images and I get the sweater?"
418,3,13,44,60,1.3166666666666667,0.07322925331102074,581,Tell the people to wear a sweater and stop warming my earth.
418,3,13,44,60,1.3166666666666667,0.07322925331102074,581,"OMG, I forgot to get you anything."
418,5,9,46,60,1.3166666666666667,0.08057584652558421,581,Number 11: Thou shalt put on a sweater whenever your mother is chilly.
421,6,10,54,70,1.3142857142857143,0.07488530123280267,581,On a personal note: Thou shall ditch the bathrobe .
421,3,16,51,70,1.3142857142857143,0.06607247774893019,581,And here's a little something for the chilly reception.
421,6,10,54,70,1.3142857142857143,0.07488530123280267,581,Thou shalt not wear a turtleneck with sandals.
421,4,14,52,70,1.3142857142857143,0.06913502000311503,581,"No Lord, I said that I am so old."
421,7,8,55,70,1.3142857142857143,0.07760081839565763,581,Your mother says it's cold
421,6,10,54,70,1.3142857142857143,0.07488530123280267,581,Global warming is complicated. You're going to need this.
421,4,14,52,70,1.3142857142857143,0.06913502000311503,581,"And finally, thou shalt have 30 days for returns."
421,4,14,52,70,1.3142857142857143,0.06913502000311503,581,And Moses... here's a little thank you.
421,3,16,51,70,1.3142857142857143,0.06607247774893019,581,Thou shall not wear plaid!
430,3,11,41,55,1.309090909090909,0.07729748068569291,581,Thou shalt not put woolens in the dryer.
431,4,13,51,68,1.3088235294117647,0.07029772675428576,581,Could you also return this to Amazon?
431,4,13,51,68,1.3088235294117647,0.07029772675428576,581,Accidentally washed this on hot.
431,6,9,53,68,1.3088235294117647,0.07628717790277047,581,You're mother wants you to wear this so you don't catch a cold.
431,4,13,51,68,1.3088235294117647,0.07029772675428576,581,"Because I'm your father and I say you need a sweater, that's why."
431,4,13,51,68,1.3088235294117647,0.07029772675428576,581,Your reception might be a little chilly.
431,6,9,53,68,1.3088235294117647,0.07628717790277047,581,...and give this to Crazy Olaf - we're sending him to Greenland.
431,6,9,53,68,1.3088235294117647,0.07628717790277047,581,"If I say a poly blend is fine, then it's fine."
431,4,13,51,68,1.3088235294117647,0.07029772675428576,581,Listen to your mother.
431,5,11,52,68,1.3088235294117647,0.07335360897457321,581,Because I said so. And where are your mittens? Wait 'til your Father hears about this.
431,5,11,52,68,1.3088235294117647,0.07335360897457321,581,"It's not a commandment, just a suggestion."
431,5,11,52,68,1.3088235294117647,0.07335360897457321,581,"Mom, is that you?"
431,4,13,51,68,1.3088235294117647,0.07029772675428576,581,"It's no burning bush, but it'll keep you warm."
431,4,13,51,68,1.3088235294117647,0.07029772675428576,581,I know you're not cold. But honor your mother and take it anyway.
431,4,13,51,68,1.3088235294117647,0.07029772675428576,581,Thou shalt protect thyself from the elements!
431,5,11,52,68,1.3088235294117647,0.07335360897457321,581,"My God, my hands are full already. Can you FedEx the sweater?"
431,4,13,51,68,1.3088235294117647,0.07029772675428576,581,And I'd go with this for your presentation.
431,4,13,51,68,1.3088235294117647,0.07029772675428576,581,It's from your mother.
448,5,10,50,65,1.3076923076923077,0.07571161417319047,581,I'm decluttering. Do me a favor and throw this on the Burning Bush.
448,4,12,49,65,1.3076923076923077,0.07246709108237219,581,Amazon Devine
450,4,9,43,56,1.3035714285714286,0.08025787519372939,581,"My people prayed for cows and swine, not Calvin Klein."
450,2,13,41,56,1.3035714285714286,0.07171209962001492,581,...But I never said thou shalt not knit.
450,1,15,40,56,1.3035714285714286,0.06703189227942394,581,"V-necks are for sinners, by the way."
453,6,8,52,66,1.303030303030303,0.07775910733638537,581,Two tablets aren't enough for that cold? Here's a sweater.
453,3,14,49,66,1.303030303030303,0.06817534286785877,581,Oh.....And your Mom said to give this to you also.
453,4,12,50,66,1.303030303030303,0.0715127809650175,581,Thou shalt know I sometimes like to knit.
453,5,10,51,66,1.303030303030303,0.07470126041474157,581,"And once a year, thou shalt wear this ugly sweater"
453,3,14,49,66,1.303030303030303,0.06817534286785877,581,"Put on this sweater, take 2 tablets and call me in the morning"
453,2,16,48,66,1.303030303030303,0.06466588674834388,581,"It's not a ""commandment,"" but I did think it would look nice on you."
453,6,8,52,66,1.303030303030303,0.07775910733638537,581,Don't forget the 11th: 'Obey Your Mother.'
453,4,12,50,66,1.303030303030303,0.0715127809650175,581,I didn't know we were exchanging gifts.
453,6,8,52,66,1.303030303030303,0.07775910733638537,581,"Here, put this on, take the two tablets and call me in the morning."
453,7,6,53,66,1.303030303030303,0.08070117248189128,581,"Remember, it's all about the BRANDING"
453,5,10,51,66,1.303030303030303,0.07470126041474157,581,"In addition to giving commandments, I like to knit."
453,5,10,51,66,1.303030303030303,0.07470126041474157,581,"I know you’re Mr. big-shot Prophet now, but Moses, you can’t rely on a burning bush to keep you warm. Just take it! You don’t have to wear it."
453,5,10,51,66,1.303030303030303,0.07470126041474157,581,"Although it was never etched in stone, the birth of of the Ugly Sweater exchange was thought to have began around 1391 BC."
453,3,14,49,66,1.303030303030303,0.06817534286785877,581,"For the millionth time, Mom, it's the desert"
453,4,12,50,66,1.303030303030303,0.0715127809650175,581,Nobody will believe you in that silly robe.
453,5,10,51,66,1.303030303030303,0.07470126041474157,581,I know you've got your hands full. But I couldn't give it to you at the Burning Bush. It's not flame resistant.
453,4,12,50,66,1.303030303030303,0.0715127809650175,581,It'll fit. Trust me.
453,5,10,51,66,1.303030303030303,0.07470126041474157,581,God is a Jewish mother?
453,7,6,53,66,1.303030303030303,0.08070117248189128,581,You know how I feel about mixed fabrics.
453,7,6,53,66,1.303030303030303,0.08070117248189128,581,One last thing: Never put a wool sweater in the dryer.
453,3,14,49,66,1.303030303030303,0.06817534286785877,581,And do you have your milk and honey money?
453,5,10,51,66,1.303030303030303,0.07470126041474157,581,Thou shalt not tumble dry.
453,5,10,51,66,1.303030303030303,0.07470126041474157,581,"Uhhh, here's an unwritten one: no sandals after Labor Day. Here, put this on!"
476,5,9,49,63,1.3015873015873016,0.07718458811550716,581,One more thing. Thou shalt listen to your mother and wear the sweater already.
477,4,7,39,50,1.3,0.08689660757568886,581,What hath God wrought!?
477,5,8,47,60,1.3,0.07990106877232901,581,I suspect they won't be warmly received.
477,3,12,45,60,1.3,0.07248611789946811,581,Mom's 11th Commandment
477,2,14,44,60,1.3,0.06847821213147406,581,"And take this too, it gets cold in the desert at night."
477,5,8,47,60,1.3,0.07990106877232901,581,It's merino from heaven. Out of manna today.
477,3,12,45,60,1.3,0.07248611789946811,581,It's for the cold reception awaiting you.
477,3,12,45,60,1.3,0.07248611789946811,581,Well if you picked a mountain a little warmer than Mt. Sinai I wouldn't need this.
477,6,6,48,60,1.3,0.08336157713463008,581,Find my son! And give him this sweater.
485,4,11,49,64,1.296875,0.07278367974826783,581,"Oy, is one more little commandment going to kill you?"
485,5,9,50,64,1.296875,0.07611501680831555,581,Of course I made it myself.
485,5,9,50,64,1.296875,0.07611501680831555,581,Noah got a boat...
485,4,11,49,64,1.296875,0.07278367974826783,581,Oh yeah; one more: Thou Shalt Not Chill...
485,5,9,50,64,1.296875,0.07611501680831555,581,"I actually said ""thou shall knit to cover thy neighbor's wife""."
485,5,9,50,64,1.296875,0.07611501680831555,581,"Thanks,. Mom"
485,4,11,49,64,1.296875,0.07278367974826783,581,"Got it. Take two tablets, and stay warm."
485,5,9,50,64,1.296875,0.07611501680831555,581,Fit 'em on one tablet you get the jacket back.
485,4,11,49,64,1.296875,0.07278367974826783,581,This hoodie will give you wilderness cred.
485,4,11,49,64,1.296875,0.07278367974826783,581,"Not a commandment, no. Let's call it 'a must' for fall weekends."
485,4,11,49,64,1.296875,0.07278367974826783,581,Talk about a jewish mother!
485,3,13,48,64,1.296875,0.06929236820651079,581,"Call it a warning, call it number 11, but thou better stop messing with the climate down there or you're all gonna need sweaters in the desert real soon."
485,5,9,50,64,1.296875,0.07611501680831555,581,Sorry this is late... I forgot your Bar Mitzvah.
485,4,11,49,64,1.296875,0.07278367974826783,581,"Here... you might need this. In the future, you're going to be left out in the cold more often than you're used to."
485,3,13,48,64,1.296875,0.06929236820651079,581,I'm thinking about calling it the Passover Pullover.
485,4,11,49,64,1.296875,0.07278367974826783,581,Is it Egyptian cotton?
485,3,13,48,64,1.296875,0.06929236820651079,581,Be prepared for a frigid reception.
485,4,11,49,64,1.296875,0.07278367974826783,581,"Eleven: If it's from grandma, you have to wear it at least once."
485,3,13,48,64,1.296875,0.06929236820651079,581,"If you're not going to stay near the burning bush, at least put on the sweater."
485,6,7,51,64,1.296875,0.07930654153196888,581,"Here, put this on. You'll freeze your tablets off out here."
485,4,11,49,64,1.296875,0.07278367974826783,581,Oh...and your mother says to put your coat on.
485,4,11,49,64,1.296875,0.07278367974826783,581,"Hang on, you're not Philip Moses, 229 Harwood Drive?"
485,4,11,49,64,1.296875,0.07278367974826783,581,But wait! In addition to the tablets you also receive a bonus cashmere sweater!
485,4,11,49,64,1.296875,0.07278367974826783,581,"Thank you, but I wear a medium."
485,5,9,50,64,1.296875,0.07611501680831555,581,The seventh day was getting a little boring so I took up knitting.
485,5,9,50,64,1.296875,0.07611501680831555,581,Just wear it. It's now The Ten Commandments Presented by Patagonia.
485,4,11,49,64,1.296875,0.07278367974826783,581,"Oh, before you go down, one more thing ... your mother asked me to give you this."
485,5,9,50,64,1.296875,0.07611501680831555,581,The lesser known origin story of The Jewish Mom
485,5,9,50,64,1.296875,0.07611501680831555,581,Thou shalt not spin dry
485,2,15,47,64,1.296875,0.06561555109602388,581,"I made this for you, Moses. It's 100% Egyptian cotton!"
485,6,7,51,64,1.296875,0.07930654153196888,581,This will keep you warmer than a burning bush.
485,3,13,48,64,1.296875,0.06929236820651079,581,I also knit
485,4,11,49,64,1.296875,0.07278367974826783,581,It's cold and I couldn't get the bush to light so put this sweater on.
485,4,11,49,64,1.296875,0.07278367974826783,581,"Wow, a Golden Fleece!"
519,4,8,42,54,1.2962962962962963,0.08203231637081305,581,rules?! this has got to be the worst trade deal maybe ever signed anywhere
519,2,12,40,54,1.2962962962962963,0.07301833256126636,581,YOU WILL RECEIVE A CHILLY RECEPTION. BE PREPARED!
519,3,10,41,54,1.2962962962962963,0.07765622260704179,581,"I'm fed up with asking. From now on, I'm commanding."
522,2,13,43,58,1.293103448275862,0.06960532018964113,581,Because you never get a second chance to make a good first impression.
523,1,14,40,55,1.290909090909091,0.06703296979004872,581,Just in case you get a chilly reception...
524,3,12,47,62,1.2903225806451613,0.07045630820994753,581,"C'mon, it'll make your mother happy."
524,3,12,47,62,1.2903225806451613,0.07045630820994753,581,Trust Me -- you're going to get a chilly reception.
524,3,12,47,62,1.2903225806451613,0.07045630820994753,581,And the lambs you offer shall not go to waste.
524,3,12,47,62,1.2903225806451613,0.07045630820994753,581,Thou shalt dry clean only.
524,5,8,49,62,1.2903225806451613,0.07759982491037164,581,And the first fifty people to obey all the laws will get this cool hoodie
524,4,10,48,62,1.2903225806451613,0.07411418282857693,581,It could be a long walk. Take the sweater.
524,3,12,47,62,1.2903225806451613,0.07045630820994753,581,"And ditch the robe, it's pretentious."
524,5,8,49,62,1.2903225806451613,0.07759982491037164,581,Siberia's the new Promised Land - Middle East's not gonna work out
524,5,8,49,62,1.2903225806451613,0.07759982491037164,581,"Stay warm, drink plenty of fluids, take two tablets, and call me in the morning."
524,5,8,49,62,1.2903225806451613,0.07759982491037164,581,"You're a global warming denier, too?"
524,4,10,48,62,1.2903225806451613,0.07411418282857693,581,Good news / bad news: You won't need this for another 40yrs.
524,6,6,50,62,1.2903225806451613,0.0809354900886684,581,Moses meets the Mother of God.
524,4,10,48,62,1.2903225806451613,0.07411418282857693,581,Take this and wear it so it doesn't look like I'm talking to a hermit.
524,2,14,46,62,1.2903225806451613,0.06659782756819109,581,"Take two tablets and this sweater, if you don't feel better in the morning call me in 40 years."
524,4,10,48,62,1.2903225806451613,0.07411418282857693,581,"You'd better take this, too. It's cold on the moral high ground."
524,4,10,48,62,1.2903225806451613,0.07411418282857693,581,"Go and spread my word to my people... And wear this, it's windy."
524,6,6,50,62,1.2903225806451613,0.0809354900886684,581,...and chisel in the Paris Agreement as number eleven.
524,3,12,47,62,1.2903225806451613,0.07045630820994753,581,"Bubala, do you want to catch your death?"
524,3,12,47,62,1.2903225806451613,0.07045630820994753,581,"Take both tablets, bundle up, and call Me in the morning if there's no improvement."
524,3,12,47,62,1.2903225806451613,0.07045630820994753,581,I'm sure it'll fit you - I used Biblical proportions.
524,5,8,49,62,1.2903225806451613,0.07759982491037164,581,It's hand made.
524,5,8,49,62,1.2903225806451613,0.07759982491037164,581,Proof God is actually our Heavenly _Mother_.
524,6,6,50,62,1.2903225806451613,0.0809354900886684,581,It's made of Kevlar; put it on before descending.
524,3,12,47,62,1.2903225806451613,0.07045630820994753,581,"...And I was saving this for Christmas, but that would've been too long for you to wait."
524,4,10,48,62,1.2903225806451613,0.07411418282857693,581,Every ten you get a free sweater.
524,1,16,45,62,1.2903225806451613,0.0625015992357788,581,And for the cool desert nights...
524,5,8,49,62,1.2903225806451613,0.07759982491037164,581,"Oh, and one last thing: Nana says hi."
524,3,12,47,62,1.2903225806451613,0.07045630820994753,581,If God was a Jewish mother.
552,4,7,41,52,1.2884615384615385,0.08391144177936673,581,It's 100% lamb of god's wool.
552,3,9,40,52,1.2884615384615385,0.07929049280033962,581,ONE MORE THING--BE PREPARED FOR A CHILLY RECEPTION!
552,4,7,41,52,1.2884615384615385,0.08391144177936673,581,I think it's your size.
552,2,11,39,52,1.2884615384615385,0.07438302518417335,581,It's a little small for me.
556,3,11,45,59,1.2881355932203389,0.07273100989192272,581,Number Eleven: Thou shalt always wear layers.
556,4,9,46,59,1.2881355932203389,0.07664367772910466,581,Bet you can't put this on without dropping those.
558,3,10,43,56,1.2857142857142858,0.07522384653285497,581,Thou shall not be cold. Signed: Mrs. God
559,5,7,48,60,1.2833333333333334,0.07916109109120167,581,"Put something on Bubbalh, it gets cold at night."
559,6,5,49,60,1.2833333333333334,0.08265258673606023,581,"Moses, you mother says you'll need your sweater if you're going to be away from home long."
559,6,5,49,60,1.2833333333333334,0.08265258673606023,581,When did you start working for Amazon?
559,3,11,46,60,1.2833333333333334,0.0716696228532331,581,You mom asked my to give you this.
559,4,9,47,60,1.2833333333333334,0.07550832133836045,581,So that's Ten Commandments and one strong suggestion.
559,4,9,47,60,1.2833333333333334,0.07550832133836045,581,"What I said was, TAKE THE TALBOTS."
559,3,11,46,60,1.2833333333333334,0.0716696228532331,581,Amazon delivery already? Wow I just placed the order on my tablet!
559,6,5,49,60,1.2833333333333334,0.08265258673606023,581,"Alexa, CANCEL. It was ""Honor thy mother."" Not ""reorder another."""
559,2,13,45,60,1.2833333333333334,0.06761333513821251,581,"And, because you bought ten, a free sweater."
559,4,9,47,60,1.2833333333333334,0.07550832133836045,581,"Not now, Mom!"
559,3,11,46,60,1.2833333333333334,0.0716696228532331,581,Forty days and forty nights - you could really use a change of clothes.
559,4,9,47,60,1.2833333333333334,0.07550832133836045,581,It comes in many colors.
559,5,7,48,60,1.2833333333333334,0.07916109109120167,581,"He wears Prada, you will wear this!"
559,4,9,47,60,1.2833333333333334,0.07550832133836045,581,"Moses, read the fine print....no returns on sale merchandise."
559,3,11,46,60,1.2833333333333334,0.0716696228532331,581,Thou shall not sacrifice style for substance.
559,4,9,47,60,1.2833333333333334,0.07550832133836045,581,I found this by the burning bush. Yours?
559,3,11,46,60,1.2833333333333334,0.0716696228532331,581,"Okay, it's your choice -- those tablets, this beautiful hand-knit Icelandic sweater -- or whatever is behind door number 3."
559,5,7,48,60,1.2833333333333334,0.07916109109120167,581,The desert is cold at night
559,3,11,46,60,1.2833333333333334,0.0716696228532331,581,And here's a little something for your wife.
559,4,9,47,60,1.2833333333333334,0.07550832133836045,581,"No, they love when you Instagram the designer's name."
559,3,11,46,60,1.2833333333333334,0.0716696228532331,581,Can't be. Not another hand-me-down!
559,4,9,47,60,1.2833333333333334,0.07550832133836045,581,I knit in my spare time. Do you like it?
559,2,13,45,60,1.2833333333333334,0.06761333513821251,581,"This isn't a commandment,it's more of a suggestion ."
559,5,7,48,60,1.2833333333333334,0.07916109109120167,581,"Frankly I""d prefer some new sandals."
559,3,11,46,60,1.2833333333333334,0.0716696228532331,581,And... you left this by the burning bush.
559,2,13,45,60,1.2833333333333334,0.06761333513821251,581,So... you're thinking rain?
559,4,9,47,60,1.2833333333333334,0.07550832133836045,581,This should help with the chilly reception.
559,5,7,48,60,1.2833333333333334,0.07916109109120167,581,This doesn't fit Jesus anymore.
559,3,11,46,60,1.2833333333333334,0.0716696228532331,581,"Not that I am complaining, but we are lost in a desert... Maybe a hat and a bottle of water?"
559,3,11,46,60,1.2833333333333334,0.0716696228532331,581,Chilly reception awaits below.
559,4,9,47,60,1.2833333333333334,0.07550832133836045,581,"In lieu of the promised land, I give you this sweater I knitted."
559,2,13,45,60,1.2833333333333334,0.06761333513821251,581,We're going to try a different marketing strategy to appeal to millennials.
559,3,11,46,60,1.2833333333333334,0.0716696228532331,581,"Come to think of it, you'll probably get more use out of this."
559,3,11,46,60,1.2833333333333334,0.0716696228532331,581,"Dammit, Moses, you're on the top of a mountain in your bathrobe. Here, put this sweater on."
559,4,9,47,60,1.2833333333333334,0.07550832133836045,581,"The little-known 11th commandment: ""Thou shalt not put wool in the dryer."""
559,5,7,48,60,1.2833333333333334,0.07916109109120167,581,Ten Commandments and one friendly suggestion.
559,4,9,47,60,1.2833333333333334,0.07550832133836045,581,Back to Heaven sale at Old Navy. 2 tablets and a hoodie only 9.99!
559,3,11,46,60,1.2833333333333334,0.0716696228532331,581,Oh.. and your mom got you this...
559,3,11,46,60,1.2833333333333334,0.0716696228532331,581,"Here, it's hand made."
559,5,7,48,60,1.2833333333333334,0.07916109109120167,581,Let's just say that the reception may be a little less than warm.
559,4,9,47,60,1.2833333333333334,0.07550832133836045,581,Who knew God is a Jewish mother?
559,5,7,48,60,1.2833333333333334,0.07916109109120167,581,"Are you sure ,Thou shawl not?"
559,4,9,47,60,1.2833333333333334,0.07550832133836045,581,Here ...your mother's been nagging me.
559,5,7,48,60,1.2833333333333334,0.07916109109120167,581,You heard it from me - the new term is global cooling.
603,3,9,41,53,1.2830188679245282,0.0779702526476824,581,"Go, sell it on the mountain!"
604,4,8,45,57,1.280701754385965,0.07817781433825675,581,No. The FIRST COMMANDMENT is Listen To Your Mother.
605,5,7,49,61,1.278688524590164,0.07799098848386585,581,Your married?
606,4,8,46,58,1.2758620689655173,0.0769704001382646,581,I am your mother.
606,4,8,46,58,1.2758620689655173,0.0769704001382646,581,"Let's say this is your neighbor's coat. You like it, right? You want it, right? That's coveting."
606,5,6,47,58,1.2758620689655173,0.08080472247957123,581,"Here, put this on till I can get the bush re-lit."
606,4,8,46,58,1.2758620689655173,0.0769704001382646,581,#4.a Thou shalt wear a sweater whenever thine mother is cold.
606,5,6,47,58,1.2758620689655173,0.08080472247957123,581,It's only a suggestion
606,4,8,46,58,1.2758620689655173,0.0769704001382646,581,It's either this or circumcision.
606,6,4,48,58,1.2758620689655173,0.08446516354424753,581,You guys are so cute I couldn't help but put together some little outfits too.
606,1,14,43,58,1.2758620689655173,0.06410585359213843,581,Isn't this proof enough that you're not going to hell?
606,2,12,44,58,1.2758620689655173,0.06866237064311606,581,Honor Thy mother and father. Wear a sweater.
615,2,10,39,51,1.2745098039215685,0.07450980392156863,581,Moses gazed for the first time upon the fabric of reality.
615,1,12,38,51,1.2745098039215685,0.0690463406339569,581,"I've got a bowl of chicken soup for you, too."
615,4,6,41,51,1.2745098039215685,0.08438209722098045,581,"remember son; """"thou shalt not catch cold""."
615,2,10,39,51,1.2745098039215685,0.07450980392156863,581,I was thinking more like Brooks Brothers.
619,5,5,45,55,1.2727272727272727,0.08390529154462702,581,I received it over the holidays and I want you to burn it.
619,3,9,43,55,1.2727272727272727,0.07545393695750746,581,I guess that's better than another burning bush.
619,3,9,43,55,1.2727272727272727,0.07545393695750746,581,Is this when hell freezes over?
619,0,15,40,55,1.2727272727272727,0.0606060606060606,581,It's not a command. Won't you at least try it on?
619,3,9,43,55,1.2727272727272727,0.07545393695750746,581,"Bubbeleh, you'll catch your death!"
619,2,11,42,55,1.2727272727272727,0.07085122390606133,581,Those will prepare humanity for a successful civilization. This will prepare you for the reception you're going to get.
619,3,9,43,55,1.2727272727272727,0.07545393695750746,581,The desert can be very chilly at night.
619,3,9,43,55,1.2727272727272727,0.07545393695750746,581,Take two tablets and call me in the morning....and don't forget your sweater!
619,2,11,42,55,1.2727272727272727,0.07085122390606133,581,"Don't be a big shot, take the sweater."
619,3,9,43,55,1.2727272727272727,0.07545393695750746,581,Moms Eleventh Commandment: Wear a sweater.
619,3,9,43,55,1.2727272727272727,0.07545393695750746,581,I don’t mean to nag but I hear it’s going to drop into the fifties this evening.
619,4,7,44,55,1.2727272727272727,0.079791586497501,581,Jesus says robes and sandals are his thing.
619,3,9,43,55,1.2727272727272727,0.07545393695750746,581,I'm actually God the Jewish Mother. Put your sweater on Moses--it's chilly on this mountaintop.
619,3,9,43,55,1.2727272727272727,0.07545393695750746,581,"With a mighty hand, an outstretched arm, and free shipping on returns."
619,3,9,43,55,1.2727272727272727,0.07545393695750746,581,"And then god said, ""let there be light sweaters"""
634,4,6,42,52,1.2692307692307692,0.08291168417108005,581,Yours?
634,3,8,41,52,1.2692307692307692,0.07823170430914556,581,You left this at my house.
634,4,6,42,52,1.2692307692307692,0.08291168417108005,581,"Moses, I told you it was cold up here!"
634,2,10,40,52,1.2692307692307692,0.07325333948798678,581,I almost forgot. Could you drop this off at the cleaners and bring it back to me next week?
634,2,10,40,52,1.2692307692307692,0.07325333948798678,581,This comes free with two tablets.
634,2,10,40,52,1.2692307692307692,0.07325333948798678,581,"Oh, and your mother wants you to wear this on the way down."
634,0,14,38,52,1.2692307692307692,0.06211083738124577,581,"Oh, and your order arrived from L.L.Bean."
634,0,14,38,52,1.2692307692307692,0.06211083738124577,581,And this is from your mother.
634,2,10,40,52,1.2692307692307692,0.07325333948798678,581,Thou shalt not buy retail.
634,3,8,41,52,1.2692307692307692,0.07823170430914556,581,"And the Lord said unto Moses, ""Replace that robe with this Yeezy hoodie."""
634,4,6,42,52,1.2692307692307692,0.08291168417108005,581,"And if you act now, I'll include this complimentary ram's wool sweater for those chilly desert nights..."
634,4,6,42,52,1.2692307692307692,0.08291168417108005,581,"And finally, button up and take good care of yourself.....you belong to me."
646,3,9,44,56,1.2678571428571428,0.07425417662209718,581,"Your mother says you can start honoring her now, and put on your sweater."
646,3,9,44,56,1.2678571428571428,0.07425417662209718,581,"And on your way down, thou shalt stop at the dry cleaners."
646,4,7,45,56,1.2678571428571428,0.07850498961961752,581,"Trust me, you'll need it."
646,4,7,45,56,1.2678571428571428,0.07850498961961752,581,This may be a little big - I had to guess your size
646,4,7,45,56,1.2678571428571428,0.07850498961961752,581,"OMG, you're delivering for Amazon too!"
646,3,9,44,56,1.2678571428571428,0.07425417662209718,581,"You won't see the promised land, but I did knit you this sweater."
646,4,7,45,56,1.2678571428571428,0.07850498961961752,581,# 11—Thou shall not wear polyester
646,3,9,44,56,1.2678571428571428,0.07425417662209718,581,What do you know that I don't know?
646,2,11,43,56,1.2678571428571428,0.06974476393590386,581,Thou art truly my Lord and tailor.
646,3,9,44,56,1.2678571428571428,0.07425417662209718,581,"So, you're thinking they're going to have a cold reception?"
646,3,9,44,56,1.2678571428571428,0.07425417662209718,581,Woolite is a recommendation not a commandment.
646,5,5,46,56,1.2678571428571428,0.08253716765510495,581,Put it on. This might take a while.
646,2,11,43,56,1.2678571428571428,0.06974476393590386,581,Robes are so last year.
646,4,7,45,56,1.2678571428571428,0.07850498961961752,581,Oh....and take this sweater. You could get a chilly response
646,4,7,45,56,1.2678571428571428,0.07850498961961752,581,Moses darling...so you shouldn't get cold.
646,6,3,47,56,1.2678571428571428,0.08638133301748446,581,"Not now, mother!"
646,5,5,46,56,1.2678571428571428,0.08253716765510495,581,Woops! Your wife slipped out of the sweater!
646,3,9,44,56,1.2678571428571428,0.07425417662209718,581,Number 11: Thou shalt not wash wool in hot water.
646,2,11,43,56,1.2678571428571428,0.06974476393590386,581,Tell them it would be ten suggestions if it weren't already etched in stone. And here--try not to look so authoritarian.
646,2,11,43,56,1.2678571428571428,0.06974476393590386,581,Honor Thy Mother...take a sweater.
646,4,7,45,56,1.2678571428571428,0.07850498961961752,581,Add this. It's a fashion sin.
646,2,11,43,56,1.2678571428571428,0.06974476393590386,581,"I’m afraid it doesn’t fit, Moses. But it’s the thought that counts, is it not?"
646,4,7,45,56,1.2678571428571428,0.07850498961961752,581,Its a cold world out there. Amen.
646,4,7,45,56,1.2678571428571428,0.07850498961961752,581,"Not a commandment, just a suggestion. Bulky knits will be all the rage this fall."
646,3,9,44,56,1.2678571428571428,0.07425417662209718,581,Moses!! Listen to your mother! Put on this sweater or you will catch your death of cold!
646,2,11,43,56,1.2678571428571428,0.06974476393590386,581,acrylic? of course it's not acrylic.
646,1,13,42,56,1.2678571428571428,0.06492288846873887,581,Thou shalt not wear that robe with those sandals.
646,4,7,45,56,1.2678571428571428,0.07850498961961752,581,I got a little bored on the 7th day so I made you this. It should fit perfectly!
646,4,7,45,56,1.2678571428571428,0.07850498961961752,581,And I'm changing your name to Eskimoses.
646,5,5,46,56,1.2678571428571428,0.08253716765510495,581,"Oh dear Lord, I asked that you make our lives sweeter; not make us a sweater"
646,4,7,45,56,1.2678571428571428,0.07850498961961752,581,"No, I'm Moses. Not Joseph."
646,4,7,45,56,1.2678571428571428,0.07850498961961752,581,"God's not only a woman, she's my mother!"
646,3,9,44,56,1.2678571428571428,0.07425417662209718,581,"Dress warmly, take two tablets and call me in the morning."
646,3,9,44,56,1.2678571428571428,0.07425417662209718,581,"If you're going to be a prophet, you should dress like one."
680,2,10,41,53,1.2641509433962264,0.07203723938303844,581,Just in case they give you a cold shoulder
680,4,6,43,53,1.2641509433962264,0.08149075203848938,581,I know it's a little early for Christmas.
680,4,6,43,53,1.2641509433962264,0.08149075203848938,581,I almost forgot forgot; you left this at the Pharaoh's.
680,3,8,42,53,1.2641509433962264,0.07690938345133104,581,"Tempting, but I don't believe in trade agreements."
680,4,6,43,53,1.2641509433962264,0.08149075203848938,581,Your mother said put this on. It's cold up there and you'll catch a cold.
680,2,10,41,53,1.2641509433962264,0.07203723938303844,581,Here. It doesn't fit anymore since it shrunk in the flood.
680,2,10,41,53,1.2641509433962264,0.07203723938303844,581,"This is for you for Christmas, but, oops, I'm getting ahead of myself."
687,2,10,42,54,1.2592592592592593,0.0708596766166785,581,Here you go. Our new team hoodie.
687,2,10,42,54,1.2592592592592593,0.0708596766166785,581,I knitted it myself; thou shalt wear it!
687,1,12,41,54,1.2592592592592593,0.06574406247451946,581,…And your mother asked me to give you this.
687,2,10,42,54,1.2592592592592593,0.0708596766166785,581,Can you hold these for a second while I try it on?
687,2,10,42,54,1.2592592592592593,0.0708596766166785,581,Nahshon's mother gave him one and I don't hear him complaining.
687,3,8,43,54,1.2592592592592593,0.07563005877154262,581,Change of plans. We're moving to Canada.
687,2,10,42,54,1.2592592592592593,0.0708596766166785,581,"Wear it, my son. It will help you attract the younger generation."
687,4,6,44,54,1.2592592592592593,0.08011690089708742,581,"On second thought, 'Thou Shalt Wash Thy Sweater in Cold Water' is more of a tip than a commandment."
687,4,6,44,54,1.2592592592592593,0.08011690089708742,581,I heard from your mother.
687,4,6,44,54,1.2592592592592593,0.08011690089708742,581,These new Amazon drones are amazing
687,4,6,44,54,1.2592592592592593,0.08011690089708742,581,"You have shoes, here is a shirt. You should now be able to enter the hardware store."
687,2,10,42,54,1.2592592592592593,0.0708596766166785,581,I thought we were talking about global warming.
687,4,6,44,54,1.2592592592592593,0.08011690089708742,581,And this is from your grandmother.
687,3,8,43,54,1.2592592592592593,0.07563005877154262,581,"Number 11, don't sweater the small stuff."
687,4,6,44,54,1.2592592592592593,0.08011690089708742,581,"""And last but not least - never leave home without a sweater""."
687,2,10,42,54,1.2592592592592593,0.0708596766166785,581,Put this on. Don't make me burn another bush.
687,1,12,41,54,1.2592592592592593,0.06574406247451946,581,Put it on. The reception may be quite cold.
687,3,8,43,54,1.2592592592592593,0.07563005877154262,581,"Thou shalt hand wash only, and lay flat to dry."
687,3,8,43,54,1.2592592592592593,0.07563005877154262,581,"Oh, and you'll need this - I turned off the burning bush."
687,2,10,42,54,1.2592592592592593,0.0708596766166785,581,"Take this, those might get a cool reception."
687,3,8,43,54,1.2592592592592593,0.07563005877154262,581,"Trust me, initial reception will be a bit chilly."
687,2,10,42,54,1.2592592592592593,0.0708596766166785,581,Just in case you get a cold reception to my commandments.
687,2,10,42,54,1.2592592592592593,0.0708596766166785,581,"OK, I can live with the Commandments, but I'll be damned if I'll wear that schmatta."
687,3,8,43,54,1.2592592592592593,0.07563005877154262,581,"And, as a side note, Thou shalt not wear pajamas all day."
687,3,8,43,54,1.2592592592592593,0.07563005877154262,581,Excuse me but I think that coat of many colors is meant for Joseph.
687,1,12,41,54,1.2592592592592593,0.06574406247451946,581,"Here, put this on, you're about to get a chilly reception."
687,3,8,43,54,1.2592592592592593,0.07563005877154262,581,"It's gonna be a tough sell, so you'll need to wear something trendy."
687,4,6,44,54,1.2592592592592593,0.08011690089708742,581,"If you are going to wander in the wilderness for 40 years, you'll need a nice warm sweater."
687,3,8,43,54,1.2592592592592593,0.07563005877154262,581,"And one more thing, no man shall wear a cardigan until after the age of 40."
687,4,6,44,54,1.2592592592592593,0.08011690089708742,581,"Oh, and Thou Shalt Keepeth Warm!"
687,3,8,43,54,1.2592592592592593,0.07563005877154262,581,Two tablets and a sweater for my cold. Thank you Lord.
687,2,10,42,54,1.2592592592592593,0.0708596766166785,581,expect a chilly reception
687,2,10,42,54,1.2592592592592593,0.0708596766166785,581,You'll catch plague.
687,4,6,44,54,1.2592592592592593,0.08011690089708742,581,"To the non-believers: This linen infused, triple woven striped turtleneck will satisfy any doubts of my existence."
687,2,10,42,54,1.2592592592592593,0.0708596766166785,581,A cold reception? We've got you covered.
687,3,8,43,54,1.2592592592592593,0.07563005877154262,581,Take this! Your reception at home may get a little cold!
687,1,12,41,54,1.2592592592592593,0.06574406247451946,581,"Also, dress in layers."
687,1,12,41,54,1.2592592592592593,0.06574406247451946,581,"This will fix the threads. Next, we update your tablets."
687,5,4,45,54,1.2592592592592593,0.08436545400174449,581,And speaking of hand-me-downs...
687,5,4,45,54,1.2592592592592593,0.08436545400174449,581,"Moses, put this on! I'm anticipating a chilly reception when you get back down."
687,2,10,42,54,1.2592592592592593,0.0708596766166785,581,But I look fat in stripes!
687,3,8,43,54,1.2592592592592593,0.07563005877154262,581,"six days shalt thou labour, and do all thy work, including laundry"
687,4,6,44,54,1.2592592592592593,0.08011690089708742,581,Here...Don't want you to get a Sinai infection.
687,2,10,42,54,1.2592592592592593,0.0708596766166785,581,"Two tablets, some chicken soup, and for MY sake wear a sweater!"
687,2,10,42,54,1.2592592592592593,0.0708596766166785,581,Would you mind exchanging the for me? I just need a larger size
687,3,8,43,54,1.2592592592592593,0.07563005877154262,581,"Yes, mother, I'm giving it to him, but we're not adding it to the list."
687,2,10,42,54,1.2592592592592593,0.0708596766166785,581,From the north face of Mount Sinai
687,3,8,43,54,1.2592592592592593,0.07563005877154262,581,"If they don't follow those, give this to Noah, okay."
687,2,10,42,54,1.2592592592592593,0.0708596766166785,581,....and all I ask is 10% of all sales.
687,4,6,44,54,1.2592592592592593,0.08011690089708742,581,"Or, I've got a nice fruitcake if you'd prefer."
687,4,6,44,54,1.2592592592592593,0.08011690089708742,581,Don't worry. The shipping is free.
687,4,6,44,54,1.2592592592592593,0.08011690089708742,581,"What, you don't like my robe?"
687,4,6,44,54,1.2592592592592593,0.08011690089708742,581,"Number 11: Thou shalt not . . . Oh, forget it. Just put on a sweater, okay?"
687,2,10,42,54,1.2592592592592593,0.0708596766166785,581,"Oh, and, before I forget, could you do me a solid and pass this along to Jacob?"
687,2,10,42,54,1.2592592592592593,0.0708596766166785,581,But are you sure global warming is real?
687,5,4,45,54,1.2592592592592593,0.08436545400174449,581,"No, what I said was that I`m too OLD for all this."
687,1,12,41,54,1.2592592592592593,0.06574406247451946,581,"Oh God, not another Christmas sweater."
687,5,4,45,54,1.2592592592592593,0.08436545400174449,581,"Try it on. I made it from those new ""miracle"" fibers."
687,4,6,44,54,1.2592592592592593,0.08011690089708742,581,"Oh, and one more... ""Though shalt not put wool sweaters in the dryer,."""
687,4,6,44,54,1.2592592592592593,0.08011690089708742,581,"And the Lord God said unto him, ""Moishe, take a little sweater, you shouldn't catch a chill."""
687,4,6,44,54,1.2592592592592593,0.08011690089708742,581,It's warmer than a burning bush.
687,3,8,43,54,1.2592592592592593,0.07563005877154262,581,"Here, this will help you warm up to the rules."
687,5,4,45,54,1.2592592592592593,0.08436545400174449,581,Gosh. Patagonia is everywhere.
687,4,6,44,54,1.2592592592592593,0.08011690089708742,581,"and thou shalt not catch thy death of cold, climbing a mountain dressed like that! Thus spake thy mother."
687,2,10,42,54,1.2592592592592593,0.0708596766166785,581,"Yes, cashmere is kosher."
687,5,4,45,54,1.2592592592592593,0.08436545400174449,581,It's water-proof.
687,2,10,42,54,1.2592592592592593,0.0708596766166785,581,It gets cold in the desert at night.
687,3,8,43,54,1.2592592592592593,0.07563005877154262,581,What was that about a cold day in hell?
687,5,4,45,54,1.2592592592592593,0.08436545400174449,581,It will be a cold day in hell before I can follow all ten of these.
687,2,10,42,54,1.2592592592592593,0.0708596766166785,581,One last hand-me-down.
687,5,4,45,54,1.2592592592592593,0.08436545400174449,581,Mom's cold. Just put it on.
687,3,8,43,54,1.2592592592592593,0.07563005877154262,581,"Try this on, I swear to Me it'll fit."
687,4,6,44,54,1.2592592592592593,0.08011690089708742,581,Some of them won't listen until hell freezes over.
687,1,12,41,54,1.2592592592592593,0.06574406247451946,581,It's chilly at night in the desert.
687,2,10,42,54,1.2592592592592593,0.0708596766166785,581,#11: thou shalt not have machine-washed this.
762,2,8,37,47,1.2553191489361701,0.07735261779969241,581,"Finally, a little something from my wife."
763,5,3,43,51,1.2549019607843137,0.08786414314669835,581,"Finally, Moses, something for that cold day in Hell when the Law is embraced."
763,2,9,40,51,1.2549019607843137,0.07326094781282119,581,I left it in the dryer too long - see if it fits.
763,2,9,40,51,1.2549019607843137,0.07326094781282119,581,"..and wear this next visit, Moshe. Burning bushes don't grow on trees."
763,4,5,42,51,1.2549019607843137,0.08328141404547178,581,Expect an icy reception.
763,3,7,41,51,1.2549019607843137,0.0784313725490196,581,Behold the original hand-me-down.
763,1,11,39,51,1.2549019607843137,0.06769677059463557,581,"Thank you Lord but I asked for peace, not fleece."
763,3,7,41,51,1.2549019607843137,0.0784313725490196,581,"I just finished it. If you don't like it, you don't have to wear it."
763,3,7,41,51,1.2549019607843137,0.0784313725490196,581,Abraham gave this to me and it shrunk in the wash--maybe it'll fit you?
763,3,7,41,51,1.2549019607843137,0.0784313725490196,581,"By the way, I know it's a little early, but Merry Christmas."
763,3,7,41,51,1.2549019607843137,0.0784313725490196,581,"Oh, is there a climate change!"
763,2,9,40,51,1.2549019607843137,0.07326094781282119,581,"Old, I said. Not cold."
763,4,5,42,51,1.2549019607843137,0.08328141404547178,581,It's a cold day in hell.
763,1,11,39,51,1.2549019607843137,0.06769677059463557,581,"No! I said, 'Thou shalt knit."
763,2,9,40,51,1.2549019607843137,0.07326094781282119,581,Your mother said you might need this because of the cold.
763,2,9,40,51,1.2549019607843137,0.07326094781282119,581,Oh and if you get a minute can you also drop my sweater off at the cleaners
763,1,11,39,51,1.2549019607843137,0.06769677059463557,581,"On second thought, take this instead. It's much more practical."
763,4,5,42,51,1.2549019607843137,0.08328141404547178,581,Thous shalt not dry clean.
763,2,9,40,51,1.2549019607843137,0.07326094781282119,581,"How thoughtful, and it's not even Christmas."
763,4,5,42,51,1.2549019607843137,0.08328141404547178,581,Is that one of my lost sheep?!
763,2,9,40,51,1.2549019607843137,0.07326094781282119,581,Honor thy mother by putting on a sweater before thou catches a cold.
763,4,5,42,51,1.2549019607843137,0.08328141404547178,581,"Sorry, my hands are full."
763,3,7,41,51,1.2549019607843137,0.0784313725490196,581,And would you drop this off at the cleaners.
763,5,3,43,51,1.2549019607843137,0.08786414314669835,581,That was clumsy. He's fallen out.
763,2,9,40,51,1.2549019607843137,0.07326094781282119,581,And tell Jebediah if he makes another idol I'm taking his sandals too
763,2,9,40,51,1.2549019607843137,0.07326094781282119,581,"I'm starting this thing called ""Winter."" You're gonna need it."
763,2,9,40,51,1.2549019607843137,0.07326094781282119,581,In case of chilly reception
763,3,7,41,51,1.2549019607843137,0.0784313725490196,581,"Maybe he only had ten, but I'm just getting started. Now put this on, you'll catch your death."
763,2,9,40,51,1.2549019607843137,0.07326094781282119,581,You might also consider a decent pair of shoes.
763,1,11,39,51,1.2549019607843137,0.06769677059463557,581,"Oh and Bubeleh, you look a little cold."
763,2,9,40,51,1.2549019607843137,0.07326094781282119,581,And if you take all 10 commandments I’ll throw in this fabulous wool-knit sweater!
763,2,9,40,51,1.2549019607843137,0.07326094781282119,581,"Gonna need this, the US has abandoned the Paris Climate Accord"
763,3,7,41,51,1.2549019607843137,0.0784313725490196,581,The Valley of the Shadow of Death gets cold at night.
763,2,9,40,51,1.2549019607843137,0.07326094781282119,581,I got this at Old Testament Navy.
763,0,13,38,51,1.2549019607843137,0.061632288805889064,581,No thanks. I'll just take these two tablets and call you in the morning.
763,2,9,40,51,1.2549019607843137,0.07326094781282119,581,Does this mean I am not going to hell?
763,1,11,39,51,1.2549019607843137,0.06769677059463557,581,Thou shalt not catch a chill.
763,1,11,39,51,1.2549019607843137,0.06769677059463557,581,Think of it as the ultimate hand-me-down
763,2,9,40,51,1.2549019607843137,0.07326094781282119,581,Listen to your mother! The desert gets cold at night.
801,3,7,42,52,1.25,0.07706434991063846,581,Thou Shalt Honor Casual Fridays.
801,2,9,41,52,1.25,0.07200532073519275,581,Why do I always get the hand me downs?
801,3,7,42,52,1.25,0.07706434991063846,581,Just because you're made in my image doesn't mean we wear the same size
801,1,11,40,52,1.25,0.06656289057129833,581,This is not a commandment. It's just a suggestion.
801,3,7,42,52,1.25,0.07706434991063846,581,You'll need this.
801,2,9,41,52,1.25,0.07200532073519275,581,"Lord, I asked that you give me real shoes."
801,3,7,42,52,1.25,0.07706434991063846,581,...and Eleven: Thou shalt gently wash with like colors.
801,5,3,44,52,1.25,0.08629721694870586,581,Does this look white and gold to you? I see black and blue.
801,0,13,39,52,1.25,0.06063390625908324,581,"No thanks, the burning bush is enough."
801,4,5,43,52,1.25,0.08181113518415854,581,By the time all peoples adhere to those rules; you will need this.
801,4,5,43,52,1.25,0.08181113518415854,581,Amazon Prime?!
801,4,5,43,52,1.25,0.08181113518415854,581,"Appreciate the helping hand, but it's a cold day in hell, not here."
801,2,9,41,52,1.25,0.07200532073519275,581,Bring them something they'll actually use.
801,4,5,43,52,1.25,0.08181113518415854,581,"...and this one's more of a suggestion, but I'd like you all to wear Team God sweaters."
801,1,11,40,52,1.25,0.06656289057129833,581,Do you see Black and Blue or White and Gold?
801,3,7,42,52,1.25,0.07706434991063846,581,"You maybe a jealous God, but you really are quite thoughtful, as well."
801,1,11,40,52,1.25,0.06656289057129833,581,Thou shalt give this present to family members every year and it shalt be begrudgingly received.
801,1,11,40,52,1.25,0.06656289057129833,581,Thou shalt layer.
801,3,7,42,52,1.25,0.07706434991063846,581,I know I said Sunday was the day for rest but I got bored and made you a sweater.
801,1,11,40,52,1.25,0.06656289057129833,581,With 10 you get a free gift!
801,4,5,43,52,1.25,0.08181113518415854,581,"Congratulations Moses, you have enough points for free delivery."
801,3,7,42,52,1.25,0.07706434991063846,581,Those aren't my colors.
801,3,7,42,52,1.25,0.07706434991063846,581,You don't like this rainbow jacket?
801,5,3,44,52,1.25,0.08629721694870586,581,"this is a request, not a caption: please resist irony and toss all the 'antisemitism lite' captions (e.g., god as Jewish mother worrying that Moses doesn't know how cold the desert gets at night)."
801,2,9,41,52,1.25,0.07200532073519275,581,Take this sweater and two tablets and call me in the morning
801,4,5,43,52,1.25,0.08181113518415854,581,"That was a typo. It's covet, not cover."
801,4,5,43,52,1.25,0.08181113518415854,581,Your mother called.
801,3,7,42,52,1.25,0.07706434991063846,581,Commandment 11: Always bring a sweater.
801,2,9,41,52,1.25,0.07200532073519275,581,"Forget about leaving the desert. I give unto you, the shmata business."
801,4,5,43,52,1.25,0.08181113518415854,581,Can't I just warm by the burning bush?
801,2,9,41,52,1.25,0.07200532073519275,581,Your grandma made this for you
801,2,9,41,52,1.25,0.07200532073519275,581,"Oh, and wear this so I can find you!"
801,4,5,43,52,1.25,0.08181113518415854,581,"Of course I understand that this is a big day for you bubby, but you shouldn't catch a death of a cold God forbid"
801,2,9,41,52,1.25,0.07200532073519275,581,Your mother worked very hard on this sweater
801,2,9,41,52,1.25,0.07200532073519275,581,It's hand of god made.
801,1,11,40,52,1.25,0.06656289057129833,581,A free gift with every tenth Commandment!
801,4,5,43,52,1.25,0.08181113518415854,581,It's Adam's
801,3,7,42,52,1.25,0.07706434991063846,581,...and I made it myself.
801,3,7,42,52,1.25,0.07706434991063846,581,Hell is about to freeze over
801,3,7,42,52,1.25,0.07706434991063846,581,Because I said so.
801,2,9,41,52,1.25,0.07200532073519275,581,"Take it my son. It was my father's, and his father's before him."
842,0,12,37,49,1.2448979591836735,0.06206900541120632,581,Are you hinting a chilly reception?
842,3,6,40,49,1.2448979591836735,0.08002238337427613,581,"You either wander for forty years, or you wear this ugly sweater...your choice."
844,1,9,35,45,1.2444444444444445,0.07216392363431012,581,"The Devil wears Prada, you need to wear Dolce and Gabbana."
844,1,9,35,45,1.2444444444444445,0.07216392363431012,581,I have a feeling I'll be out here for awhile.
844,1,9,35,45,1.2444444444444445,0.07216392363431012,581,"You shall not wear a material mixed of wool and linen together; unless of course it is a steal. Gaze upon this wool and linen sweater, purchased for only 8.99."
844,3,5,37,45,1.2444444444444445,0.08501666833333664,581,Put this on the bush.
848,3,6,41,50,1.24,0.07855844048495728,581,Put this on. Your mother was worried that you'd catch a cold.
848,2,8,40,50,1.24,0.07317856271351829,581,"Check out my visit with God! #rolandmouret pants #tomford sunnies, #hermesscarf #valentinorockstudheels #valentino"
848,2,8,40,50,1.24,0.07317856271351829,581,Honor thy mother and father - Put on your coat so you don't catch cold!
848,3,6,41,50,1.24,0.07855844048495728,581,'Consider it an early Christmas present'
848,1,10,39,50,1.24,0.06737043498600913,581,I've got you covered.
848,3,6,41,50,1.24,0.07855844048495728,581,Oh and put this on to show that I'm making good use of those sacrificed sheep.
848,1,10,39,50,1.24,0.06737043498600913,581,Listen to God. It's going to get cold.
848,2,8,40,50,1.24,0.07317856271351829,581,Take it. It gets cold in the desert at night.
848,1,10,39,50,1.24,0.06737043498600913,581,"I appologize lord, but was itchy sweater the punishment for adultry or stealing?"
848,1,10,39,50,1.24,0.06737043498600913,581,"I said I was ""called""--not ""cold""!"
848,3,6,41,50,1.24,0.07855844048495728,581,I asked for a hoodie.
848,2,8,40,50,1.24,0.07317856271351829,581,I thought the golden fleece was the other guys.
848,2,8,40,50,1.24,0.07317856271351829,581,Number 11--Thou shalt not ignore climate change!
848,3,6,41,50,1.24,0.07855844048495728,581,And thou shalt dress appropriately to the weather.
848,3,6,41,50,1.24,0.07855844048495728,581,"Also, can you bring this to Aaron? He lent it to me like 3 months ago and I totally forgot about it."
848,3,6,41,50,1.24,0.07855844048495728,581,"Oy vey, desert nights are cold. Bubbaleh, here, you take a sweater. Go on. You take it and you wear it."
848,2,8,40,50,1.24,0.07317856271351829,581,"The eleventh commandment is written, “Obey Your Mother”. Now, put on sweater."
848,2,8,40,50,1.24,0.07317856271351829,581,They're enough of a hard sell without that prophet-of-doom look.
848,3,6,41,50,1.24,0.07855844048495728,581,"Of course, Lord, no white jackets after Labor Day."
848,2,8,40,50,1.24,0.07317856271351829,581,I shall be thy Lord and you shall be my Taylor.
848,3,6,41,50,1.24,0.07855844048495728,581,"Tell Cindy I love the colors, but it's too small."
848,3,6,41,50,1.24,0.07855844048495728,581,And here's something else from your Lord and tailor.
848,0,12,38,50,1.24,0.06101187572589322,581,"Thanks, no, these are quite enough."
848,5,2,43,50,1.24,0.0883407133356589,581,"A hoodie, Lord? Surely you jest?"
872,2,7,38,47,1.2340425531914894,0.07581055041090795,581,"And as a bonus for being my first subscriber, you will receive this garment."
872,4,3,40,47,1.2340425531914894,0.08716294117348178,581,You should take this; my son has outgrown it.
872,3,5,39,47,1.2340425531914894,0.0816842024739688,581,Eleven: Thou shalt not pay full price at Banana Republic.
872,4,3,40,47,1.2340425531914894,0.08716294117348178,581,"Here, put this on, I'm cold."
872,3,5,39,47,1.2340425531914894,0.0816842024739688,581,Do you have one that's waterproof?
872,2,7,38,47,1.2340425531914894,0.07581055041090795,581,And now for a suggestion.
872,2,7,38,47,1.2340425531914894,0.07581055041090795,581,I thought you said global warming?
872,1,9,37,47,1.2340425531914894,0.06944184742215101,581,"Take the two tablets, put this on, and call me in the morning."
872,1,9,37,47,1.2340425531914894,0.06944184742215101,581,Thou shalt obey thy mother
872,0,11,36,47,1.2340425531914894,0.0624267634368288,581,It'll be a cold day...
872,2,7,38,47,1.2340425531914894,0.07581055041090795,581,"You shall not regift, but it's ok if I do."
872,3,5,39,47,1.2340425531914894,0.0816842024739688,581,Thou shalt not chill.
872,1,9,37,47,1.2340425531914894,0.06944184742215101,581,Take two tablets before bed-time and keep warm.
872,2,7,38,47,1.2340425531914894,0.07581055041090795,581,Is it handmade ?
872,2,7,38,47,1.2340425531914894,0.07581055041090795,581,"My son, climate change will amaze thee."
872,3,5,39,47,1.2340425531914894,0.0816842024739688,581,Listen to your mother.
872,2,7,38,47,1.2340425531914894,0.07581055041090795,581,Did my mother call you?
872,1,9,37,47,1.2340425531914894,0.06944184742215101,581,"Here bubala, there might be a draft."
872,3,5,39,47,1.2340425531914894,0.0816842024739688,581,"Moshalet, you forgot your sweater"
872,1,9,37,47,1.2340425531914894,0.06944184742215101,581,You'll need it later...take My word for it.
872,1,9,37,47,1.2340425531914894,0.06944184742215101,581,"Bless you. Put this on, take two tablets and worship me in the morning."
872,2,7,38,47,1.2340425531914894,0.07581055041090795,581,You're going to need this. Winter is coming.
872,3,5,39,47,1.2340425531914894,0.0816842024739688,581,You'll want this later -- trust me.
872,2,7,38,47,1.2340425531914894,0.07581055041090795,581,"And finally, thou shalt not leave the house without a sweater"
872,3,5,39,47,1.2340425531914894,0.0816842024739688,581,"After 40 years of wandering the desert, I'm assuming you're sample size."
872,2,7,38,47,1.2340425531914894,0.07581055041090795,581,"This won't work ,I don't have any pants"
872,2,7,38,47,1.2340425531914894,0.07581055041090795,581,... and start making these with the lambs' wool.
872,2,7,38,47,1.2340425531914894,0.07581055041090795,581,"And on the 8th day there was a fuzzy sweater, and it was good."
872,2,7,38,47,1.2340425531914894,0.07581055041090795,581,In case you get a chilly reception.
872,1,9,37,47,1.2340425531914894,0.06944184742215101,581,"Come back tomorrow, I'll give you some pants....."
872,2,7,38,47,1.2340425531914894,0.07581055041090795,581,You wear it to honor your mother.
872,0,11,36,47,1.2340425531914894,0.0624267634368288,581,It's not a commandment just a strong suggestion.
872,2,7,38,47,1.2340425531914894,0.07581055041090795,581,I'm good.
872,2,7,38,47,1.2340425531914894,0.07581055041090795,581,"Oh, and here's something nice for your wife."
872,3,5,39,47,1.2340425531914894,0.0816842024739688,581,Take two tablets and wear this in the morning.
872,3,5,39,47,1.2340425531914894,0.0816842024739688,581,"Sorry, no. I only wear clothes made in America."
872,2,7,38,47,1.2340425531914894,0.07581055041090795,581,Honor your mother; put this on.
872,3,5,39,47,1.2340425531914894,0.0816842024739688,581,"God, the Mother."
872,2,7,38,47,1.2340425531914894,0.07581055041090795,581,I dont think I can fleece this flock again
872,2,7,38,47,1.2340425531914894,0.07581055041090795,581,"Moses, go down and read all the people my commandments, and then give this to Barak, he's been pestering me for months."
872,4,3,40,47,1.2340425531914894,0.08716294117348178,581,I told you to wear your sweater if you were coming up here! And where are your galoshes?
872,1,9,37,47,1.2340425531914894,0.06944184742215101,581,I believe in science!
872,2,7,38,47,1.2340425531914894,0.07581055041090795,581,"I got this for christmas. It’s really nice, but kind of itchy. You want it?"
872,2,7,38,47,1.2340425531914894,0.07581055041090795,581,"...and if you purchase both tablets, you get a complimentary hoodie."
872,3,5,39,47,1.2340425531914894,0.0816842024739688,581,Wrong Mountain
872,3,5,39,47,1.2340425531914894,0.0816842024739688,581,Take this because it will be a cold day in hell before you can get anyone to follow those rules
872,4,3,40,47,1.2340425531914894,0.08716294117348178,581,Please return it when the earth starts warming.
872,4,3,40,47,1.2340425531914894,0.08716294117348178,581,Try this on. Jesus & Muhammad don't value Luxury Egyptian Cotton
872,2,7,38,47,1.2340425531914894,0.07581055041090795,581,"Trust me, you'll need this for the eclipse."
872,2,7,38,47,1.2340425531914894,0.07581055041090795,581,This is Ararat. You want Everest.
872,4,3,40,47,1.2340425531914894,0.08716294117348178,581,It's an eleventh one from your mom.
872,2,7,38,47,1.2340425531914894,0.07581055041090795,581,Snow's on the way.
872,2,7,38,47,1.2340425531914894,0.07581055041090795,581,I'm not that cool any more.
872,2,7,38,47,1.2340425531914894,0.07581055041090795,581,"Thanks, but I really need sunglasses."
872,3,5,39,47,1.2340425531914894,0.0816842024739688,581,"But wait, there's more!"
872,3,5,39,47,1.2340425531914894,0.0816842024739688,581,Or I have a staff you can turn into snakes.
872,4,3,40,47,1.2340425531914894,0.08716294117348178,581,And especially remember the 11th. Thou shalt be prepared for climate change.
872,1,9,37,47,1.2340425531914894,0.06944184742215101,581,"Honor thy mother, who said to wear this."
872,0,11,36,47,1.2340425531914894,0.0624267634368288,581,Number 11: Don't forget your sweater.
872,3,5,39,47,1.2340425531914894,0.0816842024739688,581,"...and take this too, it really works with the Birkenstocks."
872,4,3,40,47,1.2340425531914894,0.08716294117348178,581,I forgot to add 'Thou Shalt Not Wear Polyester'
872,1,9,37,47,1.2340425531914894,0.06944184742215101,581,Go down and tell the Israelites their mother says to bring a sweater.
872,2,7,38,47,1.2340425531914894,0.07581055041090795,581,Put this on. It's heavenly.
872,3,5,39,47,1.2340425531914894,0.0816842024739688,581,You might want this also. On the off chance that hell freezes over.
872,2,7,38,47,1.2340425531914894,0.07581055041090795,581,Thanks but we've got the bush still burning below. We're all good.
872,4,3,40,47,1.2340425531914894,0.08716294117348178,581,Take this. The reception may be a little chilly.
872,2,7,38,47,1.2340425531914894,0.07581055041090795,581,You can discard the Tablets they are available in paperback now
872,3,5,39,47,1.2340425531914894,0.0816842024739688,581,"I know I don't have a son yet, but it's December 25th and you'll appreciate this someday."
872,2,7,38,47,1.2340425531914894,0.07581055041090795,581,You'll thank me when you get to Oregon.
872,1,9,37,47,1.2340425531914894,0.06944184742215101,581,First thing's first: Thou shalt look fabulous.
872,2,7,38,47,1.2340425531914894,0.07581055041090795,581,"Finally, thou shalt not go out in the cold without a sweater."
872,2,7,38,47,1.2340425531914894,0.07581055041090795,581,Thou shall not wear white after Labor Day
872,3,5,39,47,1.2340425531914894,0.0816842024739688,581,Thou shalt not say I never gave you anything.
872,5,1,41,47,1.2340425531914894,0.09231710401770281,581,11. Thou shalt be chic.
872,2,7,38,47,1.2340425531914894,0.07581055041090795,581,I outgrew it eons ago.
872,5,1,41,47,1.2340425531914894,0.09231710401770281,581,"You should know..it's warming, not cooling !"
872,2,7,38,47,1.2340425531914894,0.07581055041090795,581,"Congratulations! As the first tablets customer, you get a free sweater."
872,3,5,39,47,1.2340425531914894,0.0816842024739688,581,"This is for when ""hell freezes over""."
872,1,9,37,47,1.2340425531914894,0.06944184742215101,581,Your mom thought you looked a little cold. You know how she worries.
872,2,7,38,47,1.2340425531914894,0.07581055041090795,581,"Come on, Moses. Two lousy tablets for one cashmere sweater. A bargain at twice the price. You're just going to break them anyway."
872,3,5,39,47,1.2340425531914894,0.0816842024739688,581,And give this back to the Philistines. It's too small for me.
872,1,9,37,47,1.2340425531914894,0.06944184742215101,581,This is from your mother...she said she's sorry for putting you in the basket in the water.
954,1,8,34,43,1.2325581395348837,0.07319030627622727,581,"Oh, and last but not least ..."
954,1,8,34,43,1.2325581395348837,0.07319030627622727,581,Here. It's a schlep.
954,1,8,34,43,1.2325581395348837,0.07319030627622727,581,It comes as a bundled set.
954,2,6,35,43,1.2325581395348837,0.08040050152131409,581,and with every 10 commandments you get a free windbreaker
958,3,5,40,48,1.2291666666666667,0.08011285995999187,581,Do you have to in red.
958,3,5,40,48,1.2291666666666667,0.08011285995999187,581,In the Old Testament we see that God's gifts get progressively better as the book goes on.
958,3,5,40,48,1.2291666666666667,0.08011285995999187,581,He's still working on it. A little something warm while you wait?
958,3,5,40,48,1.2291666666666667,0.08011285995999187,581,"On second thought, scrap that. Just do what your mother says."
962,1,8,35,44,1.2272727272727273,0.07170261260935148,581,Just a little something for the chill you'll receive when you present these commandments.
962,1,8,35,44,1.2272727272727273,0.07170261260935148,581,Are you trying to tell me something?
962,2,6,36,44,1.2272727272727273,0.07872958216222171,581,"Your Father had to take a call and asked me to help out. Did you get to the part about honoring your mother? O. K. So next is to put on clean underwear each day. Next, it couldn't hurt to call us once in a while."
962,3,4,37,44,1.2272727272727273,0.08517880933582783,581,Made with one hundred percent sacrificial lambs.
962,1,8,35,44,1.2272727272727273,0.07170261260935148,581,"Number 4 was a typo. Change it to 'Remember the sweater, and keep it holy.'"
962,2,6,36,44,1.2272727272727273,0.07872958216222171,581,"I'm not sure how long this will take, and it gets chilly up here at night."
962,1,8,35,44,1.2272727272727273,0.07170261260935148,581,"Moses, it's a wrap."
962,1,8,35,44,1.2272727272727273,0.07170261260935148,581,"They're not gonna follow the rules we give them. If you want them to follow you, wear this."
962,3,4,37,44,1.2272727272727273,0.08517880933582783,581,"Unfortunately, I can't exchange it if it's not your size."
971,0,10,35,45,1.2222222222222223,0.06267511942419622,581,You may need this for another plague I'm planning.
971,1,8,36,45,1.2222222222222223,0.07027283689263063,581,"And for number 11, you really need to start dressing sensibly."
971,1,8,36,45,1.2222222222222223,0.07027283689263063,581,You should expect a cold reception.
971,2,6,37,45,1.2222222222222223,0.07712569361139826,581,"In all this excitement, I almost forgot your birthday!"
971,3,4,38,45,1.2222222222222223,0.08341746594772757,581,The origins of the First Ugly Christmas Sweater.
971,1,8,36,45,1.2222222222222223,0.07027283689263063,581,"I was hoping for pants, my Lord."
971,2,6,37,45,1.2222222222222223,0.07712569361139826,581,"I want you to keep nice and warm, take two tablets and call me in the morning"
971,4,2,39,45,1.2222222222222223,0.08926687311226543,581,These messages brought to you by Pantagonia.
971,2,6,37,45,1.2222222222222223,0.07712569361139826,581,Mom?
971,2,6,37,45,1.2222222222222223,0.07712569361139826,581,"And finally, here's a divine little number that Zipporah will adore."
971,1,8,36,45,1.2222222222222223,0.07027283689263063,581,"And then God said, ""Let there be cashmere"""
971,2,6,37,45,1.2222222222222223,0.07712569361139826,581,I distinctly remember ordering it in blue.
971,3,4,38,45,1.2222222222222223,0.08341746594772757,581,"Lucifer keeps sending Gabriel clothes he knows won't fit without wing holes, but the sweater is yours if you want it."
971,2,6,37,45,1.2222222222222223,0.07712569361139826,581,"It's nice, but I think I'll take the everlasting life."
971,3,4,38,45,1.2222222222222223,0.08341746594772757,581,This one's just a suggestion...
971,2,6,37,45,1.2222222222222223,0.07712569361139826,581,And look what else I made.
971,2,6,37,45,1.2222222222222223,0.07712569361139826,581,"What do you mean, 'Winter is coming'?"
971,3,4,38,45,1.2222222222222223,0.08341746594772757,581,"No! I said, 'Thou shalt knit."
971,4,2,39,45,1.2222222222222223,0.08926687311226543,581,You never know.
971,3,4,38,45,1.2222222222222223,0.08341746594772757,581,Your Mom said you need this.
971,2,6,37,45,1.2222222222222223,0.07712569361139826,581,Our brand sponsor wants you to wear this.
971,2,6,37,45,1.2222222222222223,0.07712569361139826,581,Your mother said for you to wear this.
971,2,6,37,45,1.2222222222222223,0.07712569361139826,581,40 years is a long time - I don't want you to catch a chill.
971,3,4,38,45,1.2222222222222223,0.08341746594772757,581,Let there be fashion.
971,3,4,38,45,1.2222222222222223,0.08341746594772757,581,"When you go with the complete set, you get a free t-shirt."
971,2,6,37,45,1.2222222222222223,0.07712569361139826,581,"If you can sell those, you can sell these"
971,2,6,37,45,1.2222222222222223,0.07712569361139826,581,Honour thy mother...
971,2,6,37,45,1.2222222222222223,0.07712569361139826,581,Add just one more. Eleven: Thou shalt not go outside without a sweater and galoshes.
971,0,10,35,45,1.2222222222222223,0.06267511942419622,581,Thou shalt never wear poly cotton blend.
971,2,6,37,45,1.2222222222222223,0.07712569361139826,581,". . . Change into this, take two tablets, and call me in the morning."
971,1,8,36,45,1.2222222222222223,0.07027283689263063,581,"Here! And for my sake, put some pants on!"
971,3,4,38,45,1.2222222222222223,0.08341746594772757,581,"The truth is, on the seventh day I knit."
971,2,6,37,45,1.2222222222222223,0.07712569361139826,581,"Remember the moth, who maketh it holy."
971,3,4,38,45,1.2222222222222223,0.08341746594772757,581,"And for an additional $4.99, I'll throw in this one-of-a-kind sweater."
971,3,4,38,45,1.2222222222222223,0.08341746594772757,581,You'll need this coat of mail when they see the one about adultery.
971,2,6,37,45,1.2222222222222223,0.07712569361139826,581,Does it come in a covet blue?
971,2,6,37,45,1.2222222222222223,0.07712569361139826,581,Take these gifts. They will allow human kind to someday develop a judicial system and pants.
971,3,4,38,45,1.2222222222222223,0.08341746594772757,581,...I said cashmere.
971,3,4,38,45,1.2222222222222223,0.08341746594772757,581,Thou shalt not pay full retail for sweaters.
971,1,8,36,45,1.2222222222222223,0.07027283689263063,581,Do you have something a little more Goddish?
971,2,6,37,45,1.2222222222222223,0.07712569361139826,581,And this is just more of a suggestion.
971,3,4,38,45,1.2222222222222223,0.08341746594772757,581,"Well, it might just freeze over before I give you an answer."
971,1,8,36,45,1.2222222222222223,0.07027283689263063,581,It can get chilly in the desert at night.
971,1,8,36,45,1.2222222222222223,0.07027283689263063,581,Oh! I almost forgot! I knitted this myself.
971,2,6,37,45,1.2222222222222223,0.07712569361139826,581,The return shipping label is on your left.
971,2,6,37,45,1.2222222222222223,0.07712569361139826,581,Even I can't avoid shrinkage.
971,2,6,37,45,1.2222222222222223,0.07712569361139826,581,And here's your bonus gift.
971,2,6,37,45,1.2222222222222223,0.07712569361139826,581,... No. 11 - Thou shalt dress in layers ...
971,4,2,39,45,1.2222222222222223,0.08926687311226543,581,"Thou shalt not wearest this around the neck, only tied around the waist."
971,0,10,35,45,1.2222222222222223,0.06267511942419622,581,"Hey Moses -- ""It's cold up here"". Realized I forgot one commandment.... ""Thou shalt offer warmth to thy neighbor"""
971,3,4,38,45,1.2222222222222223,0.08341746594772757,581,churchy words will not keep you warm this winter.
971,1,8,36,45,1.2222222222222223,0.07027283689263063,581,It's from Grandma Moses.
971,3,4,38,45,1.2222222222222223,0.08341746594772757,581,Consider it one more hand me down!
971,2,6,37,45,1.2222222222222223,0.07712569361139826,581,Customers who bought this also bought...
971,1,8,36,45,1.2222222222222223,0.07027283689263063,581,Not mine. Might be Joseph's.
971,3,4,38,45,1.2222222222222223,0.08341746594772757,581,"Here, put this on. It'll make you look less crazy."
971,2,6,37,45,1.2222222222222223,0.07712569361139826,581,It's part of our new Prophet line.
971,3,4,38,45,1.2222222222222223,0.08341746594772757,581,You might need this - I'm anticipating a chilly reception.
971,3,4,38,45,1.2222222222222223,0.08341746594772757,581,Here forecast is rain for 40 days
971,3,4,38,45,1.2222222222222223,0.08341746594772757,581,Don't expect a warm reception.
971,3,4,38,45,1.2222222222222223,0.08341746594772757,581,but wool gets really itchy in the desert; got anything in cotton?
971,2,6,37,45,1.2222222222222223,0.07712569361139826,581,Thou shalt not machine dry thy wool garments.
971,2,6,37,45,1.2222222222222223,0.07712569361139826,581,Thou shalt not re-gift.
971,0,10,35,45,1.2222222222222223,0.06267511942419622,581,I'm about to change the weather.
971,2,6,37,45,1.2222222222222223,0.07712569361139826,581,You should see the credit on your tablet in the next billing cycle.
971,3,4,38,45,1.2222222222222223,0.08341746594772757,581,What do you mean it's too 'gay'?
971,2,6,37,45,1.2222222222222223,0.07712569361139826,581,"... and your mother added, 'thou shalt not forget thy sweater in Egypt!'"
971,2,6,37,45,1.2222222222222223,0.07712569361139826,581,She doesn't want you should catch cold.
971,2,6,37,45,1.2222222222222223,0.07712569361139826,581,"Moses to God: ""Let my people sew"""
971,1,8,36,45,1.2222222222222223,0.07027283689263063,581,Your mother wants you to put this on.
971,2,6,37,45,1.2222222222222223,0.07712569361139826,581,This will come in handy around 5819...
971,3,4,38,45,1.2222222222222223,0.08341746594772757,581,"Yes, it IS a commandment."
971,3,4,38,45,1.2222222222222223,0.08341746594772757,581,"Trust me, you'll need it for Christmas."
971,4,2,39,45,1.2222222222222223,0.08926687311226543,581,Tell thy neighbor's wife to wear this.
971,4,2,39,45,1.2222222222222223,0.08926687311226543,581,Number 11: Thou shall be prepared for a Trump nuclear winter.
971,1,8,36,45,1.2222222222222223,0.07027283689263063,581,Tempted? You are. I can tell.
971,2,6,37,45,1.2222222222222223,0.07712569361139826,581,"Take the sweater, Moses. The reception is gonna' be frosty!"
971,1,8,36,45,1.2222222222222223,0.07027283689263063,581,Do you have that in a large?
971,4,2,39,45,1.2222222222222223,0.08926687311226543,581,"I'm not Joseph, I'm Moses."
971,0,10,35,45,1.2222222222222223,0.06267511942419622,581,I'm planning a snowstorm next week.
971,3,4,38,45,1.2222222222222223,0.08341746594772757,581,Put it in the Goodwill pile.
971,2,6,37,45,1.2222222222222223,0.07712569361139826,581,Don't argue. It gets very chilly in the desert at night.
971,3,4,38,45,1.2222222222222223,0.08341746594772757,581,"Take the sweater. If the walk to the promised land takes longer than you think , you'll thank me for this later."
971,3,4,38,45,1.2222222222222223,0.08341746594772757,581,"I meant to give this to Adam, but he left earlier than I thought."
971,2,6,37,45,1.2222222222222223,0.07712569361139826,581,"If they don't buy the commandments, bring them up the mountain and sell them sweaters!"
971,2,6,37,45,1.2222222222222223,0.07712569361139826,581,"Since nobody claimed it in forty days, it's yours."
971,2,6,37,45,1.2222222222222223,0.07712569361139826,581,For when Hell freezes over.
971,3,4,38,45,1.2222222222222223,0.08341746594772757,581,It's time. Hell's freezing over.
971,2,6,37,45,1.2222222222222223,0.07712569361139826,581,"OMG, it's perfect!"
971,2,6,37,45,1.2222222222222223,0.07712569361139826,581,"I only had room for ten, but just remember it's dry clean only."
971,2,6,37,45,1.2222222222222223,0.07712569361139826,581,Don't expect a warm welcome down there
971,1,8,36,45,1.2222222222222223,0.07027283689263063,581,What hath God knit?
971,2,6,37,45,1.2222222222222223,0.07712569361139826,581,I do and do and do for you kids.
971,3,4,38,45,1.2222222222222223,0.08341746594772757,581,"Next, thou shalt not chill."
971,3,4,38,45,1.2222222222222223,0.08341746594772757,581,"No, I'm not commanding you. I'm just suggesting."
971,3,4,38,45,1.2222222222222223,0.08341746594772757,581,"""Yes thank you, it is Devine and I knitted it myself""."
971,2,6,37,45,1.2222222222222223,0.07712569361139826,581,How about a solid in a V neck?
971,2,6,37,45,1.2222222222222223,0.07712569361139826,581,Desert schmesert. It still gets cold at night.
971,3,4,38,45,1.2222222222222223,0.08341746594772757,581,"Oh good Lord, just what I don't need...another hand-me-down!"
971,1,8,36,45,1.2222222222222223,0.07027283689263063,581,"On a lighter note, I have really improved my knitting skills."
971,2,6,37,45,1.2222222222222223,0.07712569361139826,581,11. Trust Amazon for fast delivery
971,2,6,37,45,1.2222222222222223,0.07712569361139826,581,"A request from your mother. She says, 'bushes don't burn forever, ya know!'"
971,2,6,37,45,1.2222222222222223,0.07712569361139826,581,"Take this, it won't be a warm reception."
971,1,8,36,45,1.2222222222222223,0.07027283689263063,581,Fine! It was just a suggestion.
971,3,4,38,45,1.2222222222222223,0.08341746594772757,581,Proof that God is a Woman. Actually a Jewish Mother
971,2,6,37,45,1.2222222222222223,0.07712569361139826,581,"Thanks, but what is your return policy?"
971,3,4,38,45,1.2222222222222223,0.08341746594772757,581,Ten is as low as I can do; but I will throw in a cashmere hoodie.
971,2,6,37,45,1.2222222222222223,0.07712569361139826,581,Talbots?
971,3,4,38,45,1.2222222222222223,0.08341746594772757,581,"Wow, Amazon has really stepped up their game."
971,3,4,38,45,1.2222222222222223,0.08341746594772757,581,Somehow I always envisioned You as left-handed.
971,0,10,35,45,1.2222222222222223,0.06267511942419622,581,So you really can't control the weather?
971,2,6,37,45,1.2222222222222223,0.07712569361139826,581,"It is the right size, trust me."
971,2,6,37,45,1.2222222222222223,0.07712569361139826,581,"... this sweater, chicken soup, and for heaven's sake, would it kill you to wear some warm socks,"
971,4,2,39,45,1.2222222222222223,0.08926687311226543,581,"Oh, and thou shalt knit."
971,2,6,37,45,1.2222222222222223,0.07712569361139826,581,"One more thing, if you run into a guy named Joseph, please give him this."
971,1,8,36,45,1.2222222222222223,0.07027283689263063,581,"Also, can you give this to Miriam? She left it at my place..."
971,2,6,37,45,1.2222222222222223,0.07712569361139826,581,"Here, take this and give me those back."
971,2,6,37,45,1.2222222222222223,0.07712569361139826,581,And your mother wanted me to give you this...just in case.
971,2,6,37,45,1.2222222222222223,0.07712569361139826,581,It's kevlar. You may need it.
971,2,6,37,45,1.2222222222222223,0.07712569361139826,581,It's waterproof. Don't ask why.
971,2,6,37,45,1.2222222222222223,0.07712569361139826,581,One more thing - Honor thy mother and wear your sweater.
971,2,6,37,45,1.2222222222222223,0.07712569361139826,581,"Because I told you, if you keep parting seas in nothing but a robe, you're going to catch a cold."
971,2,6,37,45,1.2222222222222223,0.07712569361139826,581,"To wash, lay flat on two stone tablets."
971,3,4,38,45,1.2222222222222223,0.08341746594772757,581,The other Israelites will laugh at me.
971,3,4,38,45,1.2222222222222223,0.08341746594772757,581,"""It's a God given gift""."
971,3,4,38,45,1.2222222222222223,0.08341746594772757,581,"really? tablets, a sweater and a burning bush, they'll never believe me!"
971,2,6,37,45,1.2222222222222223,0.07712569361139826,581,Do you have that in a different colour?
971,2,6,37,45,1.2222222222222223,0.07712569361139826,581,You know we're in the desert don't you ?
971,3,4,38,45,1.2222222222222223,0.08341746594772757,581,"I just remembered eleven. If you're going to go out in the cold, thall shalt put on a sweater."
971,3,4,38,45,1.2222222222222223,0.08341746594772757,581,I said take 2 tablets AND put on a hoodie!
971,2,6,37,45,1.2222222222222223,0.07712569361139826,581,And now for the fashion commandments.
971,0,10,35,45,1.2222222222222223,0.06267511942419622,581,Will I really need that in the desert?
971,3,4,38,45,1.2222222222222223,0.08341746594772757,581,"Well, it's more of a suggestion."
971,1,8,36,45,1.2222222222222223,0.07027283689263063,581,Take the two tablets and wear this. You'll feel better in the morning.
971,2,6,37,45,1.2222222222222223,0.07712569361139826,581,"What, so only mothers worry?"
971,2,6,37,45,1.2222222222222223,0.07712569361139826,581,"Ten Commandments and a bit of advice, it's cold up here."
971,1,8,36,45,1.2222222222222223,0.07027283689263063,581,Don't worry. It's flame retardant.
971,3,4,38,45,1.2222222222222223,0.08341746594772757,581,Thou shalt not put this in the dryer.
971,3,4,38,45,1.2222222222222223,0.08341746594772757,581,"Next topic: sins against fashion. For example, . . ."
971,2,6,37,45,1.2222222222222223,0.07712569361139826,581,I used to make women as gifts but that didn't turn out so great.
971,2,6,37,45,1.2222222222222223,0.07712569361139826,581,It's hand made.
971,2,6,37,45,1.2222222222222223,0.07712569361139826,581,and you thought I forgot your birthday
1113,3,4,39,46,1.2173913043478262,0.08172679524563294,581,On second thought can you make it a wetsuit?
1113,2,6,38,46,1.2173913043478262,0.07558495542263939,581,I can get a better selection plus free shipping from Amazon Prime.
1113,3,4,39,46,1.2173913043478262,0.08172679524563294,581,Is there a matching yamaka?
1113,1,8,37,46,1.2173913043478262,0.06889776419712876,581,"Moshe, Moshe, how many times I've told you? Midout a sweater, out you don't go."
1113,2,6,38,46,1.2173913043478262,0.07558495542263939,581,The Lord giveth and the Lord exchangeth.
1113,0,10,36,46,1.2173913043478262,0.06148754619013455,581,"While we're at it, here is another hand-me-down."
1113,4,2,40,46,1.2173913043478262,0.08743827900868612,581,Take two tablets before bed and keep warm.
1113,3,4,39,46,1.2173913043478262,0.08172679524563294,581,"Is this another ""hand me down""?"
1113,2,6,38,46,1.2173913043478262,0.07558495542263939,581,Robes are so last year.
1113,3,4,39,46,1.2173913043478262,0.08172679524563294,581,The original Jewish grandmother.
1113,1,8,37,46,1.2173913043478262,0.06889776419712876,581,Go on—it's cashmere.
1113,2,6,38,46,1.2173913043478262,0.07558495542263939,581,Moses decides between wandering in the desert for 40 years or wearing a cowl neck sweater.
1113,2,6,38,46,1.2173913043478262,0.07558495542263939,581,"Look, Moses my son. Think of it as the 11th. When you're on a mountaintop, bundle up, or you'll catch your death."
1113,1,8,37,46,1.2173913043478262,0.06889776419712876,581,Toss in some trousers and we have a deal!
1113,1,8,37,46,1.2173913043478262,0.06889776419712876,581,No: I meant thou shalt cover thy neighbor's ass.
1113,1,8,37,46,1.2173913043478262,0.06889776419712876,581,Divine insulation.
1113,3,4,39,46,1.2173913043478262,0.08172679524563294,581,You'll be honoring your Mother if you wear this...
1113,3,4,39,46,1.2173913043478262,0.08172679524563294,581,"Oh sure, I'll just tell the masses I traded the commandments for a hoodie."
1113,2,6,38,46,1.2173913043478262,0.07558495542263939,581,Virgin wool you say....!
1113,2,6,38,46,1.2173913043478262,0.07558495542263939,581,"Thanks, but I don't think I need that where I'm going."
1113,3,4,39,46,1.2173913043478262,0.08172679524563294,581,"Of course, we will follow each and every Commandment to the letter, sweater God."
1113,0,10,36,46,1.2173913043478262,0.06148754619013455,581,Just put it on. I wouldn't want that you should catch a cold before such an important event.
1113,2,6,38,46,1.2173913043478262,0.07558495542263939,581,I don't care if I ordered it online--that's not the right color!
1113,3,4,39,46,1.2173913043478262,0.08172679524563294,581,Your mother told me to give you this.
1113,2,6,38,46,1.2173913043478262,0.07558495542263939,581,"Thou shalt knot, you nit!"
1113,1,8,37,46,1.2173913043478262,0.06889776419712876,581,Does that come in plaid?
1113,2,6,38,46,1.2173913043478262,0.07558495542263939,581,"Thanks, God. You too -- you could put on your gloves."
1113,3,4,39,46,1.2173913043478262,0.08172679524563294,581,It's all yours. And you can keep the rocks.
1113,3,4,39,46,1.2173913043478262,0.08172679524563294,581,Merry Christmas!
1113,3,4,39,46,1.2173913043478262,0.08172679524563294,581,There’s nothing wrong with it—I just washed it in hot.
1113,3,4,39,46,1.2173913043478262,0.08172679524563294,581,"Ya know, God, I could really use a compass instead."
1113,1,8,37,46,1.2173913043478262,0.06889776419712876,581,"Then God delivered the eleventh commandment, 'thou shall dry clean only.'"
1113,3,4,39,46,1.2173913043478262,0.08172679524563294,581,"Son, I knitted this for you, incase you feel like staying on top of the mountain for a little longer; a little kugel, a little schnapps --- We'll talk..."
1113,1,8,37,46,1.2173913043478262,0.06889776419712876,581,... but you have to 'own' it
1113,3,4,39,46,1.2173913043478262,0.08172679524563294,581,"Expecting a chilly reception, are we?"
1113,3,4,39,46,1.2173913043478262,0.08172679524563294,581,"Buy 10, get 1 free."
1149,2,6,39,47,1.2127659574468086,0.07410377385468282,581,Just a plug for my heavenly Fall collection
1150,3,3,37,43,1.2093023255813953,0.08522096570352598,581,"No? Fine then. But if you shiver and drop the tablets, do you really want to see what I'll do?"
1150,2,5,36,43,1.2093023255813953,0.07845503988508755,581,"Thank you LORD, I know I'm asking alot, but if I don't bring my wife back something from every trip there's hell to pay!"
1150,2,5,36,43,1.2093023255813953,0.07845503988508755,581,Thou shall not pay retail for garments.
1150,2,5,36,43,1.2093023255813953,0.07845503988508755,581,"Finally, the alt-right can believe in global warming!"
1150,3,3,37,43,1.2093023255813953,0.08522096570352598,581,...for the desert hath chill in the night.
1150,2,5,36,43,1.2093023255813953,0.07845503988508755,581,"Oh, Mom!"
1150,3,3,37,43,1.2093023255813953,0.08522096570352598,581,"And return this, my Son thinks the stripes my him look Fat!"
1150,1,7,35,43,1.2093023255813953,0.0710476851931138,581,It's called Merino wool.
1150,2,5,36,43,1.2093023255813953,0.07845503988508755,581,Thou shall not wear solid white after Rosh Hashana.
1150,3,3,37,43,1.2093023255813953,0.08522096570352598,581,You left this on a chair in the restaurant by the Red Sea.
1150,1,7,35,43,1.2093023255813953,0.0710476851931138,581,"In addition to this covenant I've inscribed in stone for the the whole of mankind, I also knitted you this lovely pique wool-silk sweater with ribbed neckline, cuffs and hem."
1150,0,9,34,43,1.2093023255813953,0.06277223796575146,581,No thanks; the burning bush is warm enough.
1150,2,5,36,43,1.2093023255813953,0.07845503988508755,581,"The forty days aren't so bad, it's the forty nights, here."
1150,2,5,36,43,1.2093023255813953,0.07845503988508755,581,Break any of the commandments - you won't be needing a sweater.
1150,2,5,36,43,1.2093023255813953,0.07845503988508755,581,"Here you go Moses. I told you it would be a cold day in hell before a Trump became a President. Well, sorry friend, I was misspoken."
1150,1,7,35,43,1.2093023255813953,0.0710476851931138,581,Maybe it'll go over better if you wear the sweater.
1150,2,5,36,43,1.2093023255813953,0.07845503988508755,581,"Put this on, you're liable to get a chilly reception with those tablets."
1150,1,7,35,43,1.2093023255813953,0.0710476851931138,581,Take it. It may get cold in the desert.
1150,3,3,37,43,1.2093023255813953,0.08522096570352598,581,"Perhaps a little something for the wife, too, would be in both of our best interests."
1150,2,5,36,43,1.2093023255813953,0.07845503988508755,581,"Oh, and give this to Morty. He looks cold."
1150,1,7,35,43,1.2093023255813953,0.0710476851931138,581,"Just trust me. You're going to be spending a lot of time in the desert, and the nights are cold."
1150,4,1,38,43,1.2093023255813953,0.09148788284528409,581,Where your going you won't need this.
1150,2,5,36,43,1.2093023255813953,0.07845503988508755,581,"Take this, you can expect a chilly reception."
1150,1,7,35,43,1.2093023255813953,0.0710476851931138,581,...So you shouldn't catch a chill when the bush shuts off at sundown...
1150,1,7,35,43,1.2093023255813953,0.0710476851931138,581,"It's cold, so your mother added an eleventh Commandment."
1150,2,5,36,43,1.2093023255813953,0.07845503988508755,581,You're going to get a cold reception. You'll need it
1150,3,3,37,43,1.2093023255813953,0.08522096570352598,581,Mount Sinai can get chilly at night
1150,2,5,36,43,1.2093023255813953,0.07845503988508755,581,"On second thought, I'll take the sweater!"
1150,1,7,35,43,1.2093023255813953,0.0710476851931138,581,I wanted a coat of many colors.
1150,1,7,35,43,1.2093023255813953,0.0710476851931138,581,The Gap was having an amazing sale.
1150,1,7,35,43,1.2093023255813953,0.0710476851931138,581,"Whatever you do, don't get this wet."
1150,2,5,36,43,1.2093023255813953,0.07845503988508755,581,And the eleventh one--put this on so you don't catch cold.
1150,3,3,37,43,1.2093023255813953,0.08522096570352598,581,And this is for the chilly reception you'll be getting.
1150,3,3,37,43,1.2093023255813953,0.08522096570352598,581,They'll listen more if you tell them Yeezy made this.
1150,1,7,35,43,1.2093023255813953,0.0710476851931138,581,"Trust me, your reception upon return may be a little chilly."
1150,2,5,36,43,1.2093023255813953,0.07845503988508755,581,You'll need this. Things might take a while.
1150,1,7,35,43,1.2093023255813953,0.0710476851931138,581,"On the seventh day, I knit."
1150,1,7,35,43,1.2093023255813953,0.0710476851931138,581,"Aren't REI dividends the best, Mo?"
1150,3,3,37,43,1.2093023255813953,0.08522096570352598,581,Winter is coming. #GoT
1150,2,5,36,43,1.2093023255813953,0.07845503988508755,581,"And thus, Jebediah was prepared for the annual ugly Christmas sweater contest"
1150,1,7,35,43,1.2093023255813953,0.0710476851931138,581,I'm thinking of having an ice age
1150,2,5,36,43,1.2093023255813953,0.07845503988508755,581,Here. The reception you'll get will be a little chilly.
1150,2,5,36,43,1.2093023255813953,0.07845503988508755,581,"Oh, God. Haven't you heard? We're gonna make it hotter!"
1150,1,7,35,43,1.2093023255813953,0.0710476851931138,581,Hand me downs.
1150,2,5,36,43,1.2093023255813953,0.07845503988508755,581,…5. Honor your father and your mother: Wear a sweater.
1150,1,7,35,43,1.2093023255813953,0.0710476851931138,581,Your mother's cold - put on a sweater
1150,1,7,35,43,1.2093023255813953,0.0710476851931138,581,Thou shalt not warm the globe.
1150,2,5,36,43,1.2093023255813953,0.07845503988508755,581,When you find Waldo give him this sweater.
1150,2,5,36,43,1.2093023255813953,0.07845503988508755,581,"Seek, and ye shall find Waldo."
1150,2,5,36,43,1.2093023255813953,0.07845503988508755,581,And drop this off at the cleaners on your way down.
1150,1,7,35,43,1.2093023255813953,0.0710476851931138,581,"Moses, dear, of course I'm a woman. Now, don't drop those and - here - take this... the desert gets cold at night."
1150,3,3,37,43,1.2093023255813953,0.08522096570352598,581,What? So there is a hand coming from clouds now?
1150,1,7,35,43,1.2093023255813953,0.0710476851931138,581,You need to be properly dressed if you're going to make a delivery!
1150,2,5,36,43,1.2093023255813953,0.07845503988508755,581,"Thanks, but your 10 commandments were more than enough, I really don't need a sweater"
1150,1,7,35,43,1.2093023255813953,0.0710476851931138,581,But I don't want a new image.
1150,2,5,36,43,1.2093023255813953,0.07845503988508755,581,You work in mysterious ways.
1150,2,5,36,43,1.2093023255813953,0.07845503988508755,581,You're going to get an especially chilly reception on number 7.
1150,2,5,36,43,1.2093023255813953,0.07845503988508755,581,You're going to get a pretty chilly reception down there
1150,2,5,36,43,1.2093023255813953,0.07845503988508755,581,"Then God said, ""It's chilly, put this sweater on."""
1150,1,7,35,43,1.2093023255813953,0.0710476851931138,581,You might get a cool reception.
1150,1,7,35,43,1.2093023255813953,0.0710476851931138,581,Are the pants ready too?
1150,0,9,34,43,1.2093023255813953,0.06277223796575146,581,"Leave the shoes, take the sweater"
1150,2,5,36,43,1.2093023255813953,0.07845503988508755,581,Take this.... I embroidered them on the back.
1150,2,5,36,43,1.2093023255813953,0.07845503988508755,581,Isn't HSN several thousand years in the future?
1150,0,9,34,43,1.2093023255813953,0.06277223796575146,581,"Don't be a hypocrite, Honor thy Mother and put on this sweater."
1150,2,5,36,43,1.2093023255813953,0.07845503988508755,581,You'll need this. The desert gets cold at night.
1150,1,7,35,43,1.2093023255813953,0.0710476851931138,581,the 11th...dress for success
1150,3,3,37,43,1.2093023255813953,0.08522096570352598,581,Wear this hoodie. Adultery is still on the list.
1150,3,3,37,43,1.2093023255813953,0.08522096570352598,581,"Father, I'm losing support from urban millennials"
1150,2,5,36,43,1.2093023255813953,0.07845503988508755,581,No more burning bushes...you might need this!
1150,2,5,36,43,1.2093023255813953,0.07845503988508755,581,It's a hand-me-down from Joseph.
1150,1,7,35,43,1.2093023255813953,0.0710476851931138,581,"No Moses, I didn't say the ""promised land"", I said ""Iceland""."
1150,2,5,36,43,1.2093023255813953,0.07845503988508755,581,Thou shalt also stay warm.
1150,1,7,35,43,1.2093023255813953,0.0710476851931138,581,I loved it but it was washed in hot water.
1150,1,7,35,43,1.2093023255813953,0.0710476851931138,581,I mean this with all the respect in the world ... but couldn't you have given me the coat first?
1150,0,9,34,43,1.2093023255813953,0.06277223796575146,581,One more; Thou shall not tumble dry.
1150,3,3,37,43,1.2093023255813953,0.08522096570352598,581,Here's a sweater to go with those commpantments.
1150,1,7,35,43,1.2093023255813953,0.0710476851931138,581,You drive a hard bargain.
1150,2,5,36,43,1.2093023255813953,0.07845503988508755,581,And here's a little something from the wife...
1150,3,3,37,43,1.2093023255813953,0.08522096570352598,581,And one more thing...so you don't catch a chill.
1150,1,7,35,43,1.2093023255813953,0.0710476851931138,581,I'm sure I asked for a cardigan.
1150,2,5,36,43,1.2093023255813953,0.07845503988508755,581,Consider it the Eleventh Commandment.
1150,2,5,36,43,1.2093023255813953,0.07845503988508755,581,And wear woolens while sleeping at night.
1150,2,5,36,43,1.2093023255813953,0.07845503988508755,581,Are you trying to tell me something about climate change?
1150,3,3,37,43,1.2093023255813953,0.08522096570352598,581,With each set of ten you get a free coat.
1150,1,7,35,43,1.2093023255813953,0.0710476851931138,581,"Good work, Moses. But you forgot Number 11: ""Always bring a sweater."""
1150,2,5,36,43,1.2093023255813953,0.07845503988508755,581,Thou shalt wear a hoodie.
1150,1,7,35,43,1.2093023255813953,0.0710476851931138,581,"Moses, you may need this after the crossing"
1150,0,9,34,43,1.2093023255813953,0.06277223796575146,581,Are you sure? This one is semi-formal.
1150,2,5,36,43,1.2093023255813953,0.07845503988508755,581,Just hang on to it...it's small on me.
1240,1,6,32,39,1.205128205128205,0.07510215426707977,581,Take your tablets and remember to wear a jacket: its flu season.
1241,1,6,33,40,1.2,0.07337993857053428,581,"I get it now, ""Cover your neighbor's wife"""
1241,2,4,34,40,1.2,0.0816496580927726,581,Your mother asked me to make sure you had brought a sweater.
1243,1,6,34,41,1.1951219512195121,0.07173385936513532,581,"Here is the deal: If your guys do a good job selling the world on the Ten Commandments, I will then choose them to start the schmatta business."
1243,2,4,35,41,1.1951219512195121,0.07978257187217622,581,It's from the Holy Lamb of God!
1243,2,4,35,41,1.1951219512195121,0.07978257187217622,581,Many are called but few are frozen.
1243,2,4,35,41,1.1951219512195121,0.07978257187217622,581,Is it cashmere??
1243,2,4,35,41,1.1951219512195121,0.07978257187217622,581,Take this too. I may make it shpritz later.
1243,2,4,35,41,1.1951219512195121,0.07978257187217622,581,Yes! Is real!
1243,1,6,34,41,1.1951219512195121,0.07173385936513532,581,"Take this, global warming won't be coming for a while."
1243,2,4,35,41,1.1951219512195121,0.07978257187217622,581,Think of it as a very early Christmas gift.
1243,2,4,35,41,1.1951219512195121,0.07978257187217622,581,So your saying I should bring a coat
1243,1,6,34,41,1.1951219512195121,0.07173385936513532,581,Thank you Moses for spreading the word of my Commandments. I hope you're a size medium.
1243,1,6,34,41,1.1951219512195121,0.07173385936513532,581,This might help for those cold Canaan nights.
1243,2,4,35,41,1.1951219512195121,0.07978257187217622,581,"While you're waiting for them to obey, stay warm!"
1243,1,6,34,41,1.1951219512195121,0.07173385936513532,581,Mother Earth knitted it for you.
1243,1,6,34,41,1.1951219512195121,0.07173385936513532,581,I said shiva not shiver!
1243,2,4,35,41,1.1951219512195121,0.07978257187217622,581,And here's a little something for Aaron.
1243,2,4,35,41,1.1951219512195121,0.07978257187217622,581,"Put it on, you're going to be here a while."
1243,2,4,35,41,1.1951219512195121,0.07978257187217622,581,"So those 10 are from me, and your Bubbe says you should really wear a sweater or you'll catch a chill"
1243,3,2,36,41,1.1951219512195121,0.08709059059198597,581,Ma! Quit hovering!
1243,3,2,36,41,1.1951219512195121,0.08709059059198597,581,Quit micromanaging me!
1243,1,6,34,41,1.1951219512195121,0.07173385936513532,581,Thou shall update your look.
1243,0,8,33,41,1.1951219512195121,0.06265967111543964,581,It's a lot further from hell than you think.
1243,2,4,35,41,1.1951219512195121,0.07978257187217622,581,"Wait, you want me to lead them where?"
1243,3,2,36,41,1.1951219512195121,0.08709059059198597,581,Jesus is a medium.
1243,1,6,34,41,1.1951219512195121,0.07173385936513532,581,Hipsters are coming - you'll need to change.
1243,3,2,36,41,1.1951219512195121,0.08709059059198597,581,Thou shalt wear cashmere.!
1243,2,4,35,41,1.1951219512195121,0.07978257187217622,581,"What were you expecting, a shawl?"
1243,1,6,34,41,1.1951219512195121,0.07173385936513532,581,All transactions are final.
1243,1,6,34,41,1.1951219512195121,0.07173385936513532,581,You don't have to take it literally.
1243,3,2,36,41,1.1951219512195121,0.08709059059198597,581,"Jesus, Mary and Joseph, put on a sweater!"" ""Who?"
1243,1,6,34,41,1.1951219512195121,0.07173385936513532,581,Waldo raptured; they'll never find him.
1243,2,4,35,41,1.1951219512195121,0.07978257187217622,581,Guess what's freezing over?
1243,1,6,34,41,1.1951219512195121,0.07173385936513532,581,Take these two tablets and dress warmly
1243,1,6,34,41,1.1951219512195121,0.07173385936513532,581,I don't recall 'personal errands' being in the job description.
1243,3,2,36,41,1.1951219512195121,0.08709059059198597,581,#11: Thou shalt not wear horizontal stripes
1243,3,2,36,41,1.1951219512195121,0.08709059059198597,581,Don't forget your sweater.
1243,1,6,34,41,1.1951219512195121,0.07173385936513532,581,"Here, you might just get chilly reception."
1243,2,4,35,41,1.1951219512195121,0.07978257187217622,581,"Thanks, Moses ... but you really didn't need to get me anything."
1243,1,6,34,41,1.1951219512195121,0.07173385936513532,581,You're not parting the sea wearing that!
1243,2,4,35,41,1.1951219512195121,0.07978257187217622,581,"Wait! Add this to the other commandments. On chilly evenings, you should at least wear a sweater."
1243,1,6,34,41,1.1951219512195121,0.07173385936513532,581,Here- You may get a chilly reception.
1243,1,6,34,41,1.1951219512195121,0.07173385936513532,581,Did you knit that yourself?
1243,3,2,36,41,1.1951219512195121,0.08709059059198597,581,"And finally, thou shalt put on a sweater when it's cold."
1243,1,6,34,41,1.1951219512195121,0.07173385936513532,581,Thou shalt not get the sniffles.
1243,1,6,34,41,1.1951219512195121,0.07173385936513532,581,Stay warm - no point going down there at the moment.
1243,2,4,35,41,1.1951219512195121,0.07978257187217622,581,"Thou shalt honor thy mother. Forget your father, he can't knit."
1243,0,8,33,41,1.1951219512195121,0.06265967111543964,581,Its either this or a burning bush.
1243,2,4,35,41,1.1951219512195121,0.07978257187217622,581,"Here, take this. I'll look around for a pair of slacks for you."
1243,1,6,34,41,1.1951219512195121,0.07173385936513532,581,Honor commandment number five: Your mother tells me she wants you to wear a sweater.
1243,2,4,35,41,1.1951219512195121,0.07978257187217622,581,"Here, Moses, you may need this when you go back down and meet with a very icy reception."
1243,1,6,34,41,1.1951219512195121,0.07173385936513532,581,This must be yours. It's Egyptian cotton.
1243,1,6,34,41,1.1951219512195121,0.07173385936513532,581,"They already think I'm borderline nuts, but wearing that in the desert will certainly confirm it."
1243,2,4,35,41,1.1951219512195121,0.07978257187217622,581,"Spread the Word to Antarctica too."""
1243,2,4,35,41,1.1951219512195121,0.07978257187217622,581,"God. I know you will provide for our needs; but, what's a sweater?"
1243,4,0,37,41,1.1951219512195121,0.09383114176425045,581,"But Lord, is that not a bit too chichi for a man of the cloth?"
1243,1,6,34,41,1.1951219512195121,0.07173385936513532,581,You'll need this for the cold reception you'll be getting.
1243,2,4,35,41,1.1951219512195121,0.07978257187217622,581,"Moses, this is for you. Thanks for helping me out."
1243,1,6,34,41,1.1951219512195121,0.07173385936513532,581,For the press conference.
1243,2,4,35,41,1.1951219512195121,0.07978257187217622,581,And take this so thou shalt not chill.
1243,2,4,35,41,1.1951219512195121,0.07978257187217622,581,Put this on for your Twitter picture and make sure you say it's #Organic #FairTrade #Ethical cotton.
1243,1,6,34,41,1.1951219512195121,0.07173385936513532,581,What do you mean it's a steal?
1243,2,4,35,41,1.1951219512195121,0.07978257187217622,581,"You don't have to add it, I just think it's a good idea."
1243,0,8,33,41,1.1951219512195121,0.06265967111543964,581,"Because I worry about you. And no, that's not on those tablets!"
1243,1,6,34,41,1.1951219512195121,0.07173385936513532,581,"Wait, there's one more."
1243,1,6,34,41,1.1951219512195121,0.07173385936513532,581,And this will be the Holy Garb. It will be called Lost in the Desert by Marc Jacobs.
1243,1,6,34,41,1.1951219512195121,0.07173385936513532,581,You're going to be wandering for forty years. What if you wander into Switzerland?
1243,2,4,35,41,1.1951219512195121,0.07978257187217622,581,"I know I said ""put off thy shoes from off thy feet,"" but put this on before you catch cold"
1243,2,4,35,41,1.1951219512195121,0.07978257187217622,581,It's cozy AND it has zippered compartments to hold your tablets.
1243,1,6,34,41,1.1951219512195121,0.07173385936513532,581,"""Buy two tablets, get one free sweater."
1243,3,2,36,41,1.1951219512195121,0.08709059059198597,581,"ALSO, YOU'LL NEED THIS. GLOBAL WARMING IS A HOAX."
1243,2,4,35,41,1.1951219512195121,0.07978257187217622,581,You don't need all those clothes where you're going!
1243,2,4,35,41,1.1951219512195121,0.07978257187217622,581,The desert can be cold at night.
1243,1,6,34,41,1.1951219512195121,0.07173385936513532,581,"Thank you, Moses. I am sure He will grow into it."
1243,1,6,34,41,1.1951219512195121,0.07173385936513532,581,"Seriously, Moses?"
1243,3,2,36,41,1.1951219512195121,0.08709059059198597,581,"Baby, it's cold outside."
1243,1,6,34,41,1.1951219512195121,0.07173385936513532,581,I got this online.
1243,2,4,35,41,1.1951219512195121,0.07978257187217622,581,Trust me. The desert gets cold at night.
1243,1,6,34,41,1.1951219512195121,0.07173385936513532,581,"Trust me, you'll thank me later"
1243,1,6,34,41,1.1951219512195121,0.07173385936513532,581,"And, remember, thou shalt not wear stripes with plaid."
1243,0,8,33,41,1.1951219512195121,0.06265967111543964,581,"Okay, are you testing me on one of those, 'thou shalt not covet,' deals?"
1243,1,6,34,41,1.1951219512195121,0.07173385936513532,581,I'm about to do a big purge. See if this fits.
1243,2,4,35,41,1.1951219512195121,0.07978257187217622,581,"Oh, it's just a hand-me-down, but isn't it divine?"
1243,1,6,34,41,1.1951219512195121,0.07173385936513532,581,Don't you make a version with a tablet pouch?
1243,1,6,34,41,1.1951219512195121,0.07173385936513532,581,...And your mother told me to make sure you wear this at night
1243,0,8,33,41,1.1951219512195121,0.06265967111543964,581,I'll see what else we have in the back.
1243,2,4,35,41,1.1951219512195121,0.07978257187217622,581,"I know I hit the rock, but it was self defense."
1243,0,8,33,41,1.1951219512195121,0.06265967111543964,581,Because I'm your Mother and I say you'll catch a chill.
1243,2,4,35,41,1.1951219512195121,0.07978257187217622,581,And here. Winter is coming.
1243,1,6,34,41,1.1951219512195121,0.07173385936513532,581,40 nights can get pretty cold.
1243,2,4,35,41,1.1951219512195121,0.07978257187217622,581,"No, No. I said Number 7 is Thou Shalt Not Chill."
1243,3,2,36,41,1.1951219512195121,0.08709059059198597,581,"C'mon, at least try it on. It's CASHMERE!"
1243,1,6,34,41,1.1951219512195121,0.07173385936513532,581,Take this! You're likely to get a chilly reception!
1243,2,4,35,41,1.1951219512195121,0.07978257187217622,581,"I guess when you're a bad shepherd, you make woolen sweaters out of them."
1243,0,8,33,41,1.1951219512195121,0.06265967111543964,581,...and make sure Jacob gets this.
1243,2,4,35,41,1.1951219512195121,0.07978257187217622,581,"_MOSES, THOU SHALT NOT BE COLD!_"
1243,3,2,36,41,1.1951219512195121,0.08709059059198597,581,How do you return a gift from God?
1243,1,6,34,41,1.1951219512195121,0.07173385936513532,581,"...and finally, my thank you gift for delivering the commandments. I knit it myself."
1243,3,2,36,41,1.1951219512195121,0.08709059059198597,581,Enough with the bathrobe and slippers. Get dressed before you go to work.
1243,2,4,35,41,1.1951219512195121,0.07978257187217622,581,I know when it's going to rain Moses so just stop whining!
1243,3,2,36,41,1.1951219512195121,0.08709059059198597,581,"Moses, the wife thought you would convey my message better in a cardigan !"
1243,3,2,36,41,1.1951219512195121,0.08709059059198597,581,Take this just in case; you might get a chilly reception.
1243,2,4,35,41,1.1951219512195121,0.07978257187217622,581,"Sorry it is dull gray, Moische. I promised the one ""of many colours"" to Joseph."
1243,1,6,34,41,1.1951219512195121,0.07173385936513532,581,"Honor your father and mother, take a sweater."
1243,1,6,34,41,1.1951219512195121,0.07173385936513532,581,Try this coat of many colors.
1243,1,6,34,41,1.1951219512195121,0.07173385936513532,581,Take two tablets and call me in the morning. And wear this.
1243,1,6,34,41,1.1951219512195121,0.07173385936513532,581,Wrap up warm and take two tablets.
1243,3,2,36,41,1.1951219512195121,0.08709059059198597,581,"When the fire on the mount is extinguished, you'll need a sweater."
1243,3,2,36,41,1.1951219512195121,0.08709059059198597,581,"Behold, I thought you might like this, too"
1243,1,6,34,41,1.1951219512195121,0.07173385936513532,581,Trust me. Your reception will be a chilly one.
1243,2,4,35,41,1.1951219512195121,0.07978257187217622,581,God?? No! I am Amazon Prime.
1243,2,4,35,41,1.1951219512195121,0.07978257187217622,581,Expect a cold reception.
1243,3,2,36,41,1.1951219512195121,0.08709059059198597,581,How about this -- would you covet this?
1243,2,4,35,41,1.1951219512195121,0.07978257187217622,581,Thou shalt not complain about a hand-me-down.
1243,2,4,35,41,1.1951219512195121,0.07978257187217622,581,"And put some real shoes on, too. You'll catch your death wearing those things."
1243,3,2,36,41,1.1951219512195121,0.08709059059198597,581,Honor thy mother. She says it's chilly.
1243,1,6,34,41,1.1951219512195121,0.07173385936513532,581,Sunday delivery now available with your Amazon Divine subscription.
1243,0,8,33,41,1.1951219512195121,0.06265967111543964,581,You may need this. It's going to be a chilly reception.
1243,3,2,36,41,1.1951219512195121,0.08709059059198597,581,what do you mean there are two more in Alaska ?
1243,1,6,34,41,1.1951219512195121,0.07173385936513532,581,Those are for your people. and this is a lttle extra for you. You should wear it in good health..
1243,1,6,34,41,1.1951219512195121,0.07173385936513532,581,Your mother says you should wear this.
1243,2,4,35,41,1.1951219512195121,0.07978257187217622,581,"""No, no, not me-the clothes make the man""."
1243,1,6,34,41,1.1951219512195121,0.07173385936513532,581,Consider this more of a request.
1243,2,4,35,41,1.1951219512195121,0.07978257187217622,581,Take it! You get one free sweater with each pair of scrolls.
1243,2,4,35,41,1.1951219512195121,0.07978257187217622,581,Could you use this? My son is getting rid of his Christmas sweaters...
1243,2,4,35,41,1.1951219512195121,0.07978257187217622,581,And ye shall call it mohair.
1243,1,6,34,41,1.1951219512195121,0.07173385936513532,581,"Wait..., that's your answer to how we'll be out here???"
1243,0,8,33,41,1.1951219512195121,0.06265967111543964,581,"No, it won't make you look fat."
1243,1,6,34,41,1.1951219512195121,0.07173385936513532,581,Some of that may seem a little cold.
1243,1,6,34,41,1.1951219512195121,0.07173385936513532,581,"So, those predictions about global climate change are true, then?"
1243,2,4,35,41,1.1951219512195121,0.07978257187217622,581,And this is from the mrs.
1372,2,3,33,38,1.1842105263157894,0.0831053005440275,581,BTW would appreciate a shout out #Godshoodies.
1372,1,5,32,38,1.1842105263157894,0.07405414149004433,581,"Here, take this. You don't want to catch a cold in the desert bubula"
1372,2,3,33,38,1.1842105263157894,0.0831053005440275,581,I see a cool reception. You'll need this.
1372,0,7,31,38,1.1842105263157894,0.06373021861834363,581,Thou shalt dress in layers.
1372,0,7,31,38,1.1842105263157894,0.06373021861834363,581,"They say it will be a cold day in hell when anyone follows these, but I have faith."
1372,1,5,32,38,1.1842105263157894,0.07405414149004433,581,And here's a little something I made for you at knitting club.
1372,1,5,32,38,1.1842105263157894,0.07405414149004433,581,I am the Lord thy Clothier.
1372,1,5,32,38,1.1842105263157894,0.07405414149004433,581,There's one more: always dress in layers
1372,1,5,32,38,1.1842105263157894,0.07405414149004433,581,"Here, now don't say I never gave you anything."
1372,2,3,33,38,1.1842105263157894,0.0831053005440275,581,"I told Him, I said, ""You forgot the most important one, 'Thou shalt dress for the weather,'"" but does He listen--here, put this on--and sandals already? Who wears sandals up here, you think this is the beach? Now call me when you get back down--"
1372,2,3,33,38,1.1842105263157894,0.0831053005440275,581,"With all due respect, I prayed for a helicopter."
1372,0,7,31,38,1.1842105263157894,0.06373021861834363,581,"Yes, winter IS coming."
1372,1,5,32,38,1.1842105263157894,0.07405414149004433,581,I found this in the mud room. You want it?
1372,1,5,32,38,1.1842105263157894,0.07405414149004433,581,I told you ordering with the tablets is the way to go.
1372,1,5,32,38,1.1842105263157894,0.07405414149004433,581,Today only get a free sweater with every two tablets !
1372,1,5,32,38,1.1842105263157894,0.07405414149004433,581,"""Here, take this too, in case you get a chilly reaction to my new edition of ""Words to Live By""!"
1372,1,5,32,38,1.1842105263157894,0.07405414149004433,581,And number eleven is more of a suggestion.
1372,2,3,33,38,1.1842105263157894,0.0831053005440275,581,And this is for the cold reception.
1372,0,7,31,38,1.1842105263157894,0.06373021861834363,581,"Take the two tablets, put this on and call me in the morning if you don't feel better."
1372,1,5,32,38,1.1842105263157894,0.07405414149004433,581,It's a hand me down.
1372,0,7,31,38,1.1842105263157894,0.06373021861834363,581,You and the tablets should be prepared for a frosty reception.
1372,1,5,32,38,1.1842105263157894,0.07405414149004433,581,"Thanks for bringing me something warm, these two tablets aren't helping my cold!"
1372,1,5,32,38,1.1842105263157894,0.07405414149004433,581,"Before we start, this sweater shrunk in the wash and I thought you might like it."
1372,1,5,32,38,1.1842105263157894,0.07405414149004433,581,Thou shalt not tumble dry.
1372,1,5,32,38,1.1842105263157894,0.07405414149004433,581,Wear a sweater. I'm your mother.
1372,2,3,33,38,1.1842105263157894,0.0831053005440275,581,Thou shalt not ignore fashion trends
1372,1,5,32,38,1.1842105263157894,0.07405414149004433,581,"I was starting a third tablet, but then I thought, ""Who doesn't like comfy, two-tone, cable-knit sweater?"""
1372,1,5,32,38,1.1842105263157894,0.07405414149004433,581,Unwritten rule: Bring a sweater.
1372,2,3,33,38,1.1842105263157894,0.0831053005440275,581,You may need this. It'll probably be a cold day in Hell before they...
1372,2,3,33,38,1.1842105263157894,0.0831053005440275,581,Adam wants you to have this. He says it's too small for his apple.
1372,2,3,33,38,1.1842105263157894,0.0831053005440275,581,And take this--it'll start a tradition.
1372,1,5,32,38,1.1842105263157894,0.07405414149004433,581,"Moses, just do it for your mother."
1372,2,3,33,38,1.1842105263157894,0.0831053005440275,581,Dear Lord I pray you have some nice wooly socks to go with that
1372,1,5,32,38,1.1842105263157894,0.07405414149004433,581,One more thing...no more complaints about hand-me-downs!
1372,1,5,32,38,1.1842105263157894,0.07405414149004433,581,Your Mom says “Wear a sweater if you are going to stand on mountaintops”.
1372,0,7,31,38,1.1842105263157894,0.06373021861834363,581,You'll need this schwag to sell it to the pagans.
1372,3,1,34,38,1.1842105263157894,0.0912631693795409,581,"Oh God, not another one."
1372,2,3,33,38,1.1842105263157894,0.0831053005440275,581,A hoodie? I asked for a moral compass!
1372,1,5,32,38,1.1842105263157894,0.07405414149004433,581,'Consider it an early Christmas present'
1372,2,3,33,38,1.1842105263157894,0.0831053005440275,581,"I forgot number 11: ""Thou shalt wear ugly sweaters on my Son's birthday."""
1372,1,5,32,38,1.1842105263157894,0.07405414149004433,581,What? You thought the burning bush would keep you warm?
1372,3,1,34,38,1.1842105263157894,0.0912631693795409,581,I wrote your birthday card on the back of the 10th.
1372,1,5,32,38,1.1842105263157894,0.07405414149004433,581,I'm telling you- it looks like a bathrobe!
1372,2,3,33,38,1.1842105263157894,0.0831053005440275,581,# 11: Thou Shall Prepare for Climate Change.
1372,2,3,33,38,1.1842105263157894,0.0831053005440275,581,This is to help you with the chilling effect of that 6th commandment.
1372,0,7,31,38,1.1842105263157894,0.06373021861834363,581,"You forgot ""Thy Shall Not Catch Thy Death of Cold"""
1372,2,3,33,38,1.1842105263157894,0.0831053005440275,581,Wait. There's one more commandment.
1372,1,5,32,38,1.1842105263157894,0.07405414149004433,581,"No, I'll keep the tablets."
1372,1,5,32,38,1.1842105263157894,0.07405414149004433,581,"Mom wanted you to have this, too."
1372,0,7,31,38,1.1842105263157894,0.06373021861834363,581,Lo! Prime delivery.
1372,1,5,32,38,1.1842105263157894,0.07405414149004433,581,I honestly won't be offended if you don't like it.
1372,1,5,32,38,1.1842105263157894,0.07405414149004433,581,"Take two tablets, put on a sweater, and call me in the morning!"
1372,0,7,31,38,1.1842105263157894,0.06373021861834363,581,What if she already has one just like it ?
1372,1,5,32,38,1.1842105263157894,0.07405414149004433,581,Then take this to the Woolites.
1372,0,7,31,38,1.1842105263157894,0.06373021861834363,581,I thought you were going to leave me out in the cold.
1372,1,5,32,38,1.1842105263157894,0.07405414149004433,581,Thou shalt not wash in warm water or tumble dry.
1372,0,7,31,38,1.1842105263157894,0.06373021861834363,581,"Do you have time to post this on eBay for me? It is a Large. 10% miracle, 90% wool."
1372,1,5,32,38,1.1842105263157894,0.07405414149004433,581,"Moses, Trust me. My ways are higher than your ways."
1372,0,7,31,38,1.1842105263157894,0.06373021861834363,581,Relax! This is pure wool.
1372,2,3,33,38,1.1842105263157894,0.0831053005440275,581,Wear it or I'll tell your Father!
1372,2,3,33,38,1.1842105263157894,0.0831053005440275,581,And as a promotional gift for first-time subscribers...
1372,0,7,31,38,1.1842105263157894,0.06373021861834363,581,"Uh, that's a great offer too, Amazon, but for now I'll just take these commandments, thank you."
1372,1,5,32,38,1.1842105263157894,0.07405414149004433,581,"Thou shall not freeze. Trust me, it's going to drop below zero tonight."
1372,1,5,32,38,1.1842105263157894,0.07405414149004433,581,I don't need a hoodie. What are you my father?
1372,1,5,32,38,1.1842105263157894,0.07405414149004433,581,That robe is so yesterday.
1372,1,5,32,38,1.1842105263157894,0.07405414149004433,581,P.S. Thou shalt not catch his death of cold.
1372,0,7,31,38,1.1842105263157894,0.06373021861834363,581,"Last but not least, happy birthday."
1372,1,5,32,38,1.1842105263157894,0.07405414149004433,581,I KNOW YOU COVET THIS!
1372,2,3,33,38,1.1842105263157894,0.0831053005440275,581,Thous shalt not bear fleece witness against thy neighbor.
1372,2,3,33,38,1.1842105263157894,0.0831053005440275,581,I have to take this back because you coveted it but who wears a sweater in the desert?
1372,0,7,31,38,1.1842105263157894,0.06373021861834363,581,"And this is a ""hoodie"". It will be more popular than those commandments."
1372,1,5,32,38,1.1842105263157894,0.07405414149004433,581,They'll never believe you if you're shivering.
1372,2,3,33,38,1.1842105263157894,0.0831053005440275,581,"But if you don't wear this now, it'll take another 2600 years to catch on!"
1372,2,3,33,38,1.1842105263157894,0.0831053005440275,581,"Here. After 40 days and 40 nights, you're starting to get a little ripe."
1372,0,7,31,38,1.1842105263157894,0.06373021861834363,581,"Up next is this luxurious item, also two-for-one..."
1372,1,5,32,38,1.1842105263157894,0.07405414149004433,581,"OMG, your tablet froze up on me."
1372,1,5,32,38,1.1842105263157894,0.07405414149004433,581,Is this the Hand-me-down of God?
1372,1,5,32,38,1.1842105263157894,0.07405414149004433,581,"Moses, you'll need this for the chilly reception."
1372,1,5,32,38,1.1842105263157894,0.07405414149004433,581,"I'm giving this back because of the whole no stealing thing, but seriously it isn't your look"
1372,2,3,33,38,1.1842105263157894,0.0831053005440275,581,Take two tablets and I'll coat you in the morning.
1372,2,3,33,38,1.1842105263157894,0.0831053005440275,581,"Take two tablets, stay warm ... and drink plenty of liquids."
1372,2,3,33,38,1.1842105263157894,0.0831053005440275,581,Linen tunics are so Old Testament.
1372,1,5,32,38,1.1842105263157894,0.07405414149004433,581,Creation in seven days but this sweater took Me forever!
1372,1,5,32,38,1.1842105263157894,0.07405414149004433,581,Thou shalt not be tempted by hip turtlenecks.
1372,1,5,32,38,1.1842105263157894,0.07405414149004433,581,"And if you break one, thou shalt wear this uncomfortable turtleneck for forty days and forty nights."
1372,1,5,32,38,1.1842105263157894,0.07405414149004433,581,Get rid of those silly tablets. This is from Lands End and will last forever.
1372,1,5,32,38,1.1842105263157894,0.07405414149004433,581,Put those tablets down carefully before you try this on. I'm not giving you a third set.
1459,2,2,32,36,1.1666666666666667,0.08451542547285165,581,A divine hand-me-down.
1459,1,4,31,36,1.1666666666666667,0.07453559924999299,581,Does turning in my work uniform mean what I think it does?
1459,0,6,30,36,1.1666666666666667,0.06299407883487121,581,Breaking news. Hell hath frozen over. Stay warm.
1459,1,4,31,36,1.1666666666666667,0.07453559924999299,581,"God tempts Moses to add an 11th Commandment: ""Thou shalt be grateful for hand-me-downs""."
1459,2,2,32,36,1.1666666666666667,0.08451542547285165,581,"Two iPads, and now you’ve won a hoodie on eBay"
1459,1,4,31,36,1.1666666666666667,0.07453559924999299,581,One more commandment - no turtlenecks!
1459,2,2,32,36,1.1666666666666667,0.08451542547285165,581,Thou shalt wear thy sweater...because I said so!
1459,1,4,31,36,1.1666666666666667,0.07453559924999299,581,"You're going to need this, too."
1459,2,2,32,36,1.1666666666666667,0.08451542547285165,581,Could you also return this to the shepherd boy on your way down?
1459,1,4,31,36,1.1666666666666667,0.07453559924999299,581,Are you trying to tell me something?
1459,0,6,30,36,1.1666666666666667,0.06299407883487121,581,"Mom, I'm not cold."
1459,1,4,31,36,1.1666666666666667,0.07453559924999299,581,A little something extra for the grandchildren.
1459,1,4,31,36,1.1666666666666667,0.07453559924999299,581,Thou shalt not catch a chill. It's #11 but it didn't fit!
1459,1,4,31,36,1.1666666666666667,0.07453559924999299,581,"The tablets I can handle, but a hand-knit sweater is going to be hard to explain, Ma'am."
1459,0,6,30,36,1.1666666666666667,0.06299407883487121,581,"It isn't much... just, my way of saying thanks you for everything."
1459,1,4,31,36,1.1666666666666667,0.07453559924999299,581,Tell Delilah to cover up.
1459,0,6,30,36,1.1666666666666667,0.06299407883487121,581,This one is more of a 'thou shalt knit'.
1459,0,6,30,36,1.1666666666666667,0.06299407883487121,581,That's funny you looked like an XLG from here
1459,1,4,31,36,1.1666666666666667,0.07453559924999299,581,"Wow, Amazon has really stepped up their game."
1459,0,6,30,36,1.1666666666666667,0.06299407883487121,581,"Thanks, Lord, for noticing my shivering, but I'm sure I'll be ok once I take these two tablets to reduce the fever..."
1459,1,4,31,36,1.1666666666666667,0.07453559924999299,581,Don't worry. I'll part the sea so it doesn't shrink.
1459,2,2,32,36,1.1666666666666667,0.08451542547285165,581,Trust me. The hoodie look screams leadership. It will be perfect for your presentation.
1459,1,4,31,36,1.1666666666666667,0.07453559924999299,581,"Yes, I""m sure no one needs it up here."
1459,2,2,32,36,1.1666666666666667,0.08451542547285165,581,But what happened to Joseph??
1459,1,4,31,36,1.1666666666666667,0.07453559924999299,581,Thou shalt not sweat the details.
1459,2,2,32,36,1.1666666666666667,0.08451542547285165,581,"when i prayed about Trump following at least one of these commandments, is this your subtle way of implying ""when hell freezes over""?"
1459,1,4,31,36,1.1666666666666667,0.07453559924999299,581,"And while you're at it, find out who this belongs to."
1459,1,4,31,36,1.1666666666666667,0.07453559924999299,581,"Great job, Moses. Here's a little something for those cold nights in the Promised Land."
1459,0,6,30,36,1.1666666666666667,0.06299407883487121,581,Update thy wardrobe.
1459,1,4,31,36,1.1666666666666667,0.07453559924999299,581,"Better put this on, because it'll be a cold day in hell before anybody obeys all of those!"
1459,1,4,31,36,1.1666666666666667,0.07453559924999299,581,"God, thou shalt not tempt me with designer labels."
1459,1,4,31,36,1.1666666666666667,0.07453559924999299,581,Be ready for a cool reception.
1459,0,6,30,36,1.1666666666666667,0.06299407883487121,581,This one's just a suggestion...
1459,0,6,30,36,1.1666666666666667,0.06299407883487121,581,Follow my rules and be rewarded with Global Cooling.
1459,1,4,31,36,1.1666666666666667,0.07453559924999299,581,If Mr. Rogers wrote the 10 commandments
1459,1,4,31,36,1.1666666666666667,0.07453559924999299,581,"I don't want to be a noodge, but one last one: always bring a sweater in case it gets chilly."
1459,0,6,30,36,1.1666666666666667,0.06299407883487121,581,"Now that you have climbed Sinai, I want you to go to the South Pole."
1459,2,2,32,36,1.1666666666666667,0.08451542547285165,581,"Take this, you're gonna get a chilly reception!"
1459,1,4,31,36,1.1666666666666667,0.07453559924999299,581,'And thou shalt wear no other hoodie but this.'
1459,2,2,32,36,1.1666666666666667,0.08451542547285165,581,Yes! You WILL wear it! Remember how sick you got after getting your feet wet in the Red Sea!?
1459,1,4,31,36,1.1666666666666667,0.07453559924999299,581,Apparently I have too many things in the cloud.
1459,1,4,31,36,1.1666666666666667,0.07453559924999299,581,"Thanks, Moses! You didn't have to get me something too!"
1459,1,4,31,36,1.1666666666666667,0.07453559924999299,581,Oh Yeah….You shall wear a parka on mountain hikes.
1459,0,6,30,36,1.1666666666666667,0.06299407883487121,581,Autumn in Sinai gets a bit nippy
1459,2,2,32,36,1.1666666666666667,0.08451542547285165,581,And the eleventh commandment: always bring a sweater.
1459,1,4,31,36,1.1666666666666667,0.07453559924999299,581,It's for Fred Rogers.
1459,1,4,31,36,1.1666666666666667,0.07453559924999299,581,Thou shall not put cashmere in the dryer
1459,2,2,32,36,1.1666666666666667,0.08451542547285165,581,You need more followers.
1459,1,4,31,36,1.1666666666666667,0.07453559924999299,581,"Here, take this too. It's very comfy, but honestly - when am I gonna wear it?"
1459,1,4,31,36,1.1666666666666667,0.07453559924999299,581,And put on this sweater before you catch your death.
1459,0,6,30,36,1.1666666666666667,0.06299407883487121,581,11. Thou shalt not leave home without a sweater.
1459,2,2,32,36,1.1666666666666667,0.08451542547285165,581,Thou shalt not freeze your butt off.
1459,1,4,31,36,1.1666666666666667,0.07453559924999299,581,"Honor your father AND mother, who worries it’s a little chilly on this mountain."
1459,1,4,31,36,1.1666666666666667,0.07453559924999299,581,"You don't have to write this one down, but remember to wear layers."
1459,1,4,31,36,1.1666666666666667,0.07453559924999299,581,"OH MY GOD! My mother sent that, didn't she!"
1459,1,4,31,36,1.1666666666666667,0.07453559924999299,581,Thou shalt dry clean only.
1459,2,2,32,36,1.1666666666666667,0.08451542547285165,581,With every 10 Commandments you get a free hoodie sweater!
1459,1,4,31,36,1.1666666666666667,0.07453559924999299,581,Thou shalt not covet thy neighbor's hoodie.
1459,1,4,31,36,1.1666666666666667,0.07453559924999299,581,"Is that you, Amazon?"
1459,1,4,31,36,1.1666666666666667,0.07453559924999299,581,I don't have room for #11. It's not my size anyway.
1459,0,6,30,36,1.1666666666666667,0.06299407883487121,581,"Okay, I'll add number 11; ""Though shall dress warmly."""
1459,1,4,31,36,1.1666666666666667,0.07453559924999299,581,You may get a chilly reception.
1459,1,4,31,36,1.1666666666666667,0.07453559924999299,581,"A little something from the wife, to keep you comfortable over the next 40 years."
1459,2,2,32,36,1.1666666666666667,0.08451542547285165,581,It's: Thou shalt cover thy neighbours wife.
1459,1,4,31,36,1.1666666666666667,0.07453559924999299,581,Disobey and you won't need this in the afterlife.
1459,1,4,31,36,1.1666666666666667,0.07453559924999299,581,If you catch cold you're no good to anyone.
1459,0,6,30,36,1.1666666666666667,0.06299407883487121,581,You may get a frosty reception
1459,0,6,30,36,1.1666666666666667,0.06299407883487121,581,"You're ""Hebrew,"" not ""He-brrr."""
1459,1,4,31,36,1.1666666666666667,0.07453559924999299,581,"And the 11th commandment is; 'Thou shall not wash the white & colored textiles together, in warm water, for the dyes will fade.'"
1459,0,6,30,36,1.1666666666666667,0.06299407883487121,581,Thou shalt not wear synthetic fabrics.
1459,1,4,31,36,1.1666666666666667,0.07453559924999299,581,Just in case the reaction is chilly.
1459,1,4,31,36,1.1666666666666667,0.07453559924999299,581,"Please, its a cold walk back down Mt Sinai. Would it kill you to wear a sweater?"
1459,1,4,31,36,1.1666666666666667,0.07453559924999299,581,"Wear this, you'll get a cold reception when you get down the mountain."
1459,2,2,32,36,1.1666666666666667,0.08451542547285165,581,"Put it on, for the reception may be quite cold."
1459,2,2,32,36,1.1666666666666667,0.08451542547285165,581,The robe is soooo 12th century BCE.
1459,1,4,31,36,1.1666666666666667,0.07453559924999299,581,"Woah, I forgot the one about not enslaving people. Give the tablets back, and I'll give you this sweater."
1459,0,6,30,36,1.1666666666666667,0.06299407883487121,581,Take a couple of tablets and keep warm.
1459,0,6,30,36,1.1666666666666667,0.06299407883487121,581,Thou shall not hipster
1459,1,4,31,36,1.1666666666666667,0.07453559924999299,581,"Moses, here's your Amazon purchase."
1459,1,4,31,36,1.1666666666666667,0.07453559924999299,581,Another successful same-day delivery courtesy of Deus Fed Ex Machina.
1459,1,4,31,36,1.1666666666666667,0.07453559924999299,581,Here... it could be cold down there.
1459,1,4,31,36,1.1666666666666667,0.07453559924999299,581,Your Mom called me.
1459,1,4,31,36,1.1666666666666667,0.07453559924999299,581,Perfect for cool desert nights and guaranteed for 40 years.
1459,2,2,32,36,1.1666666666666667,0.08451542547285165,581,"Oh , and put this on . It's chilly up here."
1459,1,4,31,36,1.1666666666666667,0.07453559924999299,581,"?If you won't wear socks, you could at least put on a sweater."
1459,1,4,31,36,1.1666666666666667,0.07453559924999299,581,Here...You'll look wiser wearing this.
1459,0,6,30,36,1.1666666666666667,0.06299407883487121,581,#11 thou shall dress appropriately for the weather
1459,1,4,31,36,1.1666666666666667,0.07453559924999299,581,Eleven: Thou shalt knit.
1459,1,4,31,36,1.1666666666666667,0.07453559924999299,581,Do you have my size in black?
1459,1,4,31,36,1.1666666666666667,0.07453559924999299,581,It's a little game I amuse myself with called Where's Moses?
1459,1,4,31,36,1.1666666666666667,0.07453559924999299,581,"Take the two tablets, put on this sweater and call me in the morning if you're not a better person."
1459,2,2,32,36,1.1666666666666667,0.08451542547285165,581,"Moses, here's something to keep you warm while I dictate the remaining 603 commandments."
1459,1,4,31,36,1.1666666666666667,0.07453559924999299,581,Ten Commandments...One Suggestion.
1459,1,4,31,36,1.1666666666666667,0.07453559924999299,581,But I only STRONGLY RECOMMEND you wear this...
1459,1,4,31,36,1.1666666666666667,0.07453559924999299,581,...and positively no plaid this fall season!
1459,0,6,30,36,1.1666666666666667,0.06299407883487121,581,"One more thing, the desert is a bit chilly in the evening."
1459,1,4,31,36,1.1666666666666667,0.07453559924999299,581,Thou shalt not get a sickness.
1459,1,4,31,36,1.1666666666666667,0.07453559924999299,581,And don't forget your vegetables!
1459,1,4,31,36,1.1666666666666667,0.07453559924999299,581,Since I haven't created Jeff Bezos yet.
1459,1,4,31,36,1.1666666666666667,0.07453559924999299,581,"Oh, and number eleven, Be Prepared."
1459,2,2,32,36,1.1666666666666667,0.08451542547285165,581,Here. You're going to get a chilly reception down below.
1459,1,4,31,36,1.1666666666666667,0.07453559924999299,581,Proof God is a Woman.
1459,0,6,30,36,1.1666666666666667,0.06299407883487121,581,Deus ex helicopter parente.
1459,1,4,31,36,1.1666666666666667,0.07453559924999299,581,I'm not commanding you but you're gonna want it later
1459,0,6,30,36,1.1666666666666667,0.06299407883487121,581,"Yes, it's cold up here."
1459,1,4,31,36,1.1666666666666667,0.07453559924999299,581,Thou shall not wear hoodies with dress pants.
1459,1,4,31,36,1.1666666666666667,0.07453559924999299,581,But I already ordered it from Amazon
1459,1,4,31,36,1.1666666666666667,0.07453559924999299,581,"Oh, and thou also shall not wear that cloak with that tunic."
1459,1,4,31,36,1.1666666666666667,0.07453559924999299,581,Do you have anything in a medium
1459,2,2,32,36,1.1666666666666667,0.08451542547285165,581,I left one out. 'Thou shall not freeze thy ass off.'
1459,1,4,31,36,1.1666666666666667,0.07453559924999299,581,There may be a sudden change in the weather.
1459,1,4,31,36,1.1666666666666667,0.07453559924999299,581,"Well, if it gets a little warm on your way down, then you can take it off."
1459,1,4,31,36,1.1666666666666667,0.07453559924999299,581,It's the thought that counts
1459,2,2,32,36,1.1666666666666667,0.08451542547285165,581,"And the 11th one, "" You shall not return online items after thirty days."""
1459,1,4,31,36,1.1666666666666667,0.07453559924999299,581,#%~& autocorrect! That last one should be Thou shalt knit covers.
1459,2,2,32,36,1.1666666666666667,0.08451542547285165,581,Of course I knew your size!
1459,2,2,32,36,1.1666666666666667,0.08451542547285165,581,Here's your tablet order.
1459,2,2,32,36,1.1666666666666667,0.08451542547285165,581,"Moishe honey, the desert gets cold at night."
1459,0,6,30,36,1.1666666666666667,0.06299407883487121,581,"Oh, and your mother said to put this on."
1459,1,4,31,36,1.1666666666666667,0.07453559924999299,581,You're late. AND I pay for Prime.
1459,0,6,30,36,1.1666666666666667,0.06299407883487121,581,"The tablets don't take effect for a while, so you'll need to keep warm"
1459,2,2,32,36,1.1666666666666667,0.08451542547285165,581,"I didn't particularly covet this, but you might."
1459,0,6,30,36,1.1666666666666667,0.06299407883487121,581,"OK, and on the third tablet, hashtag ""#NewCasualMenswearLine."""
1459,1,4,31,36,1.1666666666666667,0.07453559924999299,581,Thine people shall do particularly well in the schmatte trade.
1459,2,2,32,36,1.1666666666666667,0.08451542547285165,581,Take it! My mother wants you should be warm.
1459,0,6,30,36,1.1666666666666667,0.06299407883487121,581,Here. We can't have you catching cold.
1459,1,4,31,36,1.1666666666666667,0.07453559924999299,581,Here's a hoodie in case they don't agree.
1459,1,4,31,36,1.1666666666666667,0.07453559924999299,581,I hope this isn't a commandment because I'm allergic to wool.
1459,1,4,31,36,1.1666666666666667,0.07453559924999299,581,"Sorry, here is your sheep back."
1459,1,4,31,36,1.1666666666666667,0.07453559924999299,581,"Oh thank God, I was hoping for a hoodie."
1459,1,4,31,36,1.1666666666666667,0.07453559924999299,581,"This no longer fits me, would you like it?"
1459,1,4,31,36,1.1666666666666667,0.07453559924999299,581,"Try wrapping them in this sweater, less likely to break."
1459,1,4,31,36,1.1666666666666667,0.07453559924999299,581,Some day Amazon will deliver this way.
1459,1,4,31,36,1.1666666666666667,0.07453559924999299,581,Not now can't you see my hands are full!
1459,0,6,30,36,1.1666666666666667,0.06299407883487121,581,THOU shalt not steal...but look what I swiped!
1459,0,6,30,36,1.1666666666666667,0.06299407883487121,581,Your mother made this for you.
1459,1,4,31,36,1.1666666666666667,0.07453559924999299,581,I guess you're not kidding when you say my chances to sell these are as likely as a cold day in Hell.
1459,1,4,31,36,1.1666666666666667,0.07453559924999299,581,"... and this is how ""Take a sweater it's cold outside"" became the 11th commandment"
1459,0,6,30,36,1.1666666666666667,0.06299407883487121,581,Take this sweater for your cold and then there is no need to take the tablets.
1459,1,4,31,36,1.1666666666666667,0.07453559924999299,581,Here's your Lands' End order.
1459,2,2,32,36,1.1666666666666667,0.08451542547285165,581,Take this sweater and shove it directly up your ass.
1459,0,6,30,36,1.1666666666666667,0.06299407883487121,581,"And finally, thou shalt not be chilly"
1459,2,2,32,36,1.1666666666666667,0.08451542547285165,581,This is for the cold reception you’ll be getting.
1459,1,4,31,36,1.1666666666666667,0.07453559924999299,581,Sure I like your new drone delivery service! Can we try it out next with these heavy tablets?
1459,2,2,32,36,1.1666666666666667,0.08451542547285165,581,Bubbe was worried you might catch a cold.
1459,0,6,30,36,1.1666666666666667,0.06299407883487121,581,Your grandmother just wanted me to give it to you.
1459,2,2,32,36,1.1666666666666667,0.08451542547285165,581,Before eclipse glasses there were deity sweaters.
1459,0,6,30,36,1.1666666666666667,0.06299407883487121,581,Use this until we invent a tablet case
1459,1,4,31,36,1.1666666666666667,0.07453559924999299,581,Nice. I'm still doing the ice age though.
1459,0,6,30,36,1.1666666666666667,0.06299407883487121,581,- What sayest thou prophet? - My lord! That look is sooo last deluge.
1459,1,4,31,36,1.1666666666666667,0.07453559924999299,581,Just in case you get a chilly reception...
1459,1,4,31,36,1.1666666666666667,0.07453559924999299,581,"Put this on, winds up here will kill you."
1459,2,2,32,36,1.1666666666666667,0.08451542547285165,581,From the hands of L.L. Bean
1459,1,4,31,36,1.1666666666666667,0.07453559924999299,581,Thou shalt not freeze thine arce off on this mount.
1459,1,4,31,36,1.1666666666666667,0.07453559924999299,581,Next time you're not wandering in the desert.
1459,0,6,30,36,1.1666666666666667,0.06299407883487121,581,Remember the line on honoring your father AND mother?
1459,2,2,32,36,1.1666666666666667,0.08451542547285165,581,"Thou art going to be on a mountain top for 40 days and 40 nights, and you thought a robe and sandals were going to cut it?"
1459,1,4,31,36,1.1666666666666667,0.07453559924999299,581,Your mother commands you to go forth with your sweater.
1459,1,4,31,36,1.1666666666666667,0.07453559924999299,581,"Oh, and you also get a gift from Mother Earth."
1459,0,6,30,36,1.1666666666666667,0.06299407883487121,581,"Take this, it's cold up here."
1459,1,4,31,36,1.1666666666666667,0.07453559924999299,581,"... and the 11th Commandment is a required annual ""Ugly Sweater Contest."
1459,1,4,31,36,1.1666666666666667,0.07453559924999299,581,Jeff Bezos said you have prime.
1459,2,2,32,36,1.1666666666666667,0.08451542547285165,581,My Wife made this for you.
1459,2,2,32,36,1.1666666666666667,0.08451542547285165,581,"Oh, hum, yes!! Tell Mrs. God I love it!"
1459,1,4,31,36,1.1666666666666667,0.07453559924999299,581,Make this number eleven.
1459,1,4,31,36,1.1666666666666667,0.07453559924999299,581,"Listen to your mother, it couldn't hurt."
1459,1,4,31,36,1.1666666666666667,0.07453559924999299,581,Thou shalt not catch thy death of cold.
1459,2,2,32,36,1.1666666666666667,0.08451542547285165,581,A cold day in hell is a possibility!
1459,1,4,31,36,1.1666666666666667,0.07453559924999299,581,Thou shalt not soak in hot water.
1459,1,4,31,36,1.1666666666666667,0.07453559924999299,581,"Oh, one more, ""Thou shalt not get a chill."""
1459,2,2,32,36,1.1666666666666667,0.08451542547285165,581,"Now, now . . . your Heavenly Mother knows best."
1459,1,4,31,36,1.1666666666666667,0.07453559924999299,581,"And then the Lord said unto Moses: ""Thou shalt not dress unfashionably while carrying the commandments."""
1459,1,4,31,36,1.1666666666666667,0.07453559924999299,581,You think the robe is too casual?
1459,2,2,32,36,1.1666666666666667,0.08451542547285165,581,The mothers sent you this in appreciation.
1459,1,4,31,36,1.1666666666666667,0.07453559924999299,581,"Your mother prayed, she's worried you'll catch cold up here."
1459,2,2,32,36,1.1666666666666667,0.08451542547285165,581,"You've given me so many blessings, Lord, but could I trouble You for some khakis as well?"
1459,0,6,30,36,1.1666666666666667,0.06299407883487121,581,Since when is there a law against dressing sensibly?
1459,0,6,30,36,1.1666666666666667,0.06299407883487121,581,It's going to get nippy. You'll need that sweater your aunt made for you more than a bunch of rules.
1459,2,2,32,36,1.1666666666666667,0.08451542547285165,581,"And eleven, don't wear a hoodie."
1459,1,4,31,36,1.1666666666666667,0.07453559924999299,581,It's a cold road to righteousness.
1459,2,2,32,36,1.1666666666666667,0.08451542547285165,581,Take it...I know you're too busy to shop for your daughter's birthday.
1459,1,4,31,36,1.1666666666666667,0.07453559924999299,581,. . . and with each set of tablets you get a free gift.
1459,1,4,31,36,1.1666666666666667,0.07453559924999299,581,"""Costumes"" says this will make your face look more oval, more authoritative for the cameras"
1459,0,6,30,36,1.1666666666666667,0.06299407883487121,581,"Ok fine, but it does say thou shalt not wear burkenstocks."
1459,1,4,31,36,1.1666666666666667,0.07453559924999299,581,"Take the sweater, God knows it can get cold down there."
1459,3,0,33,36,1.1666666666666667,0.09343531843023135,581,"Hey Mo, got this on Amazon. I think it's you."
1459,0,6,30,36,1.1666666666666667,0.06299407883487121,581,"Oh, I forgot to mention...on the Seventh Day, I knit."
1459,3,0,33,36,1.1666666666666667,0.09343531843023135,581,God's Jewish mother.
1459,1,4,31,36,1.1666666666666667,0.07453559924999299,581,I'll trade you .
1459,0,6,30,36,1.1666666666666667,0.06299407883487121,581,Does this make my butt look big?
1459,0,6,30,36,1.1666666666666667,0.06299407883487121,581,"But God, stripes were so B.C."
1459,2,2,32,36,1.1666666666666667,0.08451542547285165,581,A long-sleeved hoodie - we're in the desert!
1459,1,4,31,36,1.1666666666666667,0.07453559924999299,581,Sweater in the hand of an angry God.
1459,0,6,30,36,1.1666666666666667,0.06299407883487121,581,"You've heard from the Father, now let's hear from the Mother."
1459,1,4,31,36,1.1666666666666667,0.07453559924999299,581,It can get chilly in the wilderness.
1459,2,2,32,36,1.1666666666666667,0.08451542547285165,581,"""Moses, don't forget, the cold parts of the world get the Commandments too."
1459,2,2,32,36,1.1666666666666667,0.08451542547285165,581,Put this on - I'll get a fire going.
1459,1,4,31,36,1.1666666666666667,0.07453559924999299,581,"Love the color, but could you see if it comes in a 8-L ?"
1459,1,4,31,36,1.1666666666666667,0.07453559924999299,581,"Take this too, just in case you need to scare the crap out of them."
1459,1,4,31,36,1.1666666666666667,0.07453559924999299,581,"The Eleventh Commandment: ""Always dress warm,"" Moishie."
1459,2,2,32,36,1.1666666666666667,0.08451542547285165,581,"Thank you, Dear Lord, but I actually requested a backpack!"
1459,1,4,31,36,1.1666666666666667,0.07453559924999299,581,"""On second thought, you guys can't handle the truth, give me those back and take this""!"
1459,0,6,30,36,1.1666666666666667,0.06299407883487121,581,I didn't free you from Egypt so you could freeze in the desert. Take this sweater. It gets cold at night. Are you getting enough to eat?
1459,1,4,31,36,1.1666666666666667,0.07453559924999299,581,Don't try to change the subject.
1459,1,4,31,36,1.1666666666666667,0.07453559924999299,581,"It's ""Made in America"". Trust me!"
1459,1,4,31,36,1.1666666666666667,0.07453559924999299,581,There's supposed to be reindeer on this but you get the gist.
1459,1,4,31,36,1.1666666666666667,0.07453559924999299,581,Always a handout; never a hand up!
1459,0,6,30,36,1.1666666666666667,0.06299407883487121,581,Thou shall not wear that robe after Labor Day.
1459,2,2,32,36,1.1666666666666667,0.08451542547285165,581,"And honor thy grandmother, too."
1459,2,2,32,36,1.1666666666666667,0.08451542547285165,581,"I know, I know, #11, remember my sweater, even if it is holey."
1459,2,2,32,36,1.1666666666666667,0.08451542547285165,581,"So, Al was right afterall?"
1459,0,6,30,36,1.1666666666666667,0.06299407883487121,581,"Now don't forget, thou shalt not wear horizontal stripes if though should get fat."
1459,2,2,32,36,1.1666666666666667,0.08451542547285165,581,My mother said you should put this on
1459,2,2,32,36,1.1666666666666667,0.08451542547285165,581,"Jordan, Oregon?!"
1459,0,6,30,36,1.1666666666666667,0.06299407883487121,581,Number 11: No White After Labor Day.
1459,2,2,32,36,1.1666666666666667,0.08451542547285165,581,Don't forget the one about Labor Day.
1459,2,2,32,36,1.1666666666666667,0.08451542547285165,581,See if you can exchange it for a larger size.
1459,2,2,32,36,1.1666666666666667,0.08451542547285165,581,Anticipate a chilly reception to the one forbidding adultery.
1459,2,2,32,36,1.1666666666666667,0.08451542547285165,581,Could I have peace instead?
1459,1,4,31,36,1.1666666666666667,0.07453559924999299,581,Buying a heavily discounted item is not stealing.
1459,2,2,32,36,1.1666666666666667,0.08451542547285165,581,"God I asked for a hand getting down , not a hand me down."
1459,2,2,32,36,1.1666666666666667,0.08451542547285165,581,"Oh, and Mrs. God adds..."
1459,1,4,31,36,1.1666666666666667,0.07453559924999299,581,Moses' Eleventh Commandment 11. You Shall Change Your Garment Periodically
1459,1,4,31,36,1.1666666666666667,0.07453559924999299,581,And here's a little something I picked up at the Goodwill.
1459,1,4,31,36,1.1666666666666667,0.07453559924999299,581,Each commandment broken is punishable by this itchy sweater.
1459,1,4,31,36,1.1666666666666667,0.07453559924999299,581,It was buy two get one free
1459,1,4,31,36,1.1666666666666667,0.07453559924999299,581,"What, did you really think I wanted all the lamb chops?"
1459,1,4,31,36,1.1666666666666667,0.07453559924999299,581,Thou shalt not wear holiday sweaters
1459,1,4,31,36,1.1666666666666667,0.07453559924999299,581,"Oh Lord, please let me sell one thing at a time."
1459,1,4,31,36,1.1666666666666667,0.07453559924999299,581,The 11th and 12th Commandments are: Wash in Cold Water Only and Do Not Spin Dry.
1459,1,4,31,36,1.1666666666666667,0.07453559924999299,581,It's called regifting.
1459,0,6,30,36,1.1666666666666667,0.06299407883487121,581,It comes with a forty-years-in-the-wilderness-or-your-money-back guarantee!
1459,1,4,31,36,1.1666666666666667,0.07453559924999299,581,"Well, those are important and we'll get to them, but first I want you to learn to make these robes. We'll call our company Lord and Tailor and sell them to the Children of Israel."
1459,2,2,32,36,1.1666666666666667,0.08451542547285165,581,Thou shalt wear ugly Christmas sweaters.
1459,2,2,32,36,1.1666666666666667,0.08451542547285165,581,You know I love your look - but the focus group said we needed to soften things up just a bit.
1459,1,4,31,36,1.1666666666666667,0.07453559924999299,581,You should have listened to your mother.
1459,2,2,32,36,1.1666666666666667,0.08451542547285165,581,You need to war this; we've signed a sponsorship deal.
1459,1,4,31,36,1.1666666666666667,0.07453559924999299,581,You mean I'm not even warm?
1459,1,4,31,36,1.1666666666666667,0.07453559924999299,581,Ivanka asked if you would model this.
1459,1,4,31,36,1.1666666666666667,0.07453559924999299,581,Take it from me it's cold at the top
1459,2,2,32,36,1.1666666666666667,0.08451542547285165,581,THAT'S what I get for the Egypt thing? Christ!
1459,1,4,31,36,1.1666666666666667,0.07453559924999299,581,It comes with a 40 year warranty.
1459,1,4,31,36,1.1666666666666667,0.07453559924999299,581,She made this for you. Wear it. You don't want to anger her; trust me.
1459,1,4,31,36,1.1666666666666667,0.07453559924999299,581,"Egyptian cotton, extra large, 7 shekels."
1459,1,4,31,36,1.1666666666666667,0.07453559924999299,581,Use this as your warm-up act.
1459,1,4,31,36,1.1666666666666667,0.07453559924999299,581,Don't make me get your father...
1459,2,2,32,36,1.1666666666666667,0.08451542547285165,581,You may get a chilly reception so put this on.
1459,0,6,30,36,1.1666666666666667,0.06299407883487121,581,Wear this; you might get a cold reception.
1459,0,6,30,36,1.1666666666666667,0.06299407883487121,581,"Mom, I told you I don't need a sweater!"
1459,1,4,31,36,1.1666666666666667,0.07453559924999299,581,"A sweater would be nice but, how about a ladder instead."
1459,1,4,31,36,1.1666666666666667,0.07453559924999299,581,"No, it's not exactly a commandment, but you should always take it."
1459,1,4,31,36,1.1666666666666667,0.07453559924999299,581,"Wear this, you may get a chilly reception"
1459,1,4,31,36,1.1666666666666667,0.07453559924999299,581,You might need to get their attention first.
1459,2,2,32,36,1.1666666666666667,0.08451542547285165,581,"And after delivery, I recommend heading north for a while."
1459,1,4,31,36,1.1666666666666667,0.07453559924999299,581,Thou hast now seen the North Face of God.
1459,2,2,32,36,1.1666666666666667,0.08451542547285165,581,"While you are selling them on the commandments, can you sell them on my latest product line?"
1459,1,4,31,36,1.1666666666666667,0.07453559924999299,581,And thou shalt not go outside into the cold without your sweater.
1459,2,2,32,36,1.1666666666666667,0.08451542547285165,581,Thou shalt not commit a Glamour Don't.
1459,1,4,31,36,1.1666666666666667,0.07453559924999299,581,Thou shalt wear layers.
1459,1,4,31,36,1.1666666666666667,0.07453559924999299,581,"I don't care if you're Moses with the Ten Commandments, you'll need a warm sweater out there."
1459,1,4,31,36,1.1666666666666667,0.07453559924999299,581,Mom sent this down.
1459,0,6,30,36,1.1666666666666667,0.06299407883487121,581,"In a lapse of foresight, God stitched the eleventh commandment into a sweater."
1459,0,6,30,36,1.1666666666666667,0.06299407883487121,581,Thou shalt...layer up in winter? Why don't we start with 10 and see how we get on?
1459,0,6,30,36,1.1666666666666667,0.06299407883487121,581,Thou shalt wear a hoodie.
1459,2,2,32,36,1.1666666666666667,0.08451542547285165,581,"Oh, and we'd like you to descend in something from the new fall collection."
1459,1,4,31,36,1.1666666666666667,0.07453559924999299,581,I'll trade you this sweater for those two stones and something behind the curtain
1459,1,4,31,36,1.1666666666666667,0.07453559924999299,581,Where's Waldo?
1459,2,2,32,36,1.1666666666666667,0.08451542547285165,581,Moses uses his new tablet to order ugly sweater from digital marketing cloud.
1459,0,6,30,36,1.1666666666666667,0.06299407883487121,581,"And also, stop wearing robes..."
1459,1,4,31,36,1.1666666666666667,0.07453559924999299,581,"Well, if you don't like it I'm not commanding you to wear it!"
1459,1,4,31,36,1.1666666666666667,0.07453559924999299,581,Again: Just put down the damn tablets and put your parka on!
1459,2,2,32,36,1.1666666666666667,0.08451542547285165,581,"Father, Mother, whatever; just put this on before you catch your death in this breeze."
1459,2,2,32,36,1.1666666666666667,0.08451542547285165,581,We knitted it ourselves.
1459,0,6,30,36,1.1666666666666667,0.06299407883487121,581,"If you don't break any of the 10 Commandments, then you win a free sweater!"
1459,2,2,32,36,1.1666666666666667,0.08451542547285165,581,"If they obey those tablets, it's going to be a really cold day. So, you might need this."
1459,1,4,31,36,1.1666666666666667,0.07453559924999299,581,No. This part is from Amazon Prime.
1459,1,4,31,36,1.1666666666666667,0.07453559924999299,581,"Believe me, you'll need it."
1459,1,4,31,36,1.1666666666666667,0.07453559924999299,581,The hand of god doesn't listen. I said I'm hot.
1459,0,6,30,36,1.1666666666666667,0.06299407883487121,581,"And lo, to keep His children from catching cold, God bestowed on them the Parka of the Covenant."
1459,1,4,31,36,1.1666666666666667,0.07453559924999299,581,Thou shalt not wander in the desert without your jacket.
1459,1,4,31,36,1.1666666666666667,0.07453559924999299,581,"Oh and by the way, did somebody leave this behind in Baal Zephon?"
1459,0,6,30,36,1.1666666666666667,0.06299407883487121,581,"No, it's not a commandment, just a really big favor."
1459,2,2,32,36,1.1666666666666667,0.08451542547285165,581,"I call it a 'hoodie', see if it catches on as 'wilderness wear'."
1459,2,2,32,36,1.1666666666666667,0.08451542547285165,581,"I prayed for warmth, not an abominable fashion statement."
1743,1,3,29,33,1.1515151515151516,0.07688554215978954,581,"I thought you might be a little chilly, bubele."
1743,1,3,29,33,1.1515151515151516,0.07688554215978954,581,Number 11: Thou shalt not covet thy neighbor's hoodie
1743,1,3,29,33,1.1515151515151516,0.07688554215978954,581,Be prepared for a chilly reception on that adultery issue.
1743,2,1,30,33,1.1515151515151516,0.08834775598250455,581,I heard Winter is coming.
1743,1,3,29,33,1.1515151515151516,0.07688554215978954,581,"You forgot about the Ice Age, Moses..."
1743,1,3,29,33,1.1515151515151516,0.07688554215978954,581,"If you check the tag, it will say hand knitted with love by God !"
1743,0,5,28,33,1.1515151515151516,0.06338333534349057,581,You'll thank me later...
1743,0,5,28,33,1.1515151515151516,0.06338333534349057,581,No more bushes? How about a match?
1743,0,5,28,33,1.1515151515151516,0.06338333534349057,581,"I said code, not coat."
1743,1,3,29,33,1.1515151515151516,0.07688554215978954,581,Don't expect a warm reception.
1743,1,3,29,33,1.1515151515151516,0.07688554215978954,581,And you won't be needing this sayeth Al Gore
1743,1,3,29,33,1.1515151515151516,0.07688554215978954,581,So you live in the desert. Can't desert people be stylish sometimes?
1743,0,5,28,33,1.1515151515151516,0.06338333534349057,581,That's so sweet. I got you a little something too.
1743,1,3,29,33,1.1515151515151516,0.07688554215978954,581,I told you it would be a cold day in hell...
1743,0,5,28,33,1.1515151515151516,0.06338333534349057,581,"You may think you know it all, but, Bubbeleh, it gets cold at night, especially in the desert."
1743,0,5,28,33,1.1515151515151516,0.06338333534349057,581,...and you'll need this when Hell freezes over.
1743,1,3,29,33,1.1515151515151516,0.07688554215978954,581,Amazon now offers God instant delivery service for Tablets.
1743,1,3,29,33,1.1515151515151516,0.07688554215978954,581,I said I'm getting OLD waiting up here so long.
1743,2,1,30,33,1.1515151515151516,0.08834775598250455,581,"Mom, can't you see I'am working?"
1743,1,3,29,33,1.1515151515151516,0.07688554215978954,581,"Don't forget, thou shalt not let the naked go unclothed in the colder climes."
1743,1,3,29,33,1.1515151515151516,0.07688554215978954,581,Gimme that! Now no more covering thy neighbor's wife!
1743,0,5,28,33,1.1515151515151516,0.06338333534349057,581,They'll take you more seriously without the turtleneck.
1743,0,5,28,33,1.1515151515151516,0.06338333534349057,581,"If God is cold, everyone wears a sweater"
1743,0,5,28,33,1.1515151515151516,0.06338333534349057,581,"Whaddya think you are, a burning bush? Put it on."
1743,1,3,29,33,1.1515151515151516,0.07688554215978954,581,"Yes, that will look great on Aaron."
1743,1,3,29,33,1.1515151515151516,0.07688554215978954,581,Satan got the pants.
1743,1,3,29,33,1.1515151515151516,0.07688554215978954,581,Because your mother said so!
1743,0,5,28,33,1.1515151515151516,0.06338333534349057,581,"Take two tablets, bundle up and you'll feel better."
1743,1,3,29,33,1.1515151515151516,0.07688554215978954,581,Thou shalt put a sweater on!
1743,0,5,28,33,1.1515151515151516,0.06338333534349057,581,It's all about being camera-friendly.
1743,1,3,29,33,1.1515151515151516,0.07688554215978954,581,Your mother's cold - put on a sweater
1743,0,5,28,33,1.1515151515151516,0.06338333534349057,581,"When you have their attention, plug my latest creation."
1743,1,3,29,33,1.1515151515151516,0.07688554215978954,581,"Yes Ivanka, I will also be sure to mention the new Fall Collection."
1743,0,5,28,33,1.1515151515151516,0.06338333534349057,581,Here's your miracle.....put it on and you'll stop shivering....don't drop the tablets!
1743,1,3,29,33,1.1515151515151516,0.07688554215978954,581,I had heard that the shepherd could not give his wool away in this darn heat. People seem to prefer man-made materials in the desert.
1743,1,3,29,33,1.1515151515151516,0.07688554215978954,581,"I said, 'since 11 cannot fit...' Lord, not 'size 11 cable knit.'"
1743,0,5,28,33,1.1515151515151516,0.06338333534349057,581,It didn't fit.
1743,0,5,28,33,1.1515151515151516,0.06338333534349057,581,I'm tired of the burning. I might try the freezing.
1743,0,5,28,33,1.1515151515151516,0.06338333534349057,581,"I said: ""Thou shalt not covet with goat, not cover with coat!"""
1743,1,3,29,33,1.1515151515151516,0.07688554215978954,581,God forbid you should catch cold up here!
1743,0,5,28,33,1.1515151515151516,0.06338333534349057,581,"I'm a big boy now, Mom."
1743,1,3,29,33,1.1515151515151516,0.07688554215978954,581,I'm expecting a cold reception for you.
1743,1,3,29,33,1.1515151515151516,0.07688554215978954,581,Trade you 5 commandments for a coat!
1743,1,3,29,33,1.1515151515151516,0.07688554215978954,581,The Handicraft of God
1743,0,5,28,33,1.1515151515151516,0.06338333534349057,581,Covet or cover?
1743,1,3,29,33,1.1515151515151516,0.07688554215978954,581,"No thanks, I'm still schvitzing from that burning bush."
1743,1,3,29,33,1.1515151515151516,0.07688554215978954,581,It call it Intelligent Design.
1743,0,5,28,33,1.1515151515151516,0.06338333534349057,581,"Here, robes are so passé these days. Go forth with a more de rigueur hoodie."
1743,1,3,29,33,1.1515151515151516,0.07688554215978954,581,Humor me Moses.
1743,1,3,29,33,1.1515151515151516,0.07688554215978954,581,The Lambswool of God
1743,2,1,30,33,1.1515151515151516,0.08834775598250455,581,"...but most importantly, thou shalt not wear polyester in vain."
1743,0,5,28,33,1.1515151515151516,0.06338333534349057,581,Just in case it DOES freeze over...
1743,1,3,29,33,1.1515151515151516,0.07688554215978954,581,The 11th Commandment: Never leave the house without a sweater (you can always take it off if it gets too warm).
1743,0,5,28,33,1.1515151515151516,0.06338333534349057,581,The invoice says large.
1743,1,3,29,33,1.1515151515151516,0.07688554215978954,581,get out of that shmata and put this on
1743,1,3,29,33,1.1515151515151516,0.07688554215978954,581,"I know Christmas hasn't been invented yet, but here you go...it's cashmere."
1743,1,3,29,33,1.1515151515151516,0.07688554215978954,581,This is for the cold day in Hell when thou doth not break those commandments.
1743,0,5,28,33,1.1515151515151516,0.06338333534349057,581,"No, I'm not Joseph."
1743,1,3,29,33,1.1515151515151516,0.07688554215978954,581,"Whoa, you deliver for Amazon too?"
1743,0,5,28,33,1.1515151515151516,0.06338333534349057,581,THOU SHALT NOT WEAR THIS BARE-LEGGED WITH SANDALS
1743,1,3,29,33,1.1515151515151516,0.07688554215978954,581,"....and, Thou shalt not wear a turtleneck."
1743,2,1,30,33,1.1515151515151516,0.08834775598250455,581,"I said I was too old, not too cold......"
1743,2,1,30,33,1.1515151515151516,0.08834775598250455,581,Winter cometh
1743,1,3,29,33,1.1515151515151516,0.07688554215978954,581,"If you're not going to wear a pair of decent shoes at this altitude, the least you could do is put on this sweater!"
1743,1,3,29,33,1.1515151515151516,0.07688554215978954,581,"If your mother knit it, you must wear it."
1743,1,3,29,33,1.1515151515151516,0.07688554215978954,581,"Thou shall take this! I knit it myself, but big-shot Noah wouldn't take it and caught his death of cold in all that rain."
1743,1,3,29,33,1.1515151515151516,0.07688554215978954,581,"Moses...leader of the Ant-size Semites, now fully understood their place on earth."
1743,1,3,29,33,1.1515151515151516,0.07688554215978954,581,But I already have a holey sweater.
1743,0,5,28,33,1.1515151515151516,0.06338333534349057,581,"Also, thou shall not chill."
1743,1,3,29,33,1.1515151515151516,0.07688554215978954,581,"The 11th commandment is ""Wear a sweater at this altitude or you'll catch your death""."
1743,0,5,28,33,1.1515151515151516,0.06338333534349057,581,I got this online.
1743,0,5,28,33,1.1515151515151516,0.06338333534349057,581,...because you'll probably get a chilly reception.
1743,1,3,29,33,1.1515151515151516,0.07688554215978954,581,"The original ""hand-me-down."""
1743,1,3,29,33,1.1515151515151516,0.07688554215978954,581,"Oh, Mom!"
1743,0,5,28,33,1.1515151515151516,0.06338333534349057,581,The missing third tablet: five commandments to avoid fashion faux pas.
1743,2,1,30,33,1.1515151515151516,0.08834775598250455,581,"I said take two tablets and stay warm, works for everything."
1743,0,5,28,33,1.1515151515151516,0.06338333534349057,581,"Here, this will cover everything!"
1743,0,5,28,33,1.1515151515151516,0.06338333534349057,581,"You'll need this little sweater, for now is the winter of our discontent."
1743,1,3,29,33,1.1515151515151516,0.07688554215978954,581,... but watch them covet this.
1743,0,5,28,33,1.1515151515151516,0.06338333534349057,581,It's a suggestion.
1743,0,5,28,33,1.1515151515151516,0.06338333534349057,581,Is that your way of telling me to expect a chilly reception?
1743,0,5,28,33,1.1515151515151516,0.06338333534349057,581,"Here, I've outgrown this, as well."
1743,1,3,29,33,1.1515151515151516,0.07688554215978954,581,"It gets cold in the desert, you'll need this."
1743,1,3,29,33,1.1515151515151516,0.07688554215978954,581,This is weird. I'm not even chilly.
1743,0,5,28,33,1.1515151515151516,0.06338333534349057,581,And thou shalt wear a sweater when thy mother is cold.
1743,0,5,28,33,1.1515151515151516,0.06338333534349057,581,What do you mean it's going to rain for forty days and forty nights ?
1743,1,3,29,33,1.1515151515151516,0.07688554215978954,581,"im in the desert ,yo"
1743,0,5,28,33,1.1515151515151516,0.06338333534349057,581,"Oh, and give this to Jason for me. Will you?"
1743,2,1,30,33,1.1515151515151516,0.08834775598250455,581,"You can have this fabulous hoodie, but only if you erase the 11th commandment, ya know, the one about hating gays..."
1743,1,3,29,33,1.1515151515151516,0.07688554215978954,581,Ye shall see if this catches on
1743,2,1,30,33,1.1515151515151516,0.08834775598250455,581,Honor your father and your mother!
1743,1,3,29,33,1.1515151515151516,0.07688554215978954,581,Put this striped sweater on so you'll be easy to find if you get lost.
1743,0,5,28,33,1.1515151515151516,0.06338333534349057,581,But I don't look good in stripes!
1743,1,3,29,33,1.1515151515151516,0.07688554215978954,581,Thou shall not freeze in unholy places.
1743,0,5,28,33,1.1515151515151516,0.06338333534349057,581,Amazon Prime is getting really fast.
1743,0,5,28,33,1.1515151515151516,0.06338333534349057,581,Thou shalt be stylin'.
1743,0,5,28,33,1.1515151515151516,0.06338333534349057,581,"So, at last, you remembered where I live...here, you might need a sweater...are you hungry, you look thin...have you eaten?"
1743,1,3,29,33,1.1515151515151516,0.07688554215978954,581,"Oh, my God, you shall not shiver."
1743,0,5,28,33,1.1515151515151516,0.06338333534349057,581,THOU SHALT NOT WEAR THIS TO THE SYNAGOGUE --- A HOODIE IS NOT A YARMULKE!
1743,2,1,30,33,1.1515151515151516,0.08834775598250455,581,Amazon Prime continues to expand and improve delivery options.
1743,1,3,29,33,1.1515151515151516,0.07688554215978954,581,Wear this. It's chilly.
1743,1,3,29,33,1.1515151515151516,0.07688554215978954,581,Working holiday.
1743,1,3,29,33,1.1515151515151516,0.07688554215978954,581,"Hipsters are . . . scratch, that. We'll just stick with the ten we've got."
1743,0,5,28,33,1.1515151515151516,0.06338333534349057,581,What? You didn't think you would need a sweater up here?
1743,0,5,28,33,1.1515151515151516,0.06338333534349057,581,Because it may get chilly when they read the bit about adultery.
1743,0,5,28,33,1.1515151515151516,0.06338333534349057,581,"Enjoy it while you can. By 2020, people won't even know what a sweater is."
1743,0,5,28,33,1.1515151515151516,0.06338333534349057,581,You will need this for the reception you're going to get!
1743,0,5,28,33,1.1515151515151516,0.06338333534349057,581,"Number 11, from you know, Mother Mary"
1743,0,5,28,33,1.1515151515151516,0.06338333534349057,581,"Ok, you can present those at the meeting, and here's a sweater,too. It's Casual Friday."
1743,0,5,28,33,1.1515151515151516,0.06338333534349057,581,Listen to your mother; wear a sweater!
1743,1,3,29,33,1.1515151515151516,0.07688554215978954,581,"If you catch a cold, the tablets won't be enough."
1743,1,3,29,33,1.1515151515151516,0.07688554215978954,581,Ps. XI Don't catch a cold.
1743,1,3,29,33,1.1515151515151516,0.07688554215978954,581,"If you're still trying to score with your neighbor's wife, give her one of these."
1743,1,3,29,33,1.1515151515151516,0.07688554215978954,581,"What about the ""many colors""?"
1743,1,3,29,33,1.1515151515151516,0.07688554215978954,581,"Thou shalt avoid horizontal stripes, particularly in knitwear."
1743,0,5,28,33,1.1515151515151516,0.06338333534349057,581,Here. I know about coveting your neighbor's sweater.
1743,1,3,29,33,1.1515151515151516,0.07688554215978954,581,Thou shalt not buy retail.
1743,2,1,30,33,1.1515151515151516,0.08834775598250455,581,"Belive me, its cold out there!"
1743,1,3,29,33,1.1515151515151516,0.07688554215978954,581,"And above all, ALWAYS bring a sweater."
1743,1,3,29,33,1.1515151515151516,0.07688554215978954,581,#11: Thou shalt not shiver.
1743,1,3,29,33,1.1515151515151516,0.07688554215978954,581,"Those, and one request."
1743,2,1,30,33,1.1515151515151516,0.08834775598250455,581,"I'm sorry you have a cold. I recommend you wear this jacket to stay warm, take two tablets and call me in the morning."
1743,0,5,28,33,1.1515151515151516,0.06338333534349057,581,11. Thou shalt not leave the house without a sweater.
1743,1,3,29,33,1.1515151515151516,0.07688554215978954,581,It shrinks to size when exposed to sea water.
1743,2,1,30,33,1.1515151515151516,0.08834775598250455,581,Here...in case you get the cold shoulder.
1743,0,5,28,33,1.1515151515151516,0.06338333534349057,581,"If she's wearing less than this and your eyes are on her, it's adultery."
1743,2,1,30,33,1.1515151515151516,0.08834775598250455,581,I said I was too OLD for this!
1743,0,5,28,33,1.1515151515151516,0.06338333534349057,581,11. Winter is coming. No need to write that down.
1743,1,3,29,33,1.1515151515151516,0.07688554215978954,581,I guess Amazon really does own everything.
1743,2,1,30,33,1.1515151515151516,0.08834775598250455,581,"You're going to live forever, right? Here's a sweater for the chills you're going to get in the future, when some of these words are taken literally."
1743,1,3,29,33,1.1515151515151516,0.07688554215978954,581,You may be in for a chilly reception
1743,1,3,29,33,1.1515151515151516,0.07688554215978954,581,Did you order from Amazon Prime?
1743,1,3,29,33,1.1515151515151516,0.07688554215978954,581,Mom says to put your sweater on.. It's cold down there.
1743,2,1,30,33,1.1515151515151516,0.08834775598250455,581,I understand. Thou shalt not manufacture in China
1743,0,5,28,33,1.1515151515151516,0.06338333534349057,581,I hopeth I got the size right.
1743,1,3,29,33,1.1515151515151516,0.07688554215978954,581,"Uh,..... Do you have free return shipping?"
1743,1,3,29,33,1.1515151515151516,0.07688554215978954,581,"The ""do not covet"" part may lead to a chilly reception."
1743,2,1,30,33,1.1515151515151516,0.08834775598250455,581,Is this yours? Someone left it up here.
1743,1,3,29,33,1.1515151515151516,0.07688554215978954,581,You forgot number 11: Thou shalt not go out without a sweater.
1743,2,1,30,33,1.1515151515151516,0.08834775598250455,581,"You won't need this, it's hot where your going."
1743,1,3,29,33,1.1515151515151516,0.07688554215978954,581,No thanks. I'm still toasty from the burning bush.
1743,0,5,28,33,1.1515151515151516,0.06338333534349057,581,"Won't need that, thanks. Global warming, you know!"
1743,1,3,29,33,1.1515151515151516,0.07688554215978954,581,Can't we just make 'Don't forget your sweater' the unofficial Eleventh Commandment?
1743,0,5,28,33,1.1515151515151516,0.06338333534349057,581,"#11: ""Thou shalt not touch the thermostat"""
1743,0,5,28,33,1.1515151515151516,0.06338333534349057,581,"Trust me, it can get cold at night in the desert."
1743,1,3,29,33,1.1515151515151516,0.07688554215978954,581,The King of the Amazon needs you to sign for this on your tablet.
1743,0,5,28,33,1.1515151515151516,0.06338333534349057,581,"One more thing: I know it's the desert, but it can get pretty cold at night for forty years, so . . ."
1743,1,3,29,33,1.1515151515151516,0.07688554215978954,581,... and bundle up!
1743,1,3,29,33,1.1515151515151516,0.07688554215978954,581,Just in case.
1743,1,3,29,33,1.1515151515151516,0.07688554215978954,581,Thou shalt not covet thy neighbors wife; but her sweater will help with the mountain chill.
1743,1,3,29,33,1.1515151515151516,0.07688554215978954,581,Desert schmesert. It still gets cold at night.
1743,2,1,30,33,1.1515151515151516,0.08834775598250455,581,Thou shalt not place your sweater in a dryer!
1743,2,1,30,33,1.1515151515151516,0.08834775598250455,581,I'll be back with a sleeping bag.
1743,0,5,28,33,1.1515151515151516,0.06338333534349057,581,Checkmate
1743,1,3,29,33,1.1515151515151516,0.07688554215978954,581,In case you get a chilly reception.
1743,1,3,29,33,1.1515151515151516,0.07688554215978954,581,Hold this thread as I walk away.
1743,1,3,29,33,1.1515151515151516,0.07688554215978954,581,Does it breathe when wet?
1743,1,3,29,33,1.1515151515151516,0.07688554215978954,581,Also... Thou shalt not be chilly and forget thy hoodie.
1743,1,3,29,33,1.1515151515151516,0.07688554215978954,581,Our heavenly All Weather One-Color-Fits-All Turtlenecks are 20% off this weekend
1743,2,1,30,33,1.1515151515151516,0.08834775598250455,581,Do we really need another commandment just for thank you notes?
1743,1,3,29,33,1.1515151515151516,0.07688554215978954,581,You're gonna need a bigger coat.
1743,1,3,29,33,1.1515151515151516,0.07688554215978954,581,"And finally, Thou Shalt Listen To Thy Mother When She Says It Gets Cold At Night."
1743,1,3,29,33,1.1515151515151516,0.07688554215978954,581,"Here, the Red Sea gets windy this time of year."
1743,1,3,29,33,1.1515151515151516,0.07688554215978954,581,You're going to need a higher mountain.
1743,2,1,30,33,1.1515151515151516,0.08834775598250455,581,I don't care what you think... it's really cold up here...
1743,2,1,30,33,1.1515151515151516,0.08834775598250455,581,"You heard me wrong. I said ""Come and knit."""
1743,1,3,29,33,1.1515151515151516,0.07688554215978954,581,You're going to need this when hell freezes over.
1743,1,3,29,33,1.1515151515151516,0.07688554215978954,581,"You are the J. Crew, after all."
1743,1,3,29,33,1.1515151515151516,0.07688554215978954,581,Just put it on; your mother is cold.
1743,1,3,29,33,1.1515151515151516,0.07688554215978954,581,If the plan doesn't work out you'll need to keep extra warm.
1743,0,5,28,33,1.1515151515151516,0.06338333534349057,581,This is for Aaron.
1743,2,1,30,33,1.1515151515151516,0.08834775598250455,581,"Here, it couldn't hurt."
1743,1,3,29,33,1.1515151515151516,0.07688554215978954,581,Now I'll just have another phenomenon to explain.
1743,1,3,29,33,1.1515151515151516,0.07688554215978954,581,Trust me. The desert gets cold at night.
1743,1,3,29,33,1.1515151515151516,0.07688554215978954,581,"What do you mean, it gets cold in the desert at night?"
1743,1,3,29,33,1.1515151515151516,0.07688554215978954,581,"Stray, and you shall wear your mother-in-law's gift."
1743,2,1,30,33,1.1515151515151516,0.08834775598250455,581,"And while I'm nagging, put a sweater on already! You're on top of a mountain, for God's sake!"
1743,1,3,29,33,1.1515151515151516,0.07688554215978954,581,Do you have something more breathable?
1743,1,3,29,33,1.1515151515151516,0.07688554215978954,581,Global cooling? wtf
1743,1,3,29,33,1.1515151515151516,0.07688554215978954,581,The Ice Age cometh.
1743,0,5,28,33,1.1515151515151516,0.06338333534349057,581,Put this on. You can expect a chilly reception down there.
1743,1,3,29,33,1.1515151515151516,0.07688554215978954,581,Though shall not pill.
1743,0,5,28,33,1.1515151515151516,0.06338333534349057,581,Thou shalt be cozy.
1743,1,3,29,33,1.1515151515151516,0.07688554215978954,581,"Hmm...How about we replace ""Thou shalt not scratch thyself"" with ""Thou shalt not covet""?"
1743,0,5,28,33,1.1515151515151516,0.06338333534349057,581,You admired it at that little boutique in Sharm El-Sheikh.
1743,2,1,30,33,1.1515151515151516,0.08834775598250455,581,Trust Me
1743,1,3,29,33,1.1515151515151516,0.07688554215978954,581,"Jeff Bezos, ""In the beginning."""
1743,1,3,29,33,1.1515151515151516,0.07688554215978954,581,And the Jewish mother commanded: TAKE A SWEATER!
1743,0,5,28,33,1.1515151515151516,0.06338333534349057,581,Could you also return this to the store? It shrank after only one washing.
1743,1,3,29,33,1.1515151515151516,0.07688554215978954,581,Not until Hell freezes over
1743,1,3,29,33,1.1515151515151516,0.07688554215978954,581,Thou shalt not covet thy neighbor's fleece.
1743,1,3,29,33,1.1515151515151516,0.07688554215978954,581,My mother knitted it.
1743,0,5,28,33,1.1515151515151516,0.06338333534349057,581,It gets cold at night.
1743,1,3,29,33,1.1515151515151516,0.07688554215978954,581,"Moses, of course I'm sure it's going to be chilly tonight. I create the weather."
1743,1,3,29,33,1.1515151515151516,0.07688554215978954,581,"This one's just a suggestion, Moses: your mother worries."
1743,1,3,29,33,1.1515151515151516,0.07688554215978954,581,Thou shalt leave the thermostat alone and put on a dang sweater!
1743,2,1,30,33,1.1515151515151516,0.08834775598250455,581,"If I know anything about mankind, you can expect a cold reception."
1743,0,5,28,33,1.1515151515151516,0.06338333534349057,581,I may have misread the burning bush.
1743,1,3,29,33,1.1515151515151516,0.07688554215978954,581,And one commandment from your mother....
1743,2,1,30,33,1.1515151515151516,0.08834775598250455,581,"Moses, you know the unwritten rules. When God gets cold, you have to put on a jacket."
1743,1,3,29,33,1.1515151515151516,0.07688554215978954,581,Just put a little alligator on it. Trust me.
1743,0,5,28,33,1.1515151515151516,0.06338333534349057,581,"Moteleh, I have one more to add: take a sweater."
1743,1,3,29,33,1.1515151515151516,0.07688554215978954,581,It'll be a cold day in hell.
1743,1,3,29,33,1.1515151515151516,0.07688554215978954,581,"Here are the Ten Commandments of Style--just kidding. What, you didn't think I had a sense of humor? Who do you think created humor?"
1743,0,5,28,33,1.1515151515151516,0.06338333534349057,581,"The unspoken 11th Commandment: ""Honor thy Aunt - giver of ugly sweaters"""
1743,2,1,30,33,1.1515151515151516,0.08834775598250455,581,This might look cute on you!
1743,0,5,28,33,1.1515151515151516,0.06338333534349057,581,Thanks Mo'she this sweater will keep you comfy.
1743,1,3,29,33,1.1515151515151516,0.07688554215978954,581,"And if they break any of my commandments, they shall wear this itchy sweater as punishment"
1743,1,3,29,33,1.1515151515151516,0.07688554215978954,581,It's free with your Prime order of ten commandments.
1743,0,5,28,33,1.1515151515151516,0.06338333534349057,581,I told you God was a Jewish mother.
1743,0,5,28,33,1.1515151515151516,0.06338333534349057,581,How do expect everyone to follow 10 Commandments when you broke your Mom's Golden Rule and forgot your sweater?
1743,1,3,29,33,1.1515151515151516,0.07688554215978954,581,"Thou shall not ignore your mother when she says, ""Better take your sweater."""
1743,0,5,28,33,1.1515151515151516,0.06338333534349057,581,"It's not Technicolor, but it will have to do."
1743,0,5,28,33,1.1515151515151516,0.06338333534349057,581,Feel free to substitute: Thou shalt wear thine aunt's darned sweater.
1743,0,5,28,33,1.1515151515151516,0.06338333534349057,581,I picked it up on the 8th day.
1743,1,3,29,33,1.1515151515151516,0.07688554215978954,581,Take it! No exodus will be led if you have a cold.
1743,2,1,30,33,1.1515151515151516,0.08834775598250455,581,thou shalt not be vain
1743,2,1,30,33,1.1515151515151516,0.08834775598250455,581,I'm cold. Put on a sweater.
1743,2,1,30,33,1.1515151515151516,0.08834775598250455,581,"Moishe, put this on or you'll catch your death."
1743,1,3,29,33,1.1515151515151516,0.07688554215978954,581,And no swimming for at least 30 minutes after you've eaten.
1743,0,5,28,33,1.1515151515151516,0.06338333534349057,581,Take it! That's an order!
1743,0,5,28,33,1.1515151515151516,0.06338333534349057,581,Of course it will shrink!
1743,1,3,29,33,1.1515151515151516,0.07688554215978954,581,The greatest of leaders also received help.
1743,0,5,28,33,1.1515151515151516,0.06338333534349057,581,Be Prepared for the cold shoulder
1743,0,5,28,33,1.1515151515151516,0.06338333534349057,581,It looks like it won't be long now.
1743,1,3,29,33,1.1515151515151516,0.07688554215978954,581,"The desert is surprisingly cold at night, you'll need this."
1743,0,5,28,33,1.1515151515151516,0.06338333534349057,581,Your mother prayed that thou shalt not catch a cold.
1743,1,3,29,33,1.1515151515151516,0.07688554215978954,581,Your grandmother was insulted that you did not take this.
1743,0,5,28,33,1.1515151515151516,0.06338333534349057,581,"My mother ""created"" this for you."
1743,1,3,29,33,1.1515151515151516,0.07688554215978954,581,Eleventh Commandment: Thou shalt not wear an ugly Christmas sweater!
1743,1,3,29,33,1.1515151515151516,0.07688554215978954,581,It's asbestos. And the tablets are clay. You'll figure it out.
1743,2,1,30,33,1.1515151515151516,0.08834775598250455,581,"I am the Lord they God, now wear your sweater!"
1743,1,3,29,33,1.1515151515151516,0.07688554215978954,581,I made this one so it won't scratch.
1743,0,5,28,33,1.1515151515151516,0.06338333534349057,581,It's from Adam and Eve's latest fall collection.
1743,1,3,29,33,1.1515151515151516,0.07688554215978954,581,...and this came for you from Amazon.
1743,0,5,28,33,1.1515151515151516,0.06338333534349057,581,Women always steal your hoodies.
1743,0,5,28,33,1.1515151515151516,0.06338333534349057,581,"Moses!!!! Take two tablets, put this sweater on and call me in the morning."
1743,1,3,29,33,1.1515151515151516,0.07688554215978954,581,I will not need this my Lord. Not with the global warming that is coming.
1743,0,5,28,33,1.1515151515151516,0.06338333534349057,581,"Lord, make me an instrument of your fleece."
1743,2,1,30,33,1.1515151515151516,0.08834775598250455,581,Number 11 thou shall not covert global warming.
1743,1,3,29,33,1.1515151515151516,0.07688554215978954,581,"With respect, I think ""Dress in Layers"" is more along the lines of advice. . ."
1743,0,5,28,33,1.1515151515151516,0.06338333534349057,581,Thou shalt dress appropriately.
1743,1,3,29,33,1.1515151515151516,0.07688554215978954,581,"Not yet, Lord. Christmas gifts come much later."
1743,1,3,29,33,1.1515151515151516,0.07688554215978954,581,It is mighty cold and lonely at the top.
1743,1,3,29,33,1.1515151515151516,0.07688554215978954,581,Number 10: “Thou shall not coat your neighbor’s wife.”
1743,0,5,28,33,1.1515151515151516,0.06338333534349057,581,I might have to write about this a bit differently
1743,1,3,29,33,1.1515151515151516,0.07688554215978954,581,What's going to freeze over?
1743,1,3,29,33,1.1515151515151516,0.07688554215978954,581,11. No robes between ten and seven o'clock.
1743,2,1,30,33,1.1515151515151516,0.08834775598250455,581,"Here, I got it on clearance, it's an Ivanka Trump!"
1743,0,5,28,33,1.1515151515151516,0.06338333534349057,581,Thank you for doing me this favor and here is a little something for you.
1743,1,3,29,33,1.1515151515151516,0.07688554215978954,581,I think eleven is rather a lot to ask.
1743,0,5,28,33,1.1515151515151516,0.06338333534349057,581,"You're going to get a chilly reception, take this too."
1743,0,5,28,33,1.1515151515151516,0.06338333534349057,581,Number 11: Thou shalt not covet thy neighbor's hoodie
1743,2,1,30,33,1.1515151515151516,0.08834775598250455,581,Thou shalt not freeze
1743,0,5,28,33,1.1515151515151516,0.06338333534349057,581,Here put this on. I'll go see if I can find you some shoes.
1743,1,3,29,33,1.1515151515151516,0.07688554215978954,581,"Take the two tablets and call me in the morning. Oh, and to be on the safe side, wear a sweater to bed."
1743,1,3,29,33,1.1515151515151516,0.07688554215978954,581,"Oh, and thou shalt not make your mother cold just looking at you."
1743,1,3,29,33,1.1515151515151516,0.07688554215978954,581,I'll give you two stone tablets for it and not a pebble more.
1743,1,3,29,33,1.1515151515151516,0.07688554215978954,581,"On a cold night in the desert, Manna isn't enough. Have a hoodie."
1743,2,1,30,33,1.1515151515151516,0.08834775598250455,581,"If you're all knowing, and can tell when I'm lying, why would you ask if I like the sweater you knitted for me."
1743,1,3,29,33,1.1515151515151516,0.07688554215978954,581,And here's a little something for Zipporah
1743,1,3,29,33,1.1515151515151516,0.07688554215978954,581,I've also taken up knitting.
1743,1,3,29,33,1.1515151515151516,0.07688554215978954,581,I want to introduce you to the Holy Ghost.
1743,0,5,28,33,1.1515151515151516,0.06338333534349057,581,"You wouldn't pull the wool over my eyes, would you?"
1743,1,3,29,33,1.1515151515151516,0.07688554215978954,581,"Give this to the first person who says, 'It'll be a cold day in hell when I obey the Commandments'."
1743,1,3,29,33,1.1515151515151516,0.07688554215978954,581,"Here, take this, thou shalt be cold if you wander around the Mount."
1743,0,5,28,33,1.1515151515151516,0.06338333534349057,581,And on the Monday following the seventh day of creation God created a new look.
1743,0,5,28,33,1.1515151515151516,0.06338333534349057,581,At least have some style.
1743,1,3,29,33,1.1515151515151516,0.07688554215978954,581,"Before you go, would you try this on? I'm knitting it for a friend about your size."
1743,1,3,29,33,1.1515151515151516,0.07688554215978954,581,"Thou shalt not forget to bundle up in the cold, for lo, he who breaks this commandment will catch his death out there."
1743,1,3,29,33,1.1515151515151516,0.07688554215978954,581,You're going to get a chilly reception.
1743,1,3,29,33,1.1515151515151516,0.07688554215978954,581,I was going for more of a Hemingway look
1743,1,3,29,33,1.1515151515151516,0.07688554215978954,581,"With every ten commandments you purchase, you receive one angora sweater. Thanks but, what is angora?"
1743,1,3,29,33,1.1515151515151516,0.07688554215978954,581,This is what I foresee for those Orthodox. Now beaver hats!
1743,0,5,28,33,1.1515151515151516,0.06338333534349057,581,Thou shalt prep for the grunge era.
1743,1,3,29,33,1.1515151515151516,0.07688554215978954,581,"Nice to meet you Amazon, I'm Moses."
1743,0,5,28,33,1.1515151515151516,0.06338333534349057,581,I’ll just take the two tablets and call you in the morning.
1743,0,5,28,33,1.1515151515151516,0.06338333534349057,581,"Don't be such a big shot, take a sweater."
1743,1,3,29,33,1.1515151515151516,0.07688554215978954,581,Please wear this so I can quit burning shrubs.
1743,1,3,29,33,1.1515151515151516,0.07688554215978954,581,"Lose the bathrobe, Moses, you look ridiculous. No one will believe you dressed like that. Here."
1743,1,3,29,33,1.1515151515151516,0.07688554215978954,581,Wake me when he gets back from Mar-a-Lago.
1743,2,1,30,33,1.1515151515151516,0.08834775598250455,581,"Take this sweater bubbeleh. The cold in the dessert at night, you don't need to get sick on your walk."
1743,0,5,28,33,1.1515151515151516,0.06338333534349057,581,#11-Thou shalt include a gift receipt.
1743,1,3,29,33,1.1515151515151516,0.07688554215978954,581,"Here ya go, Mosie - yer gonna need this!"
1743,0,5,28,33,1.1515151515151516,0.06338333534349057,581,The 11th commandment.
1743,1,3,29,33,1.1515151515151516,0.07688554215978954,581,"Oh, right, you're the tablet guy, not the flood guy. My bad."
1743,1,3,29,33,1.1515151515151516,0.07688554215978954,581,'' Isaid ten uvem not denim'''
1743,1,3,29,33,1.1515151515151516,0.07688554215978954,581,And though shalt dry clean only.
1743,2,1,30,33,1.1515151515151516,0.08834775598250455,581,Try my fruit of the loom pullover
1743,0,5,28,33,1.1515151515151516,0.06338333534349057,581,I climb Mt. Sinai and all I get is this lousy sweater?
1743,0,5,28,33,1.1515151515151516,0.06338333534349057,581,"No, no, no. I'm fine. The bush is warm enough."
1743,1,3,29,33,1.1515151515151516,0.07688554215978954,581,"Though shall not covet, but being cozy is ok."
1743,1,3,29,33,1.1515151515151516,0.07688554215978954,581,Thou shalt cover up because it gets chilly at night in the desert
1743,1,3,29,33,1.1515151515151516,0.07688554215978954,581,"What? With all the hail, locusts, and cattle disease, at least you'll keep warm."
1743,0,5,28,33,1.1515151515151516,0.06338333534349057,581,"Sometimes I just get a wild hair, M, and like to mess with the weather. You know, God being God, and all that."
1743,1,3,29,33,1.1515151515151516,0.07688554215978954,581,"All I said was, God I'm freezing my ass off up here."
1743,1,3,29,33,1.1515151515151516,0.07688554215978954,581,11. Thou Shall Not Chill
1743,2,1,30,33,1.1515151515151516,0.08834775598250455,581,"No, I didn't command you to pull over the wool from someone's eyes"
1743,1,3,29,33,1.1515151515151516,0.07688554215978954,581,Leather? Who wears LEATHER?
1743,1,3,29,33,1.1515151515151516,0.07688554215978954,581,The Red Sea gets chilly at night.
1743,0,5,28,33,1.1515151515151516,0.06338333534349057,581,"Take it. In a few thousand years, everyone will be doing it."
1743,0,5,28,33,1.1515151515151516,0.06338333534349057,581,"Trust me, you may be in for a chilly reception!"
1743,0,5,28,33,1.1515151515151516,0.06338333534349057,581,I'll take a medium
1743,1,3,29,33,1.1515151515151516,0.07688554215978954,581,Take two tablets and keep warm.
1743,1,3,29,33,1.1515151515151516,0.07688554215978954,581,Nothing is a solid color? Stripes make me look fat.
1743,0,5,28,33,1.1515151515151516,0.06338333534349057,581,"But you'll be a leader in fashion, too."
1743,1,3,29,33,1.1515151515151516,0.07688554215978954,581,Don't forget the chicken soup!
1743,0,5,28,33,1.1515151515151516,0.06338333534349057,581,It gets chilly at night.
1743,0,5,28,33,1.1515151515151516,0.06338333534349057,581,"And, last but not least, you get you very own Technicolor dream coat."
1743,0,5,28,33,1.1515151515151516,0.06338333534349057,581,"Those tablets are pretty cold up here, wear this."
1743,1,3,29,33,1.1515151515151516,0.07688554215978954,581,"I asked ""How am I going to pull this one over,"" not for a ""pull-over."""
1743,0,5,28,33,1.1515151515151516,0.06338333534349057,581,I made it from your lambs wool.
1743,0,5,28,33,1.1515151515151516,0.06338333534349057,581,"Moses, take this because i'll be sending some cold weather your way and your one of my favorites. You know that, right?"
1743,1,3,29,33,1.1515151515151516,0.07688554215978954,581,"Here, you might need this when you go down. It's Kevlar."
1743,1,3,29,33,1.1515151515151516,0.07688554215978954,581,"But if it doesn't fit, can I return it?"
1743,1,3,29,33,1.1515151515151516,0.07688554215978954,581,"I'm leading the people out of Egypt, not Norway!"
1743,1,3,29,33,1.1515151515151516,0.07688554215978954,581,The desert is cold at night
1743,0,5,28,33,1.1515151515151516,0.06338333534349057,581,"You might get a chilly reception on that ""covet your neighbor's wife"" Commandment."
1743,2,1,30,33,1.1515151515151516,0.08834775598250455,581,"No, Moses, it only comes in this color."
1743,2,1,30,33,1.1515151515151516,0.08834775598250455,581,Mom? Already it's too hot by the burning bush.
1743,1,3,29,33,1.1515151515151516,0.07688554215978954,581,Don't sweat the small stuff!
1743,0,5,28,33,1.1515151515151516,0.06338333534349057,581,Don't tell me you once wore that.
1743,1,3,29,33,1.1515151515151516,0.07688554215978954,581,You better take this; nights can get cold in the desert.
1743,0,5,28,33,1.1515151515151516,0.06338333534349057,581,"wear this,it is your eleventh commandment.the climate change is coming."
1743,1,3,29,33,1.1515151515151516,0.07688554215978954,581,How do I tell him that I don't do stripes?
1743,2,1,30,33,1.1515151515151516,0.08834775598250455,581,Put this on and affect an Irish accent for a few weeks until things calm down.
1743,0,5,28,33,1.1515151515151516,0.06338333534349057,581,"Yes Moses, it is cold at the top"
1743,0,5,28,33,1.1515151515151516,0.06338333534349057,581,The immaculate hand-me-down sweater.
1743,1,3,29,33,1.1515151515151516,0.07688554215978954,581,Next time I will pray for the powerball...
1743,1,3,29,33,1.1515151515151516,0.07688554215978954,581,You shall not buy clothes for your Lord online
1743,0,5,28,33,1.1515151515151516,0.06338333534349057,581,#11 Thou shalt dress warmly
1743,1,3,29,33,1.1515151515151516,0.07688554215978954,581,"So, you don't just engrave?"
1743,1,3,29,33,1.1515151515151516,0.07688554215978954,581,"I'm sorry, but Amazon doesn't take tablets."
1743,0,5,28,33,1.1515151515151516,0.06338333534349057,581,Because it's cold in the desert at night.
1743,1,3,29,33,1.1515151515151516,0.07688554215978954,581,"It's chilly at the Red Sea. Listen to your mother and take a little sweater, bubeleh."
1743,1,3,29,33,1.1515151515151516,0.07688554215978954,581,"Put on something warm, take two tablets and contact me in the morning."
1743,0,5,28,33,1.1515151515151516,0.06338333534349057,581,"God, a hand knit?"
1743,0,5,28,33,1.1515151515151516,0.06338333534349057,581,Amazon competes with You Know Who.
1743,0,5,28,33,1.1515151515151516,0.06338333534349057,581,Spread the word! The Gap is now offering free hand-delivery to select outcrop locations.
1743,0,5,28,33,1.1515151515151516,0.06338333534349057,581,Hold on one sec ... Miriam made this for your brother Aaron but it's too small. Can you try it on?
1743,1,3,29,33,1.1515151515151516,0.07688554215978954,581,"and the 11th is to never wear a hoodie, but we can hold that one back for 2000 years"
1743,1,3,29,33,1.1515151515151516,0.07688554215978954,581,Your mother is here and worried you'll catch your death of cold. She insists I deliver unto you this sweater she knitted.
1743,1,3,29,33,1.1515151515151516,0.07688554215978954,581,To think I avoided the swing shift all these years
1743,0,5,28,33,1.1515151515151516,0.06338333534349057,581,Your Amazon Prime order is in.
1743,2,1,30,33,1.1515151515151516,0.08834775598250455,581,Thanks. You must have noticed my hard nipples.
1743,1,3,29,33,1.1515151515151516,0.07688554215978954,581,Only one jacket for my wardrobe?
1743,1,3,29,33,1.1515151515151516,0.07688554215978954,581,"WHERE DOES IT SAY ""THOU SHALT NOT FREEZE""?"
1743,1,3,29,33,1.1515151515151516,0.07688554215978954,581,"Seriously mom, I'm working."
1743,0,5,28,33,1.1515151515151516,0.06338333534349057,581,"Number eleven: never leave home without a light sweater, just in case."
1743,0,5,28,33,1.1515151515151516,0.06338333534349057,581,Knitting. Another Gift from God.
1743,1,3,29,33,1.1515151515151516,0.07688554215978954,581,So G-d really is a 'She'.
1743,1,3,29,33,1.1515151515151516,0.07688554215978954,581,"No. 11: Take good care of yourself, you belong to me."
1743,1,3,29,33,1.1515151515151516,0.07688554215978954,581,"""Read the fine print on the back about global warming""!"
1743,0,5,28,33,1.1515151515151516,0.06338333534349057,581,Isn't the burning bush enough?
1743,1,3,29,33,1.1515151515151516,0.07688554215978954,581,"At Amazon, your order is our command!"
1743,1,3,29,33,1.1515151515151516,0.07688554215978954,581,"I'm still workshopping ""consequences;"" it's come down to either a summer season in this or eternal fire."
1743,0,5,28,33,1.1515151515151516,0.06338333534349057,581,"Take two tablets once a day for peak performance, while wearing this warm up gear."
1743,1,3,29,33,1.1515151515151516,0.07688554215978954,581,"While we're at it, your mother says it's cold, take a sweater."
1743,1,3,29,33,1.1515151515151516,0.07688554215978954,581,You got it wrong. This is Godess speaking and here is a sweater so you don't catch a cold.
1743,1,3,29,33,1.1515151515151516,0.07688554215978954,581,I'm not cold. Why do *I* have to wear a sweater?
1743,1,3,29,33,1.1515151515151516,0.07688554215978954,581,Yes I'm certain it's your size.
1743,0,5,28,33,1.1515151515151516,0.06338333534349057,581,"Moses: If its not your size, you can exchange it."
1743,1,3,29,33,1.1515151515151516,0.07688554215978954,581,"No, I don't covet that coat -- why do you keep saying that?"
1743,0,5,28,33,1.1515151515151516,0.06338333534349057,581,...And all I get it this lousy shirt?
1743,2,1,30,33,1.1515151515151516,0.08834775598250455,581,"But that looks like it's woven from two different kinds of material, and Lev 19:19 clearly states that's a sin!"
1743,0,5,28,33,1.1515151515151516,0.06338333534349057,581,"Take two tablets, call me in the morning. You can get dressed now."
1743,1,3,29,33,1.1515151515151516,0.07688554215978954,581,You're in for a cold welcome
1743,1,3,29,33,1.1515151515151516,0.07688554215978954,581,This is for leaving you out in the cold
1743,1,3,29,33,1.1515151515151516,0.07688554215978954,581,It's drafty - you shouldn't catch a cold!
1743,0,5,28,33,1.1515151515151516,0.06338333534349057,581,"You forgot your hoodie, Dude."
1743,0,5,28,33,1.1515151515151516,0.06338333534349057,581,Yes thou shalt. And put on some socks.
1743,1,3,29,33,1.1515151515151516,0.07688554215978954,581,Your mother felt a draft and didn't want you to catch cold.
1743,1,3,29,33,1.1515151515151516,0.07688554215978954,581,I did all this for a sweater?!
2116,1,3,30,34,1.1470588235294117,0.07472293375658888,581,"BELIEVE ME, YOU'RE GONNA NEED SOMETHING WARMER."
2116,0,5,29,34,1.1470588235294117,0.06165213406602946,581,Just in case they fly your bossy ass right out of the desert.
2116,1,3,30,34,1.1470588235294117,0.07472293375658888,581,It's Our fall special. It comes with any order of 10 commandments or more.
2116,1,3,30,34,1.1470588235294117,0.07472293375658888,581,The eleventh commandment is to always wear a sweater when it's cold!
2116,1,3,30,34,1.1470588235294117,0.07472293375658888,581,But also tell them how generous I am.
2116,0,5,29,34,1.1470588235294117,0.06165213406602946,581,"Here, take this. You may get a chilly reception."
2116,2,1,31,34,1.1470588235294117,0.0858256839383612,581,Thou shalt not covet your neighbor's hoodie.
2116,2,1,31,34,1.1470588235294117,0.0858256839383612,581,For thy Mount Sinai ski trips.
2116,1,3,30,34,1.1470588235294117,0.07472293375658888,581,"Hey God, don't mind me but I think your wee fella might have slipped out and fallen to his death there."
2116,0,5,29,34,1.1470588235294117,0.06165213406602946,581,XI. Thou shalt not leave thy clothes in a heap on the bedroom floor.
2116,1,3,30,34,1.1470588235294117,0.07472293375658888,581,Add one more: thou shall not get through the gates wearing a turtleneck.
2116,1,3,30,34,1.1470588235294117,0.07472293375658888,581,When hell freezes over.
2116,2,1,31,34,1.1470588235294117,0.0858256839383612,581,"Nothing beats a hammock in these lazy, crazy, hazy days of Crusading."
2116,0,5,29,34,1.1470588235294117,0.06165213406602946,581,"There's no burning bush today, so you may need this."
2116,1,3,30,34,1.1470588235294117,0.07472293375658888,581,And here's the latest in hoody hair shirts.
2116,0,5,29,34,1.1470588235294117,0.06165213406602946,581,"Amazon Prime,...... the beginnings"
2116,1,3,30,34,1.1470588235294117,0.07472293375658888,581,Don't think I don't it but appreciate but I've really got my hands full
2116,2,1,31,34,1.1470588235294117,0.0858256839383612,581,#11 'Ye shall wear this sweater that I knitted and like it'
2116,1,3,30,34,1.1470588235294117,0.07472293375658888,581,"Yes, it is the hand of God; in the future, though, I'll be using Amazon Prime."
2116,1,3,30,34,1.1470588235294117,0.07472293375658888,581,"Sorry God, but horizontal stripes make me look fat."
2116,1,3,30,34,1.1470588235294117,0.07472293375658888,581,Here ...you might get a chilly reception!
2116,1,3,30,34,1.1470588235294117,0.07472293375658888,581,go tell it on a mountain!
2116,0,5,29,34,1.1470588235294117,0.06165213406602946,581,I should have never mentioned the annual Christmas sweater party.
2116,1,3,30,34,1.1470588235294117,0.07472293375658888,581,Thou shalt not covet thy neighbor's space heater!
2116,1,3,30,34,1.1470588235294117,0.07472293375658888,581,...and thou shalt not dress like you just got out of bed!
2116,1,3,30,34,1.1470588235294117,0.07472293375658888,581,"We're very productive, we don't just engrave..."
2116,1,3,30,34,1.1470588235294117,0.07472293375658888,581,You'll need this. You are going to get a very cold reception.
2116,1,3,30,34,1.1470588235294117,0.07472293375658888,581,...and a little something just for you.
2116,1,3,30,34,1.1470588235294117,0.07472293375658888,581,Is that sweater hand-knitted with organic yarn?
2116,1,3,30,34,1.1470588235294117,0.07472293375658888,581,And here's a little something from the wife...
2116,1,3,30,34,1.1470588235294117,0.07472293375658888,581,Your mother knitted you a little something for the cold reception you'll get from your crowd at the bottom.
2116,0,5,29,34,1.1470588235294117,0.06165213406602946,581,It's cold at night where you're going.
2116,1,3,30,34,1.1470588235294117,0.07472293375658888,581,You might need this - the promised land has gotten a little chilly lately.
2116,0,5,29,34,1.1470588235294117,0.06165213406602946,581,"And you'll need this, on the off chance that someone obeys them."
2116,0,5,29,34,1.1470588235294117,0.06165213406602946,581,"And this is for you...your mother made you a sweater for the trip, she says it might get cold."
2116,0,5,29,34,1.1470588235294117,0.06165213406602946,581,Take these and call me in the morning.
2116,0,5,29,34,1.1470588235294117,0.06165213406602946,581,God is white?
2116,0,5,29,34,1.1470588235294117,0.06165213406602946,581,"Wow, I just ordered that an hour ago on Amazon!"
2116,1,3,30,34,1.1470588235294117,0.07472293375658888,581,I'll hold your sweater for you. I promise you won't need it for the next 40 years.
2116,1,3,30,34,1.1470588235294117,0.07472293375658888,581,Thou shall not freeze to death getting up here for my commandments.
2116,1,3,30,34,1.1470588235294117,0.07472293375658888,581,"Good luck with those commandments, but from now on, my thing is knitting."
2116,0,5,29,34,1.1470588235294117,0.06165213406602946,581,"God, the Mother."
2116,1,3,30,34,1.1470588235294117,0.07472293375658888,581,Number 11. Thou shalt not leave the house without a sweater.
2116,2,1,31,34,1.1470588235294117,0.0858256839383612,581,"Put on a sweater, my Mother says she's cold."
2116,1,3,30,34,1.1470588235294117,0.07472293375658888,581,"Stop complaining, I only have holey sweaters."
2116,0,5,29,34,1.1470588235294117,0.06165213406602946,581,"If you don't want to be remembered as the guy who invented the hoodie, then fine."
2116,1,3,30,34,1.1470588235294117,0.07472293375658888,581,The eleventh commandment: Obey your mother.
2116,1,3,30,34,1.1470588235294117,0.07472293375658888,581,"Yeah, I bought it on Amazon, and it doesn't fit me. But these I'll keep."
2116,0,5,29,34,1.1470588235294117,0.06165213406602946,581,It's going to be a very long winter!
2116,0,5,29,34,1.1470588235294117,0.06165213406602946,581,Trust me. It's going to be a cold reception.
2116,1,3,30,34,1.1470588235294117,0.07472293375658888,581,Umm...can we keep that as more of a Recommendation?
2116,0,5,29,34,1.1470588235294117,0.06165213406602946,581,"Forty nights on a desert mountain top, and you didn't bring a sweater."
2116,1,3,30,34,1.1470588235294117,0.07472293375658888,581,"When the burning bush didn't work, I knew I'd grab your attention with this loud sweater."
2116,1,3,30,34,1.1470588235294117,0.07472293375658888,581,"How much do you covet your brother's hoodie, Moses?"
2116,0,5,29,34,1.1470588235294117,0.06165213406602946,581,Make it 10 and I'll give you this
2116,0,5,29,34,1.1470588235294117,0.06165213406602946,581,thou shalt not put thy wife's favorite sweater in the dryer
2116,1,3,30,34,1.1470588235294117,0.07472293375658888,581,Bible outtakes: The story of Moses and the hoodie of many colors.
2116,0,5,29,34,1.1470588235294117,0.06165213406602946,581,I know it's cold up there. This will warm you and the tablets before you serve them.
2116,1,3,30,34,1.1470588235294117,0.07472293375658888,581,"Just to be clear . . . you want ""thou shall knit"" to replace the thing about idols or coveting?"
2116,2,1,31,34,1.1470588235294117,0.0858256839383612,581,It's just a suggestion.
2116,1,3,30,34,1.1470588235294117,0.07472293375658888,581,"No thanks, I'll be right back."
2116,1,3,30,34,1.1470588235294117,0.07472293375658888,581,One last thing - thou shalt put on thy sweater; it's cold out!
2116,1,3,30,34,1.1470588235294117,0.07472293375658888,581,Soooo... the 10 commandments for the children of Isreal and the sweater for your wife.
2116,0,5,29,34,1.1470588235294117,0.06165213406602946,581,This is the latest trend- breathable fabric and comfy to wear on long walks
2116,0,5,29,34,1.1470588235294117,0.06165213406602946,581,It's size XL. But I'm God. I can make it any size you want.
2116,1,3,30,34,1.1470588235294117,0.07472293375658888,581,"I picked this out for Joseph. Whaddya think, maybe a bit over the top, color-wise?"
2116,1,3,30,34,1.1470588235294117,0.07472293375658888,581,"Remind me to make you some sneakers too, those Birkenstocks are God awful."
2116,1,3,30,34,1.1470588235294117,0.07472293375658888,581,"Here, you can tell your wife you went shopping for her."
2116,1,3,30,34,1.1470588235294117,0.07472293375658888,581,You're going to get the cold shoulder after you read these commandments.
2116,1,3,30,34,1.1470588235294117,0.07472293375658888,581,"It's NOT going to shrink!... trust me, I'm God!"
2116,1,3,30,34,1.1470588235294117,0.07472293375658888,581,Details are my business.
2116,1,3,30,34,1.1470588235294117,0.07472293375658888,581,Thou shall not deny climate change.
2116,0,5,29,34,1.1470588235294117,0.06165213406602946,581,...and this one's just a suggestion...
2116,1,3,30,34,1.1470588235294117,0.07472293375658888,581,"Before you go, here's a suggestion from Mrs. God."
2116,1,3,30,34,1.1470588235294117,0.07472293375658888,581,Saint laurent cashmere
2116,1,3,30,34,1.1470588235294117,0.07472293375658888,581,Number 11 is always wear cashmere.
2116,1,3,30,34,1.1470588235294117,0.07472293375658888,581,"Honor her by finally wearing this sweater she bought at discount for your birthday, and shave that beard so she can see your pretty face."
2116,1,3,30,34,1.1470588235294117,0.07472293375658888,581,Thou shalt also replace your old holey one with this holy one.
2116,1,3,30,34,1.1470588235294117,0.07472293375658888,581,"It looks warm, but is it waterproof?"
2116,0,5,29,34,1.1470588235294117,0.06165213406602946,581,Here...I invented the turtleneck. Now you can lose the beard.
2116,1,3,30,34,1.1470588235294117,0.07472293375658888,581,... and your mom commands that you wear this sweater on the mountain.
2116,1,3,30,34,1.1470588235294117,0.07472293375658888,581,"Before we start, your mom wants you to put on this on."
2116,2,1,31,34,1.1470588235294117,0.0858256839383612,581,"Here, put this on....it will be awhile!"
2116,0,5,29,34,1.1470588235294117,0.06165213406602946,581,"You forgot the eleventh: when hell freezes over, wear your hoodie."
2116,0,5,29,34,1.1470588235294117,0.06165213406602946,581,"One other thing: ""Thou shall not be preoccupied with fashion."""
2116,1,3,30,34,1.1470588235294117,0.07472293375658888,581,Take it. It couldn't hurt.
2202,1,3,31,35,1.1428571428571428,0.07267814558130975,581,"""Thou shalt shop the clearance sale at Bergdorf."" What do you mean, there's no more room?"
2202,1,3,31,35,1.1428571428571428,0.07267814558130975,581,Layers Moishele!
2202,0,5,30,35,1.1428571428571428,0.06001200360120041,581,Six says you shall labor and on the seventh dress casual.
2202,0,5,30,35,1.1428571428571428,0.06001200360120041,581,"Thou shalt wash this in cold water only, and lay it flat to dry."
2206,1,2,26,29,1.1379310344827587,0.08191275442520145,581,Not only can these fingers write on stone but take a look at this sweater I knitted.
2207,1,2,28,31,1.1290322580645162,0.07678955299508441,581,"Mosie Baby, When the burning bush goes out, you'll need a little sweater."
2207,0,4,27,31,1.1290322580645162,0.06120537406777509,581,"Yes, I knit."
2207,1,2,28,31,1.1290322580645162,0.07678955299508441,581,Honor thy father and mother.
2207,1,2,28,31,1.1290322580645162,0.07678955299508441,581,"Here, those are going to get a chilly reception."
2207,1,2,28,31,1.1290322580645162,0.07678955299508441,581,"And, thou shalt not send me any more Christmas sweaters."
2207,1,2,28,31,1.1290322580645162,0.07678955299508441,581,Just put it on and don't argue with me. Reread #4.
2207,1,2,28,31,1.1290322580645162,0.07678955299508441,581,without the burning bush it can get cold on the mount
2207,0,4,27,31,1.1290322580645162,0.06120537406777509,581,Honor thy father and mother.
2207,1,2,28,31,1.1290322580645162,0.07678955299508441,581,They said I could either bow the knee or hang.
2207,0,4,27,31,1.1290322580645162,0.06120537406777509,581,"Put this on, your mother is cold."
2207,0,4,27,31,1.1290322580645162,0.06120537406777509,581,"I thought you said we should expect ""Global Warming"""
2207,1,2,28,31,1.1290322580645162,0.07678955299508441,581,Follow these commandments and get a free Tshirt
2207,0,4,27,31,1.1290322580645162,0.06120537406777509,581,Does my ability to knit surprise you?
2207,0,4,27,31,1.1290322580645162,0.06120537406777509,581,And use this until you invent sunscreen.
2207,1,2,28,31,1.1290322580645162,0.07678955299508441,581,No one will believe you with a runny nose.
2207,1,2,28,31,1.1290322580645162,0.07678955299508441,581,Here. Wear this to protect yourself when you tell them they still can't commit adultery.
2207,1,2,28,31,1.1290322580645162,0.07678955299508441,581,It is pronounced Seder
2207,1,2,28,31,1.1290322580645162,0.07678955299508441,581,"How many times must I tell you ... 'when you climb a mountain for messages, you take a sweater! Oy!'"
2207,0,4,27,31,1.1290322580645162,0.06120537406777509,581,Isn't Joseph's coat a different episode?
2207,0,4,27,31,1.1290322580645162,0.06120537406777509,581,Mother Nature says put this on before you catch your death!
2207,0,4,27,31,1.1290322580645162,0.06120537406777509,581,"It shrunk in the wash, sooooo..."
2207,0,4,27,31,1.1290322580645162,0.06120537406777509,581,Here you go. Your mom said she forgot to put a sweater in your basket
2207,1,2,28,31,1.1290322580645162,0.07678955299508441,581,"Um thanks for the rule book and all, but it's gonna be a couple thousand years before I'll be willing to wear a hoodie."
2207,1,2,28,31,1.1290322580645162,0.07678955299508441,581,Thou shalt put on a sweater
2207,1,2,28,31,1.1290322580645162,0.07678955299508441,581,I made it from an IKEA rug.
2207,0,4,27,31,1.1290322580645162,0.06120537406777509,581,"Your grandmother wanted you to have this, too."
2207,1,2,28,31,1.1290322580645162,0.07678955299508441,581,I'm saving the black one for Steve Jobs.
2207,1,2,28,31,1.1290322580645162,0.07678955299508441,581,Number 11: never wash woolens in water.
2207,1,2,28,31,1.1290322580645162,0.07678955299508441,581,Patagonia or Graven Image?
2207,1,2,28,31,1.1290322580645162,0.07678955299508441,581,"Oh, and here. Jeff Bezos asked me to deliver this."
2207,0,4,27,31,1.1290322580645162,0.06120537406777509,581,Honour your father and your mother. You'll catch cold if you don't put it on.
2207,1,2,28,31,1.1290322580645162,0.07678955299508441,581,Number Eleven! Never pay retail.
2207,1,2,28,31,1.1290322580645162,0.07678955299508441,581,And thou shalt stay warm to please thy mother.
2207,0,4,27,31,1.1290322580645162,0.06120537406777509,581,"Polytheism, no. Polyester, okay."
2207,0,4,27,31,1.1290322580645162,0.06120537406777509,581,"You'll need this sweater, Moishe. It's cold down there."
2207,0,4,27,31,1.1290322580645162,0.06120537406777509,581,Honor thy mother. It's chilly- put on a sweater.
2207,0,4,27,31,1.1290322580645162,0.06120537406777509,581,God prepares him to deliver the Ten Recommendations.
2207,0,4,27,31,1.1290322580645162,0.06120537406777509,581,"Nice try Moses, but I'm not falling for the ole 'I need to come back because I forgot my sweater trick'."
2207,1,2,28,31,1.1290322580645162,0.07678955299508441,581,Wear this until global warming kicks in.
2207,1,2,28,31,1.1290322580645162,0.07678955299508441,581,"No, there is no commandment that prohibits regifting, but I am vengeful. And omniscient."
2207,1,2,28,31,1.1290322580645162,0.07678955299508441,581,I will now set forth my 'Ten Suggestions.'
2207,0,4,27,31,1.1290322580645162,0.06120537406777509,581,Here put this one or you'll freeze to death. Take 2 tablets and call me in the morning.
2207,1,2,28,31,1.1290322580645162,0.07678955299508441,581,I'll need this back by Thursday.
2207,0,4,27,31,1.1290322580645162,0.06120537406777509,581,"I lost the third tablet, so I scribbled it on the back of this jacket instead."
2207,1,2,28,31,1.1290322580645162,0.07678955299508441,581,now I understand the handling fee
2207,0,4,27,31,1.1290322580645162,0.06120537406777509,581,"Mom, stop you're embarrassing me!"
2207,0,4,27,31,1.1290322580645162,0.06120537406777509,581,Call it number 11. You shall always accept God's hand me downs
2207,0,4,27,31,1.1290322580645162,0.06120537406777509,581,The Church was having a yard sale
2207,0,4,27,31,1.1290322580645162,0.06120537406777509,581,Number 11: Layer.
2207,1,2,28,31,1.1290322580645162,0.07678955299508441,581,You will need this when hell freezes over.
2207,0,4,27,31,1.1290322580645162,0.06120537406777509,581,Thou shalt not covet thy neighbor's Patagonia either.
2207,2,0,29,31,1.1290322580645162,0.08970603705210413,581,"No, really, I like it just as much as these!"
2207,1,2,28,31,1.1290322580645162,0.07678955299508441,581,Thank you for doing business with Amazon.
2207,0,4,27,31,1.1290322580645162,0.06120537406777509,581,"When darkness and destruction descends on the earth, it may get a bit chilly!"
2207,1,2,28,31,1.1290322580645162,0.07678955299508441,581,"You may have been created in my image, Moses, but you're a lousy dresser."
2207,1,2,28,31,1.1290322580645162,0.07678955299508441,581,"Yes, I know but it can get cold on the mountain."
2207,0,4,27,31,1.1290322580645162,0.06120537406777509,581,"I know it's the desert, but it gets cold at night."
2207,1,2,28,31,1.1290322580645162,0.07678955299508441,581,"God, you are so bossy!"
2207,1,2,28,31,1.1290322580645162,0.07678955299508441,581,"Oy vey, I remember when a sweater went for five commandments."
2207,0,4,27,31,1.1290322580645162,0.06120537406777509,581,Our covenant includes a deal with LL Bean
2207,0,4,27,31,1.1290322580645162,0.06120537406777509,581,No returns after 30 days. It's in the fine print.
2207,0,4,27,31,1.1290322580645162,0.06120537406777509,581,"You thought Global Warming was a bad thing, so enjoy the next Ice Age."
2207,1,2,28,31,1.1290322580645162,0.07678955299508441,581,"Take it, take it. TAKE IT!"
2207,0,4,27,31,1.1290322580645162,0.06120537406777509,581,Because it will be a cold day in hell before there are other gods before me
2207,0,4,27,31,1.1290322580645162,0.06120537406777509,581,If this doesn't fit you can return it within thirty days.
2207,1,2,28,31,1.1290322580645162,0.07678955299508441,581,"...and when they start coveting thy sweater, thou shalt know what to say."
2207,1,2,28,31,1.1290322580645162,0.07678955299508441,581,"You’re likely to get a chilly reception when you read those, so you might want to put this on."
2207,2,0,29,31,1.1290322580645162,0.08970603705210413,581,You're going to need this because of the cold reception you're get.
2207,0,4,27,31,1.1290322580645162,0.06120537406777509,581,Buy two tablets get a sweater free.
2207,0,4,27,31,1.1290322580645162,0.06120537406777509,581,Your mother says you need this.
2207,1,2,28,31,1.1290322580645162,0.07678955299508441,581,Thou shalt wear alpaca.
2207,1,2,28,31,1.1290322580645162,0.07678955299508441,581,Bestowing purls.
2207,1,2,28,31,1.1290322580645162,0.07678955299508441,581,"I'm Mrs. Yahweh. Here, dear, something for the chill up here."
2207,1,2,28,31,1.1290322580645162,0.07678955299508441,581,It wouldn't hurt you to listen to your mother for once
2207,2,0,29,31,1.1290322580645162,0.08970603705210413,581,"Here, Amazon was having a sale."
2207,0,4,27,31,1.1290322580645162,0.06120537406777509,581,I'm on Amazon.com.!
2207,1,2,28,31,1.1290322580645162,0.07678955299508441,581,THOUGH SHALT NOT ADVERTISE AS ONE SIZE FITS ALL.
2207,1,2,28,31,1.1290322580645162,0.07678955299508441,581,what's the delivery charge?
2207,0,4,27,31,1.1290322580645162,0.06120537406777509,581,..and Thou Shalt Not Catch Cold.
2207,0,4,27,31,1.1290322580645162,0.06120537406777509,581,"Wear the turtleneck Moses. You're less likely to be stoned if they think you're a hipster. If you have them, some chinos and loafers would be a nice touch."
2207,0,4,27,31,1.1290322580645162,0.06120537406777509,581,Thou shalt not forsake the winter sweater sale at Old Navy.
2207,1,2,28,31,1.1290322580645162,0.07678955299508441,581,"And then God created the 3/4 sleeve, and so we could cover our elbows but never our wrists."
2207,0,4,27,31,1.1290322580645162,0.06120537406777509,581,Thou shalt knit.
2207,1,2,28,31,1.1290322580645162,0.07678955299508441,581,A gift is not something you get at a thrift store. OMG. What a cheapskate. And it has too many colors for me. Save it for Joseph.
2207,0,4,27,31,1.1290322580645162,0.06120537406777509,581,Don't ask.
2207,0,4,27,31,1.1290322580645162,0.06120537406777509,581,You could be in for a chilly reception
2207,0,4,27,31,1.1290322580645162,0.06120537406777509,581,Congratulations. Here is your varsity sweater.
2207,1,2,28,31,1.1290322580645162,0.07678955299508441,581,"Err, ""cold day in hell"" was just a figure of speech."
2207,1,2,28,31,1.1290322580645162,0.07678955299508441,581,I got this for you on a stopover in Iceland.
2207,0,4,27,31,1.1290322580645162,0.06120537406777509,581,Did you keep the receipt?
2207,1,2,28,31,1.1290322580645162,0.07678955299508441,581,Mary said it will make you look more approachable.
2207,1,2,28,31,1.1290322580645162,0.07678955299508441,581,Evidence that God is a Mom.
2207,1,2,28,31,1.1290322580645162,0.07678955299508441,581,Shopping on a tablet is divine!
2207,2,0,29,31,1.1290322580645162,0.08970603705210413,581,"Really, I shouldn't have to tell you."
2207,0,4,27,31,1.1290322580645162,0.06120537406777509,581,Here's a little something for your trouble.
2207,1,2,28,31,1.1290322580645162,0.07678955299508441,581,"No,no,no,no, it's a ""miracle"" you don't catch your death up there on that mountain of yours."
2207,1,2,28,31,1.1290322580645162,0.07678955299508441,581,I'm thinking for 11 - Thou shalt stay warm. What do you think?
2207,0,4,27,31,1.1290322580645162,0.06120537406777509,581,It's the hoodie of many colors.
2207,1,2,28,31,1.1290322580645162,0.07678955299508441,581,"Well, I planned to burn a bush for some warmth, but the fire danger's too high today, so take this instead"
2207,0,4,27,31,1.1290322580645162,0.06120537406777509,581,Amazon also offers clothing & accessories.
2207,1,2,28,31,1.1290322580645162,0.07678955299508441,581,Amazon Bypasses Restrictive Drone Laws
2207,1,2,28,31,1.1290322580645162,0.07678955299508441,581,It doesn't fit me.
2207,2,0,29,31,1.1290322580645162,0.08970603705210413,581,And this is from your grandmother.
2207,1,2,28,31,1.1290322580645162,0.07678955299508441,581,It's more of a suggestion than a commandment.
2207,0,4,27,31,1.1290322580645162,0.06120537406777509,581,"I said, ""Thou shalt not COVER"""
2207,1,2,28,31,1.1290322580645162,0.07678955299508441,581,"Oh, and XI: Thou shalt not mess with the thermostat."
2207,1,2,28,31,1.1290322580645162,0.07678955299508441,581,"Show them this cashmere, that should convince them."
2207,0,4,27,31,1.1290322580645162,0.06120537406777509,581,Almost forgot. Thou shalt not be chilly.
2207,0,4,27,31,1.1290322580645162,0.06120537406777509,581,"And, finally, thou shalt not wear this parka before Thanksgiving."
2207,1,2,28,31,1.1290322580645162,0.07678955299508441,581,"No, this is your coat of arms."
2207,1,2,28,31,1.1290322580645162,0.07678955299508441,581,A swap? Are you serious?
2207,1,2,28,31,1.1290322580645162,0.07678955299508441,581,Commandment #11: Thou shalt not make any returns past the 7th day.
2207,1,2,28,31,1.1290322580645162,0.07678955299508441,581,"""Here, try this. Redingote are out of date and scaring people now. Try Wool to be Cool"". -Hipster God."
2207,1,2,28,31,1.1290322580645162,0.07678955299508441,581,This one's more of a fatherly suggestion.
2207,1,2,28,31,1.1290322580645162,0.07678955299508441,581,"Okay, Moses. We have a deal. I’ll give you the two autographed tablets and throw in this virgin lamb’s wool hoodie for a golden calf."
2207,1,2,28,31,1.1290322580645162,0.07678955299508441,581,The eleventh commandment is always take a jacket when you climb a mountain.
2207,1,2,28,31,1.1290322580645162,0.07678955299508441,581,"I AM the Lord your God... now take this, honey. It's a bit nippy in Canaan."
2207,1,2,28,31,1.1290322580645162,0.07678955299508441,581,"And for a limited time only, you get a free sweater with your purchase"
2207,1,2,28,31,1.1290322580645162,0.07678955299508441,581,It's wool.
2207,1,2,28,31,1.1290322580645162,0.07678955299508441,581,"I told your mother I'd give you the sweater, but there'll be no 'Dress Warmly' commandment."
2207,1,2,28,31,1.1290322580645162,0.07678955299508441,581,"Oh, one last thing. You will be needing this where you are heading. It has frozen over."
2207,0,4,27,31,1.1290322580645162,0.06120537406777509,581,"Thou shalt not cruise retail stores, then buy the same item on line"
2207,1,2,28,31,1.1290322580645162,0.07678955299508441,581,Thou shalt not covet Patagonia
2207,0,4,27,31,1.1290322580645162,0.06120537406777509,581,"Wait, there's one more -- #11: Dry Clean Only!"
2207,0,4,27,31,1.1290322580645162,0.06120537406777509,581,"After Moses takes the 10 Commandments, G_d makes the first Suggestion – take this sweater so you shouldn’t catch a cold."
2207,0,4,27,31,1.1290322580645162,0.06120537406777509,581,Trade?
2207,0,4,27,31,1.1290322580645162,0.06120537406777509,581,It's going to get chilly down there.
2207,1,2,28,31,1.1290322580645162,0.07678955299508441,581,"More than bless, you need sweater!"
2207,0,4,27,31,1.1290322580645162,0.06120537406777509,581,"Last but not least, it's Merino wool. You're welcome."
2207,0,4,27,31,1.1290322580645162,0.06120537406777509,581,And that's not all!
2207,1,2,28,31,1.1290322580645162,0.07678955299508441,581,If people take those seriously you'll need this for when Hell freezes over.
2207,1,2,28,31,1.1290322580645162,0.07678955299508441,581,"One last thing Moses, Winter is Coming."
2207,0,4,27,31,1.1290322580645162,0.06120537406777509,581,"At this height on the mountain, you'll need your winter coat."
2207,2,0,29,31,1.1290322580645162,0.08970603705210413,581,"it's couture...trust me, it's a thing."
2207,0,4,27,31,1.1290322580645162,0.06120537406777509,581,"Oh, and one more: Thou shalt not dress like a schlub."
2207,1,2,28,31,1.1290322580645162,0.07678955299508441,581,Dad can tut-tut all he wants. I'm still your mom.
2207,0,4,27,31,1.1290322580645162,0.06120537406777509,581,This doesn't help with cold feet but it's a start...
2207,0,4,27,31,1.1290322580645162,0.06120537406777509,581,"It's great, but do you think we could've put the commandments on some lightweight fabric too?"
2207,1,2,28,31,1.1290322580645162,0.07678955299508441,581,I want you to start in Iceland.
2207,1,2,28,31,1.1290322580645162,0.07678955299508441,581,"Yes, I did say to take two tablets, but you must also keep from getting chilled."
2207,0,4,27,31,1.1290322580645162,0.06120537406777509,581,"The good news is, at least it's frozen over."
2207,1,2,28,31,1.1290322580645162,0.07678955299508441,581,Have you forgotten? You ordered it on your tablet!
2207,1,2,28,31,1.1290322580645162,0.07678955299508441,581,"Here you go. Please, get rid of the ugly Xmas sweater."
2207,1,2,28,31,1.1290322580645162,0.07678955299508441,581,". . . and, Moses, put on this sweater. Your mother's cold."
2207,1,2,28,31,1.1290322580645162,0.07678955299508441,581,Maybe you'll look more like Charlton Heston with this on.
2207,1,2,28,31,1.1290322580645162,0.07678955299508441,581,"Last offer, it's a pashmina, cage-free pull-over, for those two slabs."
2207,0,4,27,31,1.1290322580645162,0.06120537406777509,581,"The 11th commandment, which I didn't give you was: Never go out at night without a sweater!"
2207,1,2,28,31,1.1290322580645162,0.07678955299508441,581,"Oh, and here is something for the little lady."
2207,0,4,27,31,1.1290322580645162,0.06120537406777509,581,One more thing: Thou shalt wear your sweater. It's going to be cold today.
2207,1,2,28,31,1.1290322580645162,0.07678955299508441,581,Our focus group says this and the beard will make you more relevant to the under 55 set.
2207,1,2,28,31,1.1290322580645162,0.07678955299508441,581,"I said capsules, not tablets. Use this to fight the fever."
2358,0,4,28,32,1.125,0.05939887041393643,581,Don't covet it. Just wear it.
2358,0,4,28,32,1.125,0.05939887041393643,581,"Forgot one: ""Thou shall not go out without your sweater"""
2358,0,4,28,32,1.125,0.05939887041393643,581,They will mock you. Wear your mock neck.
2358,1,2,29,32,1.125,0.07446042464765883,581,"Location, Lord, location. Couldn't you promise us a more centrally located land?"
2358,1,2,29,32,1.125,0.07446042464765883,581,"and lastly, thou shalt wear this sweater so thou shalt not catch pneumonia shlepping around in that outfit!"
2358,1,2,29,32,1.125,0.07446042464765883,581,The 11th commandment : Never leave without a sweater.
2358,1,2,29,32,1.125,0.07446042464765883,581,A gift for me ? Thou shalt not have.
2358,0,4,28,32,1.125,0.05939887041393643,581,"To keep them warm, and hide the fat."
2358,2,0,30,32,1.125,0.08695104295503155,581,"Let's see. It's two tablets a day and wear the sweater when I feel a draft. The socks will be ready next week, and your name is Agnes."
2358,1,2,29,32,1.125,0.07446042464765883,581,"Like a burning bush, it's so warm."
2358,0,4,28,32,1.125,0.05939887041393643,581,"The first commandment should be dress accordingly. Here, put this on before you catch a cold."
2358,0,4,28,32,1.125,0.05939887041393643,581,Winter is here.
2358,1,2,29,32,1.125,0.07446042464765883,581,Thou shalt wear Gore-Tex.
2358,1,2,29,32,1.125,0.07446042464765883,581,"And... Number 11...always take a sweater. If you don't need, then you'll take it off."
2358,0,4,28,32,1.125,0.05939887041393643,581,Thou shalt not catch thy death.
2358,1,2,29,32,1.125,0.07446042464765883,581,So G-d really is a 'She'.
2358,1,2,29,32,1.125,0.07446042464765883,581,"Take two tablets, stay warm and pray to me in the morning."
2358,0,4,28,32,1.125,0.05939887041393643,581,"One last thing, always wear your sweater outdoors."
2358,1,2,29,32,1.125,0.07446042464765883,581,I'll trade you .
2358,1,2,29,32,1.125,0.07446042464765883,581,Let's add one more - Thou shall not re-gift.
2358,1,2,29,32,1.125,0.07446042464765883,581,In case people give you the cold shoulder.
2358,0,4,28,32,1.125,0.05939887041393643,581,When your descendents go to the mountaintops they will be thus attired.
2358,1,2,29,32,1.125,0.07446042464765883,581,Eleventh Commandment! A sweater is what you wear when your Mother is cold!
2358,0,4,28,32,1.125,0.05939887041393643,581,You may need this in case they don't listen. The desert gets cold at night.
2358,0,4,28,32,1.125,0.05939887041393643,581,"Say, Can you give Joseph this. He must have left it."
2358,1,2,29,32,1.125,0.07446042464765883,581,this decalogue is hardly fair trade for my hand woven egyptian wool sweater
2358,0,4,28,32,1.125,0.05939887041393643,581,Or we can embroider them on this lovely sweater...
2358,0,4,28,32,1.125,0.05939887041393643,581,Not the striped one. It itches.
2358,0,4,28,32,1.125,0.05939887041393643,581,Guard the Sabbath and Keep it Hygge.
2358,0,4,28,32,1.125,0.05939887041393643,581,Winter is coming! Oh. Sorry. Wrong show ...
2358,0,4,28,32,1.125,0.05939887041393643,581,"Hey, big shot, you forgot your sweater."
2358,0,4,28,32,1.125,0.05939887041393643,581,Here's your Amazon Prime order.
2358,1,2,29,32,1.125,0.07446042464765883,581,Thou shalt not crochet.
2358,1,2,29,32,1.125,0.07446042464765883,581,AND ALWAYS BUY WHOLESALE
2392,1,2,30,33,1.121212121212121,0.07226812131946558,581,This should cover it.
2393,0,3,25,28,1.1071428571428572,0.05952380952380955,581,I used to think drone delivery was heavenly.
2393,1,1,26,28,1.1071428571428572,0.07866756984761514,581,"Thou shalt not kilt, but you better sweater."
2393,1,1,26,28,1.1071428571428572,0.07866756984761514,581,"Oh, and 11th is: match colors to the season. Here, get on the program Moses."
2393,0,3,25,28,1.1071428571428572,0.05952380952380955,581,"It'll look good on you, you have my word."
2393,0,3,25,28,1.1071428571428572,0.05952380952380955,581,Try changing your look
2393,0,3,25,28,1.1071428571428572,0.05952380952380955,581,I miss the burning bush.
2393,1,1,26,28,1.1071428571428572,0.07866756984761514,581,But I wanted a cardigan. Is that from the sale rack? Who does your nails?
2393,0,3,25,28,1.1071428571428572,0.05952380952380955,581,Amazon's new ...Instant Delivery!
2393,0,3,25,28,1.1071428571428572,0.05952380952380955,581,Honor thy father! It's nippy my child.
2393,0,3,25,28,1.1071428571428572,0.05952380952380955,581,"With this message, you should expect an icy reception."
2393,1,1,26,28,1.1071428571428572,0.07866756984761514,581,It gets chilly way up here and I like to crochet in my spare time.
2393,0,3,25,28,1.1071428571428572,0.05952380952380955,581,I am the mother of all things -- and all things shall put on a sweater.
2393,0,3,25,28,1.1071428571428572,0.05952380952380955,581,"""Take the two tablets, dress warmly, and call me in yhe morning""."
2393,1,1,26,28,1.1071428571428572,0.07866756984761514,581,"And then God said unto Moses: ""That's a wrap."""
2393,1,1,26,28,1.1071428571428572,0.07866756984761514,581,Thou shalt have no other hand-me-downs before mine.
2393,1,1,26,28,1.1071428571428572,0.07866756984761514,581,Your mother is cold. She commands you put a sweater on.
2393,0,3,25,28,1.1071428571428572,0.05952380952380955,581,"I'm thinking stone makes a stronger statement than yarn, but then again, who am I to question."
2393,0,3,25,28,1.1071428571428572,0.05952380952380955,581,Or I can teach you to play hacky sack. Up to you.
2393,1,1,26,28,1.1071428571428572,0.07866756984761514,581,"For your cold, take the two tablets and dress warmly."
2393,0,3,25,28,1.1071428571428572,0.05952380952380955,581,Tell Dathan he won't need this where he's going.
2393,0,3,25,28,1.1071428571428572,0.05952380952380955,581,"No return on the tablets, but I'll take back the sweater if it doesn't fit."
2393,0,3,25,28,1.1071428571428572,0.05952380952380955,581,And the 11th is cable-knit
2393,1,1,26,28,1.1071428571428572,0.07866756984761514,581,"I'll take the Hoody, you'll have enough problems with the tablets."
2393,0,3,25,28,1.1071428571428572,0.05952380952380955,581,Got it. Moths and weevils.
2393,1,1,26,28,1.1071428571428572,0.07866756984761514,581,Thou shalt buy clothing from Lord & Taylor.
2393,1,1,26,28,1.1071428571428572,0.07866756984761514,581,"Oh, and one more thing. Thou shalt not wear turtleneck sweaters like this one. They're just dumb."
2393,0,3,25,28,1.1071428571428572,0.05952380952380955,581,Thou shall not leave thy sweater at thy neighbor’s wife’s house.
2393,0,3,25,28,1.1071428571428572,0.05952380952380955,581,And you have to do it in an itchy sweater.
2393,1,1,26,28,1.1071428571428572,0.07866756984761514,581,You can at least say you lived to see the promised Lands End.
2393,1,1,26,28,1.1071428571428572,0.07866756984761514,581,With fifteen you get the whole suit.
2393,0,3,25,28,1.1071428571428572,0.05952380952380955,581,"If you want to honor thy mother, just take it …"
2393,0,3,25,28,1.1071428571428572,0.05952380952380955,581,You shall have no other goods before Me!
2393,1,1,26,28,1.1071428571428572,0.07866756984761514,581,You might catch Pneumonia in that robe . . . don't need to end up in Mt. Sinai.
2393,1,1,26,28,1.1071428571428572,0.07866756984761514,581,""" Don't question the hand of God."" O.K. Mom!"
2393,0,3,25,28,1.1071428571428572,0.05952380952380955,581,"But wait - there's more! And only one hundred shekels plus shipping and handling, ay-yay-yay!"
2393,0,3,25,28,1.1071428571428572,0.05952380952380955,581,"The beard is good, but trim it."
2393,0,3,25,28,1.1071428571428572,0.05952380952380955,581,"Moses trust me, this will make it more hip for the kids."
2393,1,1,26,28,1.1071428571428572,0.07866756984761514,581,Thou shalt not shiver.
2393,0,3,25,28,1.1071428571428572,0.05952380952380955,581,And if that fails try selling this.
2393,0,3,25,28,1.1071428571428572,0.05952380952380955,581,This is so you remember to tell them the about the sweater rule. The other ten you can smash for all I care.
2393,0,3,25,28,1.1071428571428572,0.05952380952380955,581,"Yes, Moses, it is a flak jacket, and believe Me, you're going to need it."
2393,0,3,25,28,1.1071428571428572,0.05952380952380955,581,This one is just for you.
2393,0,3,25,28,1.1071428571428572,0.05952380952380955,581,One more -- Sweater Saturday! Thou shalt wear a sweater every Saturday.
2393,1,1,26,28,1.1071428571428572,0.07866756984761514,581,"Desert, schmesert, down there, at night, it's cold."
2393,1,1,26,28,1.1071428571428572,0.07866756984761514,581,Corporate says we need to modernize
2393,1,1,26,28,1.1071428571428572,0.07866756984761514,581,Take this with those 2 cold tablets.
2393,1,1,26,28,1.1071428571428572,0.07866756984761514,581,I'm pretty sure he's at Mar-a-Lago.
2393,0,3,25,28,1.1071428571428572,0.05952380952380955,581,Didn't your mother tell you to wear this?
2393,0,3,25,28,1.1071428571428572,0.05952380952380955,581,"Becsuse 1: there's a draft, and 2: your mother said so, and she's covered by #5."
2393,1,1,26,28,1.1071428571428572,0.07866756984761514,581,... and update your wardrobe.
2393,1,1,26,28,1.1071428571428572,0.07866756984761514,581,"Take these two tablets, wash in cold water, then block your clean garment."
2393,0,3,25,28,1.1071428571428572,0.05952380952380955,581,The missus made it for you.
2393,0,3,25,28,1.1071428571428572,0.05952380952380955,581,"XI. "" ... and if it be VERY cold, thou shalt also wear a hat and mittens."""
2393,0,3,25,28,1.1071428571428572,0.05952380952380955,581,Numer eleven. Listen to your mother. It's cold up there.
2393,0,3,25,28,1.1071428571428572,0.05952380952380955,581,You mean I can't even covet my neighbor's sweater?
2393,1,1,26,28,1.1071428571428572,0.07866756984761514,581,Thou shall not cover thy neighbors wife.
2393,1,1,26,28,1.1071428571428572,0.07866756984761514,581,"Oh can you also drop this off at the dryclean... No, sorry, the commandments will be fine."
2393,0,3,25,28,1.1071428571428572,0.05952380952380955,581,Thous shalt not dry clean.
2393,1,1,26,28,1.1071428571428572,0.07866756984761514,581,""" I crochet in my spare time""."
2393,1,1,26,28,1.1071428571428572,0.07866756984761514,581,Even in paradise we have a dressing code
2393,1,1,26,28,1.1071428571428572,0.07866756984761514,581,Let my hoodie go
2393,1,1,26,28,1.1071428571428572,0.07866756984761514,581,it's cold. Put this on when you take off your shoes.
2393,1,1,26,28,1.1071428571428572,0.07866756984761514,581,Heavenly to have a Body Freedom girl with us!
2393,0,3,25,28,1.1071428571428572,0.05952380952380955,581,You'll need this for the chilling response of those G-d damn atheists!
2393,0,3,25,28,1.1071428571428572,0.05952380952380955,581,"It's just a cold. Use this hoodie, take two tablets, and call me in the morning."
2393,1,1,26,28,1.1071428571428572,0.07866756984761514,581,No! I asked for one with a zipper!
2393,0,3,25,28,1.1071428571428572,0.05952380952380955,581,"Now that I'm done with stone carving, I'm taking up knitting."
2393,0,3,25,28,1.1071428571428572,0.05952380952380955,581,You are going to have a cold reception
2393,1,1,26,28,1.1071428571428572,0.07866756984761514,581,Number 11: Thy shalt honor thy mother's wishes
2393,1,1,26,28,1.1071428571428572,0.07866756984761514,581,"Trust me here, Mo. You'll kill in this, so to speak."
2393,1,1,26,28,1.1071428571428572,0.07866756984761514,581,Only if I can send it back.
2393,0,3,25,28,1.1071428571428572,0.05952380952380955,581,Here. It's a little chilly up here.
2393,1,1,26,28,1.1071428571428572,0.07866756984761514,581,Just take two tablets and bundle up.
2393,0,3,25,28,1.1071428571428572,0.05952380952380955,581,"And the LORD said unto Moses, ""it might be chilly on the way down, just take it in case..."""
2393,0,3,25,28,1.1071428571428572,0.05952380952380955,581,"Ugly as it may be, you'll need it for my son's birthday party."
2393,0,3,25,28,1.1071428571428572,0.05952380952380955,581,Keep the Sabbath day holy and cedar in the sleeves when your not wearing it.
2393,0,3,25,28,1.1071428571428572,0.05952380952380955,581,"Dry cleanith only, as it is written."
2393,1,1,26,28,1.1071428571428572,0.07866756984761514,581,Deus ex Sweaterca
2393,1,1,26,28,1.1071428571428572,0.07866756984761514,581,"Remember to keep the Sabbath day, homie."
2393,1,1,26,28,1.1071428571428572,0.07866756984761514,581,Thou shall not clash.
2393,0,3,25,28,1.1071428571428572,0.05952380952380955,581,Number 11 isn't written down: Always wear something warm on cold Sinai nights.
2393,0,3,25,28,1.1071428571428572,0.05952380952380955,581,There is a 50% chance that a cold front will come through tonight.
2393,0,3,25,28,1.1071428571428572,0.05952380952380955,581,"Also, can you also return this to Walmart for me?"
2393,1,1,26,28,1.1071428571428572,0.07866756984761514,581,"I was kidding about the gay stuff and the mixed fabrics stuff. Here, take a rainbow sweater."
2393,0,3,25,28,1.1071428571428572,0.05952380952380955,581,"I know you don't always like my motherly tendencies, but I knitted it just for you."
2393,0,3,25,28,1.1071428571428572,0.05952380952380955,581,Number Eleven: Thou shalt not wash thy wool sweater in hot water.
2393,1,1,26,28,1.1071428571428572,0.07866756984761514,581,"Drawing by Benjamin Schwartz, Contest #581, August 28, 2017"
2393,0,3,25,28,1.1071428571428572,0.05952380952380955,581,I take a 40 Regular without the Tablets
2393,1,1,26,28,1.1071428571428572,0.07866756984761514,581,"You dress so shabbily. Take this rainbow coat of many colors, it's very gay"
2393,1,1,26,28,1.1071428571428572,0.07866756984761514,581,"Behold, I bring you a gift from the Lord of Lost Polly Pockets."
2393,1,1,26,28,1.1071428571428572,0.07866756984761514,581,That's the benefit of being the Holy Shepherd.
2393,0,3,25,28,1.1071428571428572,0.05952380952380955,581,"No, you don't need it to be waterproof. Trust me."
2393,1,1,26,28,1.1071428571428572,0.07866756984761514,581,Wear this to give you street cred.
2393,0,3,25,28,1.1071428571428572,0.05952380952380955,581,"And, a little something for your wife for the effort."
2393,0,3,25,28,1.1071428571428572,0.05952380952380955,581,"It was on sale, you'll grow into it."
2393,0,3,25,28,1.1071428571428572,0.05952380952380955,581,Your mother said you should wear a sweater.
2393,1,1,26,28,1.1071428571428572,0.07866756984761514,581,No mention of coveting a jacket.
2393,0,3,25,28,1.1071428571428572,0.05952380952380955,581,Thanks for signing up for Anazon Primes Direct Service.
2393,0,3,25,28,1.1071428571428572,0.05952380952380955,581,"When they get around to reading them, you'll need some street cred."
2393,1,1,26,28,1.1071428571428572,0.07866756984761514,581,Your mother says it's cold
2393,1,1,26,28,1.1071428571428572,0.07866756984761514,581,The next time you see me I'll be a freezing bush.
2393,0,3,25,28,1.1071428571428572,0.05952380952380955,581,It's a size X.
2393,1,1,26,28,1.1071428571428572,0.07866756984761514,581,We're scrapping the original tablets. You're need a jacket while we come up with new rules.
2393,0,3,25,28,1.1071428571428572,0.05952380952380955,581,I understand you'll believe in me when hell freezes over.
2393,0,3,25,28,1.1071428571428572,0.05952380952380955,581,And you should wear more horizontal stripes.
2393,1,1,26,28,1.1071428571428572,0.07866756984761514,581,YOU SHALL NOT CATCH COLD !!
2393,1,1,26,28,1.1071428571428572,0.07866756984761514,581,"Do you have it in navy, no stripes?"
2393,1,1,26,28,1.1071428571428572,0.07866756984761514,581,"Global warming, global schmorming."
2393,1,1,26,28,1.1071428571428572,0.07866756984761514,581,"Oh my God, can we add one more? Please, no horizontal stripes."
2393,1,1,26,28,1.1071428571428572,0.07866756984761514,581,"And number eleven, thou shalt not mock turtleneck."
2393,0,3,25,28,1.1071428571428572,0.05952380952380955,581,Better wear this ... it's gonna be a chilly reception ...
2393,1,1,26,28,1.1071428571428572,0.07866756984761514,581,"Remember thy neck, to keep it warm"
2393,1,1,26,28,1.1071428571428572,0.07866756984761514,581,I thought they were cold tablets.
2393,0,3,25,28,1.1071428571428572,0.05952380952380955,581,"I don't care how other prophets are dressing, thou shalt wear this to school, my son."
2393,0,3,25,28,1.1071428571428572,0.05952380952380955,581,Thou shalt not covet the Lord's comfy sweater.
2393,1,1,26,28,1.1071428571428572,0.07866756984761514,581,What about this for your little Christian mingle?
2393,0,3,25,28,1.1071428571428572,0.05952380952380955,581,This will last longer than the burning bush.
2393,0,3,25,28,1.1071428571428572,0.05952380952380955,581,Try it on. That's a commandment!
2393,0,3,25,28,1.1071428571428572,0.05952380952380955,581,You might get a chilly reception when you return.
2393,0,3,25,28,1.1071428571428572,0.05952380952380955,581,"If you give me those two paper towel rolls, I'll give you this sweater."
2393,1,1,26,28,1.1071428571428572,0.07866756984761514,581,Your mother's right -- it does get chilly in the desert after dinner.
2393,1,1,26,28,1.1071428571428572,0.07866756984761514,581,And one more thing: Thou shalt not wear turtleneck sweaters.
2393,1,1,26,28,1.1071428571428572,0.07866756984761514,581,I've given up golf for knitting.
2393,1,1,26,28,1.1071428571428572,0.07866756984761514,581,A hoodie in the Sinai? Really?
2393,0,3,25,28,1.1071428571428572,0.05952380952380955,581,It gets cold up here.
2393,0,3,25,28,1.1071428571428572,0.05952380952380955,581,"If you want to destroy my sweater, break the tablets and walk away."
2393,0,3,25,28,1.1071428571428572,0.05952380952380955,581,"Let it be written: ""No striped turtleneck shirts with sandals!"""
2393,0,3,25,28,1.1071428571428572,0.05952380952380955,581,let's just stick with the first 10
2393,1,1,26,28,1.1071428571428572,0.07866756984761514,581,Is this an attempt to eclipse me?
2393,1,1,26,28,1.1071428571428572,0.07866756984761514,581,Keep it under wraps.
2393,0,3,25,28,1.1071428571428572,0.05952380952380955,581,And number eleven: hand wash only.
2393,1,1,26,28,1.1071428571428572,0.07866756984761514,581,"Sent by Amazon Echo, paid for by God"
2393,0,3,25,28,1.1071428571428572,0.05952380952380955,581,You might need this. The desert gets cold at night.
2393,0,3,25,28,1.1071428571428572,0.05952380952380955,581,"Eleven, thou shalt not wash wool in hot water."
2393,0,3,25,28,1.1071428571428572,0.05952380952380955,581,No! No! I said: Thou Shalt Knit!
2393,1,1,26,28,1.1071428571428572,0.07866756984761514,581,This will help you to avoid brain freeze so you won't drop the tablets.
2393,1,1,26,28,1.1071428571428572,0.07866756984761514,581,Drop the tablets and take the sweater.
2393,0,3,25,28,1.1071428571428572,0.05952380952380955,581,Here is a little reward for doing the Tablet thing for me.
2393,0,3,25,28,1.1071428571428572,0.05952380952380955,581,Not a commandment. Just a suggestion. Fashion is your friend.
2393,1,1,26,28,1.1071428571428572,0.07866756984761514,581,In case hell freezes over...
2393,0,3,25,28,1.1071428571428572,0.05952380952380955,581,"Oh, and thou shalt not wear turtlenecks in the summer."
2393,1,1,26,28,1.1071428571428572,0.07866756984761514,581,"Welcome to the valley Moses. You shall lead the tribe with my tablets, omnipresent cloud, and this lofty hoodie. Together, we will make the world a better place."
2393,0,3,25,28,1.1071428571428572,0.05952380952380955,581,"Welcome to the valley Moses. You shall lead the tribe with my tablets, omnipresent cloud, and this lofty hoodie. Together, we will make the world a better place."
2393,0,3,25,28,1.1071428571428572,0.05952380952380955,581,Be prepared for an ice age.
2393,0,3,25,28,1.1071428571428572,0.05952380952380955,581,Now. will you stop grumbling about how cold it is up here and write Dow what I tell you?
2393,1,1,26,28,1.1071428571428572,0.07866756984761514,581,Your mom said that you are not dressed properly for a cold mountain top and asked me to give you this.
2393,0,3,25,28,1.1071428571428572,0.05952380952380955,581,"I realize that this is kind of sudden, but we have need for someone like you in Saskatchewan."
2393,1,1,26,28,1.1071428571428572,0.07866756984761514,581,Thou shalt also be warm.
2393,0,3,25,28,1.1071428571428572,0.05952380952380955,581,Thou shall not knit.
2393,1,1,26,28,1.1071428571428572,0.07866756984761514,581,Bubbie says you'll catch your death.
2393,0,3,25,28,1.1071428571428572,0.05952380952380955,581,I knew the 6th commandment could be a problem.
2393,1,1,26,28,1.1071428571428572,0.07866756984761514,581,"Is that a ""Free People"" sweater? It's too radical for the people. Let's stick with the tablets."
2393,0,3,25,28,1.1071428571428572,0.05952380952380955,581,A little something extra for the grandchildren.
2393,0,3,25,28,1.1071428571428572,0.05952380952380955,581,A hair shirt! Are the stone tablets too much?
2393,0,3,25,28,1.1071428571428572,0.05952380952380955,581,"Listen, I've already told you, Joseph got the technicolor dreamcoat."
2393,0,3,25,28,1.1071428571428572,0.05952380952380955,581,It's not the weather I'm worried about. It's your circumcision concept.
2393,1,1,26,28,1.1071428571428572,0.07866756984761514,581,"Trust me, I don't need to ask the weatherman."
2393,0,3,25,28,1.1071428571428572,0.05952380952380955,581,Dry clean only?!?
2393,1,1,26,28,1.1071428571428572,0.07866756984761514,581,11 always wear a warm sweater
2393,0,3,25,28,1.1071428571428572,0.05952380952380955,581,Thou shall not wear a turtleneck.
2393,0,3,25,28,1.1071428571428572,0.05952380952380955,581,One more thing - there will be a cold snap.
2393,1,1,26,28,1.1071428571428572,0.07866756984761514,581,"I said I wasn't cold, Mom!"
2393,1,1,26,28,1.1071428571428572,0.07866756984761514,581,And dress for the weather.
2393,0,3,25,28,1.1071428571428572,0.05952380952380955,581,"You'll never make it to the Promised Land, but at least be comfortable on the journey."
2393,1,1,26,28,1.1071428571428572,0.07866756984761514,581,"They said, "" it will be a cold day in hell before they listen""."
2393,1,1,26,28,1.1071428571428572,0.07866756984761514,581,"And the 11th commandment: don't forget a sweater, it'll be cold today."
2393,0,3,25,28,1.1071428571428572,0.05952380952380955,581,Try this for your next ugly sweater party.
2393,1,1,26,28,1.1071428571428572,0.07866756984761514,581,I just knew climate change was fake news.
2393,1,1,26,28,1.1071428571428572,0.07866756984761514,581,"So I should drop five of your Commandments to save myself from freezing to death? Is that my final offer?"""
2393,0,3,25,28,1.1071428571428572,0.05952380952380955,581,Fleece is the word.
2393,1,1,26,28,1.1071428571428572,0.07866756984761514,581,"Although it didn't make the top ten, thou shalt not be chilly."
2393,1,1,26,28,1.1071428571428572,0.07866756984761514,581,It's a bonus for doing all 10.
2393,0,3,25,28,1.1071428571428572,0.05952380952380955,581,And thou shalt have FREE Same-Day Delivery.
2393,1,1,26,28,1.1071428571428572,0.07866756984761514,581,It's made of 100% manna thread.
2393,0,3,25,28,1.1071428571428572,0.05952380952380955,581,Scientology is weirder than I expected.
2393,0,3,25,28,1.1071428571428572,0.05952380952380955,581,Trust me you will want this. Those desert nights can get a little chilly
2393,1,1,26,28,1.1071428571428572,0.07866756984761514,581,Today's commandment is sponsored by Nike.
2393,0,3,25,28,1.1071428571428572,0.05952380952380955,581,Commandment Number 11: Fashion
2393,0,3,25,28,1.1071428571428572,0.05952380952380955,581,The beard isn't as effective as you think.
2393,0,3,25,28,1.1071428571428572,0.05952380952380955,581,A regift from God
2393,0,3,25,28,1.1071428571428572,0.05952380952380955,581,Better take it. You won't believe what's coming.
2393,0,3,25,28,1.1071428571428572,0.05952380952380955,581,"It gets pretty cold in the desert at night, you're going to need this."
2393,0,3,25,28,1.1071428571428572,0.05952380952380955,581,I call it the amazing technicolor mock turtleneck.
2393,0,3,25,28,1.1071428571428572,0.05952380952380955,581,"Thou shalt honor thy mother, and thy mother said to put on a sweater because the mountain is chilly."
2393,0,3,25,28,1.1071428571428572,0.05952380952380955,581,And add an eleventh: wear your jacket.
2393,0,3,25,28,1.1071428571428572,0.05952380952380955,581,"""Funny, I've always thought of Thee as a Jewish father!"
2393,0,3,25,28,1.1071428571428572,0.05952380952380955,581,"I ran out of tablets, so I knitted 5 more onto this."
2393,0,3,25,28,1.1071428571428572,0.05952380952380955,581,I'm beginning to thing you DON'T have a divine plan.
2393,1,1,26,28,1.1071428571428572,0.07866756984761514,581,Think of mine as the 10 Least Things you would do if you loved me. Now put this on before you catch your death.
2393,0,3,25,28,1.1071428571428572,0.05952380952380955,581,"100 PERCENT SHEEP WOOL - Made in Heaven ""Wear this when the sun goes down."""
2393,1,1,26,28,1.1071428571428572,0.07866756984761514,581,"So, #11 will be ""Never Pay Retail?"""
2393,0,3,25,28,1.1071428571428572,0.05952380952380955,581,One more thing: this just shrunk in the wash; maybe it'll fit you.
2393,1,1,26,28,1.1071428571428572,0.07866756984761514,581,If thou love me then help me remove this stain.
2393,0,3,25,28,1.1071428571428572,0.05952380952380955,581,....and wear this. There will be a cool reception to the sixth rule.
2393,1,1,26,28,1.1071428571428572,0.07866756984761514,581,"Opps, my bad. I'll trade you for something useful that won't cast the world into centuries of religious strife."
2393,1,1,26,28,1.1071428571428572,0.07866756984761514,581,"And I say unto you, ""Winter is coming."""
2393,1,1,26,28,1.1071428571428572,0.07866756984761514,581,"In case it's chilly. Not a commandment, just a suggestion."
2393,0,3,25,28,1.1071428571428572,0.05952380952380955,581,Something for the little lady.
2393,1,1,26,28,1.1071428571428572,0.07866756984761514,581,For the cold desert nights. Don't say I never gave you anything.
2393,1,1,26,28,1.1071428571428572,0.07866756984761514,581,"No, I had a hat."
2393,0,3,25,28,1.1071428571428572,0.05952380952380955,581,#11 You shall not sniffle!
2393,1,1,26,28,1.1071428571428572,0.07866756984761514,581,"No, thank you... The last handout you gave ended civilization!"
2393,1,1,26,28,1.1071428571428572,0.07866756984761514,581,"In the original Hebrew its, ""Thou shalt not murder."""
2393,0,3,25,28,1.1071428571428572,0.05952380952380955,581,"I know it's the desert, but doesn't it get chilly in the desert at night?"
2393,1,1,26,28,1.1071428571428572,0.07866756984761514,581,Pssst... Thou Shalt Not Pay Retail!
2393,0,3,25,28,1.1071428571428572,0.05952380952380955,581,Thou shalt not covet thy neighbor's hoodie.
2393,1,1,26,28,1.1071428571428572,0.07866756984761514,581,"What are you, my mother?"
2393,1,1,26,28,1.1071428571428572,0.07866756984761514,581,"If you don't like it, I can turn it into something else."
2393,1,1,26,28,1.1071428571428572,0.07866756984761514,581,"Really? You want me to add ""Always Wear a Sweater When Its Chilly?"""
2393,0,3,25,28,1.1071428571428572,0.05952380952380955,581,"Sorry, I didn't have time to wrap it."
2393,0,3,25,28,1.1071428571428572,0.05952380952380955,581,Be careful not to drop any of the twelve tablets !
2393,1,1,26,28,1.1071428571428572,0.07866756984761514,581,"Ivanka say's ""You'll Love It!"
2393,0,3,25,28,1.1071428571428572,0.05952380952380955,581,God's Goodwill
2393,0,3,25,28,1.1071428571428572,0.05952380952380955,581,And to help with the chilling effect...
2393,0,3,25,28,1.1071428571428572,0.05952380952380955,581,It's a heavenly special.
2393,1,1,26,28,1.1071428571428572,0.07866756984761514,581,Thou shalt keep warm.
2393,0,3,25,28,1.1071428571428572,0.05952380952380955,581,When I told you to go out you forgot your sweater.
2393,1,1,26,28,1.1071428571428572,0.07866756984761514,581,And on the fifth day he created cashmere.
2393,1,1,26,28,1.1071428571428572,0.07866756984761514,581,Veils are so last-year.
2393,0,3,25,28,1.1071428571428572,0.05952380952380955,581,"Thanks but I really prefer a Yankee baseball jacket."""
2393,0,3,25,28,1.1071428571428572,0.05952380952380955,581,One more thing... (sigh)... from your mother. Yocheved is convinced you’ll catch your death up here.
2393,0,3,25,28,1.1071428571428572,0.05952380952380955,581,Seems Hell has frozen over!
2393,0,3,25,28,1.1071428571428572,0.05952380952380955,581,I knit it myself. Isn't it cute? It goes great with your sandals.
2393,1,1,26,28,1.1071428571428572,0.07866756984761514,581,So I get a cold reception when I deliver these tablets?
2393,0,3,25,28,1.1071428571428572,0.05952380952380955,581,Didn't I tell you to honor your mother. It's cold on a mountain top.
2393,0,3,25,28,1.1071428571428572,0.05952380952380955,581,Pssst...give them something practical to use.
2393,0,3,25,28,1.1071428571428572,0.05952380952380955,581,"Lord, I don't need a pullover sweater. I prayed that you would ""pullover"" the sinners to our side."
2393,0,3,25,28,1.1071428571428572,0.05952380952380955,581,"...and if they're still not on board, then tell 'em ""Winter is Coming.™"""
2393,0,3,25,28,1.1071428571428572,0.05952380952380955,581,Trust your mother on this; you don't want to be catching cold.
2393,1,1,26,28,1.1071428571428572,0.07866756984761514,581,How am I supposed to turn this into a joke if I can't tell whether that's a poncho or a turtleneck?
2393,0,3,25,28,1.1071428571428572,0.05952380952380955,581,He's only on the fourth hole.
2393,0,3,25,28,1.1071428571428572,0.05952380952380955,581,What do you want? A burning bush?
2393,1,1,26,28,1.1071428571428572,0.07866756984761514,581,I asked for a cardigan.
2393,0,3,25,28,1.1071428571428572,0.05952380952380955,581,Who needs a drone
2393,1,1,26,28,1.1071428571428572,0.07866756984761514,581,I run the fashion end; Taylor handles merchandising.
2393,0,3,25,28,1.1071428571428572,0.05952380952380955,581,Everyone's getting into the same-day delivery service
2393,0,3,25,28,1.1071428571428572,0.05952380952380955,581,"If you have to release bad news to the public, it would help if you're not ugly."
2393,0,3,25,28,1.1071428571428572,0.05952380952380955,581,Thou shalt not J. Crew.
2393,1,1,26,28,1.1071428571428572,0.07866756984761514,581,"Here, put this on or you'll catch your death."
2393,0,3,25,28,1.1071428571428572,0.05952380952380955,581,And one more thing: Thou shalt put this on when thy mother is cold.
2393,0,3,25,28,1.1071428571428572,0.05952380952380955,581,"Also, explain the schmata business."
2393,0,3,25,28,1.1071428571428572,0.05952380952380955,581,Haven't I told you about climate change?
2393,0,3,25,28,1.1071428571428572,0.05952380952380955,581,"Just 10 commandments , Lord. Are you trying to pull the wool over my eyes."
2393,1,1,26,28,1.1071428571428572,0.07866756984761514,581,"The first commandment: ""Put this on, I don't want you to catch a chill."""
2393,0,3,25,28,1.1071428571428572,0.05952380952380955,581,"What, you don't like the sweater?"
2393,0,3,25,28,1.1071428571428572,0.05952380952380955,581,It's the answer to a prayer from your mother.
2393,1,1,26,28,1.1071428571428572,0.07866756984761514,581,And dressing for the weather is a very strong recommendation.
2393,1,1,26,28,1.1071428571428572,0.07866756984761514,581,"This is for you, too, but you won't need it if you ignore what's on those tablets."
2393,1,1,26,28,1.1071428571428572,0.07866756984761514,581,"It's not my size, but I think it will fit you."
2393,0,3,25,28,1.1071428571428572,0.05952380952380955,581,Now there's a heavenly sweater. Too bad it's summer.
2393,0,3,25,28,1.1071428571428572,0.05952380952380955,581,This didn't make the list but thou shalt not be chilly when there's a draft.
2393,0,3,25,28,1.1071428571428572,0.05952380952380955,581,Remember the Day of the Sweater and keep it unholy.
2393,1,1,26,28,1.1071428571428572,0.07866756984761514,581,"Sure, this mountain's cold. But I'll be damned if I'm coveting."
2393,1,1,26,28,1.1071428571428572,0.07866756984761514,581,I'm trading you to the Siberia Saints.
2393,1,1,26,28,1.1071428571428572,0.07866756984761514,581,"If it's not thy size, thou shalt regift it."
2393,0,3,25,28,1.1071428571428572,0.05952380952380955,581,So that's what you do when your husband is off making commandments.
2393,0,3,25,28,1.1071428571428572,0.05952380952380955,581,"Hurry, put this on before he comes back."
2393,0,3,25,28,1.1071428571428572,0.05952380952380955,581,What have you done with Waldo?
2393,1,1,26,28,1.1071428571428572,0.07866756984761514,581,Thou shalt wear this!
2393,1,1,26,28,1.1071428571428572,0.07866756984761514,581,"I gotta hand you everything. Ya nev'a listen to your mother, Moisy, going outside without your cover."
2393,1,1,26,28,1.1071428571428572,0.07866756984761514,581,I think they'll buy it if you look a little more bad ass.
2393,1,1,26,28,1.1071428571428572,0.07866756984761514,581,AND THEN THERE WERE HOODIES
2393,1,1,26,28,1.1071428571428572,0.07866756984761514,581,"Tablets, shmablets... PUT ON A SWEATER!"
2393,0,3,25,28,1.1071428571428572,0.05952380952380955,581,You're tired of the desert?
2393,0,3,25,28,1.1071428571428572,0.05952380952380955,581,I hope you're not bribing me with that sweater. The tablets are mine!
2393,0,3,25,28,1.1071428571428572,0.05952380952380955,581,Angora of the Covenant
2393,0,3,25,28,1.1071428571428572,0.05952380952380955,581,Try it on. It's genuine Naugahyde.
2393,0,3,25,28,1.1071428571428572,0.05952380952380955,581,Thank you! I've been freezing for the past 39 days.
2393,1,1,26,28,1.1071428571428572,0.07866756984761514,581,"I have brought thee into the 21st century, so lose the dress."
2393,0,3,25,28,1.1071428571428572,0.05952380952380955,581,Thou shalt not sweat the little things.
2393,0,3,25,28,1.1071428571428572,0.05952380952380955,581,"Jochebed says the 11th. Commandment is ""PUT YOUR SWEATER ON!! IT'S COLD ON THAT MOUNT!!!"""
2393,0,3,25,28,1.1071428571428572,0.05952380952380955,581,"I keep telling you, only use cold water when washing my fine wools."
2393,0,3,25,28,1.1071428571428572,0.05952380952380955,581,It's cold on that mountain - so I also made you a sweater!
2393,1,1,26,28,1.1071428571428572,0.07866756984761514,581,I told you not to put my good sweater in the dryer.
2393,1,1,26,28,1.1071428571428572,0.07866756984761514,581,"I promise, they won't kill the messenger, but they might send him to Siberia!"
2393,0,3,25,28,1.1071428571428572,0.05952380952380955,581,Are you sure the climate is changing already?
2393,1,1,26,28,1.1071428571428572,0.07866756984761514,581,"Oh, I almost forgot: Thou shalt not pay retail."
2393,1,1,26,28,1.1071428571428572,0.07866756984761514,581,It gets cold in hell.
2393,1,1,26,28,1.1071428571428572,0.07866756984761514,581,Wear a sweater. It's cold at the top.
2393,0,3,25,28,1.1071428571428572,0.05952380952380955,581,Your Jewish mother didn't want you to be cold.
2393,0,3,25,28,1.1071428571428572,0.05952380952380955,581,"Eleventh commandment: Wear a sweater, lest ye catch a chill."
2393,0,3,25,28,1.1071428571428572,0.05952380952380955,581,"No disrespect God, but Amazon already nailed same day delivery."
2393,0,3,25,28,1.1071428571428572,0.05952380952380955,581,You're gonna need this for the journey back
2393,1,1,26,28,1.1071428571428572,0.07866756984761514,581,Thou shalt stay warm up here.
2393,1,1,26,28,1.1071428571428572,0.07866756984761514,581,And now for the Ten Fashion Do's And Don'ts...
2393,1,1,26,28,1.1071428571428572,0.07866756984761514,581,Consider this an early Christmas present. Very early.
2393,0,3,25,28,1.1071428571428572,0.05952380952380955,581,There won't be a burning bush this time.
2393,0,3,25,28,1.1071428571428572,0.05952380952380955,581,"Moses, I just created knits. Try on this little 3/4 sleeve T."
2393,0,3,25,28,1.1071428571428572,0.05952380952380955,581,"Go ahead, pull the wool over their eyes!"
2393,0,3,25,28,1.1071428571428572,0.05952380952380955,581,And thou shalt keep the Sabbath warm and cozy.
2393,0,3,25,28,1.1071428571428572,0.05952380952380955,581,"They haven't finished the Technicolor Dream Coat, so you'll have to settle for the Sepia Pullover."
2393,1,1,26,28,1.1071428571428572,0.07866756984761514,581,And this in in case you are being given the cold shoulder.
2393,0,3,25,28,1.1071428571428572,0.05952380952380955,581,They'll get a chilly reception.
2393,1,1,26,28,1.1071428571428572,0.07866756984761514,581,"Thanks anyway. But, it's hot next to that burning bush!"
2393,0,3,25,28,1.1071428571428572,0.05952380952380955,581,I know the desert can be cold at night.
2393,1,1,26,28,1.1071428571428572,0.07866756984761514,581,"Oh, 11.) Take a jacket."
2393,1,1,26,28,1.1071428571428572,0.07866756984761514,581,"Oh no! When I said 'a cold day in hell', I was only joking."
2393,0,3,25,28,1.1071428571428572,0.05952380952380955,581,I knitted ten.
2393,0,3,25,28,1.1071428571428572,0.05952380952380955,581,Thou shall not be cold.
2393,1,1,26,28,1.1071428571428572,0.07866756984761514,581,You know what they say about Gods with big hands
2393,0,3,25,28,1.1071428571428572,0.05952380952380955,581,"By the way, Moses, here's an early Christmas present."
2393,0,3,25,28,1.1071428571428572,0.05952380952380955,581,You won't wander very far without a coat
2393,1,1,26,28,1.1071428571428572,0.07866756984761514,581,"Take it, I only knit these for my chosen ones."
2393,0,3,25,28,1.1071428571428572,0.05952380952380955,581,... and don't forget to wear your galoshes.
2393,1,1,26,28,1.1071428571428572,0.07866756984761514,581,This better be my wife's size. She hasn't been shopping in 40 years.
2393,0,3,25,28,1.1071428571428572,0.05952380952380955,581,"If this doesn't fit, take the two tablets and call me in the morning."
2393,1,1,26,28,1.1071428571428572,0.07866756984761514,581,One more thing. The desert gets almighty cold at night.
2393,0,3,25,28,1.1071428571428572,0.05952380952380955,581,"I know I'm being bossy, but I command you to put this on too."
2393,0,3,25,28,1.1071428571428572,0.05952380952380955,581,"I didn't want you to catch a cold. But if you do, take two tablets and call me in the morning."
2393,0,3,25,28,1.1071428571428572,0.05952380952380955,581,"Come on, any self-respecting Israelite knows ""thou shalt never wear polyester""!"
2393,0,3,25,28,1.1071428571428572,0.05952380952380955,581,"No, don't thank Me. It's just an old hand-me-down."
2393,0,3,25,28,1.1071428571428572,0.05952380952380955,581,And get yourself some sensible shoes too.
2393,1,1,26,28,1.1071428571428572,0.07866756984761514,581,This is for the 'cold' reception you'll get down there.
2393,1,1,26,28,1.1071428571428572,0.07866756984761514,581,#11 -Thou shalt not put sweaters in the dryer
2393,1,1,26,28,1.1071428571428572,0.07866756984761514,581,"Let's warm up the message a little, Moses;"
2393,0,3,25,28,1.1071428571428572,0.05952380952380955,581,and... thou shall wear this!
2393,1,1,26,28,1.1071428571428572,0.07866756984761514,581,"Here, take this...the desert can get a little chilly at night."
2393,0,3,25,28,1.1071428571428572,0.05952380952380955,581,Next stop is Patagonia. You'll need this.
2393,0,3,25,28,1.1071428571428572,0.05952380952380955,581,Covet this!
2393,1,1,26,28,1.1071428571428572,0.07866756984761514,581,You don't think the desert gets cold at night? Which one of us should know?
2393,1,1,26,28,1.1071428571428572,0.07866756984761514,581,I'll take this. You won't need it where you're going.
2393,0,3,25,28,1.1071428571428572,0.05952380952380955,581,Artemis knitted you a sweater.
2393,0,3,25,28,1.1071428571428572,0.05952380952380955,581,"Oh, and I almost forgot: Thou shalt not wear white after Labor Day."
2393,0,3,25,28,1.1071428571428572,0.05952380952380955,581,"It's a souvenir for you. It says, ""I visited Mt. Horeb and all I got was this lousy shirt."""
2393,1,1,26,28,1.1071428571428572,0.07866756984761514,581,"Number eleven, thou shalt wear your sweater when you mother says to."
2393,1,1,26,28,1.1071428571428572,0.07866756984761514,581,"""Stop qveching already!"
2393,1,1,26,28,1.1071428571428572,0.07866756984761514,581,The king can have his robe back when I get a 401k.
2393,1,1,26,28,1.1071428571428572,0.07866756984761514,581,"It's not a commandment, just a suggestion from someone with some life experience."
2393,0,3,25,28,1.1071428571428572,0.05952380952380955,581,See if it fits
2393,1,1,26,28,1.1071428571428572,0.07866756984761514,581,"Oh, one more thing, Gabriel washed this in hot, and now it doesn't fit anymore. Canst thou use a comfy turtleneck?"
2393,0,3,25,28,1.1071428571428572,0.05952380952380955,581,And thou shalt not catch your death! Take the coat!
2393,0,3,25,28,1.1071428571428572,0.05952380952380955,581,Follow those Commandments or I'll make you wear this sweater.
2393,0,3,25,28,1.1071428571428572,0.05952380952380955,581,Now thee will never covet thy neighbor's sweater.
2393,0,3,25,28,1.1071428571428572,0.05952380952380955,581,Unwritten rule: Bring a sweater.
2393,1,1,26,28,1.1071428571428572,0.07866756984761514,581,"Take two tablets, wear this in the evening, and please call your Mother more often."
2393,1,1,26,28,1.1071428571428572,0.07866756984761514,581,Oh - and this really cool parka..
2393,0,3,25,28,1.1071428571428572,0.05952380952380955,581,"Take this gift, and make Turtlenecks the new trend."
2393,1,1,26,28,1.1071428571428572,0.07866756984761514,581,But I'm sweating already.
2393,1,1,26,28,1.1071428571428572,0.07866756984761514,581,Try this protective cover for your tablet.....
2393,1,1,26,28,1.1071428571428572,0.07866756984761514,581,"Oh, and Moses -- here's a little something to go with the sandals..."
2393,1,1,26,28,1.1071428571428572,0.07866756984761514,581,Wear this. The reception from your people will turn frosty when you read out the sixth.
2393,1,1,26,28,1.1071428571428572,0.07866756984761514,581,"Winter ware, does this mean that I'm not going down under?"
2393,1,1,26,28,1.1071428571428572,0.07866756984761514,581,"Is that a multidenominational holiday sweater, or are you just happy to see me?"
2393,0,3,25,28,1.1071428571428572,0.05952380952380955,581,"Merry Christmas. Don't ask, just take it."
2393,1,1,26,28,1.1071428571428572,0.07866756984761514,581,You forgot 'Thou shalt weareth thy Grandmother's knitting'.
2393,1,1,26,28,1.1071428571428572,0.07866756984761514,581,They will covet your sweater. It'll be a hoot.
2393,0,3,25,28,1.1071428571428572,0.05952380952380955,581,"With what I have planned for you, you won't be needing this."
2393,1,1,26,28,1.1071428571428572,0.07866756984761514,581,What? The King said to make ourselves at home!
2393,1,1,26,28,1.1071428571428572,0.07866756984761514,581,Thou shat not wear this tucked in.
2393,0,3,25,28,1.1071428571428572,0.05952380952380955,581,"NO MOSES, I MEANT BRING YOUR BROTHER AARON - NOT AN ARAN!"
2393,0,3,25,28,1.1071428571428572,0.05952380952380955,581,"Father, Please! Can't I decide this one thing for myself?"
2393,0,3,25,28,1.1071428571428572,0.05952380952380955,581,The weatherman said it may snow today
2393,0,3,25,28,1.1071428571428572,0.05952380952380955,581,11) Thou shall wear ugly sweaters in December to commemorate my birth.
2393,1,1,26,28,1.1071428571428572,0.07866756984761514,581,"Thanks for the beautiful sweater, but I think it's too warm for the Land of Canaan."
2393,1,1,26,28,1.1071428571428572,0.07866756984761514,581,And DON'T WHERE THIS 'TIL AFTER LABOR DAY...
2393,0,3,25,28,1.1071428571428572,0.05952380952380955,581,"And check out this sweater I got you for 50% off at Barney's. Oh, I meant to add that to the tablets, 'thou shalt always delight in a great deal.'"
2393,0,3,25,28,1.1071428571428572,0.05952380952380955,581,"No worries, global warming won't be here for a very long time"
2393,1,1,26,28,1.1071428571428572,0.07866756984761514,581,"Or, this sweater!"
2393,1,1,26,28,1.1071428571428572,0.07866756984761514,581,Your neighbor's wife might like this.
2752,1,1,27,29,1.103448275862069,0.0759962986233572,581,Is it made from mixed fibers?
2752,1,1,27,29,1.103448275862069,0.0759962986233572,581,"The desert will turn into an ice rink before the people keep those commandments. So here, in case they do."
2752,0,3,26,29,1.103448275862069,0.057553307613536574,581,"boychik, my mother knitted this for you so you won't catch your death."
2752,1,1,27,29,1.103448275862069,0.0759962986233572,581,Look what I commanded from MY tablet!
2752,1,1,27,29,1.103448275862069,0.0759962986233572,581,Thou shalt attire thyself in hipster clothing such as this vintage raglan sweater.
2752,0,3,26,29,1.103448275862069,0.057553307613536574,581,"Cloud services, of course. But nice tablets."
2752,1,1,27,29,1.103448275862069,0.0759962986233572,581,Is is wrinkleproof
2752,1,1,27,29,1.103448275862069,0.0759962986233572,581,Take it! It's got the Charlton Heston logo on the back
2752,0,3,26,29,1.103448275862069,0.057553307613536574,581,"And, finally, thou shalt not knit pick!"
2752,0,3,26,29,1.103448275862069,0.057553307613536574,581,"Sorry Moses, this is the only colors left."
2752,0,3,26,29,1.103448275862069,0.057553307613536574,581,Thou shalt not be chilly.
2752,0,3,26,29,1.103448275862069,0.057553307613536574,581,Thou shall not wear this with sandals.
2752,1,1,27,29,1.103448275862069,0.0759962986233572,581,"Ancient is out. Go online, wear this hoodie, for God's sake, update."
2752,1,1,27,29,1.103448275862069,0.0759962986233572,581,Wear this as you'll be receiving a cool reception!
2752,1,1,27,29,1.103448275862069,0.0759962986233572,581,Don't forget the kevlar sweater I made you.
2752,1,1,27,29,1.103448275862069,0.0759962986233572,581,Following the 10 commandments now comes with a free Amazon Prime account.
2752,1,1,27,29,1.103448275862069,0.0759962986233572,581,I forgot to add: Black Lives Matter.
2752,1,1,27,29,1.103448275862069,0.0759962986233572,581,Could I have a Twitter Account instead?
2752,1,1,27,29,1.103448275862069,0.0759962986233572,581,"Forgive me my God, I asked for shelter not sweater!"
2752,0,3,26,29,1.103448275862069,0.057553307613536574,581,Nobody wears these in Egypt
2752,1,1,27,29,1.103448275862069,0.0759962986233572,581,"when the tablets cool, you'll need this"
2752,0,3,26,29,1.103448275862069,0.057553307613536574,581,"Sorry, I wasn't bartering. I was commanding."
2752,0,3,26,29,1.103448275862069,0.057553307613536574,581,I'll trade if it's double knit.
2752,0,3,26,29,1.103448275862069,0.057553307613536574,581,"It didn't make the top ten, but you should always wear a nice warm sweater."
2752,1,1,27,29,1.103448275862069,0.0759962986233572,581,You'll need this for the response that the text shall receive.
2752,1,1,27,29,1.103448275862069,0.0759962986233572,581,"Your Mom says you should put this on, or you'll catch cold on the way down. Watch out for the rocks."
2752,0,3,26,29,1.103448275862069,0.057553307613536574,581,You'll need this. Some of them will get a very cool reception.
2752,0,3,26,29,1.103448275862069,0.057553307613536574,581,The eleventh commandment is to wear layers.
2752,0,3,26,29,1.103448275862069,0.057553307613536574,581,"While you're at it, I promised Jacob this coat."
2752,0,3,26,29,1.103448275862069,0.057553307613536574,581,Thou shalt not wear horizontal stripes.
2752,1,1,27,29,1.103448275862069,0.0759962986233572,581,"And God the Mother adds, ""Thou shalt dress for the weather, what's wrong with you anyway?!"""
2752,0,3,26,29,1.103448275862069,0.057553307613536574,581,Wrong size. Can you return this back to Amazon?
2752,0,3,26,29,1.103448275862069,0.057553307613536574,581,For Moses was thankful...and God was cold.
2752,0,3,26,29,1.103448275862069,0.057553307613536574,581,"... and for my last commandment, thou can never go wrong with a cashmere sweater."
2752,0,3,26,29,1.103448275862069,0.057553307613536574,581,It's going to get cold when that burning bush is done.
2752,1,1,27,29,1.103448275862069,0.0759962986233572,581,I knitted it myself
2752,1,1,27,29,1.103448275862069,0.0759962986233572,581,"But, Lord, I do not have a skateboard."
2752,1,1,27,29,1.103448275862069,0.0759962986233572,581,"Please mom, I don't need a sweater."
2752,1,1,27,29,1.103448275862069,0.0759962986233572,581,Just a reminder to add Global Warming.
2752,0,3,26,29,1.103448275862069,0.057553307613536574,581,"Better take this, it's a cold cruel world."
2752,1,1,27,29,1.103448275862069,0.0759962986233572,581,Or you can trade those common stone tablets for this amazing sweater of hand knitted Peruvian alpaca wool.
2752,0,3,26,29,1.103448275862069,0.057553307613536574,581,You'll need it once the tomatoes start flying.
2752,1,1,27,29,1.103448275862069,0.0759962986233572,581,You need to be prepared for a cold reception.
2752,1,1,27,29,1.103448275862069,0.0759962986233572,581,...The Salvation Army gets the coat coat - the tablets go to Goodwill.
2752,0,3,26,29,1.103448275862069,0.057553307613536574,581,"How appropriate,one size fits all."
2752,1,1,27,29,1.103448275862069,0.0759962986233572,581,"Father, please keep me wholly covered in Your divine protection. Not funny, I said wholly not wooly."
2752,0,3,26,29,1.103448275862069,0.057553307613536574,581,"Moses, I command you, take this schmatta as a symbol for my people to remember they should never pay retail!"
2752,0,3,26,29,1.103448275862069,0.057553307613536574,581,"Here take this too, it gets cold on Mount Sinai."
2752,1,1,27,29,1.103448275862069,0.0759962986233572,581,I can't find the box with the receipt. See if They'll give you a store credit.
2752,1,1,27,29,1.103448275862069,0.0759962986233572,581,There's nothing in here about a dress code.
2752,0,3,26,29,1.103448275862069,0.057553307613536574,581,11th - thou shalt wear a coat when your mother tells you to.
2752,0,3,26,29,1.103448275862069,0.057553307613536574,581,"...and last, ""Thou shall not forget your sweater"""
2752,0,3,26,29,1.103448275862069,0.057553307613536574,581,"Oh, and thou shall not catch a cold."
2752,0,3,26,29,1.103448275862069,0.057553307613536574,581,Thou shalt not be out of style
2752,1,1,27,29,1.103448275862069,0.0759962986233572,581,Take it from me it's cold at the top
2752,0,3,26,29,1.103448275862069,0.057553307613536574,581,"The Eleventh Commandment is, ""Striped cashmere sweaters are the look for fall."""
2752,0,3,26,29,1.103448275862069,0.057553307613536574,581,HERE! You may get a cold reception down there.
2752,1,1,27,29,1.103448275862069,0.0759962986233572,581,"I said ""Golden Calf"", not ""Cold and Cough""."
2752,1,1,27,29,1.103448275862069,0.0759962986233572,581,And the Eleventh Commandment: Never leave the house without a sweater.
2752,0,3,26,29,1.103448275862069,0.057553307613536574,581,Your mother says it's cold up here and you need a sweater.
2752,0,3,26,29,1.103448275862069,0.057553307613536574,581,You got tender hands for your age
2752,0,3,26,29,1.103448275862069,0.057553307613536574,581,"It will be just as warm up in the mountains, Moses supposes erroneously."
2752,1,1,27,29,1.103448275862069,0.0759962986233572,581,"No, Moses. Thou shall not covet thy neighbor's turtleneck."
2752,0,3,26,29,1.103448275862069,0.057553307613536574,581,"Oh, and your mother asked me to give you this too..."
2752,0,3,26,29,1.103448275862069,0.057553307613536574,581,"Moses, we can do this the easy way or the hard way."
2752,1,1,27,29,1.103448275862069,0.0759962986233572,581,Forgot No. 11 -- Thou shalt not turtleneck.
2752,1,1,27,29,1.103448275862069,0.0759962986233572,581,"Oh, you meant Talbots?"
2752,0,3,26,29,1.103448275862069,0.057553307613536574,581,"Moshe. Put on a sweater, I'm cold."
2752,1,1,27,29,1.103448275862069,0.0759962986233572,581,I knitted it myself
2752,0,3,26,29,1.103448275862069,0.057553307613536574,581,"Take this, in case you get a chilly reception."
2752,1,1,27,29,1.103448275862069,0.0759962986233572,581,And number eleven: put on your coat! Do you want to catch your death of cold?
2752,0,3,26,29,1.103448275862069,0.057553307613536574,581,Do you have that in blue?
2752,0,3,26,29,1.103448275862069,0.057553307613536574,581,Turning people away makes me feel so cold...
2752,1,1,27,29,1.103448275862069,0.0759962986233572,581,Thou shalt not machine dry.
2752,1,1,27,29,1.103448275862069,0.0759962986233572,581,And here's a little something to keep they neighbor's wife warm at night.
2752,0,3,26,29,1.103448275862069,0.057553307613536574,581,"Number11, Don't Catch A Cold"
2752,1,1,27,29,1.103448275862069,0.0759962986233572,581,"Honey, I magnified the kids"
2752,1,1,27,29,1.103448275862069,0.0759962986233572,581,You've got mail..
2752,1,1,27,29,1.103448275862069,0.0759962986233572,581,"What shall I do with these, then?"
2752,1,1,27,29,1.103448275862069,0.0759962986233572,581,"I got it half off, but it doesn't fit Me."
2752,1,1,27,29,1.103448275862069,0.0759962986233572,581,Did you want warm or profound?
2752,1,1,27,29,1.103448275862069,0.0759962986233572,581,“Next time I won't care if you freeze to death.” –said your wife.
2752,1,1,27,29,1.103448275862069,0.0759962986233572,581,Coat was easier than boat.
2752,0,3,26,29,1.103448275862069,0.057553307613536574,581,Global warming may be a myth. I'm just saying....
2752,0,3,26,29,1.103448275862069,0.057553307613536574,581,Reward points for forty years in the desert gets you the 10 Commandments and a custom fleece.
2752,0,3,26,29,1.103448275862069,0.057553307613536574,581,"Though shall not ignore washing labels on clothes. And if you're wondering why, get a load this."
2752,0,3,26,29,1.103448275862069,0.057553307613536574,581,"Oh, I almost forgot. Can you give this to Bellichick when you see him?"
2752,0,3,26,29,1.103448275862069,0.057553307613536574,581,You'll feel a chill when you see that Golden Calf.
2752,0,3,26,29,1.103448275862069,0.057553307613536574,581,"Thanks, but the sleeves are too narrow."
2752,0,3,26,29,1.103448275862069,0.057553307613536574,581,"But,there isn't room for an 11th commandment...Thou Shalt Wear Mom's hand-knitted Christmas sweater."
2842,0,2,23,25,1.08,0.055377492419453826,581,"Lord! Cold Tablets? Really? PS tried to italicize ""Cold"" but program doesn't allow it)"
2842,1,0,24,25,1.08,0.08,581,How's about a swap for the tablets?
2842,1,0,24,25,1.08,0.08,581,It will not go out of fashion for decades.
2842,0,2,23,25,1.08,0.055377492419453826,581,Thou shalt appear more delighted when receiving a gift from God.
2842,0,2,23,25,1.08,0.055377492419453826,581,Global warming is a hoax. Better wear this.
2842,0,2,23,25,1.08,0.055377492419453826,581,"Here, Mom made this for the Sinai trip"
2842,0,2,23,25,1.08,0.055377492419453826,581,"Oh, and Moses, I heard the devil is wearing Prada now. We can't be outdone."
2842,0,2,23,25,1.08,0.055377492419453826,581,Al Gore is going to find this very inconvenient.
2842,0,2,23,25,1.08,0.055377492419453826,581,Thou shalt not wear horizontal stripes.
2842,0,2,23,25,1.08,0.055377492419453826,581,"Also, thou shalt not climb mountains again without dressing properly."
2842,0,2,23,25,1.08,0.055377492419453826,581,It may be chilly tonight.
2842,0,2,23,25,1.08,0.055377492419453826,581,It's only a suggestion
2842,0,2,23,25,1.08,0.055377492419453826,581,"Here, better take this. Initially sales may be slow up here on the mount."
2842,1,0,24,25,1.08,0.08,581,How many times have I told you? Thou shalt not wear robes!
2842,1,0,24,25,1.08,0.08,581,"At last, Amazon Prime Divine Delivery"
2842,0,2,23,25,1.08,0.055377492419453826,581,"No, it's not another commandment ... I just think you should wear a sweater before you go back down the mountain to the Israelites."
2842,0,2,23,25,1.08,0.055377492419453826,581,Your mother says you'll get a cold otherwise
2842,1,0,24,25,1.08,0.08,581,A little cover for your woolly concepts?
2842,0,2,23,25,1.08,0.055377492419453826,581,"Not yet, Lord. Christmas gifts come much later."
2842,0,2,23,25,1.08,0.055377492419453826,581,"'Sorry, this is the best I can do. The coat of many colors has already been taken."""
2842,0,2,23,25,1.08,0.055377492419453826,581,It's Adam's
2842,1,0,24,25,1.08,0.08,581,Wow! Just what I wanted: a turtleneck. How did Thee know?
2842,0,2,23,25,1.08,0.055377492419453826,581,Noah's wife knitted it for you!
2842,0,2,23,25,1.08,0.055377492419453826,581,It's a token of my appreciation.
2842,0,2,23,25,1.08,0.055377492419453826,581,I prayed for a 'goodie' not a hoodie.
2842,1,0,24,25,1.08,0.08,581,This shrunk in the wash. You want it?
2842,0,2,23,25,1.08,0.055377492419453826,581,Your mother is afraid you will catch a cold!
2842,0,2,23,25,1.08,0.055377492419453826,581,"Relax, Mo. It's me, Bezos. Just testing our new drone delivery service."
2842,1,0,24,25,1.08,0.08,581,Grab it but make sure you don't drop one of the tablets
2842,0,2,23,25,1.08,0.055377492419453826,581,Sorry. There was a typo. Chisel out the 'k' and add a 'ch'
2842,0,2,23,25,1.08,0.055377492419453826,581,It will be ready on Wednesday.
2842,1,0,24,25,1.08,0.08,581,"Just put it on, it's called the amazing technicolor hoodie! Soon everyone will want one and it really gets our message across!"
2842,1,0,24,25,1.08,0.08,581,"My Lord, I am a stranger in a strange land already. A strange shirt might be pushing it."
2842,1,0,24,25,1.08,0.08,581,Thou shalt not layer.
2842,0,2,23,25,1.08,0.055377492419453826,581,"Oh....there's also this, I didn't want to leave it in the bush."
2842,0,2,23,25,1.08,0.055377492419453826,581,I never promised you a rose garden.
2842,0,2,23,25,1.08,0.055377492419453826,581,"Sorry, mate, only store credit."
2842,0,2,23,25,1.08,0.055377492419453826,581,"Yes, Moses, it's made of Egyptian cotton."
2842,0,2,23,25,1.08,0.055377492419453826,581,"If you plan to sell those to the Eskimos, you'd better wear this."
2842,0,2,23,25,1.08,0.055377492419453826,581,"No, I said, ""Thou shalt knit covers."""
2842,0,2,23,25,1.08,0.055377492419453826,581,Hang on! I'll do the job... but are saying that it did freeze over?
2842,0,2,23,25,1.08,0.055377492419453826,581,"Remember, dry clean only."
2842,0,2,23,25,1.08,0.055377492419453826,581,How will you have any credibility if you go back down to the Israelites with a head cold?
2842,0,2,23,25,1.08,0.055377492419453826,581,"Give this to my son, if you see him."
2842,1,0,24,25,1.08,0.08,581,Do something with this and add another commandment. Thou shalt not import contraband to Heaven.
2842,0,2,23,25,1.08,0.055377492419453826,581,I nearly forgot the eleventh commandment: Thou Shalt Not Be Chilly.
2842,0,2,23,25,1.08,0.055377492419453826,581,"Put this on, Its cold this high up the mountain."
2842,0,2,23,25,1.08,0.055377492419453826,581,"Go. Take these tablets down the mountain. Oh, and here, I knitted this coat of conduct for you, too."
2842,1,0,24,25,1.08,0.08,581,The 11th Commandment is Do not be Cold.
2842,0,2,23,25,1.08,0.055377492419453826,581,"My son forgot his sweater, I don't want him to catch a cold."
2842,0,2,23,25,1.08,0.055377492419453826,581,I think there's a mix up - I've never heard of Amazon Prime or one minute delivery.
2842,1,0,24,25,1.08,0.08,581,"Once again, is it ""cover"" or ""covet?"
2842,0,2,23,25,1.08,0.055377492419453826,581,"Look, if you don't like it, I'll just return."""
2842,0,2,23,25,1.08,0.055377492419453826,581,Eleven. Though shalt not buy off the rack.
2842,1,0,24,25,1.08,0.08,581,I was hoping for a pink boa.
2842,1,0,24,25,1.08,0.08,581,Could you return this for me Bro? It makes me look huge.
2842,0,2,23,25,1.08,0.055377492419453826,581,"Thou shalt knit? Not knit? Oh, never mind. Thanks for the sweater."
2842,0,2,23,25,1.08,0.055377492419453826,581,Don't get too cold when you enforce the rules.
2842,0,2,23,25,1.08,0.055377492419453826,581,"Is that a commandment, or just a suggestion?"
2842,0,2,23,25,1.08,0.055377492419453826,581,Wear this sweater and deliver my Commandments without coughs or sneezes!
2842,0,2,23,25,1.08,0.055377492419453826,581,You won't be long in the desert.
2842,0,2,23,25,1.08,0.055377492419453826,581,Don't worry so much. This new outfit and some good power point slides and they will follow you anywhere!
2842,0,2,23,25,1.08,0.055377492419453826,581,"Consider it more of a ""suggestion"""
2842,0,2,23,25,1.08,0.055377492419453826,581,It's one size fits all?
2842,0,2,23,25,1.08,0.055377492419453826,581,"Your mother sends this and says she knows it's the wilderness, but would it hurt you to eat a little something?"
2842,0,2,23,25,1.08,0.055377492419453826,581,Thou shalt launder this separately in cold water to avoid shrinkage.
2842,0,2,23,25,1.08,0.055377492419453826,581,"To be honest, I think having both commandments *and* a dress code is a little too much."
2842,1,0,24,25,1.08,0.08,581,And so you shall bring salvation to the people and Salvation Army to the hipsters.
2842,0,2,23,25,1.08,0.055377492419453826,581,"Fortunately, the 11th Commandment, ""Thou shall wear mohair,"" never came to pass."
2842,1,0,24,25,1.08,0.08,581,Thou shall not be passé.
2842,0,2,23,25,1.08,0.055377492419453826,581,...and get this dry cleaned for me.
2842,0,2,23,25,1.08,0.055377492419453826,581,If I don't follow the commandments can I still keep the hoody?
2842,1,0,24,25,1.08,0.08,581,"Yes, those are the Ten Commandments...but there's no need to catch your death of cold."
2842,0,2,23,25,1.08,0.055377492419453826,581,"What do you mean ""It can get cold in Brooklyn""?!"
2842,0,2,23,25,1.08,0.055377492419453826,581,Trade?
2842,0,2,23,25,1.08,0.055377492419453826,581,"Also, thou shalt not leave the house in pajamas: for I the LORD thy God am a fashion snob."
2842,0,2,23,25,1.08,0.055377492419453826,581,Oh -- and I knitted you *this*...
2842,0,2,23,25,1.08,0.055377492419453826,581,We decided to keep the lamb. But Zipporah made this for you.
2842,0,2,23,25,1.08,0.055377492419453826,581,"I'll point you again to number 5, your mother wants you to wear your sweater."
2842,1,0,24,25,1.08,0.08,581,"Here, I don’t want to burn any more bushes."
2842,0,2,23,25,1.08,0.055377492419453826,581,"To save time, if you see Joseph, would you mind giving him this coat of many colours?"
2842,0,2,23,25,1.08,0.055377492419453826,581,"Those are nice rules, but my rule is you go up the mountain, you wear a sweater."
2842,1,0,24,25,1.08,0.08,581,"Well it's too small for me, but the guy I stole it from won't be needing it anymore."
2842,0,2,23,25,1.08,0.055377492419453826,581,Coveting thy neighbor's pullover?
2842,0,2,23,25,1.08,0.055377492419453826,581,"Also, knits are in."
2842,1,0,24,25,1.08,0.08,581,"#11- ""Thou shall wear a hoodie when chilled on the mountain"""
2842,0,2,23,25,1.08,0.055377492419453826,581,I'm cold. Put this on.
2842,0,2,23,25,1.08,0.055377492419453826,581,There's a bit of a draft in the desert at night.
2842,0,2,23,25,1.08,0.055377492419453826,581,"Oh, and eleventh: Dress appropriately."
2842,0,2,23,25,1.08,0.055377492419453826,581,Zero Sum Religion
2842,1,0,24,25,1.08,0.08,581,You might need this. Those tablets are going to get a cool reception.
2842,0,2,23,25,1.08,0.055377492419453826,581,Don't worry.It's one size fits all.
2842,0,2,23,25,1.08,0.055377492419453826,581,Just a suggestion. Totally up to you.
2842,0,2,23,25,1.08,0.055377492419453826,581,And Thou shalt believe the fake news about climate change.
2842,0,2,23,25,1.08,0.055377492419453826,581,"Commandment number 10, don't dry your sweaters in the clothes dryer. They shrink."
2842,0,2,23,25,1.08,0.055377492419453826,581,I am the Lord your God. It's cold on Mt. Sinai. You should wear a sweater. Trust me
2842,0,2,23,25,1.08,0.055377492419453826,581,"Oh, and your mother says thou shalt not go to the Promised Land without the sweater I made for your birthday. Mountain air can be very bad for your asthma.."
2842,0,2,23,25,1.08,0.055377492419453826,581,Proof that God is a woman - The eleventh commandment: Thou shall taketh a sweater.
2842,1,0,24,25,1.08,0.08,581,"... however, thou shall wear a sweater."
2842,0,2,23,25,1.08,0.055377492419453826,581,I don't want you catching a chill.
2842,0,2,23,25,1.08,0.055377492419453826,581,"Honey, it's Mom. You're going to catch a cold."
2842,0,2,23,25,1.08,0.055377492419453826,581,And don't forget to wear the Parka of the Covenant when it gets chilly.
2842,0,2,23,25,1.08,0.055377492419453826,581,"Hey, could you grab me a size bigger? This one was a little tight."
2842,0,2,23,25,1.08,0.055377492419453826,581,A change in the weather is coming.
2842,0,2,23,25,1.08,0.055377492419453826,581,And your Mother wanted me to give you this.
2842,0,2,23,25,1.08,0.055377492419453826,581,"I promise, this will keep you warmer than the tablets."
2842,0,2,23,25,1.08,0.055377492419453826,581,Wait a second - one more - 'Hoodies don't go with sandals.'
2842,1,0,24,25,1.08,0.08,581,Don't worry the care instructions are easy to follow.
2842,0,2,23,25,1.08,0.055377492419453826,581,But is it pure?
2842,0,2,23,25,1.08,0.055377492419453826,581,Do not covet thy neighbors' sweater
2842,0,2,23,25,1.08,0.055377492419453826,581,"I thought you said ""Let my people sew!"""
2842,1,0,24,25,1.08,0.08,581,Robes are out this year.
2842,0,2,23,25,1.08,0.055377492419453826,581,I think there is a long term advantage if I hold onto these tablets. However thank you for the offer.
2842,0,2,23,25,1.08,0.055377492419453826,581,PS: Thou shalt not take credit for climate change.
2842,0,2,23,25,1.08,0.055377492419453826,581,It's cold out there. You should wear a sweater.
2842,0,2,23,25,1.08,0.055377492419453826,581,"No thanks, my Lord, the air temperature is really not my top priority at the moment."
2842,0,2,23,25,1.08,0.055377492419453826,581,It'll be a cold day in hell if you can follow those.
2842,0,2,23,25,1.08,0.055377492419453826,581,"Let me take this way, Mo...the Earths warming up so you wont need a sweater."
2842,0,2,23,25,1.08,0.055377492419453826,581,"Keep this with moths, my child. They'll make it ""holy""."
2842,0,2,23,25,1.08,0.055377492419453826,581,ALL I WANTED WAS A MARTINI
2842,1,0,24,25,1.08,0.08,581,"I specifically asked for cotton not wool, oh great hand of the clouds."
2842,0,2,23,25,1.08,0.055377492419453826,581,And thou shalt also tie thy hair into a bun.
2842,0,2,23,25,1.08,0.055377492419453826,581,"It's my newest fashion. I call it a parka, it's like a burka but just for men."
2842,0,2,23,25,1.08,0.055377492419453826,581,Thou Shalt Not Catch A Draft.
2842,0,2,23,25,1.08,0.055377492419453826,581,But what does it mean?
2842,1,0,24,25,1.08,0.08,581,"Cashmere, you can covet."
2842,1,0,24,25,1.08,0.08,581,And as of now...an 11th Commandment: No hoodies!!
2842,0,2,23,25,1.08,0.055377492419453826,581,THIS SHOULD ADD THE NECESSARY GRAVITAS TO YOUR PRESENTATION!
2842,0,2,23,25,1.08,0.055377492419453826,581,You'll need this for the next forty years of hiking and camping.
2842,0,2,23,25,1.08,0.055377492419453826,581,"Sorry, I clicked the ""I-click"" by mistake."
2842,0,2,23,25,1.08,0.055377492419453826,581,Thanks Mom. You are right - I did forget something.
2842,1,0,24,25,1.08,0.08,581,Take this. It doesn't fit any of the archangels.
2842,0,2,23,25,1.08,0.055377492419453826,581,It was on sale.
2842,0,2,23,25,1.08,0.055377492419453826,581,"Trust me, I know what'c coming."
2842,0,2,23,25,1.08,0.055377492419453826,581,I get it Amazon. Your drone service is cool.
2842,0,2,23,25,1.08,0.055377492419453826,581,Cardigan Commandments
2842,1,0,24,25,1.08,0.08,581,Thou shalt not wear fur garments...
2842,1,0,24,25,1.08,0.08,581,"Don't forget the eleventh, Thou shalt always wear turtleneck sweaters."
2842,0,2,23,25,1.08,0.055377492419453826,581,"Lord, I shiver at thy mighty voice."
2842,0,2,23,25,1.08,0.055377492419453826,581,Eleventh: Wear layers
2842,0,2,23,25,1.08,0.055377492419453826,581,Moses' brother being prepared for the freezing shrub.
2842,1,0,24,25,1.08,0.08,581,10 out of 10. Nice job. And your prize is...
2842,1,0,24,25,1.08,0.08,581,Ever wonder why Moses dropped the tablets?
2842,0,2,23,25,1.08,0.055377492419453826,581,How about just a shawl and a tiny hat?
2842,0,2,23,25,1.08,0.055377492419453826,581,"It's not technicolor, but it'll do."
2842,0,2,23,25,1.08,0.055377492419453826,581,good lord?! hell is freezing over isn't it.
2842,1,0,24,25,1.08,0.08,581,"And speaking of sins, get ready for climate change."
2842,0,2,23,25,1.08,0.055377492419453826,581,Here is the hair shirt you ordered.
2842,0,2,23,25,1.08,0.055377492419453826,581,Wear it for me
2842,0,2,23,25,1.08,0.055377492419453826,581,It's a size X.
2842,0,2,23,25,1.08,0.055377492419453826,581,Here! It looks cold down there.
2842,0,2,23,25,1.08,0.055377492419453826,581,And your mother commanded that you wear this when it's cold.
2842,0,2,23,25,1.08,0.055377492419453826,581,Thanks God! I didn't realize the Ten Commandments came with a hoodie.
2842,0,2,23,25,1.08,0.055377492419453826,581,The 11th Commandment thou shall honor thy gentle cycle .
2842,0,2,23,25,1.08,0.055377492419453826,581,Honor thy mother by wearing this sweater.
2842,0,2,23,25,1.08,0.055377492419453826,581,"And don't take my name in vain. No ""darning."""
2842,0,2,23,25,1.08,0.055377492419453826,581,"""First, don't catch a cold"". God's paternal commandments stunned Moses."
2842,0,2,23,25,1.08,0.055377492419453826,581,"No, no. I said ""turtleneck,"" not ""tablet."""
2842,1,0,24,25,1.08,0.08,581,I am not ready for you yet. Put on this sweater before you catch cold.
2842,1,0,24,25,1.08,0.08,581,Thou shalt not forget about sweater weather
2842,0,2,23,25,1.08,0.055377492419453826,581,"Rules, schmules! My people are cold!"
2842,0,2,23,25,1.08,0.055377492419453826,581,. . . and I'd like to see some changes in your lifestyle.
2842,0,2,23,25,1.08,0.055377492419453826,581,"And finally, thou shalt not shiver."
2842,0,2,23,25,1.08,0.055377492419453826,581,Fig leaves are out this year.
2842,1,0,24,25,1.08,0.08,581,You want me to spread the word in Sibiria?
2842,0,2,23,25,1.08,0.055377492419453826,581,The eleventh commandment...thou shalt wear a sweater when outside.
2842,0,2,23,25,1.08,0.055377492419453826,581,"With your Prime membership, you'll receive free shipping and discounts on items of interest to you."
2842,0,2,23,25,1.08,0.055377492419453826,581,Mandamn Autocorrect!
2842,1,0,24,25,1.08,0.08,581,And would it hurt you to call once in a while. Oy!
2842,0,2,23,25,1.08,0.055377492419453826,581,I am the Lord thy God's mother. Now bundle up.
2842,0,2,23,25,1.08,0.055377492419453826,581,Your mother wants you to wear it on cold nights.
2842,1,0,24,25,1.08,0.08,581,Thou shalt not hoodie?
2842,0,2,23,25,1.08,0.055377492419453826,581,Heaven forefend! Blending cotton and poly is a sin.
2842,0,2,23,25,1.08,0.055377492419453826,581,"But Mother, I don't NEED a sweater."
2842,1,0,24,25,1.08,0.08,581,"And you all need a new look, as well."
2842,0,2,23,25,1.08,0.055377492419453826,581,It's 1420 BCE. We don't wear that.
2842,0,2,23,25,1.08,0.055377492419453826,581,"No. But thanks anyway, these tablets are hot enough!"
2842,1,0,24,25,1.08,0.08,581,"If it's too tight, feel free to return it"
2842,0,2,23,25,1.08,0.055377492419453826,581,Amazon prime plus.
2842,1,0,24,25,1.08,0.08,581,You're going to have to put this in writing!
2842,0,2,23,25,1.08,0.055377492419453826,581,"You're a big man, Moses. I use the sweater as a reminder that I am who I am."
2842,0,2,23,25,1.08,0.055377492419453826,581,"It'll be a win-win situation, I promise."
2842,0,2,23,25,1.08,0.055377492419453826,581,"and if you can get them to buy into all 10, as an extra bonus I'll throw in this free $29.95 sweater, just pay a small shipping and handling fee."
2842,0,2,23,25,1.08,0.055377492419453826,581,"The Commandments were broken. Boy, are you guys in for a surprise."
2842,0,2,23,25,1.08,0.055377492419453826,581,Ten will get you one!
2842,0,2,23,25,1.08,0.055377492419453826,581,It was in the lost and found.
2842,0,2,23,25,1.08,0.055377492419453826,581,I yarn what I yarn.
2842,0,2,23,25,1.08,0.055377492419453826,581,"Also, thou shalt not wash thy colors with thy whites."
2842,0,2,23,25,1.08,0.055377492419453826,581,Number 11 - Thou shalt not forget thy sweater.
2842,0,2,23,25,1.08,0.055377492419453826,581,Thou hast forgotten number eleven: Thous shalt dress appropriately for the weather.
2842,1,0,24,25,1.08,0.08,581,"Put it on, Son. Mt Sinai gets chilly."
2842,0,2,23,25,1.08,0.055377492419453826,581,"Oh Lord, we are you having us go now?"
2842,0,2,23,25,1.08,0.055377492419453826,581,"And put on a sweater for goodness sakes, all that traipsing about in those threadbare robes, what you like making your mother worry?!"
2842,0,2,23,25,1.08,0.055377492419453826,581,"And Ye shall proclaim to the Children of Israel, ""Put on your sweater before you catch cold."""
2842,1,0,24,25,1.08,0.08,581,"Moe, did you ask me for the codes or a coat?"
2842,0,2,23,25,1.08,0.055377492419453826,581,"Moses, thou shalt not catch thy death of cold."
2842,0,2,23,25,1.08,0.055377492419453826,581,"A little musty, but Joseph left this for you."
2842,0,2,23,25,1.08,0.055377492419453826,581,I guess that's a start.
2842,0,2,23,25,1.08,0.055377492419453826,581,Thanks Obama
2842,1,0,24,25,1.08,0.08,581,"Sacrificial lambswool, I presume?"
2842,0,2,23,25,1.08,0.055377492419453826,581,"Remember, on this side of the pond it's a ""sweater"" not a ""jumper""."
2842,0,2,23,25,1.08,0.055377492419453826,581,You came down fast last time and left it there! Remember that you came to order in the world. So you need to get organized.
2842,0,2,23,25,1.08,0.055377492419453826,581,"And for Christ's sake, get yourself some real shoes!"
2842,1,0,24,25,1.08,0.08,581,"Yes, I give you my Word. Completely spear-proof."
2842,0,2,23,25,1.08,0.055377492419453826,581,'Thou shalt not forget to take a sweater' is the eleventh.
2842,0,2,23,25,1.08,0.055377492419453826,581,"Trust me, stripes are making a comeback."
2842,0,2,23,25,1.08,0.055377492419453826,581,It's for Team Moses
2842,0,2,23,25,1.08,0.055377492419453826,581,"First drone delivery, now this?!"
2842,0,2,23,25,1.08,0.055377492419453826,581,"No, I don't need a hand with the laundry."
2842,0,2,23,25,1.08,0.055377492419453826,581,Well that answers what you did with all the wool from the sheep we sacrificed to you
2842,0,2,23,25,1.08,0.055377492419453826,581,Because your mother is cold.
2842,0,2,23,25,1.08,0.055377492419453826,581,"And we shall call it the Patagonia Nano Puff Hoodie"""
2842,0,2,23,25,1.08,0.055377492419453826,581,One more thing--thou shalt see if you can't get the dry cleaners to unshrink this.
2842,0,2,23,25,1.08,0.055377492419453826,581,"Mother, I don't need a sweater and please stop nudging me while I'm working."
2842,0,2,23,25,1.08,0.055377492419453826,581,I don't wear 'hand-me-downs'
2842,0,2,23,25,1.08,0.055377492419453826,581,"Gee thanks for the sweater Moses - but if you look at your number 8 there on your tablet, you might want a little rethink on this 'one size fits all' malarkey."
2842,0,2,23,25,1.08,0.055377492419453826,581,"You believe IN me but you still don't BELIEVE me, do you? It gets cold at night. Put it on."
2842,0,2,23,25,1.08,0.055377492419453826,581,Some say you can fit a whole turkey under here
2842,0,2,23,25,1.08,0.055377492419453826,581,Thou shalt not catch cold.
2842,0,2,23,25,1.08,0.055377492419453826,581,I help you if you catch a cold.
2842,0,2,23,25,1.08,0.055377492419453826,581,"11th commandment, ""Wear only Moses Clothses."""
2842,0,2,23,25,1.08,0.055377492419453826,581,Giving commandments and being Creator and Lord of All is just my day job. My real passion is knitting sweaters for Etsy.
2842,0,2,23,25,1.08,0.055377492419453826,581,Put this in the Ark of the Covenant; it'll be funny.
2842,0,2,23,25,1.08,0.055377492419453826,581,"Obey your Father, Moses. It's right there on the tablet"
2842,1,0,24,25,1.08,0.08,581,Don't forget your sweater.
2842,0,2,23,25,1.08,0.055377492419453826,581,Guess Adam Smith's invisible hand isn't so invisible after all.
2842,1,0,24,25,1.08,0.08,581,I'm your mother. I command you to wear this.
2842,0,2,23,25,1.08,0.055377492419453826,581,"On those stone tablets are ten statements - commandments, if you will - to live by. And now this... this is a fashion statement! You can't live without it."
2842,0,2,23,25,1.08,0.055377492419453826,581,"Here, you wear it. I've outgrown it."
2842,0,2,23,25,1.08,0.055377492419453826,581,You just sound so cold.
2842,0,2,23,25,1.08,0.055377492419453826,581,Forget the tablets....Beware of Global warming.
2842,0,2,23,25,1.08,0.055377492419453826,581,"No take backs, it's a fair trade!"
2842,1,0,24,25,1.08,0.08,581,"If it doesn't work out, you should be able to get out of camp with this on."
2842,0,2,23,25,1.08,0.055377492419453826,581,"Also, the big guy wants you to take this and maybe spruce up a bit before the presentation."
2842,0,2,23,25,1.08,0.055377492419453826,581,"I know a Job, but you say his FIRST name is Steve?"
2842,0,2,23,25,1.08,0.055377492419453826,581,Thou shalt knit.
2842,0,2,23,25,1.08,0.055377492419453826,581,when you're in need of a hand don't be afraid to look up to the sky for a gigantic hand.
2842,0,2,23,25,1.08,0.055377492419453826,581,"Lastly, thou shalt wear this for warmth and make it abundant."
2842,1,0,24,25,1.08,0.08,581,and you're going to need to have a talk with the Ashkenazim.
2842,0,2,23,25,1.08,0.055377492419453826,581,Don't you think the hood sends the wrong message Mr. Trump?
2842,1,0,24,25,1.08,0.08,581,And Number 11: Thou shalt never buy retail.
2842,0,2,23,25,1.08,0.055377492419453826,581,I accidentally put my sweater in the dryer again...
2842,0,2,23,25,1.08,0.055377492419453826,581,Since you got Bill Blass there is a new vigor.
2842,0,2,23,25,1.08,0.055377492419453826,581,Be prepared for a cold reception!
2842,0,2,23,25,1.08,0.055377492419453826,581,They'll never believe me when I tell them about the sweater.
2842,0,2,23,25,1.08,0.055377492419453826,581,Please stop with the holy sweater Dad jokes.
2842,0,2,23,25,1.08,0.055377492419453826,581,And take this too--just in case it starts raining manna.
2842,0,2,23,25,1.08,0.055377492419453826,581,Do I look like a Jewish Eskimo ?
2842,0,2,23,25,1.08,0.055377492419453826,581,Your mother insisted that I make you wear this.
2842,0,2,23,25,1.08,0.055377492419453826,581,Thou shalt covet thy breast with the latest fashion.
2842,1,0,24,25,1.08,0.08,581,"When you get to the Promised Land, don't forget to take a sweater."
2842,0,2,23,25,1.08,0.055377492419453826,581,Did you get this one: You shall not harm those who wear hoodies?
2842,0,2,23,25,1.08,0.055377492419453826,581,"No, no, Moses, not Israel. I said, 'You will first bring the law to the Inuit!'"
2842,0,2,23,25,1.08,0.055377492419453826,581,I made it myself.
2842,0,2,23,25,1.08,0.055377492419453826,581,Good God that's a nice sweater!
2842,0,2,23,25,1.08,0.055377492419453826,581,"The angels hath knitted this garment for thee. Though it not be thy style, wear it for I fear their wrath."
2842,1,0,24,25,1.08,0.08,581,"Take two tablets, dress warmly and get a good night's sleep. It's not a suggestion. It's a commandment!"
2842,0,2,23,25,1.08,0.055377492419453826,581,And number 11 will be a little inside joke between the two of us.
2842,0,2,23,25,1.08,0.055377492419453826,581,"I think you have a Sinai infection – put on this warm coat, take two tablets and call me in the morning."
2842,0,2,23,25,1.08,0.055377492419453826,581,"""Darling, long sweater jackets are so last century. Here, try this more fashionable hip-length sweater. It's all the rage""."
2842,0,2,23,25,1.08,0.055377492419453826,581,I saw you eyeing this earlier...you can have it but give me back those 9 commandments so I can add another one.
2842,0,2,23,25,1.08,0.055377492419453826,581,"If you wore the sweater the first time, it wouldn't have taken 40 years to get here."
2842,0,2,23,25,1.08,0.055377492419453826,581,"For God sakes, just accept climate change!"
2842,0,2,23,25,1.08,0.055377492419453826,581,You are going to want to corner the ugly Christmas sweater market now. Just trust me.
2842,0,2,23,25,1.08,0.055377492419453826,581,Here. My tablet has a weather app.
2842,0,2,23,25,1.08,0.055377492419453826,581,Thou shalt not have goosebumps.
2842,0,2,23,25,1.08,0.055377492419453826,581,"From your mother, wear it; I worked all night knitting it."
2842,0,2,23,25,1.08,0.055377492419453826,581,Here. It'll get chilly once the burning bush goes out.
2842,0,2,23,25,1.08,0.055377492419453826,581,The Eleventh Commandment: Dress Warmly
2842,0,2,23,25,1.08,0.055377492419453826,581,"You'll be needing this, Hell is not in your future."
2842,1,0,24,25,1.08,0.08,581,Follow the instructions and for God's sake wear this when wandering in the desert at night.
2842,0,2,23,25,1.08,0.055377492419453826,581,Here--you'll probably get a chilly reception.
2842,0,2,23,25,1.08,0.055377492419453826,581,Can I bring you some wine to go with your impertinence?
2842,0,2,23,25,1.08,0.055377492419453826,581,Mo! Slip this on. Thou shalt not be chilled.
2842,0,2,23,25,1.08,0.055377492419453826,581,"Missing the promised land, you should be cold too?"
2842,0,2,23,25,1.08,0.055377492419453826,581,You also need a hat and gloves in this weather.
2842,0,2,23,25,1.08,0.055377492419453826,581,God damn you! Hell.. just froze over.
2842,0,2,23,25,1.08,0.055377492419453826,581,Thou shalt not wear ugly Christmas sweaters.
2842,0,2,23,25,1.08,0.055377492419453826,581,I'm good with these but I think Joseph could use it.
2842,0,2,23,25,1.08,0.055377492419453826,581,In case you get the cold shoulder.
2842,0,2,23,25,1.08,0.055377492419453826,581,Add an 11th-thou shall not freeze!
2842,0,2,23,25,1.08,0.055377492419453826,581,It's a Lord & Taylor creation.
2842,1,0,24,25,1.08,0.08,581,Thou shalt not catch your death in the wilderness.
2842,1,0,24,25,1.08,0.08,581,Just in case you and your tablets get a chilly reception.
2842,0,2,23,25,1.08,0.055377492419453826,581,The Eleventh Commandment is that you're going to catch a cold if you don't wear a nice jacket.
2842,1,0,24,25,1.08,0.08,581,"The last thing I need, is to have my little boychick come down with a cold at a time like this."
2842,0,2,23,25,1.08,0.055377492419453826,581,Now that I'm no longer fire you will need this
2842,0,2,23,25,1.08,0.055377492419453826,581,"And God said, ""Let it be Sweater Weather""."
2842,0,2,23,25,1.08,0.055377492419453826,581,It's for the reception.
2842,0,2,23,25,1.08,0.055377492419453826,581,Take two tablets and dress warmly!
2842,0,2,23,25,1.08,0.055377492419453826,581,11. Thou shalt not get chilly.
2842,0,2,23,25,1.08,0.055377492419453826,581,"Also, Keep Warm. That's not a commandment, not on the list. But still."
2842,0,2,23,25,1.08,0.055377492419453826,581,"Trust me, the hoodie will enhance your 'street cred' with the millennial Israelites."
2842,0,2,23,25,1.08,0.055377492419453826,581,"Oh, yes, and put on your sweater. It's getting colder."
2842,0,2,23,25,1.08,0.055377492419453826,581,"Put the tablets down, and put this sweater on before you get a bad cold."
2842,1,0,24,25,1.08,0.08,581,I expect you'll get a cool reception. Here's a sweater.
2842,0,2,23,25,1.08,0.055377492419453826,581,robes are out-hoodies are in.
2842,1,0,24,25,1.08,0.08,581,Amazon prime has you working for them too?
2842,0,2,23,25,1.08,0.055377492419453826,581,Thou shalt not catch your death!
2842,0,2,23,25,1.08,0.055377492419453826,581,"Not that I don't love it, but did you remember a gift receipt?"
2842,0,2,23,25,1.08,0.055377492419453826,581,".....and it shall be called ""a hoodie""."
2842,1,0,24,25,1.08,0.08,581,"Moses, this sweater is an abomination, so, I'm giving you this robe to wear instead and these 10 new rules."
2842,1,0,24,25,1.08,0.08,581,Just in case you get a cold reception.
2842,0,2,23,25,1.08,0.055377492419453826,581,Put on the hoodie before you get to the adultery part.
2842,0,2,23,25,1.08,0.055377492419453826,581,"And the Lord said unto Moses, ""Gets a little cold over 40 days and 40 nights."""
2842,0,2,23,25,1.08,0.055377492419453826,581,Thou shalt not wear false knittings.
2842,1,0,24,25,1.08,0.08,581,"Moses. Bubala. Aren't you cold standing up on a mountain top, wearing nothing but a desert robe? Put on this sweater. Sit down. Be comfortable. Let's talk for a while."
2842,0,2,23,25,1.08,0.055377492419453826,581,My Mom knitted this for you: WEAR IT. Number 11.
2842,0,2,23,25,1.08,0.055377492419453826,581,Amazon foreshadowed
2842,1,0,24,25,1.08,0.08,581,"Bundle up, have some chicken soup, then take two tablets and go to bed."
2842,0,2,23,25,1.08,0.055377492419453826,581,Hold on! #11 is to wear a sweater when your mom tells you.
2842,0,2,23,25,1.08,0.055377492419453826,581,But I asked for trousers
2842,1,0,24,25,1.08,0.08,581,I'm a Jewish mother.
2842,0,2,23,25,1.08,0.055377492419453826,581,"All right, you've got two tablets. Now stay warm and call me in the morning."
2842,1,0,24,25,1.08,0.08,581,Taketh this pullover. Weareth it at passover.
2842,0,2,23,25,1.08,0.055377492419453826,581,Thank you lord.... umm.. just what I needed.
2842,0,2,23,25,1.08,0.055377492419453826,581,"Lastly, I call it fleece."
2842,0,2,23,25,1.08,0.055377492419453826,581,Oy. I heard not instead of knit.
2842,1,0,24,25,1.08,0.08,581,Thanks. Are you implying that global warming will not be a problem?
2842,0,2,23,25,1.08,0.055377492419453826,581,I feel like the Old Testament could use some warmer moments.
2842,1,0,24,25,1.08,0.08,581,So you expect me to give you these 10 Commandments in exchange for a bargain basement pullover sweat shirt. Who died and made you God?
2842,0,2,23,25,1.08,0.055377492419453826,581,"No, it's not a commandment, but it couldn't hurt."
2842,0,2,23,25,1.08,0.055377492419453826,581,Holy Sheep
2842,0,2,23,25,1.08,0.055377492419453826,581,"Ten, huh ... It's going to be a while."
2842,0,2,23,25,1.08,0.055377492419453826,581,Eleventh commandment: Always take a sweater. It might get cold.
2842,0,2,23,25,1.08,0.055377492419453826,581,"Here, Moe. This will keep you warm, when they give you all those cold shoulders."
2842,0,2,23,25,1.08,0.055377492419453826,581,I never thought the hand of God would be just like my mother.
2842,1,0,24,25,1.08,0.08,581,"My God, I thought you said, 'Canaan,' not 'Canada!'"
2842,0,2,23,25,1.08,0.055377492419453826,581,...not knit?
2842,0,2,23,25,1.08,0.055377492419453826,581,C'mon Mom. I'm a grown-ass man.
2842,1,0,24,25,1.08,0.08,581,How did you know my size?
2842,0,2,23,25,1.08,0.055377492419453826,581,"By cloaking in this garment, you shall honor thy mother."
2842,0,2,23,25,1.08,0.055377492419453826,581,Take 2 for the price of one and I'll toss in a free sweater.
2842,0,2,23,25,1.08,0.055377492419453826,581,This is so you shall not be able to commit adultery...
2842,1,0,24,25,1.08,0.08,581,"It's chilly out, so don't forget to take a little sweater."
2842,0,2,23,25,1.08,0.055377492419453826,581,"You forgot that my very first commandment is: ""Don't go up the mountain without your jacket."""
2842,1,0,24,25,1.08,0.08,581,Everything must God
2842,0,2,23,25,1.08,0.055377492419453826,581,"Bubby says wear a sweater, it could get cold when I leave!"
2842,0,2,23,25,1.08,0.055377492419453826,581,Guess I needed an 11th
2842,0,2,23,25,1.08,0.055377492419453826,581,The details of our return policy are on both tablets in small print.
2842,0,2,23,25,1.08,0.055377492419453826,581,I tell you the truth: You'll not enter Canaan without it
2842,0,2,23,25,1.08,0.055377492419453826,581,can you tell me if this sweater makes me look fat?
2842,0,2,23,25,1.08,0.055377492419453826,581,You've done well Moses. You'll need this in Heaven. It's nowhere near as hot as Hell.
2842,0,2,23,25,1.08,0.055377492419453826,581,Commandment 11: Thou shall always dawn an ugly sweater in yuletide celebrations
2842,0,2,23,25,1.08,0.055377492419453826,581,"""...I gave you TWO tablets. You gave me ONE sweater...no...we're not even."
2842,0,2,23,25,1.08,0.055377492419453826,581,I'd be much obliged if you could drop this at the Promised Land Goodwill.
2842,0,2,23,25,1.08,0.055377492419453826,581,"""Your mother said you'll get chilly."" Submitted by Neil L. Sachs, Monmouth Junction, NJ"
2842,0,2,23,25,1.08,0.055377492419453826,581,"Sorry, drones haven't been invented yet."
2842,0,2,23,25,1.08,0.055377492419453826,581,Eleven: Thou shalt not wear sweaters with more than two different colors.
2842,0,2,23,25,1.08,0.055377492419453826,581,"Oh, and Isis made you this..."
2842,0,2,23,25,1.08,0.055377492419453826,581,Look out for the thunder and lightning on your way down
2842,1,0,24,25,1.08,0.08,581,"God: I am mostly against fabrics that pill, so poly-cotton is also off the table for you people"
2842,0,2,23,25,1.08,0.055377492419453826,581,...a
2842,0,2,23,25,1.08,0.055377492419453826,581,I made this on the eighth day just for you.
2842,0,2,23,25,1.08,0.055377492419453826,581,Are you sure it's my size?
2842,0,2,23,25,1.08,0.055377492419453826,581,"Thanks, but I'd prefer a button-down."
2842,1,0,24,25,1.08,0.08,581,"Thanks, but I really need a knapsack."
2842,0,2,23,25,1.08,0.055377492419453826,581,"And God said on to Moses, ""Bro aren't you cold up there?"""
2842,1,0,24,25,1.08,0.08,581,And number eleven: Thou shall not go into the desert without a warm sweater.
2842,1,0,24,25,1.08,0.08,581,Thou shall not go preaching God's word without putting on a sweater first.
2842,0,2,23,25,1.08,0.055377492419453826,581,...and thou shalt not mix plaids and stripes...
2842,0,2,23,25,1.08,0.055377492419453826,581,I'm thinking you might tear your robes when you see what Aaron's been up to.
2842,0,2,23,25,1.08,0.055377492419453826,581,For the cold shoulder you might get
2842,0,2,23,25,1.08,0.055377492419453826,581,"Parka, meet Moses. Moses, meet climate change."
2842,0,2,23,25,1.08,0.055377492419453826,581,Here's a little gift to make up for allowing Kushner to broker peace in to the Middle East.
2842,0,2,23,25,1.08,0.055377492419453826,581,"If thou must wearest sandals upon the mountain top, I command thee, at least put on a sweater."
2842,0,2,23,25,1.08,0.055377492419453826,581,You parted the seas. The Gap is perfect for you.
2842,0,2,23,25,1.08,0.055377492419453826,581,Thou shalt not go out without a jacket.
2842,0,2,23,25,1.08,0.055377492419453826,581,Aphrodite thought you might be cold.
2842,0,2,23,25,1.08,0.055377492419453826,581,"Yes, I know what He said, but I think you'll need this."
2842,0,2,23,25,1.08,0.055377492419453826,581,Thou shalt wear a sweater; I feel a draft.
2842,0,2,23,25,1.08,0.055377492419453826,581,And this is for your Mount Sinai swag bag.
2842,0,2,23,25,1.08,0.055377492419453826,581,"I'm sorry, but there's a new dress code."
2842,0,2,23,25,1.08,0.055377492419453826,581,"I love it, but next time just give me the sheep."
2842,0,2,23,25,1.08,0.055377492419453826,581,You'll need this for the fifth one.
2842,0,2,23,25,1.08,0.055377492419453826,581,Now think carefully. You're climbing up a mountain. Did I say 'Take two tablets' or 'put on a coat'?
2842,0,2,23,25,1.08,0.055377492419453826,581,"Just a little something I picked up on Amazon for you, Mose."
2842,0,2,23,25,1.08,0.055377492419453826,581,"And last but not least, thou shalt dress warmly when climbing mountains."
2842,0,2,23,25,1.08,0.055377492419453826,581,For heaven's sake! I never said you had to catch your death!
2842,0,2,23,25,1.08,0.055377492419453826,581,"Okay, that's not funny."
2842,0,2,23,25,1.08,0.055377492419453826,581,Chill Out.
2842,0,2,23,25,1.08,0.055377492419453826,581,"Oh, and one more... ""Though shalt not put wool sweaters in the dryer,."""
2842,0,2,23,25,1.08,0.055377492419453826,581,Put on a sweater. I'm cold just looking at you.
2842,0,2,23,25,1.08,0.055377492419453826,581,Thou shalt not covet but thou shalt cover. It's cold out son!
2842,0,2,23,25,1.08,0.055377492419453826,581,The real man who came in out of the cold
2842,1,0,24,25,1.08,0.08,581,Obey your mother. Put this on.
2842,0,2,23,25,1.08,0.055377492419453826,581,Nuclear winter may be upon us. This might be helpful.
2842,0,2,23,25,1.08,0.055377492419453826,581,"Commandment #11, Thou shalt be fashion forward."
2842,0,2,23,25,1.08,0.055377492419453826,581,Remember the Sweater Day. Don't let it get holy.
2842,0,2,23,25,1.08,0.055377492419453826,581,"These days, people with tablets wear hoodies."
2842,0,2,23,25,1.08,0.055377492419453826,581,Or you can choose an all expense paid Colorado ski vacation for the entire family!
2842,1,0,24,25,1.08,0.08,581,Your bubbe made this for you.
2842,0,2,23,25,1.08,0.055377492419453826,581,THE 11TH IS DRESS WARMLY?
2842,0,2,23,25,1.08,0.055377492419453826,581,"Take two tablets and wrap up warm. If you're not feeling better in a couple of thousand years, come back and see me again."
2842,0,2,23,25,1.08,0.055377492419453826,581,"I said, ""swear to God,"" not ""sweater, God."""
2842,1,0,24,25,1.08,0.08,581,Might Thou also add a large backpack?
2842,1,0,24,25,1.08,0.08,581,"Put down those silly tablets and try this, so mommy can see if it fits."
2842,0,2,23,25,1.08,0.055377492419453826,581,There's more...you'll catch your death dressed like that waiting for the third tablet!
2842,0,2,23,25,1.08,0.055377492419453826,581,"Dahlink, you'll need a sweater...you shouldn't be cold on that mountain."
2842,0,2,23,25,1.08,0.055377492419453826,581,"There wasn't room for the Eleventh Commandment, Thou Shall keep thine wife warm and happy."
2842,1,0,24,25,1.08,0.08,581,"Thou shalt not go hiking without a sweater, lest thou catch thy death out there."
2842,0,2,23,25,1.08,0.055377492419453826,581,"I thought you said, ""if the shoe fits ..."""
2842,1,0,24,25,1.08,0.08,581,Are you calling me an empty tunic?
2842,1,0,24,25,1.08,0.08,581,Sock it to me kumbaya!
2842,0,2,23,25,1.08,0.055377492419453826,581,You're in the wrong time - Adam was the naked one
2842,1,0,24,25,1.08,0.08,581,"Moses, you chose Cloud #3. Behold thine sweater in all its woolen glory."
2842,0,2,23,25,1.08,0.055377492419453826,581,Something from your mom.
2842,0,2,23,25,1.08,0.055377492419453826,581,It's the lesser known sweater of many colors.
2842,0,2,23,25,1.08,0.055377492419453826,581,Expect rain.
2842,0,2,23,25,1.08,0.055377492419453826,581,"If you insist on the beard, long hair and sandals...lose the robe and try this."
2842,0,2,23,25,1.08,0.055377492419453826,581,I see you're into artisanal manna now.
2842,0,2,23,25,1.08,0.055377492419453826,581,"Yes , I am heavily invested in these commandments , But the rumors I have lost my shirt are exaggerated ..."
2842,0,2,23,25,1.08,0.055377492419453826,581,It's cold up here
2842,0,2,23,25,1.08,0.055377492419453826,581,I think you forgot this in Egypt.
2842,0,2,23,25,1.08,0.055377492419453826,581,Is that a commandment? Wool makes me really itchy.
2842,0,2,23,25,1.08,0.055377492419453826,581,"Thanks, but my hands are full."
2842,0,2,23,25,1.08,0.055377492419453826,581,"Here, I think you'll need this because its gonna be a cold day in hell before anyone follows those rules!"
2842,0,2,23,25,1.08,0.055377492419453826,581,And the Eleventh Commandment: thou shall wrap thy body in ugly sweaters on the 25th day of December...oops spoiler alert!
2842,0,2,23,25,1.08,0.055377492419453826,581,I've decided to do global cooling instead.
2842,1,0,24,25,1.08,0.08,581,"No, Donald. I can't accept your version of the Constitution"
2842,1,0,24,25,1.08,0.08,581,"Dammit, Moses! Nobody can follow all ten of those rules! Just chill out!"
2842,0,2,23,25,1.08,0.055377492419453826,581,"It was going to be a onesie, but I'm,.."
2842,0,2,23,25,1.08,0.055377492419453826,581,"And while you're at it, try to dress a little better! You're on a mountaintop, for my sake!"
2842,0,2,23,25,1.08,0.055377492419453826,581,Thou shalt not attempt ascent without appropriate high-tech gear
2842,0,2,23,25,1.08,0.055377492419453826,581,"Please put this on, it is chilly on the mountain top"
2842,0,2,23,25,1.08,0.055377492419453826,581,"God, I think you may be confusing your bible stories...that's for Joseph!"
2842,0,2,23,25,1.08,0.055377492419453826,581,Jesus Christ! Save the hand-me-downs for when you have kids.
2842,0,2,23,25,1.08,0.055377492419453826,581,When do you find time to knit?
2842,1,0,24,25,1.08,0.08,581,Just don't put the hood on in white neighborhoods.
2842,0,2,23,25,1.08,0.055377492419453826,581,"The 11th commandment is "" Thou shall not leave the house without proper clothing"" Ok it's not a commandment but your mother was worried about you."
2842,1,0,24,25,1.08,0.08,581,"I'll take that, I want you to be taken seriously."
2842,0,2,23,25,1.08,0.055377492419453826,581,Gotta love Amazon's new delivery service. Glad I upgraded from Prime to Divine.
2842,0,2,23,25,1.08,0.055377492419453826,581,YOUR FAKE NEWS COVERUP!
2842,0,2,23,25,1.08,0.055377492419453826,581,... or you'll catch your death.
2842,0,2,23,25,1.08,0.055377492419453826,581,Thou shalt not itch...it's Alpaca!
2842,1,0,24,25,1.08,0.08,581,"now that i have ninety more to give you, put this on so you will not catch cold"
2842,0,2,23,25,1.08,0.055377492419453826,581,I don't care if your friends won't think it's cool; I bought it and you're wearing it.
2842,0,2,23,25,1.08,0.055377492419453826,581,"Oh, go on. It'll be all the rage when I invent Freddy Krueger."
2842,0,2,23,25,1.08,0.055377492419453826,581,It's 100% Alpaca. Nobody has one in this hemisphere.
2842,0,2,23,25,1.08,0.055377492419453826,581,put this on before you break the last two.
2842,0,2,23,25,1.08,0.055377492419453826,581,"And in the event there shall be an 8th day, it will be known as Amazon."
2842,0,2,23,25,1.08,0.055377492419453826,581,Oh! And one more heavenly thing.......Cashmere!!!
2842,0,2,23,25,1.08,0.055377492419453826,581,"""And while we're at it, your Grandma knitted you a sweater."" (caption written by Ella Larson)"
2842,0,2,23,25,1.08,0.055377492419453826,581,And also shalt thou exclusively wear Yahweh branded sportswear to affirm my market dominance.
2842,0,2,23,25,1.08,0.055377492419453826,581,"Remember, thou keep holey the Lords' cashmere sweater."
2842,0,2,23,25,1.08,0.055377492419453826,581,But thou shalt cover the neighbor's wife. Give her this.
2842,1,0,24,25,1.08,0.08,581,"Didn't I tell you ""Thou shalt not forget your sweater"" before you go back down there?"
2842,0,2,23,25,1.08,0.055377492419453826,581,For free? I'll take ten.
2842,0,2,23,25,1.08,0.055377492419453826,581,"Your heart is in the right place, but try this instead."
2842,0,2,23,25,1.08,0.055377492419453826,581,"I am the Lord they God, now wear your sweater!"
2842,1,0,24,25,1.08,0.08,581,Oops! I thought we were still in Genesis.
2842,1,0,24,25,1.08,0.08,581,"And while you're at it, could you get this dry cleaned?"
2842,0,2,23,25,1.08,0.055377492419453826,581,Number 11? Thou shall not get cold?
2842,1,0,24,25,1.08,0.08,581,Polly Pocket catholic edition
2842,0,2,23,25,1.08,0.055377492419453826,581,thank you for preparing me for climate change
2842,1,0,24,25,1.08,0.08,581,and Mrs. YHWH knitted this for you.
2842,0,2,23,25,1.08,0.055377492419453826,581,"You've been here quite a while, I should have brought this sooner."
2842,1,0,24,25,1.08,0.08,581,Pleasure doing business with you.
2842,0,2,23,25,1.08,0.055377492419453826,581,Here's something for your journey because at times the world can be a cold place.
2842,0,2,23,25,1.08,0.055377492419453826,581,I got one just like it last Christmas. But thanks anyway.
2842,0,2,23,25,1.08,0.055377492419453826,581,It's for a cold day in Hell if Trump is re-elected.
2842,0,2,23,25,1.08,0.055377492419453826,581,"Make sacred garments for your brother Aaron, but take this too in case it gets chilly."
2842,0,2,23,25,1.08,0.055377492419453826,581,"You'll catch your death of cold, and we need you."
2842,0,2,23,25,1.08,0.055377492419453826,581,Thou shalt don a hoody.
2842,0,2,23,25,1.08,0.055377492419453826,581,"...oh, and the Mrs. says you need this."
2842,0,2,23,25,1.08,0.055377492419453826,581,You should take this. It can get a little cold when you're wandering in the desert for 40 years.
2842,0,2,23,25,1.08,0.055377492419453826,581,"Moses, said God, wearing your sweater is the eleventh...!"
2842,0,2,23,25,1.08,0.055377492419453826,581,"Son, I don't want you to catch a cold when you cross the Red Sea."
2842,0,2,23,25,1.08,0.055377492419453826,581,Number eleven:Thou shalt not be cold.
2842,0,2,23,25,1.08,0.055377492419453826,581,"And lastly, thou shalt permit returns on items that run small."
2842,1,0,24,25,1.08,0.08,581,"Take a sweater, I'm cold."
2842,0,2,23,25,1.08,0.055377492419453826,581,"Oh god, what a surprise God!"
2842,0,2,23,25,1.08,0.055377492419453826,581,i wanted a commandment about wearing cool outfit but i have to invent amazon first
2842,0,2,23,25,1.08,0.055377492419453826,581,THOU SHALT HAVE THIS DRY CLEANED FOR ME
2842,0,2,23,25,1.08,0.055377492419453826,581,You're gonna to be here 40 nights - you'll need a sweater.
2842,0,2,23,25,1.08,0.055377492419453826,581,"How did you know I was cold? Oh, I forgot -- you're Goddess!"
2842,0,2,23,25,1.08,0.055377492419453826,581,"OK Moses, final offer... I'll trade you this designer Cashmere pullover, and throw in Mickey Mantle and Sandy Koufax baseball cards, both in cherry condition, for those two tablets you're holding."
2842,0,2,23,25,1.08,0.055377492419453826,581,I forgot one: No crazy sweaters at Christmas!
2842,0,2,23,25,1.08,0.055377492419453826,581,Thou shalt not spin dry
2842,0,2,23,25,1.08,0.055377492419453826,581,Thou shalt complement his Birkenstocks with a stylish sweater
2842,0,2,23,25,1.08,0.055377492419453826,581,Thou shall honor that thy mother feels it is cold out.
2842,0,2,23,25,1.08,0.055377492419453826,581,Oh and another thing...please pass this along to Joseph.
2842,0,2,23,25,1.08,0.055377492419453826,581,This will help disguise your escape.
2842,0,2,23,25,1.08,0.055377492419453826,581,You asked for it: a glimpse of the future.
2842,0,2,23,25,1.08,0.055377492419453826,581,THOU SHALL WHERE SOMETHING WITH A BIT MORE PIZZAZ
2842,0,2,23,25,1.08,0.055377492419453826,581,"Moses, thou shalt not go out of Egypt without thy sweater."
2842,0,2,23,25,1.08,0.055377492419453826,581,"No matter what you have heard about this place, it's really, really cold up here."
2842,0,2,23,25,1.08,0.055377492419453826,581,Thou Shalt wear an ugly sweater on Christmas Day.
2842,0,2,23,25,1.08,0.055377492419453826,581,"Wear this, I expect a cool reception down there when you read those tablets."
2842,0,2,23,25,1.08,0.055377492419453826,581,and god said let there rayon
2842,0,2,23,25,1.08,0.055377492419453826,581,You must know something I don't know.
2842,1,0,24,25,1.08,0.08,581,"Be warm, a very cold reception is in the wind."
2842,0,2,23,25,1.08,0.055377492419453826,581,Don’t be alarmed. It’s the best cashmere from your goats. It’s not cheap fiber from the Far East.
2842,0,2,23,25,1.08,0.055377492419453826,581,"And I apologize for exploiting my my position of power, but, I am also promoting a new line of clothing!"
2842,0,2,23,25,1.08,0.055377492419453826,581,"Oh, and last but not least : thou shalt not catch a cold."
2842,1,0,24,25,1.08,0.08,581,"Don't worry, I'll give it back. No need to get preachy."
2842,1,0,24,25,1.08,0.08,581,"No, no, no. We'll give you're commandments a try but mankind ain't ready for no sweaters."
2842,0,2,23,25,1.08,0.055377492419453826,581,"""Boy! Now I done told you it was going to be cool up on Mount Sinai today, put in your sweater this instant! If you catch your death, don't you come cryin' to me."
2842,0,2,23,25,1.08,0.055377492419453826,581,My wife knitted it herself!
2842,0,2,23,25,1.08,0.055377492419453826,581,"Hey Moses, giveth or taketh?"
2842,0,2,23,25,1.08,0.055377492419453826,581,"MOM ... REALLY, I'm Fine."
2842,0,2,23,25,1.08,0.055377492419453826,581,I thought we were trading two mock gravestones for a MOCK turtleneck. Why the sleeves?
2842,1,0,24,25,1.08,0.08,581,"Jew believe in miracles? I found your jacket, you sexy thang!"
2842,0,2,23,25,1.08,0.055377492419453826,581,Here - just in case they give you the cold shoulder.
2842,0,2,23,25,1.08,0.055377492419453826,581,Here's a commandment: trust me. It's going to get chilly tonight.
2842,0,2,23,25,1.08,0.055377492419453826,581,Here. You'll need this on the way down.
2842,0,2,23,25,1.08,0.055377492419453826,581,Go forth and market these.
2842,0,2,23,25,1.08,0.055377492419453826,581,Put it on. I don't want you should catch a cold.
2842,0,2,23,25,1.08,0.055377492419453826,581,Go ahead. Try it on. There's free return shipping!
2842,0,2,23,25,1.08,0.055377492419453826,581,"First and foremost, don't catch a cold!"
2842,0,2,23,25,1.08,0.055377492419453826,581,Two more things. Don't tell anyone I'm a woman. And try this on ... it was on sale.
2842,0,2,23,25,1.08,0.055377492419453826,581,At least pack it -- 40 years is a long time.
2842,0,2,23,25,1.08,0.055377492419453826,581,"And when they obey them all, give this to you-know-who... it will be freezing over down there"
2842,0,2,23,25,1.08,0.055377492419453826,581,The 11th one comes from your mother...
2842,0,2,23,25,1.08,0.055377492419453826,581,Tell him I asked 'Why would He need a golden kaftan?'
2842,0,2,23,25,1.08,0.055377492419453826,581,"We're adding a climate change addition: ""thou shalt not freeze in Heaven""."
2842,0,2,23,25,1.08,0.055377492419453826,581,There's a chill in the air.
2842,0,2,23,25,1.08,0.055377492419453826,581,Thou shouldst not catch a chill.
2842,0,2,23,25,1.08,0.055377492419453826,581,Thou shall not be nippy
2842,0,2,23,25,1.08,0.055377492419453826,581,"Absolutely, Ma'am, I'll wear it all winter long, walking to shul."
2842,0,2,23,25,1.08,0.055377492419453826,581,It ain't hot as hell up here!
2842,0,2,23,25,1.08,0.055377492419453826,581,"Okay, but don't say I didn't warn you."
2842,0,2,23,25,1.08,0.055377492419453826,581,Last chance for the designer sweater instead.
2842,0,2,23,25,1.08,0.055377492419453826,581,Can you be sure that it will be fire next time? We still have plenty of protection AND we're faster than Prime. Beat that Bezos!
2842,0,2,23,25,1.08,0.055377492419453826,581,I knitted this for Thee from Thy latest sacrificial lamb.
2842,1,0,24,25,1.08,0.08,581,"No problem, Amazon will restock free of charge."
2842,0,2,23,25,1.08,0.055377492419453826,581,"Just take the tablets as needed, and stay warm."
2842,1,0,24,25,1.08,0.08,581,I asked for an umbrella.
2842,0,2,23,25,1.08,0.055377492419453826,581,"I don't need it, I'm almost there"
2842,1,0,24,25,1.08,0.08,581,How did you guess my size?
2842,0,2,23,25,1.08,0.055377492419453826,581,"They want to know why I keep coming up here, I'm not sure the sweater will do"
2842,0,2,23,25,1.08,0.055377492419453826,581,"I am thy mother, and I say thou shalt catch thy death of cold."
2842,1,0,24,25,1.08,0.08,581,Number 11: Dry clean only.
2842,0,2,23,25,1.08,0.055377492419453826,581,"Seriously, Jews love LL Bean. Put it on."
2842,0,2,23,25,1.08,0.055377492419453826,581,"... sorry, I did not leave room for product placement"
2842,0,2,23,25,1.08,0.055377492419453826,581,"I think a storm would be in order, so you better dress warmly."
2842,1,0,24,25,1.08,0.08,581,"Here, take this. I'm about to create snow."
2842,0,2,23,25,1.08,0.055377492419453826,581,The 11th commandment.
2842,0,2,23,25,1.08,0.055377492419453826,581,I've changed my mind. I now think it's better if they're inscribed on this.
2842,0,2,23,25,1.08,0.055377492419453826,581,I asked for a mitzvoth not a mizrahi.
2842,0,2,23,25,1.08,0.055377492419453826,581,Welcome to the 'hood.
2842,0,2,23,25,1.08,0.055377492419453826,581,And this is for the cold responses.
2842,0,2,23,25,1.08,0.055377492419453826,581,Could be a cold reception with some of the commandments
2842,1,0,24,25,1.08,0.08,581,It's Kevlar.
2842,0,2,23,25,1.08,0.055377492419453826,581,"And the 11th commandment said: ""Thou shall not covet thy neighbors polartec"""
2842,0,2,23,25,1.08,0.055377492419453826,581,"Thanks, but can Climate Change really be chipped in stone?"
2842,0,2,23,25,1.08,0.055377492419453826,581,What big hands you have.
2842,0,2,23,25,1.08,0.055377492419453826,581,Expect a cold reception.
2842,0,2,23,25,1.08,0.055377492419453826,581,Joseph doesn't need this any more.
2842,0,2,23,25,1.08,0.055377492419453826,581,It's called a hoodie and shall thus be the eleventh commandment: stay cool at all times.
2842,1,0,24,25,1.08,0.08,581,"And #11, take a sweater in case it gets chilly"
2842,0,2,23,25,1.08,0.055377492419453826,581,"OK, then; see if this fits."
2842,0,2,23,25,1.08,0.055377492419453826,581,"your mother says ""dress warm"" should have been the eleventh."
2842,0,2,23,25,1.08,0.055377492419453826,581,Lambswool of God
2842,0,2,23,25,1.08,0.055377492419453826,581,"Sorry, we forgot to give this to you for walking up and down the mountain."
2842,1,0,24,25,1.08,0.08,581,I meant to say something about hoodies!
2842,0,2,23,25,1.08,0.055377492419453826,581,Thou shall not clash.
2842,0,2,23,25,1.08,0.055377492419453826,581,"God speaks to Moses. ""Moses, you just have a cold. Wear a sweater while you recover ... don't take tablets."""
2842,0,2,23,25,1.08,0.055377492419453826,581,"Here, I forgot to give this to Adam."
2842,0,2,23,25,1.08,0.055377492419453826,581,"It doesn't matter that no one is bringing a coat, trust Me, it will be cold."
2842,1,0,24,25,1.08,0.08,581,But that's not my team's colors!
2842,1,0,24,25,1.08,0.08,581,So I can tell who's circumcised.
2842,0,2,23,25,1.08,0.055377492419453826,581,I predict the reception will be quite chilly.
2842,0,2,23,25,1.08,0.055377492419453826,581,"In these modern times, prophets are showing fashion sense. Let's switch out that tacky robe."
2842,0,2,23,25,1.08,0.055377492419453826,581,"""Here, take a sweater; it gets cold in the desert,"" says Mrs. God to Moses"
2842,0,2,23,25,1.08,0.055377492419453826,581,I wonder how he knew my sze
2842,0,2,23,25,1.08,0.055377492419453826,581,Does this mean global cooling is a thing?
2842,0,2,23,25,1.08,0.055377492419453826,581,"Yo, Mosebabe. No stones, just clones. No XY or Y. A-N-D-R-O-G-Y-N-O-U-S. Virtue signal and survive in the Progressive Hive! Later, man."
2842,0,2,23,25,1.08,0.055377492419453826,581,Thou shalt wear this sweater your mother worked so hard to knit for you.
2842,0,2,23,25,1.08,0.055377492419453826,581,God offers some fashion advice but Moses remains skeptical.
2842,0,2,23,25,1.08,0.055377492419453826,581,"Put this on. Now that I've finished the tablets I can get back to regulating the weather, and it's going to get colder."
2842,1,0,24,25,1.08,0.08,581,"And, thou shalt remember to button up before you catch your death."
2842,0,2,23,25,1.08,0.055377492419453826,581,Eleven: Thou shalt not wear long robes when mountain climbing.
2842,1,0,24,25,1.08,0.08,581,"My God dad, please no more cashmere!"
2842,1,0,24,25,1.08,0.08,581,The Sacred Hoodie will make your message more believable in Silicon Valley.
2842,0,2,23,25,1.08,0.055377492419453826,581,"And then Our Mother said unto Moses, don't forget to bring a sweater."
2842,1,0,24,25,1.08,0.08,581,Put it on-it's bulletproof
2842,0,2,23,25,1.08,0.055377492419453826,581,Oops. I forgot number 11: Don't forget to put on your sweater when it's cold outside.
2842,0,2,23,25,1.08,0.055377492419453826,581,"For all your drafty tempests, a holier than thou sweater."
2842,0,2,23,25,1.08,0.055377492419453826,581,It may be winter before you finish them.
2842,0,2,23,25,1.08,0.055377492419453826,581,"Thou shalt also get this dry cleaned, thank you."
2842,0,2,23,25,1.08,0.055377492419453826,581,"Fine, but at least wear one of these before coveting!"
2842,0,2,23,25,1.08,0.055377492419453826,581,Be sure not to wear it near any fire or burning bushes.
2842,0,2,23,25,1.08,0.055377492419453826,581,"No room! Besides, I don't know how to spell Anorak in Aramaic!"
2842,0,2,23,25,1.08,0.055377492419453826,581,"Just because I have 2 tablets and wear sandals doesn't make me a hipster, sir. I don't need a sweater to complete the look."
2842,0,2,23,25,1.08,0.055377492419453826,581,"They'll be so busy laughing at your sweater, they won't know from any of the Ten Commandments."
2842,0,2,23,25,1.08,0.055377492419453826,581,My commandments are for the Chosen People. And here's a little something for you.
2842,0,2,23,25,1.08,0.055377492419453826,581,It gets cold in the desert at night.
2842,0,2,23,25,1.08,0.055377492419453826,581,Those are new. This one's a hand-me-down.
2842,1,0,24,25,1.08,0.08,581,So thou won't covet thy neighbor's sweater.
2842,0,2,23,25,1.08,0.055377492419453826,581,You shall never think stripes out of fashion.
2842,1,0,24,25,1.08,0.08,581,Here's the shirt off my back
2842,1,0,24,25,1.08,0.08,581,"Hold this for me a minute, would ya?"
2842,1,0,24,25,1.08,0.08,581,Is the hand of providence telling me that my next assignment is the north pole?
2842,0,2,23,25,1.08,0.055377492419453826,581,"Take this, the desert is cold at night."
2842,0,2,23,25,1.08,0.055377492419453826,581,"If you could just part the sea, I wouldn't need that."
2842,0,2,23,25,1.08,0.055377492419453826,581,Thou shalt not catch cold! It's implied in every Commandment!
2842,0,2,23,25,1.08,0.055377492419453826,581,"Finally, return this to Zebediah. I always liked how it looked on him, so I just took it. Tell him Judith gave it to you."
2842,0,2,23,25,1.08,0.055377492419453826,581,And this. The nights will be chilly for the next forty years.
2842,0,2,23,25,1.08,0.055377492419453826,581,"Oh, redo the card again. My bad."
2842,0,2,23,25,1.08,0.055377492419453826,581,. . . and there is a dress code.
2842,1,0,24,25,1.08,0.08,581,Thou shalt not be chilly.
2842,1,0,24,25,1.08,0.08,581,Does it have a union label?
2842,0,2,23,25,1.08,0.055377492419453826,581,But I never coveted my neighbor's sweater
2842,0,2,23,25,1.08,0.055377492419453826,581,You will need it when you take the message to Alaska
2842,1,0,24,25,1.08,0.08,581,"Oh, and though shalt not commit any fashion sins."
2842,0,2,23,25,1.08,0.055377492419453826,581,"Moses, after giving down the Commandments would you sort out this lost and found for me?"
2842,0,2,23,25,1.08,0.055377492419453826,581,"If they don't obey, you must wear this in the desert."
2842,0,2,23,25,1.08,0.055377492419453826,581,Eleven - Don't Go Out Without Your Sweater
2842,0,2,23,25,1.08,0.055377492419453826,581,"-And for you personally, hand-knitted by God, for the way back down."
2842,0,2,23,25,1.08,0.055377492419453826,581,Thou shalt wear your cardigan in the mountain air.
2842,0,2,23,25,1.08,0.055377492419453826,581,Thou shalt not wear robes with sandals
2842,1,0,24,25,1.08,0.08,581,No Christmas trees on these for another 1200 years.
2842,0,2,23,25,1.08,0.055377492419453826,581,Just don't covet it...
2842,0,2,23,25,1.08,0.055377492419453826,581,"Too much? OK, I'll keep the sweater."
2842,1,0,24,25,1.08,0.08,581,Mom says 'don't go out without your sweater'.
2842,0,2,23,25,1.08,0.055377492419453826,581,And after you've taken those tablets put this on to keep the chill out.
2842,0,2,23,25,1.08,0.055377492419453826,581,"You shall not covet...erase, erase, you shall not cover yourself in anything but stripped sweaters."
2842,0,2,23,25,1.08,0.055377492419453826,581,I almost forgot. I knitted this for you.
2842,0,2,23,25,1.08,0.055377492419453826,581,The Sims - Old Testament Expansion
2842,1,0,24,25,1.08,0.08,581,"Sonny, you forgot this."
2842,0,2,23,25,1.08,0.055377492419453826,581,If you don't like it I kept the receipt.
2842,0,2,23,25,1.08,0.055377492419453826,581,It gets cold in the desert. Take a sweater.
2842,1,0,24,25,1.08,0.08,581,"For this, I get a turtleneck!"
2842,0,2,23,25,1.08,0.055377492419453826,581,See if this fits. I ordered it from the fall L.L. Bean catalogue.
2842,0,2,23,25,1.08,0.055377492419453826,581,It seems we aren't immune to semantic barriers.
2842,0,2,23,25,1.08,0.055377492419453826,581,Trust me! It's going to get nippy out.
2842,0,2,23,25,1.08,0.055377492419453826,581,"One more thing, thou shalt own some nice casual-wear."
2842,0,2,23,25,1.08,0.055377492419453826,581,#11 Thou shall not order online without trying on first.
2842,0,2,23,25,1.08,0.055377492419453826,581,"I command thee to proclaim this, The Year of the Hoodie!"
2842,0,2,23,25,1.08,0.055377492419453826,581,Is that for the whirlwind?
2842,1,0,24,25,1.08,0.08,581,In case the burning bush goes out...
2842,1,0,24,25,1.08,0.08,581,"Moses,thouest will be more convincing in a smart cardigan."
2842,0,2,23,25,1.08,0.055377492419453826,581,"Here, have them put this on. It's likely to be a cold day before they'll begin listening."
2842,0,2,23,25,1.08,0.055377492419453826,581,"Moses to God: ""Let my people sew"""
2842,0,2,23,25,1.08,0.055377492419453826,581,11. Thou shalt believe in global warming.
2842,0,2,23,25,1.08,0.055377492419453826,581,Damit! I hate orange.
2842,0,2,23,25,1.08,0.055377492419453826,581,"When it rains it rains, ponchos from heaven."
2842,0,2,23,25,1.08,0.055377492419453826,581,. . . or your money back.
2842,0,2,23,25,1.08,0.055377492419453826,581,"I said, do you want me to swear by these, not that I needed a sweater!"
2842,0,2,23,25,1.08,0.055377492419453826,581,"In the beginning, it wasn't about the merchandise."
2842,0,2,23,25,1.08,0.055377492419453826,581,"""Thou shalt not forget thy hoodie""."
2842,0,2,23,25,1.08,0.055377492419453826,581,"Here, you might need this for the reception you're going to receive."
2842,0,2,23,25,1.08,0.055377492419453826,581,And honor thy mother's reminder to wear a sweater...
2842,0,2,23,25,1.08,0.055377492419453826,581,It will give you hipster creed.
2842,0,2,23,25,1.08,0.055377492419453826,581,Clothes for Moses
2842,0,2,23,25,1.08,0.055377492419453826,581,Those will get a cold reception down there. Better take this.
2842,0,2,23,25,1.08,0.055377492419453826,581,"Thanks Lord, but I won't need the hoodie. I'm taking these DOWN the mountain."
2842,0,2,23,25,1.08,0.055377492419453826,581,These are on my Etsy store. Just tell your friends.
2842,0,2,23,25,1.08,0.055377492419453826,581,"Trump told Mother Nature there is no climate change, so I knit a sweater just for you."
2842,0,2,23,25,1.08,0.055377492419453826,581,"Had you chosen Door Number Two, you would have taken home this lovely hand-knit sweater!"
2842,0,2,23,25,1.08,0.055377492419453826,581,"Dear, God, no, not clothes! I don't want to be free."
2842,0,2,23,25,1.08,0.055377492419453826,581,"Wow, now I'm really impressed."
2842,0,2,23,25,1.08,0.055377492419453826,581,It can get a little chilly at night.
2842,0,2,23,25,1.08,0.055377492419453826,581,"If it doesn't fit, you must acquit... oops, my bad!"
2842,1,0,24,25,1.08,0.08,581,"And thou shalt always wear a sweater under your robes, lest thou catch a chill."
2842,1,0,24,25,1.08,0.08,581,"OK Moses, final offer... I'll trade you this designer Cashmere pullover, and throw in Mickey Mantle and Sandy Koufax baseball cards, both in cherry condition, for those two tablets you have."
2842,0,2,23,25,1.08,0.055377492419453826,581,Can I see it in red?
2842,0,2,23,25,1.08,0.055377492419453826,581,And the last is to dress more sensibly on the cool desert nights.
2842,0,2,23,25,1.08,0.055377492419453826,581,"G-d, the Jewish mother. Its getting chilly, take the coat, or you will get sick,"
2842,0,2,23,25,1.08,0.055377492419453826,581,You'll need this for the next 40 years.
2842,0,2,23,25,1.08,0.055377492419453826,581,"Sorry, I thought your brother was Aaron Brrrr."
2842,0,2,23,25,1.08,0.055377492419453826,581,"Thank you, Lord, but I'm heading back down while it's still light."
2842,0,2,23,25,1.08,0.055377492419453826,581,"I was bored on the 7th day, so I knitted a sweater for you..."
2842,0,2,23,25,1.08,0.055377492419453826,581,No. Just as a favor.
2842,0,2,23,25,1.08,0.055377492419453826,581,"By the way, sorry for the hair shirts..."
2842,0,2,23,25,1.08,0.055377492419453826,581,"Good ideas, but it will be a cold day where, before what...?"
2842,0,2,23,25,1.08,0.055377492419453826,581,"Take this, it's not always warm and fuzzy being a leader."
2842,1,0,24,25,1.08,0.08,581,You're bound to break those if you don't warm up.
2842,1,0,24,25,1.08,0.08,581,"Finally, stop dressing like a new-age guru!"
2842,0,2,23,25,1.08,0.055377492419453826,581,Thou shalt do better with millennials.
2842,0,2,23,25,1.08,0.055377492419453826,581,"In addition, portray to everyone that I can be a knit picker."
2842,0,2,23,25,1.08,0.055377492419453826,581,"Put this on, its cold among the multitudes below Sinai."
2842,0,2,23,25,1.08,0.055377492419453826,581,I promised your Grandmother I'd pass it on.
2842,0,2,23,25,1.08,0.055377492419453826,581,Add number 11: Dress warmly.
2842,0,2,23,25,1.08,0.055377492419453826,581,Thou shalt not catch pneumonia.
2842,1,0,24,25,1.08,0.08,581,"What, no drone?"
2842,0,2,23,25,1.08,0.055377492419453826,581,"Here, it's frozen over where you're heading."
2842,1,0,24,25,1.08,0.08,581,Listen to your mother! You'll catch your death.
2842,1,0,24,25,1.08,0.08,581,...Thanks for your visit and order pickup at the Grand Opening of the larger-than-life Amazon-Heaven Distribution Facility...
2842,0,2,23,25,1.08,0.055377492419453826,581,"Oh, and thou shalt take a sweater to the movie theater, there might be a draft."
2842,0,2,23,25,1.08,0.055377492419453826,581,Take two and keep warm
2842,0,2,23,25,1.08,0.055377492419453826,581,Lord. are you now trying to tell me not to covet my neighbors wife's sweater?
2842,0,2,23,25,1.08,0.055377492419453826,581,"Why, thank you, Almighty Mother. And for you I have crafted these two fingernail coverlets enscripted with your wise words."
2842,0,2,23,25,1.08,0.055377492419453826,581,No thanks. My hands are full.
2842,0,2,23,25,1.08,0.055377492419453826,581,"And if you're going to celebrate the birth of Christ, wear a nice sweater."
2842,0,2,23,25,1.08,0.055377492419453826,581,Do not forget the 11th! Thou shall not be chilly.
2842,0,2,23,25,1.08,0.055377492419453826,581,"Your mother asked me to say, ""Thou shalt stay warm."""
2842,0,2,23,25,1.08,0.055377492419453826,581,"On second thought, forget the rules, go with the warm and fuzzy."
2842,0,2,23,25,1.08,0.055377492419453826,581,I forgot one — never wear horizontal stripes.
2842,0,2,23,25,1.08,0.055377492419453826,581,"The 11th commandment ""thou shalt wear hoddies""."
2842,0,2,23,25,1.08,0.055377492419453826,581,What happened to 'thou shall not re-gift'?
2842,0,2,23,25,1.08,0.055377492419453826,581,"Please be quiet, I said ""sweater on the mount"""
2842,0,2,23,25,1.08,0.055377492419453826,581,In case it gets a little cold out there kid
2842,0,2,23,25,1.08,0.055377492419453826,581,"Truthfully, the ugly Christmas sweater is more of a recommendation."
2842,0,2,23,25,1.08,0.055377492419453826,581,"Mo, take your sweater! Who knows what the weather will be."
2842,1,0,24,25,1.08,0.08,581,Climate Change Wrapper.
2842,0,2,23,25,1.08,0.055377492419453826,581,Walter Shaub thought you might need this.
2842,0,2,23,25,1.08,0.055377492419453826,581,"Here, you take it. It's too small for me."
2842,0,2,23,25,1.08,0.055377492419453826,581,Eleven. Though shalt not buy off the rack.
2842,1,0,24,25,1.08,0.08,581,Divine intervention!
2842,0,2,23,25,1.08,0.055377492419453826,581,This is what honoring your mother looks like
2842,0,2,23,25,1.08,0.055377492419453826,581,"That's great. And maybe some hiking boots, and, oh yes, an ark would be useful."
2842,0,2,23,25,1.08,0.055377492419453826,581,It's going to be a cold day down there-- take my word for it.
2842,0,2,23,25,1.08,0.055377492419453826,581,From my fall collection. The angels love it. Fair trade wool. It'll keep you warm up on Sinai.
2842,0,2,23,25,1.08,0.055377492419453826,581,"Also, I ran this in through drier."
2842,0,2,23,25,1.08,0.055377492419453826,581,If it were easy I wouldn't have to say it.
2842,1,0,24,25,1.08,0.08,581,With that news you better use this disguise
2842,1,0,24,25,1.08,0.08,581,Just give them back. I promise this will make mankind happier.
2842,0,2,23,25,1.08,0.055377492419453826,581,"Thay's me, Wrath and Love: Really pissed if you break those replacement tablets, but take the hoodie, it gets cold at night in the Wilderness."
2842,0,2,23,25,1.08,0.055377492419453826,581,"And this one's off the books, but the real commandment that people will live by is 'Thou shalt be comfortable.'"
2842,0,2,23,25,1.08,0.055377492419453826,581,Thou shalt knit purl.
2842,0,2,23,25,1.08,0.055377492419453826,581,"If you are ever tempted to break a commandment, wear this sweater. It will itch the hell out of you."
2842,0,2,23,25,1.08,0.055377492419453826,581,Put this on. Your mother's feeling a little chilly.
2842,0,2,23,25,1.08,0.055377492419453826,581,You might need this...it's bullet-proof.
2842,1,0,24,25,1.08,0.08,581,"In addition, portray to everyone that I can be a knit picker."
2842,0,2,23,25,1.08,0.055377492419453826,581,"You shoulda joined the union, my friend."
2842,0,2,23,25,1.08,0.055377492419453826,581,"Hey, I just came up with this idea. It'll be great fun. While I'm reviewing your work, try this on and I will name thee... Yugo. Hmm... Wally. Nope. Nope. Nope. I got it... Waldo."
2842,0,2,23,25,1.08,0.055377492419453826,581,"If you insist on mocking me, I insist you wear this."
2842,0,2,23,25,1.08,0.055377492419453826,581,"Oh yeah, and No. 11: Thou shalt wear this and galoshes in the shortness of days."
2842,0,2,23,25,1.08,0.055377492419453826,581,"Thank you, Mother Goddess, I needed that."
2842,0,2,23,25,1.08,0.055377492419453826,581,"Sorry, I'm fresh out of tote bags."
2842,0,2,23,25,1.08,0.055377492419453826,581,This is from Veep Pence. He knows sandals and sweaters are 'so 1978' but Mother needs you to wear it.
2842,1,0,24,25,1.08,0.08,581,You don't have an Argyle in an Extra Large?
2842,0,2,23,25,1.08,0.055377492419453826,581,"So I guess you did not like my suggestion of changing it to ""Thou shall not covet thy neighbor's sweater?"""
2842,0,2,23,25,1.08,0.055377492419453826,581,I knitted you this from all the sacrificed sheep.
2842,0,2,23,25,1.08,0.055377492419453826,581,"Isn't it ""thou shalt not covet thy neighbor's wife"" not ""cover""?"
2842,0,2,23,25,1.08,0.055377492419453826,581,"You wanted to add ""Thou shalt stay warm?"""
2842,1,0,24,25,1.08,0.08,581,You know what they say about people with big hands...
2842,0,2,23,25,1.08,0.055377492419453826,581,Your mother was worried you shouldn't catch a cold.
2842,0,2,23,25,1.08,0.055377492419453826,581,Take to tablets before bed and call me in the morning.
2842,0,2,23,25,1.08,0.055377492419453826,581,"""#11 No cotton blends!"" It'll fit, if you try..."
2842,0,2,23,25,1.08,0.055377492419453826,581,"The good news is that religion and science are reconciled: even if the decalogue doesn't prevent heat loss, the anorak is fully compliant with the second law of thermodynamics...."
2842,1,0,24,25,1.08,0.08,581,"No, no, no... this is not just another ugly Christmas sweater!"
2842,1,0,24,25,1.08,0.08,581,I think you left this by the burning bush.
2842,1,0,24,25,1.08,0.08,581,"44 Regular, am I right?"
2842,1,0,24,25,1.08,0.08,581,"Now you're just nagging, Mom."
2842,0,2,23,25,1.08,0.055377492419453826,581,"Also, Number Eleven: Always dress in layers."
2842,1,0,24,25,1.08,0.08,581,"Lord, I said part the sea, not parka to see."
3581,0,2,24,26,1.0769230769230769,0.05329387100211931,581,The handiwork of god
3582,0,1,20,21,1.0476190476190477,0.048795003647426664,581,Eleventh commandment: thou shall stay warm.
3582,0,1,20,21,1.0476190476190477,0.048795003647426664,581,"Lord, please do not tempt me with cultural appropriation."
3582,0,1,20,21,1.0476190476190477,0.048795003647426664,581,Here to keep these rules alive
3582,0,1,20,21,1.0476190476190477,0.048795003647426664,581,It's called a 'mock turtleneck.'
3582,0,1,20,21,1.0476190476190477,0.048795003647426664,581,"Oh, Moses, and don't sweat the small stuff."
3582,0,1,20,21,1.0476190476190477,0.048795003647426664,581,No. Wearing a warm coat in the Mountains is more of a guideline than a commandment.
3582,0,1,20,21,1.0476190476190477,0.048795003647426664,581,"For God's sake, not now!"
3582,0,1,20,21,1.0476190476190477,0.048795003647426664,581,Will I really need that as I go down?
3582,0,1,20,21,1.0476190476190477,0.048795003647426664,581,Keep warm!
3582,0,1,20,21,1.0476190476190477,0.048795003647426664,581,"Hey, it's a fair trade: 100% goat hair."
3582,0,1,20,21,1.0476190476190477,0.048795003647426664,581,If you won't listen to your scientists maybe this will help
3582,0,1,20,21,1.0476190476190477,0.048795003647426664,581,one more commandment about schmatte business.
3582,0,1,20,21,1.0476190476190477,0.048795003647426664,581,"And another thing, put on your coat it's cold up there!"
3582,0,1,20,21,1.0476190476190477,0.048795003647426664,581,"Almost forgot #11, ""Never go out without your coat!"""
3582,0,1,20,21,1.0476190476190477,0.048795003647426664,581,"There's a typo in #10. It should read ""Thou shalt covet they neighbour's goods."""
3582,0,1,20,21,1.0476190476190477,0.048795003647426664,581,Thou shalt not covet the oversized sweater.
3582,0,1,20,21,1.0476190476190477,0.048795003647426664,581,Please stop sacrificing sheep ... and next time knit your own sweater.
3582,0,1,20,21,1.0476190476190477,0.048795003647426664,581,#11. Thou shall not be chilly.
3582,0,1,20,21,1.0476190476190477,0.048795003647426664,581,Thanks for all the work you do to support the team.
3582,0,1,20,21,1.0476190476190477,0.048795003647426664,581,"Of course it can be itchy, it's a sweater."
3582,0,1,20,21,1.0476190476190477,0.048795003647426664,581,Zipporah is right. You are a woman.
3582,0,1,20,21,1.0476190476190477,0.048795003647426664,581,And thou shalt not wear white after Labor Day.
3582,0,1,20,21,1.0476190476190477,0.048795003647426664,581,It's getting a bit chilly up here
3582,0,1,20,21,1.0476190476190477,0.048795003647426664,581,A tablet protector. In case you drop it.
3582,0,1,20,21,1.0476190476190477,0.048795003647426664,581,Only this one is returnable.
3582,0,1,20,21,1.0476190476190477,0.048795003647426664,581,I didn't even order Express Shipping.
3582,0,1,20,21,1.0476190476190477,0.048795003647426664,581,"And while you're at it, put on this sweater...I'm cold."
3582,0,1,20,21,1.0476190476190477,0.048795003647426664,581,And sweatpants? And an iPhone? And...
3582,0,1,20,21,1.0476190476190477,0.048795003647426664,581,"And saith the Lord unto Moses -"" I know you wanted a canvas tote bag a la the New Yorker, for subscribing to the Ten Commandments, but I think you'll like this gift better, and what's more, one designed by Ivanka Trump"""
3582,0,1,20,21,1.0476190476190477,0.048795003647426664,581,"Oh, and one more: Thou shalt not sit under a vent."
3582,0,1,20,21,1.0476190476190477,0.048795003647426664,581,"And on the eighth day, the Lord knit this nice sweater for man in case there's a chill"
3582,0,1,20,21,1.0476190476190477,0.048795003647426664,581,. . . and II: No going outside with wet hair.
3582,0,1,20,21,1.0476190476190477,0.048795003647426664,581,Thou shalt bundle up lest thou catch thy death of cold.
3582,0,1,20,21,1.0476190476190477,0.048795003647426664,581,This 100-percent Ibex-fur hoodie is perfect for those chilly days and nights ahead.
3582,0,1,20,21,1.0476190476190477,0.048795003647426664,581,Thou shalt layer.
3582,0,1,20,21,1.0476190476190477,0.048795003647426664,581,"No thanks, I am sure I wont need it. You know your people and they wont stop the planet from overheating."
3582,0,1,20,21,1.0476190476190477,0.048795003647426664,581,And this is for your wife. Please tell her we'll have a ladies lunch soon.
3582,0,1,20,21,1.0476190476190477,0.048795003647426664,581,Holy hand-me-downs! I was chilly
3582,0,1,20,21,1.0476190476190477,0.048795003647426664,581,"Here, it gets cold on the mountain at night."
3582,0,1,20,21,1.0476190476190477,0.048795003647426664,581,Thou shall not wear this with sandals.
3582,0,1,20,21,1.0476190476190477,0.048795003647426664,581,This will keep you warmer.
3582,0,1,20,21,1.0476190476190477,0.048795003647426664,581,"When they see these, you will have to go to Antarctica."
3582,0,1,20,21,1.0476190476190477,0.048795003647426664,581,Sorry for the late birthday gift. I actually started knitting this on the eight day.
3582,0,1,20,21,1.0476190476190477,0.048795003647426664,581,Stone cold?
3582,0,1,20,21,1.0476190476190477,0.048795003647426664,581,I told you!...Horizontals make me look fat!
3582,0,1,20,21,1.0476190476190477,0.048795003647426664,581,"God, don't you think it will be a bit weird to wear that to deliver the ten commandments?"
3582,0,1,20,21,1.0476190476190477,0.048795003647426664,581,Here - take and wear this Peruvian alpaca wool sweater coat. Then they'll believe you.
3582,0,1,20,21,1.0476190476190477,0.048795003647426664,581,Here is a second gift--for the little lady in your life.
3582,0,1,20,21,1.0476190476190477,0.048795003647426664,581,":"" These tablets will do just fine unless you have one of those with a pouch. I'm not going to lie. These are heavier than they look."""
3582,0,1,20,21,1.0476190476190477,0.048795003647426664,581,"Moisha, love the tablets........so put your sweater on already or you'll catch pneumonia."
3582,0,1,20,21,1.0476190476190477,0.048795003647426664,581,Take it. It's surprisingly cold in the desert at night.
3582,0,1,20,21,1.0476190476190477,0.048795003647426664,581,Thou shall not acquire a summer cold.
3582,0,1,20,21,1.0476190476190477,0.048795003647426664,581,"God would give you anything, including the sweater off his back!"
3582,0,1,20,21,1.0476190476190477,0.048795003647426664,581,"And lastly, thou shalt not climb atop Mount Sinai without your wooly jumper"
3582,0,1,20,21,1.0476190476190477,0.048795003647426664,581,Your mother sends her congratulations. Don't disappoint her.
3582,0,1,20,21,1.0476190476190477,0.048795003647426664,581,Ye shall have no other hoodies before me
3582,0,1,20,21,1.0476190476190477,0.048795003647426664,581,"Just in case, it gets a cool reception"
3582,0,1,20,21,1.0476190476190477,0.048795003647426664,581,"Don't forget to update as needed, Mo, for instance . . ."
3582,0,1,20,21,1.0476190476190477,0.048795003647426664,581,"""Thou shalt not walk naked""."
3582,0,1,20,21,1.0476190476190477,0.048795003647426664,581,"So, two stone tablets with the Bill of Rights in Pashto, and you’re off to Helmand. Take this hoodie, Moe. Wear it backwards."
3582,0,1,20,21,1.0476190476190477,0.048795003647426664,581,"Here, you may need to put this on when you get the cold shoulder back home....."
3582,0,1,20,21,1.0476190476190477,0.048795003647426664,581,Thanks. But I was actually praying for a usb cord to plug in my tablets.
3582,0,1,20,21,1.0476190476190477,0.048795003647426664,581,The inaugural game of Where's Waldo takes a turn for the mysterious...
3582,0,1,20,21,1.0476190476190477,0.048795003647426664,581,"When I said, ""they might a new coat, I meant, paint."
3582,0,1,20,21,1.0476190476190477,0.048795003647426664,581,It's some other guy who wants a coat of many colors.
3582,0,1,20,21,1.0476190476190477,0.048795003647426664,581,"Two tablets are not enough. For God's sake, put on your sweater. And get some rest!"
3582,0,1,20,21,1.0476190476190477,0.048795003647426664,581,"That's not a hair-shirt, is it?"
3582,0,1,20,21,1.0476190476190477,0.048795003647426664,581,"And the Eleventh, ""Thou shalt dress in layers."""
3582,0,1,20,21,1.0476190476190477,0.048795003647426664,581,"Take it,you could catch a cold"
3582,0,1,20,21,1.0476190476190477,0.048795003647426664,581,"Listen to your father , wear the sweater it will get chilly, I know"
3582,0,1,20,21,1.0476190476190477,0.048795003647426664,581,Take this hoodie to stay warm. I made it out of lamb's wool I got from your people's sacrifices. Maybe NOW they'll believe in me!!
3582,0,1,20,21,1.0476190476190477,0.048795003647426664,581,"Hey bro, let's drop the commandments and see if cool outfits and rap works out."
3582,0,1,20,21,1.0476190476190477,0.048795003647426664,581,"It's a bit tight on me, Lord. I must have been hitting the manna too much."
3582,0,1,20,21,1.0476190476190477,0.048795003647426664,581,You might like this sweater; it's cold at the top.
3582,0,1,20,21,1.0476190476190477,0.048795003647426664,581,Whatever
3582,0,1,20,21,1.0476190476190477,0.048795003647426664,581,(Zuckerberg 20:18-21)
3582,0,1,20,21,1.0476190476190477,0.048795003647426664,581,But we like the dog.
3582,0,1,20,21,1.0476190476190477,0.048795003647426664,581,It's the condensed version.
3582,0,1,20,21,1.0476190476190477,0.048795003647426664,581,"And number 11, thou shalt not put Cashmere in the dryer"
3582,0,1,20,21,1.0476190476190477,0.048795003647426664,581,Number eleven: Thou shalt lose the bathrobe.
3582,0,1,20,21,1.0476190476190477,0.048795003647426664,581,Thou shalt wear an woolly hoodie on cold desert nights.
3582,0,1,20,21,1.0476190476190477,0.048795003647426664,581,"""Thou shalt wear the sweater thy girlfriend knits for you""...really?"
3582,0,1,20,21,1.0476190476190477,0.048795003647426664,581,Do you covet? Do you covet?
3582,0,1,20,21,1.0476190476190477,0.048795003647426664,581,this might seal the deal.
3582,0,1,20,21,1.0476190476190477,0.048795003647426664,581,"It's a little late to change your mind, I chisled covet, not cover."
3582,0,1,20,21,1.0476190476190477,0.048795003647426664,581,Are you allergic to wool?
3582,0,1,20,21,1.0476190476190477,0.048795003647426664,581,Thou shalt not wear a bathrobe out of doors.
3582,0,1,20,21,1.0476190476190477,0.048795003647426664,581,So now Trump has taken youre last coat
3582,0,1,20,21,1.0476190476190477,0.048795003647426664,581,There maybe air conditioning.
3582,0,1,20,21,1.0476190476190477,0.048795003647426664,581,What hath God wrought? He hath throweth in a free sweater vest to keepth Moses warm during his 40 years of aimless travel throughout the desert.
3582,0,1,20,21,1.0476190476190477,0.048795003647426664,581,#11 - Thou shalt not wear this with leggings.
3582,0,1,20,21,1.0476190476190477,0.048795003647426664,581,Thanks! It was getting chilly up here.
3582,0,1,20,21,1.0476190476190477,0.048795003647426664,581,...and put this on or you'll catch a death of cold
3582,0,1,20,21,1.0476190476190477,0.048795003647426664,581,"The clues were right in front of Moses, but being so wrapped up in receiving the 10 Commandments, he was oblivious to the signs that God was most likely of the feminine gender."
3582,0,1,20,21,1.0476190476190477,0.048795003647426664,581,"They said my order would arrive in 30 minutes or fewer, but you knew that."
3582,0,1,20,21,1.0476190476190477,0.048795003647426664,581,"Ok, so I am not getting warmer with this 10?"
3582,0,1,20,21,1.0476190476190477,0.048795003647426664,581,Take two tablets before bed-time and keep warm.
3582,0,1,20,21,1.0476190476190477,0.048795003647426664,581,Tell them it's for the calf. They'll know.
3582,0,1,20,21,1.0476190476190477,0.048795003647426664,581,Thou shalt not freeze thy buns off.
3582,0,1,20,21,1.0476190476190477,0.048795003647426664,581,"Commandment #0, thou shalt catch a cold dressing like that during winter."
3582,0,1,20,21,1.0476190476190477,0.048795003647426664,581,Add one more...Thou shall only Dry Clean
3582,0,1,20,21,1.0476190476190477,0.048795003647426664,581,Thou shalt gently wash this only in cold water.
3582,0,1,20,21,1.0476190476190477,0.048795003647426664,581,"Take this-, Mo, you'll need it when Hell freezes over."
3582,0,1,20,21,1.0476190476190477,0.048795003647426664,581,You forgot this.
3582,0,1,20,21,1.0476190476190477,0.048795003647426664,581,Don't forget your jacket!
3582,0,1,20,21,1.0476190476190477,0.048795003647426664,581,And finally...Number 11: Thou shalt not put wool sweaters in dryer. (Mrs. God is upset. She knitted it for my birthday. Take it if you think it'll fit.)
3582,0,1,20,21,1.0476190476190477,0.048795003647426664,581,"Thanks, but this is clearly a regift."
3582,0,1,20,21,1.0476190476190477,0.048795003647426664,581,The Angels and I want to have this early Christmas present Moses... we're working on matching scarf & mittens
3582,0,1,20,21,1.0476190476190477,0.048795003647426664,581,It's just an old hand-me-down.
3582,0,1,20,21,1.0476190476190477,0.048795003647426664,581,"Here, you'll be getting the cold shoulder"
3582,0,1,20,21,1.0476190476190477,0.048795003647426664,581,You shouldn't catch a chill
3582,0,1,20,21,1.0476190476190477,0.048795003647426664,581,She's the one who's all-knowing and she says you've had a chill since the bush burned out.
3582,0,1,20,21,1.0476190476190477,0.048795003647426664,581,Thanks ... but do you still have the receipt?
3582,0,1,20,21,1.0476190476190477,0.048795003647426664,581,It's a bullet-proof sweater; you'll need it.
3582,0,1,20,21,1.0476190476190477,0.048795003647426664,581,Remember that lamb of mine?.?.?
3582,0,1,20,21,1.0476190476190477,0.048795003647426664,581,When you give Jacob Sartorius godly powers
3582,0,1,20,21,1.0476190476190477,0.048795003647426664,581,And a little something for the up and coming nuclear winter
3582,0,1,20,21,1.0476190476190477,0.048795003647426664,581,It's chilly up here. Put on a sweater!
3582,0,1,20,21,1.0476190476190477,0.048795003647426664,581,Promised land? Your first choice was taken.
3582,0,1,20,21,1.0476190476190477,0.048795003647426664,581,"Mo, I know you're an adult, but I'm your mother, and God by the way, so do you think that just once you could wear this sweater that I knit for you?"
3582,0,1,20,21,1.0476190476190477,0.048795003647426664,581,"Moses, one of your flock was a stray so THE mrs,s made you an pullover,hope it's your size..."
3582,0,1,20,21,1.0476190476190477,0.048795003647426664,581,...and your Mother says to expect a chilly reception down there for My commandments
3582,0,1,20,21,1.0476190476190477,0.048795003647426664,581,"""Holy Moly!~"
3582,0,1,20,21,1.0476190476190477,0.048795003647426664,581,"Moses, take this GOOSE down parka, you may need it in the future."
3582,0,1,20,21,1.0476190476190477,0.048795003647426664,581,It's a suggestion.
3582,0,1,20,21,1.0476190476190477,0.048795003647426664,581,"Number XI, ""Thou shalt not freeze one's butt off."""
3582,0,1,20,21,1.0476190476190477,0.048795003647426664,581,"Are you Kidding, I have a burning Bush."
3582,0,1,20,21,1.0476190476190477,0.048795003647426664,581,"'God see you are sweating, so God made you a sweater.'"
3582,0,1,20,21,1.0476190476190477,0.048795003647426664,581,Here you can have this too. It shrunk in the wash.
3582,0,1,20,21,1.0476190476190477,0.048795003647426664,581,"Likewise, for the glorious adornment of Aaron’s sons you shall have tunics and sashes and skullcaps made, for glorious splendor. Exodus 28:40."
3582,0,1,20,21,1.0476190476190477,0.048795003647426664,581,How long have I been up here?
3582,0,1,20,21,1.0476190476190477,0.048795003647426664,581,It's just our way of saying thank you for your patronage.
3582,0,1,20,21,1.0476190476190477,0.048795003647426664,581,Here's a flak Sherpa. You're going to need it.
3582,0,1,20,21,1.0476190476190477,0.048795003647426664,581,We are now the people of laws and hoodies.
3582,0,1,20,21,1.0476190476190477,0.048795003647426664,581,"It's a style suggestion, not a commandment."
3582,0,1,20,21,1.0476190476190477,0.048795003647426664,581,It will be a cold day in hell !!! Find a lawyer
3582,0,1,20,21,1.0476190476190477,0.048795003647426664,581,"Caption, shmaption, who needs it? This cartoon is perfect just as it is."
3582,0,1,20,21,1.0476190476190477,0.048795003647426664,581,"Here, my mom said to give this to you."
3582,0,1,20,21,1.0476190476190477,0.048795003647426664,581,"Here, it's XX"
3582,0,1,20,21,1.0476190476190477,0.048795003647426664,581,"Yo! Mo! You seal the deal on them ten commandments with your crew, and I'll throw in this fab designer coat for when you're chillin' out ! It used to belong to Charlton Heston !"
3582,0,1,20,21,1.0476190476190477,0.048795003647426664,581,You may need this for the cool desert nights. And it has a 40 year warranty..
3582,0,1,20,21,1.0476190476190477,0.048795003647426664,581,Just in case.
3582,0,1,20,21,1.0476190476190477,0.048795003647426664,581,Will we be going all that far north?
3582,0,1,20,21,1.0476190476190477,0.048795003647426664,581,Mother's commandment: 'Wear thy sweater when it's cold.'
3582,0,1,20,21,1.0476190476190477,0.048795003647426664,581,"Don't worry, it's Lands End...."
3582,0,1,20,21,1.0476190476190477,0.048795003647426664,581,"Once across, you'll look cool in your new Tommy Hilfiger sweater."
3582,0,1,20,21,1.0476190476190477,0.048795003647426664,581,Thou shalt never forget the merch table.
3582,0,1,20,21,1.0476190476190477,0.048795003647426664,581,Your Mother commands you to wear a sweater.
3582,0,1,20,21,1.0476190476190477,0.048795003647426664,581,"Now, put this on before you go. If you freeze on the way down, you're no good to me."
3582,0,1,20,21,1.0476190476190477,0.048795003647426664,581,"My God, today is summer solstice."
3582,0,1,20,21,1.0476190476190477,0.048795003647426664,581,"Fine work on those tablets, something for your grandchild as a token of my appreciation. (An so it was that grandparents starting gifting horrible sweaters)."
3582,0,1,20,21,1.0476190476190477,0.048795003647426664,581,"My Lord, turning over a new habit?"
3582,0,1,20,21,1.0476190476190477,0.048795003647426664,581,"Moses, you'd better take this sweater 'cause I'm afraid after November 2016, there'll be some cold days in Hell."
3582,0,1,20,21,1.0476190476190477,0.048795003647426664,581,"So I had to fire my marketing guy, apparently moral authority isn't as effective as free swag."
3582,0,1,20,21,1.0476190476190477,0.048795003647426664,581,I hope it's your size.
3582,0,1,20,21,1.0476190476190477,0.048795003647426664,581,"Sorry, we forgot to include the one about thou shall not let thyself get cold."
3582,0,1,20,21,1.0476190476190477,0.048795003647426664,581,The two interior pockets are lined with sheep's wool.
3582,0,1,20,21,1.0476190476190477,0.048795003647426664,581,In case the tablets don't work out...
3582,0,1,20,21,1.0476190476190477,0.048795003647426664,581,"Take two tablets, stay warm and call me in the morning."
3582,0,1,20,21,1.0476190476190477,0.048795003647426664,581,Adam decided to go nude again
3582,0,1,20,21,1.0476190476190477,0.048795003647426664,581,"Don't forget your scarf and your galoshes, either."
3582,0,1,20,21,1.0476190476190477,0.048795003647426664,581,"I'm still your Mother, Mr. Big Time Lawgiver."
3582,0,1,20,21,1.0476190476190477,0.048795003647426664,581,"Thanks, but that really wasn't necessary."
3582,0,1,20,21,1.0476190476190477,0.048795003647426664,581,"And listen darling, put this on before you catch your death..."
3582,0,1,20,21,1.0476190476190477,0.048795003647426664,581,"Try this, conflict free appeal ."
3582,0,1,20,21,1.0476190476190477,0.048795003647426664,581,"I see that you brought the tabula rasa. Now, if you don’t want to freeze your tuchus for the next forty days, put on this thermal hoodie!"
3582,0,1,20,21,1.0476190476190477,0.048795003647426664,581,Add this to the commandments. Always bring a sweater to a visit to the mount!
3582,0,1,20,21,1.0476190476190477,0.048795003647426664,581,Does that come in a smaller size?
3582,0,1,20,21,1.0476190476190477,0.048795003647426664,581,Number eleven: Nylon.
3582,0,1,20,21,1.0476190476190477,0.048795003647426664,581,Let it be written that I have commanded your wife to knit a matching scarf.
3582,0,1,20,21,1.0476190476190477,0.048795003647426664,581,"Oh, by the way, I meant to give this to Adam on the 6th Day but if fell behind the couch."
3582,0,1,20,21,1.0476190476190477,0.048795003647426664,581,I hand knitted this for you.
3582,0,1,20,21,1.0476190476190477,0.048795003647426664,581,...and the cloud giveth with no quid pro quo
3582,0,1,20,21,1.0476190476190477,0.048795003647426664,581,"""...and, if I m not asking too much, a new pair of sandals"
3582,0,1,20,21,1.0476190476190477,0.048795003647426664,581,There goes thy neighbor's hood.
3582,0,1,20,21,1.0476190476190477,0.048795003647426664,581,Wearing stripes was more of a strong recommendation.
3582,0,1,20,21,1.0476190476190477,0.048795003647426664,581,"No, too small .... I'm an 8L"
3582,0,1,20,21,1.0476190476190477,0.048795003647426664,581,"Stay warm, my friend"
3582,0,1,20,21,1.0476190476190477,0.048795003647426664,581,"Believe me, the nights will get cold."
3582,0,1,20,21,1.0476190476190477,0.048795003647426664,581,"Moses, It may not be one of the top ten! But Thou shalt put on thy hoodie!!"
3582,0,1,20,21,1.0476190476190477,0.048795003647426664,581,and while you’re at it. Make sure you tag this on Instagram
3582,0,1,20,21,1.0476190476190477,0.048795003647426664,581,"Here, for your chilly reception down there."
3582,0,1,20,21,1.0476190476190477,0.048795003647426664,581,Your call; I think they're both pretty miraculous.
3582,0,1,20,21,1.0476190476190477,0.048795003647426664,581,"Here, you might need this."
3582,0,1,20,21,1.0476190476190477,0.048795003647426664,581,"But if you opt for this coat of many colors instead of those heavy stone tablets, your trip down the mountain will be so much easier."
3582,0,1,20,21,1.0476190476190477,0.048795003647426664,581,"Snow?, in the desert?"
3582,0,1,20,21,1.0476190476190477,0.048795003647426664,581,Thou shalt put a layer on.
3582,0,1,20,21,1.0476190476190477,0.048795003647426664,581,Ten commandments and one suggestion.
3582,0,1,20,21,1.0476190476190477,0.048795003647426664,581,"The tablets help, but you must also stay warm."
3582,0,1,20,21,1.0476190476190477,0.048795003647426664,581,"No, no, no, they are not warm enough and what is most important is how you look, try this gorgeous soft cashmere number."
3582,0,1,20,21,1.0476190476190477,0.048795003647426664,581,Faster than Amazon Prime.
3582,0,1,20,21,1.0476190476190477,0.048795003647426664,581,"Take the sweater, tie up the man-bun, keep the beard, and only then will you reach the millennials Moses."
3582,0,1,20,21,1.0476190476190477,0.048795003647426664,581,"And God bestowed upon Moses the 11th and most important commandment ""Thou shalt stay out of the cold."""
3582,0,1,20,21,1.0476190476190477,0.048795003647426664,581,Mother wants you to put this on first.
3582,0,1,20,21,1.0476190476190477,0.048795003647426664,581,It's called a mock turtle neck and it's the work of the Devil.
3582,0,1,20,21,1.0476190476190477,0.048795003647426664,581,I swear to myself you'll catch a cold if you don't put this on!
3582,0,1,20,21,1.0476190476190477,0.048795003647426664,581,"Oy Vey my Moses darling, yiz looks a little cold, here's a nice 100% Egyptian cotton hoodie. I picked it out myself!"
3582,0,1,20,21,1.0476190476190477,0.048795003647426664,581,"You've memorized your no-no's, now you can put on your nice sweater and go play."
3582,0,1,20,21,1.0476190476190477,0.048795003647426664,581,It's for the cold nights. You'll need it. This is going to take a while.
3582,0,1,20,21,1.0476190476190477,0.048795003647426664,581,"Here, take this too, it shrunk in the wash"
3582,0,1,20,21,1.0476190476190477,0.048795003647426664,581,And it didn't even cost you a rib.
3582,0,1,20,21,1.0476190476190477,0.048795003647426664,581,I prefer a sweater vest.
3582,0,1,20,21,1.0476190476190477,0.048795003647426664,581,"Don't mess with the heat setting, OK?"
3582,0,1,20,21,1.0476190476190477,0.048795003647426664,581,But horizontal stripes always make me look fat!
3582,0,1,20,21,1.0476190476190477,0.048795003647426664,581,"O. M. G. , you shouldn't have!"
3582,0,1,20,21,1.0476190476190477,0.048795003647426664,581,I've seen his neighbor's wife... you're going to need your lucky sweater.
3582,0,1,20,21,1.0476190476190477,0.048795003647426664,581,This will last longer than the burning bush.
3582,0,1,20,21,1.0476190476190477,0.048795003647426664,581,Many winters are coming for your people
3582,0,1,20,21,1.0476190476190477,0.048795003647426664,581,Oh Myself! Joseph gets a robe of many colors and whaddya know? Everyone wants one. Here take this Armani jacket and be thankful!
3582,0,1,20,21,1.0476190476190477,0.048795003647426664,581,I cannot bear to watch you shiver.
3582,0,1,20,21,1.0476190476190477,0.048795003647426664,581,Thou shalt not forget a sweater. It could be chilly.
3582,0,1,20,21,1.0476190476190477,0.048795003647426664,581,"No, no, I was asking if you had a lighter 'letter'."
3582,0,1,20,21,1.0476190476190477,0.048795003647426664,581,I'm the new Lord. Name's Zuck. One more commandment. Thou shall wear a hoodie.
3582,0,1,20,21,1.0476190476190477,0.048795003647426664,581,Thou shalt don this knitwear which I fashiondeth for thee.
3582,0,1,20,21,1.0476190476190477,0.048795003647426664,581,"""Hey, Moses, you won't be needing this where you're going. Ha ha, just kidding."
3582,0,1,20,21,1.0476190476190477,0.048795003647426664,581,I know best when you're cold. So put on the sweater.
3582,0,1,20,21,1.0476190476190477,0.048795003647426664,581,And this is for your brother.
3582,0,1,20,21,1.0476190476190477,0.048795003647426664,581,"I said, ""Thou Shall Not Covet Thy Neighbor's Blouse."""
3582,0,1,20,21,1.0476190476190477,0.048795003647426664,581,"Here you go, I made it extra stretchy in the arms"
3582,0,1,20,21,1.0476190476190477,0.048795003647426664,581,Didn't I already give you the one about lying? I know the label says wool but this is definitely a polyester blend.
3582,0,1,20,21,1.0476190476190477,0.048795003647426664,581,"Honor thy father, thy mother, and Mark Zuckerberg."
3582,0,1,20,21,1.0476190476190477,0.048795003647426664,581,Thou shalt not reject a perfectly good hand-me-down.
3582,0,1,20,21,1.0476190476190477,0.048795003647426664,581,You left your hoodie in the Red Sea.
3582,0,1,20,21,1.0476190476190477,0.048795003647426664,581,"Here's the eleventh, wear a sweater on the mountain!"
3582,0,1,20,21,1.0476190476190477,0.048795003647426664,581,Thou shalt not covet thy neighbor's sweater.
3582,0,1,20,21,1.0476190476190477,0.048795003647426664,581,A parting gift -it's water resistant.
3582,0,1,20,21,1.0476190476190477,0.048795003647426664,581,You need to be properly dressed if you are to make a delivery for me!
3582,0,1,20,21,1.0476190476190477,0.048795003647426664,581,They said this loud solution wouldn't work....
3582,0,1,20,21,1.0476190476190477,0.048795003647426664,581,Thou shalt put on a sweater
3582,0,1,20,21,1.0476190476190477,0.048795003647426664,581,"Moses, here's a pull-over from 2014 that I picked out for you."
3582,0,1,20,21,1.0476190476190477,0.048795003647426664,581,It's faded a bit over the years...
3582,0,1,20,21,1.0476190476190477,0.048795003647426664,581,Thou shalt leave the hoodie for other oppressed minorities.
3582,0,1,20,21,1.0476190476190477,0.048795003647426664,581,"I know you've been working really hard not to covet this, but I was thinking about it, and it really does suit you."
3582,0,1,20,21,1.0476190476190477,0.048795003647426664,581,"Behold, Free Shipping."
3582,0,1,20,21,1.0476190476190477,0.048795003647426664,581,Uh-uh. No way. I come home in that after Jenny knitted me this fine robe for my birthday and all hell will break loose.
3582,0,1,20,21,1.0476190476190477,0.048795003647426664,581,And thou thought being naked was embarrassing
3582,0,1,20,21,1.0476190476190477,0.048795003647426664,581,AND ALWAYS BUY WHOLESALE
3582,0,1,20,21,1.0476190476190477,0.048795003647426664,581,You said you'd bet your shirt that you would win!!
3582,0,1,20,21,1.0476190476190477,0.048795003647426664,581,Itchiness is next to Godliness.
3582,0,1,20,21,1.0476190476190477,0.048795003647426664,581,"Apologies. It's holey, Moses. Damned ethereal moths."
3582,0,1,20,21,1.0476190476190477,0.048795003647426664,581,Refuse not this garment. It was hand-knitted in Ireland.
3582,0,1,20,21,1.0476190476190477,0.048795003647426664,581,"OK, I won't make you wear it if you don't tell them I'm a woman."
3582,0,1,20,21,1.0476190476190477,0.048795003647426664,581,I thought you said these tablets were microwaveable!
3582,0,1,20,21,1.0476190476190477,0.048795003647426664,581,Thank you God for the tablets but I don't want any hand-me-downs.
3582,0,1,20,21,1.0476190476190477,0.048795003647426664,581,"And eleven, thou shall not catch your death of cold"
3582,0,1,20,21,1.0476190476190477,0.048795003647426664,581,"The first commandment of Jochebed, ""Always take a sweater, it might get chilly."""
3582,0,1,20,21,1.0476190476190477,0.048795003647426664,581,"Your mother's 11th commandment is ""I don't care what your up to, if you're going to go climb mountains, make sure you stay warm""."
3582,0,1,20,21,1.0476190476190477,0.048795003647426664,581,This might help with the second coming of the ice age.
3582,0,1,20,21,1.0476190476190477,0.048795003647426664,581,Fred Rogers says you'll need this more than he does.
3582,0,1,20,21,1.0476190476190477,0.048795003647426664,581,Put the tablets away and enjoy the little things in life. Here's something a little more practical and heartfelt.
3582,0,1,20,21,1.0476190476190477,0.048795003647426664,581,"Oh, and make sure to wear these on my son's birthday."
3582,0,1,20,21,1.0476190476190477,0.048795003647426664,581,"If you drop the tablets, you'll need this."
3582,0,1,20,21,1.0476190476190477,0.048795003647426664,581,"And finally, Moishele, never go out without a sweater."
3582,0,1,20,21,1.0476190476190477,0.048795003647426664,581,"And here, I knitted this for those cold shoulder days."
3582,0,1,20,21,1.0476190476190477,0.048795003647426664,581,Honor thy mother and always carry a light sweater!
3582,0,1,20,21,1.0476190476190477,0.048795003647426664,581,Honor they mother and father does NOT mean that I'm agreeing to bundle up when it's 110' outside.
3582,0,1,20,21,1.0476190476190477,0.048795003647426664,581,"Oh, and one last Commandment: Thou shalt lose the stupid robes."
3582,0,1,20,21,1.0476190476190477,0.048795003647426664,581,"In case you get a ""cool"" reception."
3582,0,1,20,21,1.0476190476190477,0.048795003647426664,581,Who does your nails?
3582,0,1,20,21,1.0476190476190477,0.048795003647426664,581,"""And the lord god covered Moses in holey-ness""..."
3582,0,1,20,21,1.0476190476190477,0.048795003647426664,581,Hallelujah! Cuneiform works great on Amazon Prime.
3582,0,1,20,21,1.0476190476190477,0.048795003647426664,581,"How about one more commandment? - ""Thou shalt wear a sweater when it's chilly outside""."
3582,0,1,20,21,1.0476190476190477,0.048795003647426664,581,"Your mother added the 11th one: Wear this, lest thou catch pneumonia and die."
3582,0,1,20,21,1.0476190476190477,0.048795003647426664,581,"""I'm thinking you may get a very cool reception""."
3582,0,1,20,21,1.0476190476190477,0.048795003647426664,581,You burnt your last bush!
3582,0,1,20,21,1.0476190476190477,0.048795003647426664,581,"Mo baby, robes are so yesterday."
3582,0,1,20,21,1.0476190476190477,0.048795003647426664,581,"Thank you, Mother."
3582,0,1,20,21,1.0476190476190477,0.048795003647426664,581,They will listen when you dress up.
3582,0,1,20,21,1.0476190476190477,0.048795003647426664,581,"Commandments, shmommandments, on a chilly mountaintop you wear a sweater!"
3582,0,1,20,21,1.0476190476190477,0.048795003647426664,581,One size fits all.
3582,0,1,20,21,1.0476190476190477,0.048795003647426664,581,"I hand knit this for you, Moses."
3582,0,1,20,21,1.0476190476190477,0.048795003647426664,581,Thank God for little things!
3582,0,1,20,21,1.0476190476190477,0.048795003647426664,581,"And also, Thou shall not leave thy house without a sweater."
3582,0,1,20,21,1.0476190476190477,0.048795003647426664,581,"Trust me Hoodie, you don't want to be named after a basket."
3582,0,1,20,21,1.0476190476190477,0.048795003647426664,581,'Thou shall remember to wear a winter coat'
3582,0,1,20,21,1.0476190476190477,0.048795003647426664,581,"Just because it's not your color, there's no reason to throw those tablets down in a fit!"
3582,0,1,20,21,1.0476190476190477,0.048795003647426664,581,Thou shalt not hand-me-down.
3582,0,1,20,21,1.0476190476190477,0.048795003647426664,581,"'and here's a little something I made just for you."""
3582,0,1,20,21,1.0476190476190477,0.048795003647426664,581,Sorry Moses. It is a little small. But thanks anyway.
3582,0,1,20,21,1.0476190476190477,0.048795003647426664,581,Once you get out of the desert you're going to appreciate this little gem.
3582,0,1,20,21,1.0476190476190477,0.048795003647426664,581,"Then God said: ""Pass this sweater down to your descendants, Moses. In 2017, hell's gonna freeze over."""
3582,0,1,20,21,1.0476190476190477,0.048795003647426664,581,"Sure, it's a DRY heat...but a SWEATER???"
3582,0,1,20,21,1.0476190476190477,0.048795003647426664,581,And God bespoke.
3582,0,1,20,21,1.0476190476190477,0.048795003647426664,581,Your mother and father said they'd be honored if you wore this.
3582,0,1,20,21,1.0476190476190477,0.048795003647426664,581,"If you'd like, I can knit matching tablet cozies."
3582,0,1,20,21,1.0476190476190477,0.048795003647426664,581,Your mother thinks you're cold and you know there's no arguing with her
3582,0,1,20,21,1.0476190476190477,0.048795003647426664,581,This was from Lucifer's closet. Doesn't need it where he is now.
3582,0,1,20,21,1.0476190476190477,0.048795003647426664,581,Add one more: 'Thou shalt not have insanely popular hoodies before Me.'
3582,0,1,20,21,1.0476190476190477,0.048795003647426664,581,Let the voice of the turtleneck be heard upon the Land!
3582,0,1,20,21,1.0476190476190477,0.048795003647426664,581,You're going to need a hoodie to deliver these new regulations.
3582,0,1,20,21,1.0476190476190477,0.048795003647426664,581,Wear this! It will quiet climate change skeptics.
3582,0,1,20,21,1.0476190476190477,0.048795003647426664,581,"It's in the sixties, but it feels like forty."
3582,0,1,20,21,1.0476190476190477,0.048795003647426664,581,You'll be up here a while.
3582,0,1,20,21,1.0476190476190477,0.048795003647426664,581,Thou shall not wear a hoodie at night
3582,0,1,20,21,1.0476190476190477,0.048795003647426664,581,And here's a little something just for you.
3582,0,1,20,21,1.0476190476190477,0.048795003647426664,581,"God: Moses, I know you like those commandments so much I thought you might like this sweater. Moses: It's not a wool sweater, right? God: It is, why? Moses Do even you know what happens to goats in the middle east?"
3582,0,1,20,21,1.0476190476190477,0.048795003647426664,581,Is this a trade or a test?
3582,0,1,20,21,1.0476190476190477,0.048795003647426664,581,"I have your back on this one, Moses."
3582,0,1,20,21,1.0476190476190477,0.048795003647426664,581,Don't forget to call my Buibaleh!
3582,0,1,20,21,1.0476190476190477,0.048795003647426664,581,I have been busy knitting!
3582,0,1,20,21,1.0476190476190477,0.048795003647426664,581,"Thou shall knit one, purl two!"
3582,0,1,20,21,1.0476190476190477,0.048795003647426664,581,I'm a Buddhist. My head isn't in the clouds young man.
3582,0,1,20,21,1.0476190476190477,0.048795003647426664,581,Number 11 - 'Thou shalt always take a sweater and a shekel for camel fare'.
3582,0,1,20,21,1.0476190476190477,0.048795003647426664,581,"Oh, and the one I didn't have room for---""Though shalt not catch a cold""!"
3582,0,1,20,21,1.0476190476190477,0.048795003647426664,581,Thou shalt not go forth and not be snug.
3582,0,1,20,21,1.0476190476190477,0.048795003647426664,581,"""Thanks, you're a savior. It's freezing up here""."
3582,0,1,20,21,1.0476190476190477,0.048795003647426664,581,QVC's my side gig.
3582,0,1,20,21,1.0476190476190477,0.048795003647426664,581,"Trust me, it's about to get chilly."
3582,0,1,20,21,1.0476190476190477,0.048795003647426664,581,Your mom just texted me. It's going to be cold down there.
3582,0,1,20,21,1.0476190476190477,0.048795003647426664,581,"And the 11th is, ""Thou shalt wear the latest fashions."""
3582,0,1,20,21,1.0476190476190477,0.048795003647426664,581,"The Fall fashions are in. Here, try this on for size."
3582,0,1,20,21,1.0476190476190477,0.048795003647426664,581,Number 11: I recommend washing angora by hand.
3582,0,1,20,21,1.0476190476190477,0.048795003647426664,581,You're a far way from hell.
3582,0,1,20,21,1.0476190476190477,0.048795003647426664,581,"So, take your tablets, and here's your sweater."
3582,0,1,20,21,1.0476190476190477,0.048795003647426664,581,No thanks. These are hot!
3582,0,1,20,21,1.0476190476190477,0.048795003647426664,581,No one's going to take you seriously wearing that.
3582,0,1,20,21,1.0476190476190477,0.048795003647426664,581,"Look Mo', wear this till we figure out what to do about your hair."
3582,0,1,20,21,1.0476190476190477,0.048795003647426664,581,"Hold on, you can't go down there dressed like that."
3582,0,1,20,21,1.0476190476190477,0.048795003647426664,581,Tell them you just got back from an ayahuasca retreat
3582,0,1,20,21,1.0476190476190477,0.048795003647426664,581,"And behold, there was Patagonia."
3582,0,1,20,21,1.0476190476190477,0.048795003647426664,581,"Oh, that's where I'm going?"
3582,0,1,20,21,1.0476190476190477,0.048795003647426664,581,"Monday, wear the sweater to school."
3582,0,1,20,21,1.0476190476190477,0.048795003647426664,581,... and the first person who follows all ten of those commandments gets this nice sweater I knitted.
3582,0,1,20,21,1.0476190476190477,0.048795003647426664,581,This is in case you get a chilly reception.
3582,0,1,20,21,1.0476190476190477,0.048795003647426664,581,"Ah, an 11th commandment."
3582,0,1,20,21,1.0476190476190477,0.048795003647426664,581,I thought you said Mother Earth was pagan.
3582,0,1,20,21,1.0476190476190477,0.048795003647426664,581,I knitted ten.
3582,0,1,20,21,1.0476190476190477,0.048795003647426664,581,"Moses, take this Canadian Indian sweater, Rolex is so passé"
3582,0,1,20,21,1.0476190476190477,0.048795003647426664,581,Forecast: Freezing in Hell.
3582,0,1,20,21,1.0476190476190477,0.048795003647426664,581,"Quit arguing and put it on, you're friends won't even notice it's not real cashmir."
3582,0,1,20,21,1.0476190476190477,0.048795003647426664,581,You can always exchange it.
3582,0,1,20,21,1.0476190476190477,0.048795003647426664,581,"You might as well take this, too. I couldn't get Adam to wear it."
3582,0,1,20,21,1.0476190476190477,0.048795003647426664,581,"Let's replace ""Honor your father and mother"" with ""I'm cold, I think you need a sweater."""
3582,0,1,20,21,1.0476190476190477,0.048795003647426664,581,Put it on - I need you in the 21st century.
3582,0,1,20,21,1.0476190476190477,0.048795003647426664,581,and here is your bonus Moses Jacket from eBay
3582,0,1,20,21,1.0476190476190477,0.048795003647426664,581,"No, it's not a hoodie. I told you I'd provide guidance on everything in your life. This is a high collar, 100% mohair sweater."
3582,0,1,20,21,1.0476190476190477,0.048795003647426664,581,"Here, I told you to bring a sweater along."
3582,0,1,20,21,1.0476190476190477,0.048795003647426664,581,You better put this on. It's bulletproof .
3582,0,1,20,21,1.0476190476190477,0.048795003647426664,581,"Oh, and tell them you just got back from an ayahuasca retreat."
3582,0,1,20,21,1.0476190476190477,0.048795003647426664,581,You may be stuck on the mountain for some time while someone else proclaims his alternative commandments.
3582,0,1,20,21,1.0476190476190477,0.048795003647426664,581,You send us through the desert for 40 days and 40 nights and now you're handing me a sweatshirt? Is this a joke to you?
3582,0,1,20,21,1.0476190476190477,0.048795003647426664,581,Trust me. The Exodus Large is perfect for you.
3582,0,1,20,21,1.0476190476190477,0.048795003647426664,581,Thou shall not cover thy neighbors wife.
3582,0,1,20,21,1.0476190476190477,0.048795003647426664,581,Maybe don't write down the polyester-cotton blend.
3582,0,1,20,21,1.0476190476190477,0.048795003647426664,581,Oh and I could tell you were coveting this poncho.
3582,0,1,20,21,1.0476190476190477,0.048795003647426664,581,"It's not a commandment, but I knitted you this for when the weather turns cooler."
3582,0,1,20,21,1.0476190476190477,0.048795003647426664,581,Oy! You're at such an altitude without even a sweater? Here! You're welcome.
3582,0,1,20,21,1.0476190476190477,0.048795003647426664,581,I just order from these tablets and they deliver. God 'knows' how they do it.
3582,0,1,20,21,1.0476190476190477,0.048795003647426664,581,Take this - winter is coming.
3582,0,1,20,21,1.0476190476190477,0.048795003647426664,581,Good lord!
3582,0,1,20,21,1.0476190476190477,0.048795003647426664,581,And here are the ten commandments on Secret Santa gift exchanges...
3582,0,1,20,21,1.0476190476190477,0.048795003647426664,581,"So what, now you're giving style advice too?"
3582,0,1,20,21,1.0476190476190477,0.048795003647426664,581,"Sorry,but I ordered 25,000 with floatees"
3582,0,1,20,21,1.0476190476190477,0.048795003647426664,581,Wanna trade?
3582,0,1,20,21,1.0476190476190477,0.048795003647426664,581,Hey big shot..you can't tell it's chilly? Put on a little sweater...
3582,0,1,20,21,1.0476190476190477,0.048795003647426664,581,Coveting thy neighbor's jumper again? Tsk. Tsk.
3582,0,1,20,21,1.0476190476190477,0.048795003647426664,581,"Please Lord, if I try to wear the sweater, there's a chance I might drop another Tablet."
3582,0,1,20,21,1.0476190476190477,0.048795003647426664,581,Listen to Mommy. Take your hoody.
3582,0,1,20,21,1.0476190476190477,0.048795003647426664,581,Thou shall knit and purl no gods before me
3582,0,1,20,21,1.0476190476190477,0.048795003647426664,581,They didn't have Patagonia in your size .
3582,0,1,20,21,1.0476190476190477,0.048795003647426664,581,"Trust me, the Israelites are way less likely to diss you if you don a J-Crew cable knit sweater."
3582,0,1,20,21,1.0476190476190477,0.048795003647426664,581,I don't want your followers catching their death of cold.
3582,0,1,20,21,1.0476190476190477,0.048795003647426664,581,Thou shalt buy it on Amazon Prime.
3582,0,1,20,21,1.0476190476190477,0.048795003647426664,581,Moses.....chill out.
3582,0,1,20,21,1.0476190476190477,0.048795003647426664,581,The King of Amazon needs a sign to convert. Just make a note on your tablet and he'll get the message.
3582,0,1,20,21,1.0476190476190477,0.048795003647426664,581,"Oh, and this will block the rotten tomatoes."
3582,0,1,20,21,1.0476190476190477,0.048795003647426664,581,"Did I miss the one that said ""thou shalt not be cold""?"
3582,0,1,20,21,1.0476190476190477,0.048795003647426664,581,Your mother says to take a sweater.
3582,0,1,20,21,1.0476190476190477,0.048795003647426664,581,I requested the hoodie with the full length zipper.
3582,0,1,20,21,1.0476190476190477,0.048795003647426664,581,"I think the reaction to ""Thou shalt not commit adultery"" might be little chilly."
3582,0,1,20,21,1.0476190476190477,0.048795003647426664,581,"I said, I could really use a BOAT!"
3582,0,1,20,21,1.0476190476190477,0.048795003647426664,581,"Cover those things up, you skank"
3582,0,1,20,21,1.0476190476190477,0.048795003647426664,581,"Oh I forgot, there's one more! Thou shalt wear this whenever the temperature drops below 35 degrees."
3582,0,1,20,21,1.0476190476190477,0.048795003647426664,581,It no longer fits me
3582,0,1,20,21,1.0476190476190477,0.048795003647426664,581,"Here, have this cashmere Abraham made me after the sacrifice. Gabriel says my finger puppet shows are not popular anymore."
3582,0,1,20,21,1.0476190476190477,0.048795003647426664,581,Eat something before you put your sweater back on.
3582,0,1,20,21,1.0476190476190477,0.048795003647426664,581,Here. I thought it might be cold up on your pedestal.
3582,0,1,20,21,1.0476190476190477,0.048795003647426664,581,What do you think about replacing frogs with itchy wool?
3582,0,1,20,21,1.0476190476190477,0.048795003647426664,581,"To put that on, I'll have to drop these."
3582,0,1,20,21,1.0476190476190477,0.048795003647426664,581,"I know the desert was cold I'm sorry, I had 600,000 of these on back order"
3582,0,1,20,21,1.0476190476190477,0.048795003647426664,581,"In case they don""t go for it you'd better wear this."
3582,0,1,20,21,1.0476190476190477,0.048795003647426664,581,"After giving out the house rules, God, the All-Powerful Mother, always makes sure her son stays cozy."
3582,0,1,20,21,1.0476190476190477,0.048795003647426664,581,"Remember the Sabbath day, to keep it wooly."
3582,0,1,20,21,1.0476190476190477,0.048795003647426664,581,"Come on, Dad, do I have to?"
3582,0,1,20,21,1.0476190476190477,0.048795003647426664,581,Congratulations! You've won our Holier-Than-Thou Spelling Contest! Here's your prize!
3582,0,1,20,21,1.0476190476190477,0.048795003647426664,581,"The tablets, should work but just in case . . ."
3582,0,1,20,21,1.0476190476190477,0.048795003647426664,581,But I like being a Moses doll.
3582,0,1,20,21,1.0476190476190477,0.048795003647426664,581,"And, take thine hoody."
3582,0,1,20,21,1.0476190476190477,0.048795003647426664,581,"""Hey, Moishe, it's a bit chilly up here. You might need a sweater,"" she said helpfully."
3582,0,1,20,21,1.0476190476190477,0.048795003647426664,581,Thou shalt not dry on high.
3582,0,1,20,21,1.0476190476190477,0.048795003647426664,581,Wear this if you want to reach the millennials.
3582,0,1,20,21,1.0476190476190477,0.048795003647426664,581,"Now that I've delegated most of my work, I've taken up knitting."
3582,0,1,20,21,1.0476190476190477,0.048795003647426664,581,"Moses, it's me your mother, please take it . It may get cold up there."
3582,0,1,20,21,1.0476190476190477,0.048795003647426664,581,"I'm taking this for your own good... Come on, Moses, make room on your tablet... Commandment Number 11 is... Never wear socks with sandals or a wooly jumper over a tunic."
3582,0,1,20,21,1.0476190476190477,0.048795003647426664,581,"It's kevlar,, you will need it when you start to market those ten points!"
3582,0,1,20,21,1.0476190476190477,0.048795003647426664,581,This may add a frisson of sex-appeal to the ensemble dear boy.
3582,0,1,20,21,1.0476190476190477,0.048795003647426664,581,"It's your mother, remember me?"
3582,0,1,20,21,1.0476190476190477,0.048795003647426664,581,Holy Moses! What have you there?
3582,0,1,20,21,1.0476190476190477,0.048795003647426664,581,"Gee, Mom. Do I have to?"
3582,0,1,20,21,1.0476190476190477,0.048795003647426664,581,Noah thinks you could get some use out of this.
3582,0,1,20,21,1.0476190476190477,0.048795003647426664,581,Take some tablets and wear a warm jumper. You'll be over the cold in a week.
3582,0,1,20,21,1.0476190476190477,0.048795003647426664,581,I had this horrible dream that the boss was going to be mad at me.
3582,0,1,20,21,1.0476190476190477,0.048795003647426664,581,Not now grandma!
3582,0,1,20,21,1.0476190476190477,0.048795003647426664,581,Thou shalt not covet cloth.
3582,0,1,20,21,1.0476190476190477,0.048795003647426664,581,Don't blame me.
3582,0,1,20,21,1.0476190476190477,0.048795003647426664,581,"so, um, hell might be freezing over soon..."
3582,0,1,20,21,1.0476190476190477,0.048795003647426664,581,"Tablets cold, sweater waaarrm."
3582,0,1,20,21,1.0476190476190477,0.048795003647426664,581,"Here's a sweater, Moses. You're going to get a chilly reception with those ideas."
3582,0,1,20,21,1.0476190476190477,0.048795003647426664,581,"Yes, you are allowed to covet your neighbor's parka."
3582,0,1,20,21,1.0476190476190477,0.048795003647426664,581,"And the Lord said: ""Winter is Coming."""
3582,0,1,20,21,1.0476190476190477,0.048795003647426664,581,"Oh, and your mom said ""put this on""."
3582,0,1,20,21,1.0476190476190477,0.048795003647426664,581,"Drop what you're doing and put this on immediately, before you catch your death of cold!"
3582,0,1,20,21,1.0476190476190477,0.048795003647426664,581,It gets rather brisk around here...this just might fit you....
3582,0,1,20,21,1.0476190476190477,0.048795003647426664,581,"Oh yeah, and ""Thou shalt always wear a sweater when it's cold."""
3582,0,1,20,21,1.0476190476190477,0.048795003647426664,581,Can't you read; the tag says dry clean only.
3582,0,1,20,21,1.0476190476190477,0.048795003647426664,581,"'And the 11th Commandment, thou shall use common sense."""
3582,0,1,20,21,1.0476190476190477,0.048795003647426664,581,"It's perfect, but how do we convince my neighbor's wife to wear it?"
3582,0,1,20,21,1.0476190476190477,0.048795003647426664,581,"I am the Lord thy God! But I also just signed a 40-year sponsorship agreement with the Goddess of victory, so you must wear this."
3582,0,1,20,21,1.0476190476190477,0.048795003647426664,581,DECologue. I asked if there was anything new for this year's Decologue.
3582,0,1,20,21,1.0476190476190477,0.048795003647426664,581,Follow the instructions and for God's sake wear this when wandering in the desert at night.
3582,0,1,20,21,1.0476190476190477,0.048795003647426664,581,"Oh, yes, one more thing that I forgot to engrave. . . try to mix in more stripes and plaids, but never wear them together."
3582,0,1,20,21,1.0476190476190477,0.048795003647426664,581,"OK, just run that by me again; you want Number 11 to be about keeping warm?"
3582,0,1,20,21,1.0476190476190477,0.048795003647426664,581,Cold front moving in.
3582,0,1,20,21,1.0476190476190477,0.048795003647426664,581,"Moses, honey, even prophets need to wear their sweaters!"
3582,0,1,20,21,1.0476190476190477,0.048795003647426664,581,I heard there is to be a filibuster. You might need this.
3582,0,1,20,21,1.0476190476190477,0.048795003647426664,581,Tablets? I thought you said Tabberd.
3582,0,1,20,21,1.0476190476190477,0.048795003647426664,581,This will warm you up for the delivery.
3582,0,1,20,21,1.0476190476190477,0.048795003647426664,581,"Since you all are going to have a hard enough time, we've decided to give these to another group."
3582,0,1,20,21,1.0476190476190477,0.048795003647426664,581,Number 11: Thou shall not offer knockoffs on QVC.
3582,0,1,20,21,1.0476190476190477,0.048795003647426664,581,Take these tablets and go down from the mount and give the people My commandments. You'll have more credibility wearing a sweater.
3582,0,1,20,21,1.0476190476190477,0.048795003647426664,581,"Egyptian cotton, extra large, 7 shekels."
3582,0,1,20,21,1.0476190476190477,0.048795003647426664,581,"Number 11, when going out in bad weather, thou shall listen to thy mother and put on your jacket."
3582,0,1,20,21,1.0476190476190477,0.048795003647426664,581,"Honor thine merino and keep it real, yo."
3582,0,1,20,21,1.0476190476190477,0.048795003647426664,581,"I told you, it is not Egyptian cotton!"
3582,0,1,20,21,1.0476190476190477,0.048795003647426664,581,"Hand knit, just for you."
3582,0,1,20,21,1.0476190476190477,0.048795003647426664,581,Keep all things holy. Except this.
3582,0,1,20,21,1.0476190476190477,0.048795003647426664,581,"Never mind the hoodie, get me an escalator!"
3582,0,1,20,21,1.0476190476190477,0.048795003647426664,581,Thou shalt not catch pneumonia.
3582,0,1,20,21,1.0476190476190477,0.048795003647426664,581,I said I wanted garments not commandments.
3582,0,1,20,21,1.0476190476190477,0.048795003647426664,581,"You can’t “go forth” dressed like that. It’s chilly, you’ll catch cold. Here, wear this."
3582,0,1,20,21,1.0476190476190477,0.048795003647426664,581,"So, like, I'm also a entrepreneur, and I'm trying to get my clothing line off the ground. What do you think of this sweater? I call it the ""Zaddy AF"""
3582,0,1,20,21,1.0476190476190477,0.048795003647426664,581,Thou shalt not make me wear a roll-neck sweater.
3582,0,1,20,21,1.0476190476190477,0.048795003647426664,581,Thou shalt dress more sensibly when climbing mountains.
3582,0,1,20,21,1.0476190476190477,0.048795003647426664,581,"Seriously, they won't be able to find themselves."
3582,0,1,20,21,1.0476190476190477,0.048795003647426664,581,"Take your sweater. Or, Don't forget your sweater."
3582,0,1,20,21,1.0476190476190477,0.048795003647426664,581,...and number 11. Don't go outside without your sweater.
3582,0,1,20,21,1.0476190476190477,0.048795003647426664,581,Thou shalt not put sweaters in the dryer
3582,0,1,20,21,1.0476190476190477,0.048795003647426664,581,"Put a coat on, I'm cold"
3582,0,1,20,21,1.0476190476190477,0.048795003647426664,581,"No..no..no. The first commandment is ""Thou shalt keep the hoodie and return the human."""
3582,0,1,20,21,1.0476190476190477,0.048795003647426664,581,The basis for religion and Amazon Prime!
3582,0,1,20,21,1.0476190476190477,0.048795003647426664,581,"Thanks, I hope it fits."
3582,0,1,20,21,1.0476190476190477,0.048795003647426664,581,"Oh, Lord! What? You want me to run Facebook?"
3582,0,1,20,21,1.0476190476190477,0.048795003647426664,581,"I said,"" I'll need the c -o -d -e to understand this""."
3582,0,1,20,21,1.0476190476190477,0.048795003647426664,581,"But, ... the ad said with ten I'd egg rolls!"
3582,0,1,20,21,1.0476190476190477,0.048795003647426664,581,"11th Commandment, thou shall not be cold while seeing the lord thy God......But really, it gets cold at night in the desert, so take it."
3582,0,1,20,21,1.0476190476190477,0.048795003647426664,581,Thou shall not covet thy neighbors' knitting.
3582,0,1,20,21,1.0476190476190477,0.048795003647426664,581,"But, where's Waldo?"
3582,0,1,20,21,1.0476190476190477,0.048795003647426664,581,Free shipping and return?
3582,0,1,20,21,1.0476190476190477,0.048795003647426664,581,This will show them you got those from me.
3582,0,1,20,21,1.0476190476190477,0.048795003647426664,581,Trust me. You're going to need it over the next forty years.
3582,0,1,20,21,1.0476190476190477,0.048795003647426664,581,"With the chilly reception your going to get to some of those, you're going to need it."
3582,0,1,20,21,1.0476190476190477,0.048795003647426664,581,"''See how this fits."""
3582,0,1,20,21,1.0476190476190477,0.048795003647426664,581,You may need this also for cold shoulders.
3582,0,1,20,21,1.0476190476190477,0.048795003647426664,581,"Mom, I did not forget!"
3582,0,1,20,21,1.0476190476190477,0.048795003647426664,581,"But, I'm not looking for a handout."
3582,0,1,20,21,1.0476190476190477,0.048795003647426664,581,I'm cold. Put on a sweater.
3582,0,1,20,21,1.0476190476190477,0.048795003647426664,581,And thou shalt not wear ugly versions of these on holidays.
3582,0,1,20,21,1.0476190476190477,0.048795003647426664,581,I didn't covet my neighbor's sweater.
3582,0,1,20,21,1.0476190476190477,0.048795003647426664,581,...and that's where he laid down his own law - no group jackets.
3582,0,1,20,21,1.0476190476190477,0.048795003647426664,581,"Take this, it's cold up here."
3582,0,1,20,21,1.0476190476190477,0.048795003647426664,581,Take this hoodie. They'll play better with millennials.
3582,0,1,20,21,1.0476190476190477,0.048795003647426664,581,Thou shall not dress out of season.
3582,0,1,20,21,1.0476190476190477,0.048795003647426664,581,"#11th commandment: Winter is coming, thou shall not freeze"
3582,0,1,20,21,1.0476190476190477,0.048795003647426664,581,"""Sweater weather"" has it's provenance with some other very important words."
3582,0,1,20,21,1.0476190476190477,0.048795003647426664,581,Thou shalt dry-clean.
3582,0,1,20,21,1.0476190476190477,0.048795003647426664,581,"Don't be a big shot, take the sweater."
3582,0,1,20,21,1.0476190476190477,0.048795003647426664,581,And always bring a sweater. God forbid you catch a chill.
3582,0,1,20,21,1.0476190476190477,0.048795003647426664,581,Exactly which of the commandments says to dress warmly?
3582,0,1,20,21,1.0476190476190477,0.048795003647426664,581,Do not covet your brother's sweater. This one was on sale at L.L. Bean.
3582,0,1,20,21,1.0476190476190477,0.048795003647426664,581,...and I also need my sweater back...
3582,0,1,20,21,1.0476190476190477,0.048795003647426664,581,"What do you mean ""get comfortable"" ?"
3582,0,1,20,21,1.0476190476190477,0.048795003647426664,581,"Up here the label says 100% virgin wool, if you want Prada check out the basement!"
3582,0,1,20,21,1.0476190476190477,0.048795003647426664,581,"With the needed rewrites, you're going to be here a while."
3582,0,1,20,21,1.0476190476190477,0.048795003647426664,581,Beggars can't be choosers
3582,0,1,20,21,1.0476190476190477,0.048795003647426664,581,Happy Hanukkah
3582,0,1,20,21,1.0476190476190477,0.048795003647426664,581,You'll need this; the Burning Bush just went inactive!
3582,0,1,20,21,1.0476190476190477,0.048795003647426664,581,Thou shalt try Old Navy's new collection of turtlenecks.
3582,0,1,20,21,1.0476190476190477,0.048795003647426664,581,"Moses, you forgot your sweater. You can't tell the people my will without your sweater."
3582,0,1,20,21,1.0476190476190477,0.048795003647426664,581,You forgot the eleventh commandment. Wear your sweater I knitted for you.
3582,0,1,20,21,1.0476190476190477,0.048795003647426664,581,"It's number eleven, ""Thou shalt dress warm or you'll catch cold."""
3582,0,1,20,21,1.0476190476190477,0.048795003647426664,581,You went out like that? You don't have the brains I gave a gnat!
3582,0,1,20,21,1.0476190476190477,0.048795003647426664,581,"Thank you, but I'm allergic to poly."
3582,0,1,20,21,1.0476190476190477,0.048795003647426664,581,Thou shalt not catch your death of cold!
3582,0,1,20,21,1.0476190476190477,0.048795003647426664,581,"Merry *what*, Lord?"
3582,0,1,20,21,1.0476190476190477,0.048795003647426664,581,Thou shalt not covet thy neighbor's cashmere sweater.
3582,0,1,20,21,1.0476190476190477,0.048795003647426664,581,Art thou comfortable?
3582,0,1,20,21,1.0476190476190477,0.048795003647426664,581,And another thing...
3582,0,1,20,21,1.0476190476190477,0.048795003647426664,581,11. Always wear layers
3582,0,1,20,21,1.0476190476190477,0.048795003647426664,581,Thou shalt not covet thy neighbor's fleece.
3582,0,1,20,21,1.0476190476190477,0.048795003647426664,581,"11: Cable knit, always"
3582,0,1,20,21,1.0476190476190477,0.048795003647426664,581,Master has presented Mosey with clothes?!
3582,0,1,20,21,1.0476190476190477,0.048795003647426664,581,I got cold just looking at thou.
3582,0,1,20,21,1.0476190476190477,0.048795003647426664,581,"""A coat is small compensation to being at home, sitting by the fire, with a hot coffee."" -Thinks Moses"
3582,0,1,20,21,1.0476190476190477,0.048795003647426664,581,Holy Moses! Number 11 is Thou Shalt Not Freeze
3582,0,1,20,21,1.0476190476190477,0.048795003647426664,581,"I don't know anything about a burning bush, you want to stay warm here's a sweater."
3582,0,1,20,21,1.0476190476190477,0.048795003647426664,581,Look! It's #5; take it!
3582,0,1,20,21,1.0476190476190477,0.048795003647426664,581,And you'll also need this. Trust me.
3582,0,1,20,21,1.0476190476190477,0.048795003647426664,581,... so the tablets don't chafe on the way down.
3582,0,1,20,21,1.0476190476190477,0.048795003647426664,581,Show me more
3582,0,1,20,21,1.0476190476190477,0.048795003647426664,581,This will be cold comfort for what comes next
3582,0,1,20,21,1.0476190476190477,0.048795003647426664,581,"Sorry, I miscalculated."
3582,0,1,20,21,1.0476190476190477,0.048795003647426664,581,Oh! sure... I got you something too. It's a sweater... surprise!?
3582,0,1,20,21,1.0476190476190477,0.048795003647426664,581,"Your mother just reminded me of the eleventh commandment: Put on a sweater, you'll catch your death."
3582,0,1,20,21,1.0476190476190477,0.048795003647426664,581,Is this thing flame retatdant. I gotta head over to the bush...
3582,0,1,20,21,1.0476190476190477,0.048795003647426664,581,Drop those cold stones. Your God just wants you warm.
3582,0,1,20,21,1.0476190476190477,0.048795003647426664,581,"and the 11th commandment ""thou shalt not climb the mountain without your overcoat."""
3582,0,1,20,21,1.0476190476190477,0.048795003647426664,581,"And lastly Moses, thou shalt dress for the occasion."
3582,0,1,20,21,1.0476190476190477,0.048795003647426664,581,"You have found favor in My sight, and I have knitted this lovely sweater for you we wear as you wander in the desert."
3582,0,1,20,21,1.0476190476190477,0.048795003647426664,581,"Oh, it's real alright."
3582,0,1,20,21,1.0476190476190477,0.048795003647426664,581,And put this on. I'm cold.
3582,0,1,20,21,1.0476190476190477,0.048795003647426664,581,"Hey, Mom, I'm a big boy now."
3582,0,1,20,21,1.0476190476190477,0.048795003647426664,581,It's from a bolt of cloth. The lightening thing is a myth!
3582,0,1,20,21,1.0476190476190477,0.048795003647426664,581,"Here, thou shalt not descend in that silly robe."
3582,0,1,20,21,1.0476190476190477,0.048795003647426664,581,Turtlenecks are back!
3582,0,1,20,21,1.0476190476190477,0.048795003647426664,581,"11. Now this is just a suggestion, but it does get awfully cold this time of year."
3582,0,1,20,21,1.0476190476190477,0.048795003647426664,581,"Sorry, I meant it figuratively when I said ""Sure, I'm cool with these commandments""."
3582,0,1,20,21,1.0476190476190477,0.048795003647426664,581,"'And God said, the ice age is coming.'"
3582,0,1,20,21,1.0476190476190477,0.048795003647426664,581,One more thing...schmattes!
3582,0,1,20,21,1.0476190476190477,0.048795003647426664,581,Thou shalt place this in a time capsule for Etsy
3582,0,1,20,21,1.0476190476190477,0.048795003647426664,581,"Hey, I'll trade you a hoodie for a couple of stone tablets?"
3582,0,1,20,21,1.0476190476190477,0.048795003647426664,581,And this is for your wife.
3582,0,1,20,21,1.0476190476190477,0.048795003647426664,581,"Sorry, I forgot this, the desert can get pretty cold in the evenings."
3582,0,1,20,21,1.0476190476190477,0.048795003647426664,581,Mother knows best.
3582,0,1,20,21,1.0476190476190477,0.048795003647426664,581,You must be freezing!
3582,0,1,20,21,1.0476190476190477,0.048795003647426664,581,Here's an 11th...thou shalt not covet thy neighbor's fleece.
3582,0,1,20,21,1.0476190476190477,0.048795003647426664,581,"But, it's only green and blue."
3582,0,1,20,21,1.0476190476190477,0.048795003647426664,581,"Moses, thou shall not freeze while atop this mountain!"
3582,0,1,20,21,1.0476190476190477,0.048795003647426664,581,It's for the reception.
3582,0,1,20,21,1.0476190476190477,0.048795003647426664,581,Here: your mom says to put this on.
3582,0,1,20,21,1.0476190476190477,0.048795003647426664,581,Here's a fashion tip to go with those 10 Commandments.
3582,0,1,20,21,1.0476190476190477,0.048795003647426664,581,It will be a cold day in Hell if they actually read these.
3582,0,1,20,21,1.0476190476190477,0.048795003647426664,581,Here's that sweater you were coveting; from now on... you're on your own.
3582,0,1,20,21,1.0476190476190477,0.048795003647426664,581,I'll need this for the third day?
3582,0,1,20,21,1.0476190476190477,0.048795003647426664,581,Make it happen.
3582,0,1,20,21,1.0476190476190477,0.048795003647426664,581,"So after you present the commendments, don't forget to mention my new fall fashion line."
3582,0,1,20,21,1.0476190476190477,0.048795003647426664,581,"Use the tablets as skis, God?"
3582,0,1,20,21,1.0476190476190477,0.048795003647426664,581,"When I'm through, Ma"
3582,0,1,20,21,1.0476190476190477,0.048795003647426664,581,The first law: SHE gives warm love
3582,0,1,20,21,1.0476190476190477,0.048795003647426664,581,"Thanks, but I've been told I'm more of a robe kind of guy."
3582,0,1,20,21,1.0476190476190477,0.048795003647426664,581,And dress warm.
3582,0,1,20,21,1.0476190476190477,0.048795003647426664,581,... and for additional styles in your size I'll be shipping you new tablets each week.
3582,0,1,20,21,1.0476190476190477,0.048795003647426664,581,You'll need this when you part the Red Sea!
3582,0,1,20,21,1.0476190476190477,0.048795003647426664,581,Your mother knitted this for you.
3582,0,1,20,21,1.0476190476190477,0.048795003647426664,581,Your Mom says eleven.
3582,0,1,20,21,1.0476190476190477,0.048795003647426664,581,dog whistle?
3582,0,1,20,21,1.0476190476190477,0.048795003647426664,581,It would be a crime if you didn't try it on.
3582,0,1,20,21,1.0476190476190477,0.048795003647426664,581,"A little sweater you should have, zayde, so you don't stand out in the cold."
3582,0,1,20,21,1.0476190476190477,0.048795003647426664,581,"Oh, and thou shalt share this comfy alpaca hoodie."
3582,0,1,20,21,1.0476190476190477,0.048795003647426664,581,"When your neighbor was wearing this, did I see you covet it?"
3582,0,1,20,21,1.0476190476190477,0.048795003647426664,581,Take a sweater. It's going to be cold today.
3582,0,1,20,21,1.0476190476190477,0.048795003647426664,581,"It's just the hand that's gigantic, trust me."
3582,0,1,20,21,1.0476190476190477,0.048795003647426664,581,The eleventh commandment is always take a jacket when you climb a mountain.
3582,0,1,20,21,1.0476190476190477,0.048795003647426664,581,A crackerjack anorak.
3582,0,1,20,21,1.0476190476190477,0.048795003647426664,581,Thou shalt not catch a chill on thine way down the mountain.
3582,0,1,20,21,1.0476190476190477,0.048795003647426664,581,Believe me...your gonna need it....
3582,0,1,20,21,1.0476190476190477,0.048795003647426664,581,Your Jewish mother insists you wear a coat or you will catch a cold!
3582,0,1,20,21,1.0476190476190477,0.048795003647426664,581,Thou shalt cherish the Wooly bully.
3582,0,1,20,21,1.0476190476190477,0.048795003647426664,581,You get clumsy when you shiver.
3582,0,1,20,21,1.0476190476190477,0.048795003647426664,581,"..and finally unwritten commandment #11, always wear cashmere on Friday."
3582,0,1,20,21,1.0476190476190477,0.048795003647426664,581,Thou shalt not look bad in angora.
3582,0,1,20,21,1.0476190476190477,0.048795003647426664,581,"Take two tablets, get some rest, and call me in the morning."
3582,0,1,20,21,1.0476190476190477,0.048795003647426664,581,May I assume this means I do not have to worry about ending up some place excessively warm?
3582,0,1,20,21,1.0476190476190477,0.048795003647426664,581,I really just wanted you to say I looked alright.
3582,0,1,20,21,1.0476190476190477,0.048795003647426664,581,Think of it like a book jacket.
3582,0,1,20,21,1.0476190476190477,0.048795003647426664,581,"No, He's the One for Commandments. I'm into Gentle Reminders."
3582,0,1,20,21,1.0476190476190477,0.048795003647426664,581,Is that an 11th commandment or just a suggestion?
3582,0,1,20,21,1.0476190476190477,0.048795003647426664,581,"Moses: ""Ummm, okay, You go first."""
3582,0,1,20,21,1.0476190476190477,0.048795003647426664,581,"and one more... don't get a cold, my Bubeleh"
3582,0,1,20,21,1.0476190476190477,0.048795003647426664,581,"No,no, no. It was ""Thou shalt KNIT."" Then ""Commit adultery!"""
3582,0,1,20,21,1.0476190476190477,0.048795003647426664,581,"The ogre really isn't sitting well, is he?"
3582,0,1,20,21,1.0476190476190477,0.048795003647426664,581,So now you're my fashion coordinator too?
3582,0,1,20,21,1.0476190476190477,0.048795003647426664,581,"Thank you but I don't wear second-hand clothing."""
3582,0,1,20,21,1.0476190476190477,0.048795003647426664,581,"With all due respect, God, only my Mom can command me to put on a sweater"
3582,0,1,20,21,1.0476190476190477,0.048795003647426664,581,I only wear cotton-allergic to polyster
3582,0,1,20,21,1.0476190476190477,0.048795003647426664,581,"Hard on the back, but it beats the commute."
3582,0,1,20,21,1.0476190476190477,0.048795003647426664,581,"You need to take a coat. It could get cold out."" ""Yes dear."
3582,0,1,20,21,1.0476190476190477,0.048795003647426664,581,And whosoever liveth and believeth in me shall wear the sweater of Antioch. Believest thou this?
3582,0,1,20,21,1.0476190476190477,0.048795003647426664,581,Those bastards--they killed Kenny.
3582,0,1,20,21,1.0476190476190477,0.048795003647426664,581,"No, I said of coat OF arms!"
3582,0,1,20,21,1.0476190476190477,0.048795003647426664,581,"Oh, yes. And ""thou shalt not catch a cold""."
3582,0,1,20,21,1.0476190476190477,0.048795003647426664,581,Are you proposing we trade?
3582,0,1,20,21,1.0476190476190477,0.048795003647426664,581,"Oh, and not a commandment, just a suggestion — lose the bathrobe and give this a go."
3582,0,1,20,21,1.0476190476190477,0.048795003647426664,581,"When you're done engraving them Commandments, you can go ahead with a few Top Tips. See this? My best cashmere..."
3582,0,1,20,21,1.0476190476190477,0.048795003647426664,581,Number Eleven: Thou shalt not have an outdated wardrobe.
3582,0,1,20,21,1.0476190476190477,0.048795003647426664,581,I thought I said fur..!?
3582,0,1,20,21,1.0476190476190477,0.048795003647426664,581,What do you mean it's a steal?
3582,0,1,20,21,1.0476190476190477,0.048795003647426664,581,Put on a sweater. I feel cold.
3582,0,1,20,21,1.0476190476190477,0.048795003647426664,581,"But, I just possibly will decide on global warming, instead!"
3582,0,1,20,21,1.0476190476190477,0.048795003647426664,581,Thou Shalt Dress Warmly
3582,0,1,20,21,1.0476190476190477,0.048795003647426664,581,"And God said, ""Let there be mohair!"""
3582,0,1,20,21,1.0476190476190477,0.048795003647426664,581,"Anorak, Moses, not on your Ark. It's my covenant, not yours."
3582,0,1,20,21,1.0476190476190477,0.048795003647426664,581,What!.......no covers for the Ten Commandments?
3582,0,1,20,21,1.0476190476190477,0.048795003647426664,581,Does it have to be dry cleaned?
3582,0,1,20,21,1.0476190476190477,0.048795003647426664,581,You never listen to me! I told you it would be cold up there.
3582,0,1,20,21,1.0476190476190477,0.048795003647426664,581,Thou shalt look cool to deliver the rule
3582,0,1,20,21,1.0476190476190477,0.048795003647426664,581,"Moses, it's getting chilly up there, put on your sweater."
3582,0,1,20,21,1.0476190476190477,0.048795003647426664,581,"Number 11. ""Thou shall not be cold"""
3582,0,1,20,21,1.0476190476190477,0.048795003647426664,581,Just because you're cold doesn't mean I need a sweater.
3582,0,1,20,21,1.0476190476190477,0.048795003647426664,581,"Don't sweat it bro, it's only 10 commandments"" ""We made this cover for your tablet"" ""Give this to thy neighbor's wife"
3582,0,1,20,21,1.0476190476190477,0.048795003647426664,581,"Wrap up, Moses. I don't want you to get sick. You're gonna be spending 40 days up here. Too much depends on your coming down from the mountain. Trust me."
3582,0,1,20,21,1.0476190476190477,0.048795003647426664,581,..and finally...XI thou shalt not wear ugly sweaters.
3582,0,1,20,21,1.0476190476190477,0.048795003647426664,581,Thou shalt not wear Member's Only jackets!
3582,0,1,20,21,1.0476190476190477,0.048795003647426664,581,"And yeah, climate warming remains a myth."
3582,0,1,20,21,1.0476190476190477,0.048795003647426664,581,"Here, you're' going to need this if you're crossing over into Canada."
3582,0,1,20,21,1.0476190476190477,0.048795003647426664,581,And never forget the eleventh commandment : thou shall not buy retail
3582,0,1,20,21,1.0476190476190477,0.048795003647426664,581,Amazon origin story - Version 1.0
3582,0,1,20,21,1.0476190476190477,0.048795003647426664,581,"Moses, O Moses, take this sweater. It might get a bit drafty when my Presence departs!"
3582,0,1,20,21,1.0476190476190477,0.048795003647426664,581,Thou shall upcycle.
3582,0,1,20,21,1.0476190476190477,0.048795003647426664,581,You're obviously from the desert.
3582,0,1,20,21,1.0476190476190477,0.048795003647426664,581,We hope you enjoy your order ! Can you give us a five star rating please?
3582,0,1,20,21,1.0476190476190477,0.048795003647426664,581,Maybe you have one I could step into???
3582,0,1,20,21,1.0476190476190477,0.048795003647426664,581,Thou shalt not get a cold
3582,0,1,20,21,1.0476190476190477,0.048795003647426664,581,Good heavens I hope it's non-allergenic
3582,0,1,20,21,1.0476190476190477,0.048795003647426664,581,Thou shalt not freeze
3582,0,1,20,21,1.0476190476190477,0.048795003647426664,581,"How many times do I have to tell you? ""Always keep your neck warm!"" That better be Number 1 on your list there."
3582,0,1,20,21,1.0476190476190477,0.048795003647426664,581,"You didn't have to and it's lovely. But next time, thou shalt bring a gift receipt. OK?"
3582,0,1,20,21,1.0476190476190477,0.048795003647426664,581,The 90s Commandment
3582,0,1,20,21,1.0476190476190477,0.048795003647426664,581,"I said boat, not coat! I guess I'll just have to part the darn thing myself."
3582,0,1,20,21,1.0476190476190477,0.048795003647426664,581,I also got a beautiful Egyptian cotton blend.
3582,0,1,20,21,1.0476190476190477,0.048795003647426664,581,"Dearest God, your sense of humor astounds me."
3582,0,1,20,21,1.0476190476190477,0.048795003647426664,581,and they come with a free hoodie.
3582,0,1,20,21,1.0476190476190477,0.048795003647426664,581,You shall not ignore climate change.
3582,0,1,20,21,1.0476190476190477,0.048795003647426664,581,"Moses, it's cold up here. Take a sveater."
3582,0,1,20,21,1.0476190476190477,0.048795003647426664,581,The commandments are free. We'll make our profit on the clothing line.
3582,0,1,20,21,1.0476190476190477,0.048795003647426664,581,"With this, thou shalt not covet thy neighbor's comfy pull-over thing."
3582,0,1,20,21,1.0476190476190477,0.048795003647426664,581,"And last but not least, #11: Never let them see you sweat!"
3582,0,1,20,21,1.0476190476190477,0.048795003647426664,581,"Also, thou shalt knit sweaters."
3582,0,1,20,21,1.0476190476190477,0.048795003647426664,581,I need Xtra large
3582,0,1,20,21,1.0476190476190477,0.048795003647426664,581,"Oh, not again! For once, learn to look hard enough through each day -- poor greedy man. This is what you will actually need today."
3582,0,1,20,21,1.0476190476190477,0.048795003647426664,581,"Mom, is that you?"
3582,0,1,20,21,1.0476190476190477,0.048795003647426664,581,"Dammit, I thought I'd ditched that at the Red Sea"
3582,0,1,20,21,1.0476190476190477,0.048795003647426664,581,"Sorry, I had already ordered a coat from Amazon."
3582,0,1,20,21,1.0476190476190477,0.048795003647426664,581,"Your Father can be so forgetful! If you don't obey the 11th, you'll freeze to death before you NEED the other ten."
3582,0,1,20,21,1.0476190476190477,0.048795003647426664,581,You really need to accessorize.
3582,0,1,20,21,1.0476190476190477,0.048795003647426664,581,Thou shall favor fashion over function.
3582,0,1,20,21,1.0476190476190477,0.048795003647426664,581,And Thou shall always remember to take a sweater
3582,0,1,20,21,1.0476190476190477,0.048795003647426664,581,...but thou shall look fabulous.
3582,0,1,20,21,1.0476190476190477,0.048795003647426664,581,"Take it, it's the last one left in size large."
3582,0,1,20,21,1.0476190476190477,0.048795003647426664,581,And now thou art off to Mount Everest.
3582,0,1,20,21,1.0476190476190477,0.048795003647426664,581,Please hide your ten Commandments in this. The Neo Nazis are coming.
3582,0,1,20,21,1.0476190476190477,0.048795003647426664,581,"And here's a little hoodie for the trip home. Above all, don't drop those tablets."
3582,0,1,20,21,1.0476190476190477,0.048795003647426664,581,And the Godess added the final commandment...Ye shall not go out into the cold without your sweater.
3582,0,1,20,21,1.0476190476190477,0.048795003647426664,581,I always thought it was just an expression
3582,0,1,20,21,1.0476190476190477,0.048795003647426664,581,Mount Sinai is actually quite mild this time of year so that won't be necessary.
3582,0,1,20,21,1.0476190476190477,0.048795003647426664,581,"Thus shalt not ""mother"" me!"
3582,0,1,20,21,1.0476190476190477,0.048795003647426664,581,Thank you Lord. I just thought of another use for these tablets.
3582,0,1,20,21,1.0476190476190477,0.048795003647426664,581,I command thee to wear discounted cashmere.
3582,0,1,20,21,1.0476190476190477,0.048795003647426664,581,Here. Something tells me you're in for a chilly reception.
3582,0,1,20,21,1.0476190476190477,0.048795003647426664,581,You shall not covet thy neighbor's sweater no more!!!
3582,0,1,20,21,1.0476190476190477,0.048795003647426664,581,"Wow, God. Cute sweater. You knit that?"
3582,0,1,20,21,1.0476190476190477,0.048795003647426664,581,And while we're at it...
3582,0,1,20,21,1.0476190476190477,0.048795003647426664,581,"No, it's not another Commandment, but it's cold and you should wear a coat, Moses."
3582,0,1,20,21,1.0476190476190477,0.048795003647426664,581,"It may come in handy, depending on which direction you wander."
3582,0,1,20,21,1.0476190476190477,0.048795003647426664,581,"It's not from Jesus, it's from Yeezus."
3582,0,1,20,21,1.0476190476190477,0.048795003647426664,581,"'No sitting on my throne,' he says? Ha!"
3582,0,1,20,21,1.0476190476190477,0.048795003647426664,581,In case you-know-where freezes over . . . .
3582,0,1,20,21,1.0476190476190477,0.048795003647426664,581,Listen to Bubbe! Put on a sweater when you go to the mountain top. You'll catch your death!
3582,0,1,20,21,1.0476190476190477,0.048795003647426664,581,"Moses, put this on, it's going to be cold on the mountain. You're going to be here awhile those commandments are going to be a hard sell."
3582,0,1,20,21,1.0476190476190477,0.048795003647426664,581,"Moses, it's freezing up here! Does your mother know you're out this late alone? Call her. She's worried about you. And take this."
3582,0,1,20,21,1.0476190476190477,0.048795003647426664,581,"Put this on, I need something cute for my Instagram."
3582,0,1,20,21,1.0476190476190477,0.048795003647426664,581,This is not global warming headed your way .
3582,0,1,20,21,1.0476190476190477,0.048795003647426664,581,You call that a sweater?
3582,0,1,20,21,1.0476190476190477,0.048795003647426664,581,Your chattering teeth are driving me nuts!
3582,0,1,20,21,1.0476190476190477,0.048795003647426664,581,"You wanted Rules for the 'Hood-not a Hoodie, right? Then don't complain."
3582,0,1,20,21,1.0476190476190477,0.048795003647426664,581,"For the cold, dead hands."
3582,0,1,20,21,1.0476190476190477,0.048795003647426664,581,Might feel chilly at times with complete adherence
3582,0,1,20,21,1.0476190476190477,0.048795003647426664,581,A little insurance and it's fireproof as well.
3582,0,1,20,21,1.0476190476190477,0.048795003647426664,581,"If it fits, wear it."
3582,0,1,20,21,1.0476190476190477,0.048795003647426664,581,I'd rather have shoes.
3582,0,1,20,21,1.0476190476190477,0.048795003647426664,581,"No, really God, I think there needs to be an 11th commandment about re-gifting."
3582,0,1,20,21,1.0476190476190477,0.048795003647426664,581,Put this on. Hell is getting ready to freeze over.
3582,0,1,20,21,1.0476190476190477,0.048795003647426664,581,"Number 11- 'A sweater is something you wear when your mother is cold'. Now, put it on!"
3582,0,1,20,21,1.0476190476190477,0.048795003647426664,581,"Larry forgot to add, ""Stay Bundled Up. It's Chilly Outside."""
3582,0,1,20,21,1.0476190476190477,0.048795003647426664,581,What? You didn't think I had any down time for you?
3582,0,1,20,21,1.0476190476190477,0.048795003647426664,581,You might get a chilly reception down there.
3582,0,1,20,21,1.0476190476190477,0.048795003647426664,581,"Here's a hoodie for your efforts. I've monogrammed it ""Moses X."""
3582,0,1,20,21,1.0476190476190477,0.048795003647426664,581,"In case you violate the 7th, this would look good on your wife."
3582,0,1,20,21,1.0476190476190477,0.048795003647426664,581,"Thanks, but I was just going to walk back down."
3582,0,1,20,21,1.0476190476190477,0.048795003647426664,581,Let's give those a second coat.
3582,0,1,20,21,1.0476190476190477,0.048795003647426664,581,"Let's look our best for this important occasion, Moses."
3582,0,1,20,21,1.0476190476190477,0.048795003647426664,581,Thou shalt not get the sniffles.
3582,0,1,20,21,1.0476190476190477,0.048795003647426664,581,"Thanks,. Mom"
3582,0,1,20,21,1.0476190476190477,0.048795003647426664,581,Amazon's first delivery of Eddie Bauer jacket .
3582,0,1,20,21,1.0476190476190477,0.048795003647426664,581,You dropped this. Now don't drop those.
3582,0,1,20,21,1.0476190476190477,0.048795003647426664,581,"The professorial look will work, trust me."
3582,0,1,20,21,1.0476190476190477,0.048795003647426664,581,I am the Lord your God. It gets cold in the desert at night.
3582,0,1,20,21,1.0476190476190477,0.048795003647426664,581,Wearing sandals and robes in the mountains breaks every fashion commandment!
3582,0,1,20,21,1.0476190476190477,0.048795003647426664,581,Lead thy people from Etsy.
3582,0,1,20,21,1.0476190476190477,0.048795003647426664,581,"Yes, the tablets will make you feel better - eventually. In the meantime, listen to your mother and put on a sweater."
3582,0,1,20,21,1.0476190476190477,0.048795003647426664,581,Thou shall not covet designer clothing.
3582,0,1,20,21,1.0476190476190477,0.048795003647426664,581,"No I said, tablet, not top coat!"
3582,0,1,20,21,1.0476190476190477,0.048795003647426664,581,Need to hand you a sweater as well as the 10 commandments.
3582,0,1,20,21,1.0476190476190477,0.048795003647426664,581,I also knitted this sweater for Sephora.
3582,0,1,20,21,1.0476190476190477,0.048795003647426664,581,The tablets were not intended to be warm
3582,0,1,20,21,1.0476190476190477,0.048795003647426664,581,They can't read. Have them start knitting this prototype for the post desert time.
3582,0,1,20,21,1.0476190476190477,0.048795003647426664,581,"But Lord God, I thought you said one of these was ""Thou shall not steal""?"
3582,0,1,20,21,1.0476190476190477,0.048795003647426664,581,My hands are full.
3582,0,1,20,21,1.0476190476190477,0.048795003647426664,581,"Oh, and don't forget. Winter is coming."
3582,0,1,20,21,1.0476190476190477,0.048795003647426664,581,'Thou shall not covet' does not mean you shouldn't want to cover up.
3582,0,1,20,21,1.0476190476190477,0.048795003647426664,581,God forbid you should catch a cold.
3582,0,1,20,21,1.0476190476190477,0.048795003647426664,581,"Believe me, you'll look much younger and be more believable with this fine hand woven wool turtleneck sweater."
3582,0,1,20,21,1.0476190476190477,0.048795003647426664,581,So you shouldn't catch cold.
3582,0,1,20,21,1.0476190476190477,0.048795003647426664,581,It's cold up here
3582,0,1,20,21,1.0476190476190477,0.048795003647426664,581,"Salvation,one size fits all"
3582,0,1,20,21,1.0476190476190477,0.048795003647426664,581,Want a little?
3582,0,1,20,21,1.0476190476190477,0.048795003647426664,581,"And the Mom said, ""Put a sweater on, I'm cold."""
3582,0,1,20,21,1.0476190476190477,0.048795003647426664,581,"Here, have a free sweater"
3582,0,1,20,21,1.0476190476190477,0.048795003647426664,581,"First, obey your mother and put on a coat when you climb a mountain!"
3582,0,1,20,21,1.0476190476190477,0.048795003647426664,581,"THOU SHALT NOT BE CHILLY. More of a suggestion, actually."
3582,0,1,20,21,1.0476190476190477,0.048795003647426664,581,I'll trade you my morality for some bitchin' clothes.
3582,0,1,20,21,1.0476190476190477,0.048795003647426664,581,"Yes, there is a Nana."
3582,0,1,20,21,1.0476190476190477,0.048795003647426664,581,Thanks for hosting the clothing swap this month. Here's an old sweater that shrunk in the wash.
3582,0,1,20,21,1.0476190476190477,0.048795003647426664,581,And wear your sweater. It gets cold in the desert.
3582,0,1,20,21,1.0476190476190477,0.048795003647426664,581,"After all this sand, we relish stepping on green land"
3582,0,1,20,21,1.0476190476190477,0.048795003647426664,581,Trumped!!!!!!
3582,0,1,20,21,1.0476190476190477,0.048795003647426664,581,I'm not exchanging it again. You keep kvetching you're cold and this is warm.
3582,0,1,20,21,1.0476190476190477,0.048795003647426664,581,"Take two tablets, stay warm and thou shall not chill."
3582,0,1,20,21,1.0476190476190477,0.048795003647426664,581,"Yes, you have to wear it, it's one of my commandments."
3582,0,1,20,21,1.0476190476190477,0.048795003647426664,581,"I'm your Mother, and you will wear your sweater up on the mountain, Moses! And can you please make sure those idiots building a golden calf below stop calling me Father. It really gets old."
3582,0,1,20,21,1.0476190476190477,0.048795003647426664,581,"And on the seventh day, God said ""let there be cashmere Hermes sweaters!""."
3582,0,1,20,21,1.0476190476190477,0.048795003647426664,581,"Put this on, and take those two tablets and come see me in the morning."
3582,0,1,20,21,1.0476190476190477,0.048795003647426664,581,"Oops, wrong tablets."
3582,0,1,20,21,1.0476190476190477,0.048795003647426664,581,Put this damn jacket on you bastard!
3582,0,1,20,21,1.0476190476190477,0.048795003647426664,581,"No, Ikea. When you hit the desert you can turn it in for shorts and a tank top."
3582,0,1,20,21,1.0476190476190477,0.048795003647426664,581,I'm not giving these up for a lousy sweater.
3582,0,1,20,21,1.0476190476190477,0.048795003647426664,581,When you're all hands there's not much else to do
3582,0,1,20,21,1.0476190476190477,0.048795003647426664,581,Let there be style.
3582,0,1,20,21,1.0476190476190477,0.048795003647426664,581,"It's gonna be a looooong, cold winter, my little friend."
3582,0,1,20,21,1.0476190476190477,0.048795003647426664,581,The missus has just taken up knitting.
3582,0,1,20,21,1.0476190476190477,0.048795003647426664,581,I have the bush...
3582,0,1,20,21,1.0476190476190477,0.048795003647426664,581,The burning bush fires up global warming.
3582,0,1,20,21,1.0476190476190477,0.048795003647426664,581,"Oh God! Humans are turning cold towards each other, what should be done?"
3582,0,1,20,21,1.0476190476190477,0.048795003647426664,581,"""Read the fine print on the back about global warming, Mashugana""!"
3582,0,1,20,21,1.0476190476190477,0.048795003647426664,581,Got it on Amazon.
3582,0,1,20,21,1.0476190476190477,0.048795003647426664,581,The first commandment-turn down the heat and put on a sweater
3582,0,1,20,21,1.0476190476190477,0.048795003647426664,581,I see you have the upper hand and her pants.
3582,0,1,20,21,1.0476190476190477,0.048795003647426664,581,Moses could you please donate those books to a Library and deliver this sweater to my homeless shelter?
3582,0,1,20,21,1.0476190476190477,0.048795003647426664,581,... and I also brought back a little something from Thebes for you!
3582,0,1,20,21,1.0476190476190477,0.048795003647426664,581,Her eleventh commandment.
3582,0,1,20,21,1.0476190476190477,0.048795003647426664,581,Thou shalt look cuuuuuute
3582,0,1,20,21,1.0476190476190477,0.048795003647426664,581,The hell with that. All I want are the tablets.
3582,0,1,20,21,1.0476190476190477,0.048795003647426664,581,"Take the sweater, Moses. Your reception is gonna' be frosty!"
3582,0,1,20,21,1.0476190476190477,0.048795003647426664,581,You'll thank me when you're not dead from the cold.
3582,0,1,20,21,1.0476190476190477,0.048795003647426664,581,"Thou shalt always carry a sweater - ""just in case""."
3582,0,1,20,21,1.0476190476190477,0.048795003647426664,581,Thou shalt wear layers on the mountaintop.
3582,0,1,20,21,1.0476190476190477,0.048795003647426664,581,This is the 11th commandment. Wear this next winter.
3582,0,1,20,21,1.0476190476190477,0.048795003647426664,581,Follow 8 out of 10 and ye shall receive a 25% discount at our Deus ex Machina winter sale!
3582,0,1,20,21,1.0476190476190477,0.048795003647426664,581,"""Wear this in remembrance of me"" -St. Trayvon"
3582,0,1,20,21,1.0476190476190477,0.048795003647426664,581,Burning bush? How about burn that Kush?
3582,0,1,20,21,1.0476190476190477,0.048795003647426664,581,"One word, ""yarn."""
3582,0,1,20,21,1.0476190476190477,0.048795003647426664,581,I always wondered how they decide on hem lengths each year.
3582,0,1,20,21,1.0476190476190477,0.048795003647426664,581,"Go tell it on a mountain, winter is coming."
3582,0,1,20,21,1.0476190476190477,0.048795003647426664,581,"You could have done this from anywhere, you know."
3582,0,1,20,21,1.0476190476190477,0.048795003647426664,581,"Keep taking the tablets, Moses, but you need to keep warm, too."
3582,0,1,20,21,1.0476190476190477,0.048795003647426664,581,"Thou Shall Not ""Where's Waldo"""
3582,0,1,20,21,1.0476190476190477,0.048795003647426664,581,"No, this is not from Job's wardrobe."
3582,0,1,20,21,1.0476190476190477,0.048795003647426664,581,A free coat when you take ten commandments? Sure!
3582,0,1,20,21,1.0476190476190477,0.048795003647426664,581,And the 11th commandment: always wear your woollies.
3582,0,1,20,21,1.0476190476190477,0.048795003647426664,581,"Here you go, Moses you're on your own."
3582,0,1,20,21,1.0476190476190477,0.048795003647426664,581,Don't worry! His Majesty is working from home today.
3582,0,1,20,21,1.0476190476190477,0.048795003647426664,581,Thou shalt not be chilly at the movies.
3582,0,1,20,21,1.0476190476190477,0.048795003647426664,581,"...and the Eleventh Commandment shalt be ""Thou shalt always wear a sweater if thy mother is chilly."
3582,0,1,20,21,1.0476190476190477,0.048795003647426664,581,"And your mother says the desert can get cold, so she picked this up for you."
3582,0,1,20,21,1.0476190476190477,0.048795003647426664,581,11. Thou shalt not wear cowls.
3582,0,1,20,21,1.0476190476190477,0.048795003647426664,581,Just wait 'til you see the new tablets!
3582,0,1,20,21,1.0476190476190477,0.048795003647426664,581,Your mother thought you should take this with you in case it gets cold.
3582,0,1,20,21,1.0476190476190477,0.048795003647426664,581,That's not the coat of arms I had in mind.
3582,0,1,20,21,1.0476190476190477,0.048795003647426664,581,And one more thing: You'll catch your death of cold if you go outside without a sweater.
3582,0,1,20,21,1.0476190476190477,0.048795003647426664,581,Can I have a wetsuit instead?
3582,0,1,20,21,1.0476190476190477,0.048795003647426664,581,"From this day forward,you shall be known as Eskimoses."
3582,0,1,20,21,1.0476190476190477,0.048795003647426664,581,The addition of the 11th commandment. Thou shalt wear flannel.
3582,0,1,20,21,1.0476190476190477,0.048795003647426664,581,Though shalt accept all offered hand downs
3582,0,1,20,21,1.0476190476190477,0.048795003647426664,581,"Lord, make me an instrument of your fleece."
3582,0,1,20,21,1.0476190476190477,0.048795003647426664,581,"Ok, but I'm not carrying anything else."
3582,0,1,20,21,1.0476190476190477,0.048795003647426664,581,Thou shall not have dignity
3582,0,1,20,21,1.0476190476190477,0.048795003647426664,581,"Keep writing, Mozes, I wasn't done yet."
3582,0,1,20,21,1.0476190476190477,0.048795003647426664,581,Better take it. I wont be back for a while.
3582,0,1,20,21,1.0476190476190477,0.048795003647426664,581,"Put this on, for Christ's sake."
3582,0,1,20,21,1.0476190476190477,0.048795003647426664,581,I'll put it on if you will hold my tablets.
3582,0,1,20,21,1.0476190476190477,0.048795003647426664,581,"Also, I knitted this for Sephora."
3582,0,1,20,21,1.0476190476190477,0.048795003647426664,581,Your I Pad is next.
3582,0,1,20,21,1.0476190476190477,0.048795003647426664,581,Easier to wear than tablets.
3582,0,1,20,21,1.0476190476190477,0.048795003647426664,581,Of course I know what day it is but could you just exchange this for an extra large?
3582,0,1,20,21,1.0476190476190477,0.048795003647426664,581,And get a haircut.
3582,0,1,20,21,1.0476190476190477,0.048795003647426664,581,"Correct, the eleventh Commandment has to do with on-line shopping and delivery."
3582,0,1,20,21,1.0476190476190477,0.048795003647426664,581,"No, I said I want a Joseph ABBOUD coat."
3582,0,1,20,21,1.0476190476190477,0.048795003647426664,581,O.M.G. It's going to be a cold day in...
3582,0,1,20,21,1.0476190476190477,0.048795003647426664,581,Just thought of an eleventh...'Don't go outside without a coat!'
3582,0,1,20,21,1.0476190476190477,0.048795003647426664,581,"Trust me, those tablets aren't going to keep you warm up here!"
3582,0,1,20,21,1.0476190476190477,0.048795003647426664,581,"How much? For you, wholesale!"
3582,0,1,20,21,1.0476190476190477,0.048795003647426664,581,Here. You'll catch your death of cold.
3582,0,1,20,21,1.0476190476190477,0.048795003647426664,581,"First, your mother wants you to put on a sweater."
3582,0,1,20,21,1.0476190476190477,0.048795003647426664,581,The Misses insists thou shalt wear a sweater
3582,0,1,20,21,1.0476190476190477,0.048795003647426664,581,"I guess I should've given this to you forty nights ago, but take it anyway."
3582,0,1,20,21,1.0476190476190477,0.048795003647426664,581,The wife wants you to have this.
3582,0,1,20,21,1.0476190476190477,0.048795003647426664,581,Put this on. You'll catch your death of cold up here.
3582,0,1,20,21,1.0476190476190477,0.048795003647426664,581,Thou shalt not return.
3582,0,1,20,21,1.0476190476190477,0.048795003647426664,581,Have.People will need this
3582,0,1,20,21,1.0476190476190477,0.048795003647426664,581,Thou shalt not judge my knitting skills.
3582,0,1,20,21,1.0476190476190477,0.048795003647426664,581,I heard you were going to free the Hebrew slaves. So I found a new place. It's called 'China'.
3582,0,1,20,21,1.0476190476190477,0.048795003647426664,581,Better add Climate Change to your sermon...
3582,0,1,20,21,1.0476190476190477,0.048795003647426664,581,Mary insisted that I give you this.
3582,0,1,20,21,1.0476190476190477,0.048795003647426664,581,"When I said, 'Meet me at the North Face,' I meant the store."
3582,0,1,20,21,1.0476190476190477,0.048795003647426664,581,Moses receives the first weather advisory from a hovering goddess.
3582,0,1,20,21,1.0476190476190477,0.048795003647426664,581,"It may be hot up here, but down there's a heck of a cold market."
3582,0,1,20,21,1.0476190476190477,0.048795003647426664,581,"And the 11th commandment is - On a chilly mountaintop, you wear a coat!"
3582,0,1,20,21,1.0476190476190477,0.048795003647426664,581,"Ugh, why did I put my shopping list on the back of these tablets?"
3582,0,1,20,21,1.0476190476190477,0.048795003647426664,581,Thou shalt not forsake the turtleneck.
3582,0,1,20,21,1.0476190476190477,0.048795003647426664,581,And the 11th commandment: Thou shall be dress like a hipster.
3582,0,1,20,21,1.0476190476190477,0.048795003647426664,581,This is going to take awhile.
3582,0,1,20,21,1.0476190476190477,0.048795003647426664,581,You'll need this your going to get a chill reception
3582,0,1,20,21,1.0476190476190477,0.048795003647426664,581,Are you telling me go north or start a garment industry?
3582,0,1,20,21,1.0476190476190477,0.048795003647426664,581,Thou shalt not find Waldo.
3582,0,1,20,21,1.0476190476190477,0.048795003647426664,581,"Thou shalt work on your personal branding, too."
3582,0,1,20,21,1.0476190476190477,0.048795003647426664,581,You look a little chilly down there.
3582,0,1,20,21,1.0476190476190477,0.048795003647426664,581,Don't tell me...lamb's wool.
3582,0,1,20,21,1.0476190476190477,0.048795003647426664,581,Thow shalt not worry your mother
3582,0,1,20,21,1.0476190476190477,0.048795003647426664,581,Many think it will be a cold day down there
3582,0,1,20,21,1.0476190476190477,0.048795003647426664,581,I'd kill for that sweater.
3582,0,1,20,21,1.0476190476190477,0.048795003647426664,581,Your mother insists....
3582,0,1,20,21,1.0476190476190477,0.048795003647426664,581,Your mother told me to give you this. The desert gets cold at night.
3582,0,1,20,21,1.0476190476190477,0.048795003647426664,581,The burning bush is on backorder.
3582,0,1,20,21,1.0476190476190477,0.048795003647426664,581,Number 11: Always wash sweaters in cold water.
3582,0,1,20,21,1.0476190476190477,0.048795003647426664,581,"You've got the two tablets, so wrap up warm, and call me in the morning"
3582,0,1,20,21,1.0476190476190477,0.048795003647426664,581,"Moses please just put on the sweater and go home, my father doesn't live here anymore."
3582,0,1,20,21,1.0476190476190477,0.048795003647426664,581,My mother knitted it for you.
3582,0,1,20,21,1.0476190476190477,0.048795003647426664,581,Don't sweat it!
3582,0,1,20,21,1.0476190476190477,0.048795003647426664,581,"God-""Superman needs this jacket and you need yours"""
3582,0,1,20,21,1.0476190476190477,0.048795003647426664,581,Bless you. Take to tablets and keep warm.
3582,0,1,20,21,1.0476190476190477,0.048795003647426664,581,"Even a big shot needs a sweater, Moses!"
3582,0,1,20,21,1.0476190476190477,0.048795003647426664,581,And one more: thou shalt keep warm on a cold mountaintop
3582,0,1,20,21,1.0476190476190477,0.048795003647426664,581,#11: Don't go outside on chillly days unless you are wearing this.
3582,0,1,20,21,1.0476190476190477,0.048795003647426664,581,Take it; no more burning bushes.
3582,0,1,20,21,1.0476190476190477,0.048795003647426664,581,Moses you forgot your favorite sweater. Who knows what Weather Dad will bring to that mountain. He's in a mood - oy!
3582,0,1,20,21,1.0476190476190477,0.048795003647426664,581,It is a hoodie and will give you some street cred.
3582,0,1,20,21,1.0476190476190477,0.048795003647426664,581,From receiving the 10 commandments to being God's Ken doll -- what a day!
3582,0,1,20,21,1.0476190476190477,0.048795003647426664,581,Thou shalt have no other clothings before me
3582,0,1,20,21,1.0476190476190477,0.048795003647426664,581,"Here, you'll need it after your break the first one."
3582,0,1,20,21,1.0476190476190477,0.048795003647426664,581,"No, I'm not going to tell you what Eskimos are!"
3582,0,1,20,21,1.0476190476190477,0.048795003647426664,581,"Oh, and if you order 10 more Commandments, you get this free sweater!"
3582,0,1,20,21,1.0476190476190477,0.048795003647426664,581,Moses...your mother said you can't be up on that mountain without your warmest sweater.
3582,0,1,20,21,1.0476190476190477,0.048795003647426664,581,"Yo, Moses, this may be more useful in the long run"
3582,0,1,20,21,1.0476190476190477,0.048795003647426664,581,Take two tablets & say goodbye to the cold.
3582,0,1,20,21,1.0476190476190477,0.048795003647426664,581,"Is the turtleneck warm and fuzzy because You will it, or do You will it because it is warm and fuzzy?"
3582,0,1,20,21,1.0476190476190477,0.048795003647426664,581,"I KNOW we're in the middle of a desert. If you don't want the damn thing, just SAY so!"
3582,0,1,20,21,1.0476190476190477,0.048795003647426664,581,"The Moving Finger writes. It also knits. And, having knit, this is it!"
3582,0,1,20,21,1.0476190476190477,0.048795003647426664,581,Whadda you think ? I knitted it myself
3582,0,1,20,21,1.0476190476190477,0.048795003647426664,581,Sweater weather is coming.
3582,0,1,20,21,1.0476190476190477,0.048795003647426664,581,"I thought you said ""You Shall Not Cover"""
3582,0,1,20,21,1.0476190476190477,0.048795003647426664,581,...and this you put in the ark of the cable knit.
3582,0,1,20,21,1.0476190476190477,0.048795003647426664,581,You're gonna need this. Hell's about to freeze over.
3582,0,1,20,21,1.0476190476190477,0.048795003647426664,581,"Finally the unwritten commandment, thous shalt not go outside when it is cold without a sweater."
3582,0,1,20,21,1.0476190476190477,0.048795003647426664,581,"""I expect your reception will be a cool one'"
3582,0,1,20,21,1.0476190476190477,0.048795003647426664,581,You must have misheard me. It wasn't a rain-coat I was praying for.
3582,0,1,20,21,1.0476190476190477,0.048795003647426664,581,For that day in Hell. You'll need it eventually.
3582,0,1,20,21,1.0476190476190477,0.048795003647426664,581,This sweater goes to the first person who can recite them in reverse order!
3582,0,1,20,21,1.0476190476190477,0.048795003647426664,581,And I used to think that drone delivery was impressive!
3582,0,1,20,21,1.0476190476190477,0.048795003647426664,581,Thou Shalt Not Go Out Without Thine Hoodie.
3582,0,1,20,21,1.0476190476190477,0.048795003647426664,581,Number 11. Thou shalt not have to wear Hand-Me-Downs.
3582,0,1,20,21,1.0476190476190477,0.048795003647426664,581,"In addition Moses, it's time for global cooling."
3582,0,1,20,21,1.0476190476190477,0.048795003647426664,581,Here. It's not my size.
3582,0,1,20,21,1.0476190476190477,0.048795003647426664,581,This is Ararat. You want Everest.
3582,0,1,20,21,1.0476190476190477,0.048795003647426664,581,"Your 11th commandment tablets ""Remember the Ugly Sweater Day"" are a hit."
3582,0,1,20,21,1.0476190476190477,0.048795003647426664,581,It's stone cold on that mountain. My bad...
3582,0,1,20,21,1.0476190476190477,0.048795003647426664,581,"Would you have anything in a long open-front cardigan, possibly angel hair?"
3582,0,1,20,21,1.0476190476190477,0.048795003647426664,581,Take. Heat.
3582,0,1,20,21,1.0476190476190477,0.048795003647426664,581,"As long as you're living in my universe, you'll wear what I tell you to."
3582,0,1,20,21,1.0476190476190477,0.048795003647426664,581,"Also, you'll be starting a new fashion trend"
3582,0,1,20,21,1.0476190476190477,0.048795003647426664,581,Now I want you to go see Santa and tell him whether you've been bad or good. You'll need this.
3582,0,1,20,21,1.0476190476190477,0.048795003647426664,581,"And last but not least, thou shalt covfefe."
3582,0,1,20,21,1.0476190476190477,0.048795003647426664,581,Slapjack no tradeback. Take the tablets and go.
3582,0,1,20,21,1.0476190476190477,0.048795003647426664,581,"Actually, socks would be better."
3582,0,1,20,21,1.0476190476190477,0.048795003647426664,581,Taking this. Thy neighbor's wife looks too good in it.
3582,0,1,20,21,1.0476190476190477,0.048795003647426664,581,Moroni Says you need to take ten of the tribes to the western continent.
3582,0,1,20,21,1.0476190476190477,0.048795003647426664,581,Thou shalt not shiver.
3582,0,1,20,21,1.0476190476190477,0.048795003647426664,581,Stick with the robe. You'll never sell the people looking like a college freshman.
3582,0,1,20,21,1.0476190476190477,0.048795003647426664,581,One more commandment: Always bring a sweater.
3582,0,1,20,21,1.0476190476190477,0.048795003647426664,581,"Because ""thou shall not spread the cold virus"" didn't make the top ten."
3582,0,1,20,21,1.0476190476190477,0.048795003647426664,581,"And this last one is more of a suggestion. Though aught to bring a sweater, because you might catch a chill."
3582,0,1,20,21,1.0476190476190477,0.048795003647426664,581,Change is eternal.
3582,0,1,20,21,1.0476190476190477,0.048795003647426664,581,And now for the good news...
3582,0,1,20,21,1.0476190476190477,0.048795003647426664,581,"Oh, and one more thing. You will catch a cold dressing like that up here."
3582,0,1,20,21,1.0476190476190477,0.048795003647426664,581,"Number 11. ""Thou shall not be cold"""
3582,0,1,20,21,1.0476190476190477,0.048795003647426664,581,I can smell a knock off from a mile away.
3582,0,1,20,21,1.0476190476190477,0.048795003647426664,581,You forgot one. Thou shalt not forget to put on your coat when it's cold outside. Write that in stone.
3582,0,1,20,21,1.0476190476190477,0.048795003647426664,581,Because you liked LL Bean
3582,0,1,20,21,1.0476190476190477,0.048795003647426664,581,"...and if dumb enough to wear sandals on a mount, put on a sweater!"
3582,0,1,20,21,1.0476190476190477,0.048795003647426664,581,No thanks. I'm a cardigan kind of guy.
3582,0,1,20,21,1.0476190476190477,0.048795003647426664,581,It's what all the prophets are wearing.
3582,0,1,20,21,1.0476190476190477,0.048795003647426664,581,"Moses, mein little kinderla, those tablets are cold; vear your sweata like a good boy."
3582,0,1,20,21,1.0476190476190477,0.048795003647426664,581,You're gonna need this!
3582,0,1,20,21,1.0476190476190477,0.048795003647426664,581,Put on your sweater before you catch cold!
3582,0,1,20,21,1.0476190476190477,0.048795003647426664,581,"""and you'll get a cold reception from a fat guy with orange hair""."
3582,0,1,20,21,1.0476190476190477,0.048795003647426664,581,"Isn't the one about ""horizontal lines make a person look fat"" more of a rule of thumb?"
3582,0,1,20,21,1.0476190476190477,0.048795003647426664,581,"OMG, we can't rewrite the bible now!"
3582,0,1,20,21,1.0476190476190477,0.048795003647426664,581,"Oh yeah, those tablets might be a little cold."
3582,0,1,20,21,1.0476190476190477,0.048795003647426664,581,"Who do you think, you are, my Mom?"
3582,0,1,20,21,1.0476190476190477,0.048795003647426664,581,"As long as you're not bearing false witness, you'll be needing nice warm sweaters."
3582,0,1,20,21,1.0476190476190477,0.048795003647426664,581,This is for when it it's not Sinai's.
3582,0,1,20,21,1.0476190476190477,0.048795003647426664,581,"Yeah, well, maybe thou shouldn't ""borrow"" my poly-wool blend cable-knit next time you make me climb a freezing fucking mountain, hmmmm?"
3582,0,1,20,21,1.0476190476190477,0.048795003647426664,581,"Moses, ya gotta trust me on this. I'm not tryin' to pull the wool over your eyes."
3582,0,1,20,21,1.0476190476190477,0.048795003647426664,581,Low tech solar eclipse a la Keloggs
3582,0,1,20,21,1.0476190476190477,0.048795003647426664,581,Gotta love Amazon's new delivery service. Glad I upgraded from Prime to Divine.
3582,0,1,20,21,1.0476190476190477,0.048795003647426664,581,These Commandments are sponsored by Lands' End
3582,0,1,20,21,1.0476190476190477,0.048795003647426664,581,Your going to need a disguise after you make those public!
3582,0,1,20,21,1.0476190476190477,0.048795003647426664,581,"""L.L. Bean has a pretty sweet return policy if you don't like it."" - God"
4498,0,1,21,22,1.0454545454545454,0.046524210519923545,581,Think long and hard about this. Do you want to return with The Commandments or a warm parka?
4498,0,1,21,22,1.0454545454545454,0.046524210519923545,581,Got it...number eleven...thou shall not wear suede
4498,0,1,21,22,1.0454545454545454,0.046524210519923545,581,...the LORD was not in the wind...but Moses was.
4498,0,1,21,22,1.0454545454545454,0.046524210519923545,581,"You'll need an extra protection layer, trying to convince them to follow those guidelines..."
4498,0,1,21,22,1.0454545454545454,0.046524210519923545,581,"Take this padded tunic. When they here about the No Adultery one, you'll need it."
4498,0,1,21,22,1.0454545454545454,0.046524210519923545,581,"Moses, I made you this sweater. Wow, thanks god, its reaaaaally cold in the holy land. It is dick, I guess I'll have to keep you warm some other way. (Moses on his death bed after wandering in the desert for 40 years) God, damn it."
4498,0,1,21,22,1.0454545454545454,0.046524210519923545,581,Thou shalt not winter in Canaan.
4498,0,1,21,22,1.0454545454545454,0.046524210519923545,581,It would honor me if you wore this.
4498,0,1,21,22,1.0454545454545454,0.046524210519923545,581,Amazon B.C.
4498,0,1,21,22,1.0454545454545454,0.046524210519923545,581,Thank God for Amazon Prime!
4498,0,1,21,22,1.0454545454545454,0.046524210519923545,581,If you a
4498,0,1,21,22,1.0454545454545454,0.046524210519923545,581,"And take this too Moses, it gets cold going down the mountain at night"
4498,0,1,21,22,1.0454545454545454,0.046524210519923545,581,expedited delivery
4498,0,1,21,22,1.0454545454545454,0.046524210519923545,581,Y'all weren't meant to be born so naked.
4498,0,1,21,22,1.0454545454545454,0.046524210519923545,581,"Can we leave out commandment #11, 'Thou shalt gift ugly sweaters on holy days in the name of thy Lord'?"
4498,0,1,21,22,1.0454545454545454,0.046524210519923545,581,"Here, take a sweater."
4498,0,1,21,22,1.0454545454545454,0.046524210519923545,581,a turtleneck in the desert?
4498,0,1,21,22,1.0454545454545454,0.046524210519923545,581,...and don't go swimming for a half an hour after you eat.
4498,0,1,21,22,1.0454545454545454,0.046524210519923545,581,And thou shalt not go outside with wet hair.
4498,0,1,21,22,1.0454545454545454,0.046524210519923545,581,You'll need this in case they get broken and you're on surveillance cameras.
4498,0,1,21,22,1.0454545454545454,0.046524210519923545,581,And this is for those chilly nights in the desert.
4498,0,1,21,22,1.0454545454545454,0.046524210519923545,581,And thus began the love of cashmere with the Chosen People
4498,0,1,21,22,1.0454545454545454,0.046524210519923545,581,"Take two tablets, dress warmly and call me in the morning."
4498,0,1,21,22,1.0454545454545454,0.046524210519923545,581,More good news. The Tablets come with free shipping on the jacket.
4498,0,1,21,22,1.0454545454545454,0.046524210519923545,581,Thou shall not catch cold. And why don't you ever call?
4498,0,1,21,22,1.0454545454545454,0.046524210519923545,581,"The mystery is solved, God is a Jew"
4498,0,1,21,22,1.0454545454545454,0.046524210519923545,581,"This is Mt. Sanai, not Kilamanjaro!"
4498,0,1,21,22,1.0454545454545454,0.046524210519923545,581,Thall lose some weight
4498,0,1,21,22,1.0454545454545454,0.046524210519923545,581,"So, you're telling me I have to wait another week for the ""drop""?"
4498,0,1,21,22,1.0454545454545454,0.046524210519923545,581,"Excuse me, sir, but isn't ""Honor Thy Turtleneck"" going a bit far?"
4498,0,1,21,22,1.0454545454545454,0.046524210519923545,581,You also want me to wear a hoodie?
4529,0,1,22,23,1.0434782608695652,0.044455422447438706,581,I've spent years devising a modern tablet and all you can give me is a hoodie!
4530,0,0,17,17,1.0,0.06063390625908324,581,The sweater of many colors will make your task easier and more comfortable
4530,0,0,17,17,1.0,0.06063390625908324,581,The flood didn't work so I'm going to try to freeze out evil.
4530,0,0,17,17,1.0,0.06063390625908324,581,And here is your hair shirt
4530,0,0,17,17,1.0,0.06063390625908324,581,100% Chasmere wool and on sale now.
4530,0,0,17,17,1.0,0.06063390625908324,581,"I'm cold, take this."
4530,0,0,17,17,1.0,0.06063390625908324,581,"If you don't catch a cold, you won't need tablets."
4530,0,0,17,17,1.0,0.06063390625908324,581,"No, a little something to keep you warm"
4530,0,0,17,17,1.0,0.06063390625908324,581,"You're not going to sugarcoat it, are you?"
4530,0,0,17,17,1.0,0.06063390625908324,581,And deliver this unto Tim Tayshun.
4530,0,0,17,17,1.0,0.06063390625908324,581,... will this help me through hurricane Harvey...
4530,0,0,17,17,1.0,0.06063390625908324,581,"OMG, thanks for the hand-made sweater."
4530,0,0,17,17,1.0,0.06063390625908324,581,"Thee got it wrong, it's Global Cooling."
4530,0,0,17,17,1.0,0.06063390625908324,581,Life is so rad.
4530,0,0,17,17,1.0,0.06063390625908324,581,Hang onto this; they might obey these when Hell freezes over.
4530,0,0,17,17,1.0,0.06063390625908324,581,Sorry. No polyester blends.
4530,0,0,17,17,1.0,0.06063390625908324,581,Just in case they get a chilly reception. . .
4530,0,0,17,17,1.0,0.06063390625908324,581,And don't wear sunglasses either
4530,0,0,17,17,1.0,0.06063390625908324,581,"Miriam already told me, ""thou shalt not leave the hut without a sweater!"""
4530,0,0,17,17,1.0,0.06063390625908324,581,Thou shalt not have climate change
4530,0,0,18,18,1.0,0.05716619504750295,581,"Let cashmere be ""The"" eternal sign of my reparation for Jewish mothers."
4530,0,0,17,17,1.0,0.06063390625908324,581,Thou shalt not wear hoodies? I don't think I can fit that in.
4530,0,0,17,17,1.0,0.06063390625908324,581,"Sorry, Moses, you screwed up. You won't need this sweater where you're going."
4530,0,0,17,17,1.0,0.06063390625908324,581,My wife wanted you to have this.
4530,0,0,17,17,1.0,0.06063390625908324,581,Regifted for you.
4530,0,0,17,17,1.0,0.06063390625908324,581,To illustrate: thou shalt not covet my cool cowlneck.
4530,0,0,17,17,1.0,0.06063390625908324,581,. . . and remind Taylor that one size does not always fit all!
4530,0,0,17,17,1.0,0.06063390625908324,581,"And eleventh, thou shall not wear white robes after Labor Day."
4530,0,0,17,17,1.0,0.06063390625908324,581,Surprise! The promised land is called Alaska.
4530,0,0,17,17,1.0,0.06063390625908324,581,Checkmate. Now get lost.
4530,0,0,17,17,1.0,0.06063390625908324,581,This seals it: God is a woman.
4530,0,0,17,17,1.0,0.06063390625908324,581,Just in case the burning bush is not warm enough tonight.
4530,0,0,17,17,1.0,0.06063390625908324,581,Trust me. I didn't covet my neighbors sweater.
4530,0,0,17,17,1.0,0.06063390625908324,581,I hope that's kosher.
4530,0,0,17,17,1.0,0.06063390625908324,581,"Taking those two tablets will NOT help you get well, but wearing MY hoodie shirt WILL prevent pneumonia."
4530,0,0,17,17,1.0,0.06063390625908324,581,Though shall not catch a cold
4530,0,0,17,17,1.0,0.06063390625908324,581,Oh My! Now I understand the power of the handloom
4530,0,0,17,17,1.0,0.06063390625908324,581,"And I thought the ""Holey Moses"" thing was just spelled wrong."
4530,0,0,18,18,1.0,0.05716619504750295,581,I've got to hand it to you.
4530,0,0,17,17,1.0,0.06063390625908324,581,You forgot the 11th: Thou Shalt Not neglect putting on a sweater when your mother is cold!
4530,0,0,17,17,1.0,0.06063390625908324,581,So it's not a burning bush. It's warm.
4530,0,0,17,17,1.0,0.06063390625908324,581,"Damn, ""I am so sick of hand me downs!"
4530,0,0,17,17,1.0,0.06063390625908324,581,This is my sign to you.
4530,0,0,17,17,1.0,0.06063390625908324,581,"It's going to be a long night, turns out 10 is not enough"
4530,0,0,17,17,1.0,0.06063390625908324,581,Thou shalt not leave the house without a warm sweater.
4530,0,0,17,17,1.0,0.06063390625908324,581,I shouldn't have put it in the dryer.
4530,0,0,17,17,1.0,0.06063390625908324,581,And remember to wear a sweater when you go out
4530,0,0,17,17,1.0,0.06063390625908324,581,"Please, you should put on a sweater. It can get cold on Mount Sinai."
4530,0,0,17,17,1.0,0.06063390625908324,581,You're asking me how you did??? Put it this way - your next assignment is in Siberia.
4530,0,0,17,17,1.0,0.06063390625908324,581,"Here, your mother said it's cold, put it on."
4530,0,0,17,17,1.0,0.06063390625908324,581,"Feel the material, it's all cashmere."
4530,0,0,18,18,1.0,0.05716619504750295,581,"Thanks, it did take a while to get the list down to ten. Number eleven didn't make it, but it had to do with holiday sweaters."
4530,0,0,17,17,1.0,0.06063390625908324,581,I hear there is a chill out there.
4530,0,0,17,17,1.0,0.06063390625908324,581,Here's something to go with your other back to school items.
4530,0,0,17,17,1.0,0.06063390625908324,581,In case you get the cold shoulder.
4530,0,0,17,17,1.0,0.06063390625908324,581,I'm cold. Put this on.
4530,0,0,17,17,1.0,0.06063390625908324,581,"Moses, if I've told you once, I've told you M times, wear your hoodie when you go to Sinai."
4530,0,0,17,17,1.0,0.06063390625908324,581,"I'm your mother, not your father, and you need to be warm before we talk."
4530,0,0,17,17,1.0,0.06063390625908324,581,And here's a sweater for the cold nights ahead.
4530,0,0,17,17,1.0,0.06063390625908324,581,Thank you for your service!
4530,0,0,17,17,1.0,0.06063390625908324,581,You're gonna need body armor
4530,0,0,17,17,1.0,0.06063390625908324,581,And how will we handle 'when pigs fly'?
4530,0,0,17,17,1.0,0.06063390625908324,581,Commandment 11: Thou shall wear stripes on Tuesdays
4530,0,0,17,17,1.0,0.06063390625908324,581,Thou shalt stay warm.
4530,0,0,17,17,1.0,0.06063390625908324,581,I exchanged it at Amazon for a large. Is this still free delivery?
4530,0,0,17,17,1.0,0.06063390625908324,581,"I should know, the eighth commandment doesn't apply to the lost and found, just put it on."
4530,0,0,16,16,1.0,0.06454972243679027,581,"Good day, sir. Here is the turtle neck from the 2-hour delivery order that you made on one of those two gigantic iSapienPhones--brought to you fresh and straight from the Maker."
4530,0,0,17,17,1.0,0.06063390625908324,581,Here's a footnote.
4530,0,0,17,17,1.0,0.06063390625908324,581,"Moses regretted using the term ""I'll go balls out for the commandments"" and quickly apologized."
4530,0,0,17,17,1.0,0.06063390625908324,581,"No, no, no I *do* really like it, I just think it might be more Joseph's style."
4530,0,0,17,17,1.0,0.06063390625908324,581,Lord I want to thank you for offering me a Land's End jacket!
4530,0,0,17,17,1.0,0.06063390625908324,581,"Son, you forgot your lucky sweater for your big presentation today!"
4530,0,0,17,17,1.0,0.06063390625908324,581,So brilliant on its own. PLEASE don't put a caption on it!!!
4530,0,0,17,17,1.0,0.06063390625908324,581,"Of course it's a hair shirt, 100% wool and without a seam."
4530,0,0,17,17,1.0,0.06063390625908324,581,"By the hand of God, you will not catch a cold."
4530,0,0,17,17,1.0,0.06063390625908324,581,I said I had cold feet ...
4530,0,0,17,17,1.0,0.06063390625908324,581,Do you covet this?
4530,0,0,18,18,1.0,0.05716619504750295,581,You shall not covet your neighbor's parka
4530,0,0,17,17,1.0,0.06063390625908324,581,"Oh, one more thing: Thou shalt layer."
4530,0,0,17,17,1.0,0.06063390625908324,581,"Here's your first commandment, Moses: thou shalt tweet #God whenever you wear this."
4530,0,0,17,17,1.0,0.06063390625908324,581,"No more burning bushes, due to climate concerns, so wear this."
4530,0,0,17,17,1.0,0.06063390625908324,581,"Wow, now I'm really impressed."
4530,0,0,17,17,1.0,0.06063390625908324,581,Is that a commandment or a suggestion?
4530,0,0,17,17,1.0,0.06063390625908324,581,Isn't it great?! Don't you just love it?! And it was on sale too!
4530,0,0,18,18,1.0,0.05716619504750295,581,Eve made it for Adam.
4530,0,0,17,17,1.0,0.06063390625908324,581,Put this on. If it gets too cold your mother has made chicken soup.
4530,0,0,17,17,1.0,0.06063390625908324,581,"Oh, ""oath!"" I thought you said ""coat."""
4530,0,0,17,17,1.0,0.06063390625908324,581,Unearthed ancient scroll reveals that even God couldn't prevent hoodies from shrinking in the wash.
4530,0,0,17,17,1.0,0.06063390625908324,581,Thou shalt not monkey with the thermostat!
4530,0,0,17,17,1.0,0.06063390625908324,581,"And finally, thou shall stop kvetching about the cold..."
4530,0,0,17,17,1.0,0.06063390625908324,581,Don't forget my eye glasses.
4530,0,0,17,17,1.0,0.06063390625908324,581,I'm cold. You should wear this.
4530,0,0,17,17,1.0,0.06063390625908324,581,"Don't forget, we need tips for the spring line too."
4530,0,0,17,17,1.0,0.06063390625908324,581,"And the she sayeth,""Take this in case it gets cold outside."""
4530,0,0,17,17,1.0,0.06063390625908324,581,"And, you need to call your mother more often, ya know, just let her know you're alright. She worries."
4530,0,0,18,18,1.0,0.05716619504750295,581,Here take this! Your reception will be cold.
4530,0,0,17,17,1.0,0.06063390625908324,581,No burning bush this time; you'll catch a chill
4530,0,0,17,17,1.0,0.06063390625908324,581,Is that Land's End or L.L.Bean?? I can't tell and they'll want to know!
4530,0,0,17,17,1.0,0.06063390625908324,581,"Moses, are you deaf? I said bring a two-tone jacket, not two stone tablets. It's cold up here!"
4530,0,0,17,17,1.0,0.06063390625908324,581,"At the end of the game, the king and the pawn are put away in the same box."
4530,0,0,17,17,1.0,0.06063390625908324,581,A hard rain is going to fall.
4530,0,0,17,17,1.0,0.06063390625908324,581,"Oh yeah, I forgot ""Thou Shalt Not Wear Horizontal Stripes"""
4530,0,0,17,17,1.0,0.06063390625908324,581,"""Thou Shalt Chill Out!"" You'll need this."
4530,0,0,17,17,1.0,0.06063390625908324,581,"I can give you a full refund on the sweater, but I'm sorry, I don't accept returns on my buy-one-get-one-free merchandise."
4530,0,0,17,17,1.0,0.06063390625908324,581,Benetton?What about the benison?
4530,0,0,17,17,1.0,0.06063390625908324,581,.....and here's a little something for the missus.
4530,0,0,17,17,1.0,0.06063390625908324,581,Learn to ski
4530,0,0,17,17,1.0,0.06063390625908324,581,"Sorry Moses, I have no more burning bushes."
4530,0,0,17,17,1.0,0.06063390625908324,581,You'll need a disguise after this stunt.
4530,0,0,17,17,1.0,0.06063390625908324,581,Is the third a warm & fuzzy one?
4530,0,0,17,17,1.0,0.06063390625908324,581,Don't forget your hoodie. You're going to need it.
4530,0,0,17,17,1.0,0.06063390625908324,581,Buying a heavily discounted item is not stealing.
4530,0,0,17,17,1.0,0.06063390625908324,581,.. and 11. Thou shalt not borrow my turtleneck.
4530,0,0,17,17,1.0,0.06063390625908324,581,Thou shalt not wear hoodies.
4530,0,0,17,17,1.0,0.06063390625908324,581,The 11th Commandment is 'Listen to thy mother.'
4530,0,0,17,17,1.0,0.06063390625908324,581,Thou shalt not wear a dress!
4530,0,0,17,17,1.0,0.06063390625908324,581,"The 11th Commandment: Thou shalt not forget thy hoodie here, there and everywhere."
4530,0,0,17,17,1.0,0.06063390625908324,581,This will ensure you're remembered by posterity.
4530,0,0,17,17,1.0,0.06063390625908324,581,A hand-me-down from the future
4530,0,0,17,17,1.0,0.06063390625908324,581,"Jethro's wife made it, that's why I'm using a female like hand for delivery. It will often be cold, more so at night."
4530,0,0,17,17,1.0,0.06063390625908324,581,Bundle up.
4530,0,0,17,17,1.0,0.06063390625908324,581,Tell Trumps wife that it fits nicely.
4530,0,0,18,18,1.0,0.05716619504750295,581,Don't argue with me! Put this on. You'll catch your death of cold on the way down.
4530,0,0,17,17,1.0,0.06063390625908324,581,Thanks but I only do natural yarns.
4530,0,0,17,17,1.0,0.06063390625908324,581,Thou shalt not catch your death of cold!
4530,0,0,17,17,1.0,0.06063390625908324,581,"Commandment eleven, ""Thou shall not have cold words among thee people"""
4530,0,0,17,17,1.0,0.06063390625908324,581,What's behind door number 3?
4530,0,0,17,17,1.0,0.06063390625908324,581,"Yeeeees, it´s Kosher!"
4530,0,0,17,17,1.0,0.06063390625908324,581,You warmed the planet and won't need this
4530,0,0,17,17,1.0,0.06063390625908324,581,You're acting like a Jewish mother.
4530,0,0,17,17,1.0,0.06063390625908324,581,Thou Shalt Dress Warmly
4530,0,0,17,17,1.0,0.06063390625908324,581,"A little something for the wife. "" A little something for the wife."""
4530,0,0,17,17,1.0,0.06063390625908324,581,I'm cold. Here's a sweater.
4530,0,0,17,17,1.0,0.06063390625908324,581,Thou shalt update thy habit...
4530,0,0,17,17,1.0,0.06063390625908324,581,"The 11 Commandment: ""Thou Shall Not Be Cold."""
4530,0,0,17,17,1.0,0.06063390625908324,581,And wear your mittens and booties too
4530,0,0,17,17,1.0,0.06063390625908324,581,Thou Shalt Have Good Fashion Sense.
4530,0,0,17,17,1.0,0.06063390625908324,581,Wear this with the E-tablets
4530,0,0,17,17,1.0,0.06063390625908324,581,This will help when they start throwing the rotten eggs.
4530,0,0,17,17,1.0,0.06063390625908324,581,"TABLETS, SCHMABLETS! Take this or yer gonna catch your death of cold."
4530,0,0,18,18,1.0,0.05716619504750295,581,Donald Trump is a jackass.
4530,0,0,18,18,1.0,0.05716619504750295,581,"Here, your mom says you need this."
4530,0,0,17,17,1.0,0.06063390625908324,581,There was no room on the tablets for this commandment.
4530,0,0,17,17,1.0,0.06063390625908324,581,"Oh, and number 11: Thou Shalt Not Wander Without Thy Sweater."
4530,0,0,17,17,1.0,0.06063390625908324,581,You're going to be wandering quite a bit...wouldn't want you to catch a cold.
4530,0,0,17,17,1.0,0.06063390625908324,581,The motto on the hoodie is much easier to remember.
4530,0,0,17,17,1.0,0.06063390625908324,581,And thall shalt not give sweaters for Christmas.
4530,0,0,17,17,1.0,0.06063390625908324,581,"You shall take this, it will be a long road."
4530,0,0,17,17,1.0,0.06063390625908324,581,"Mama says, put the tablets down now and put on your sweater -- it's cold up here."
4530,0,0,17,17,1.0,0.06063390625908324,581,"No, hell hasn't frozen over. It's just a windbreaker."
4530,0,0,17,17,1.0,0.06063390625908324,581,Put this on Moses you'll catch your death.
4530,0,0,17,17,1.0,0.06063390625908324,581,"If you can fit 11, though shall always be fashionable."
4530,0,0,17,17,1.0,0.06063390625908324,581,"For the last time, what did you do with Leif Erikson?"
4530,0,0,17,17,1.0,0.06063390625908324,581,Take this too—I have a brisk breeze planned in about five minutes.
4530,0,0,17,17,1.0,0.06063390625908324,581,Take these two tablets and keep warm. You should be better in a week.
4530,0,0,17,17,1.0,0.06063390625908324,581,I'll trade you my morality for some bitchin' fall clothes.
4530,0,0,17,17,1.0,0.06063390625908324,581,I Climbed Mount Sinai And All I Got Was This Lousy Sweater.
4530,0,0,18,18,1.0,0.05716619504750295,581,"One last tip: till April's dead, change not a thread."
4530,0,0,17,17,1.0,0.06063390625908324,581,He Left__Said He Wanted to Make the 'Dark Ages' Great Again
4530,0,0,17,17,1.0,0.06063390625908324,581,You ARE a woman!
4530,0,0,17,17,1.0,0.06063390625908324,581,You mean I'm going to dress like a Bro?
4530,0,0,17,17,1.0,0.06063390625908324,581,Try the hoodie. It's what all the young entrepreneurs are wearing.
4530,0,0,17,17,1.0,0.06063390625908324,581,Not all wishes come true
4530,0,0,17,17,1.0,0.06063390625908324,581,"Sorry, God. My hands are full. I'll get that on my next trip."
4530,0,0,17,17,1.0,0.06063390625908324,581,"""I never said anything about 'Moab'... I asked if you'd prefer it in 'Mohair'."
4530,0,0,18,18,1.0,0.05716619504750295,581,Eleven – Don’t go outside without a sweater.
4530,0,0,17,17,1.0,0.06063390625908324,581,Why couldn't you just send me to California?
4530,0,0,17,17,1.0,0.06063390625908324,581,Here Moses take two tablets and wear something warm and your cold should be over in a week.
4530,0,0,17,17,1.0,0.06063390625908324,581,Number eleven: thou shall compliment my knitting skills.
4530,0,0,17,17,1.0,0.06063390625908324,581,Wear this. The weather will be stormy.
4530,0,0,17,17,1.0,0.06063390625908324,581,Time for a wardrobe change before your next sermon
4530,0,0,17,17,1.0,0.06063390625908324,581,Honor thy mother and wear a sweater lest thou catch thy death.
4530,0,0,17,17,1.0,0.06063390625908324,581,"MOSES, HOW LONG CAN YOU TREAD SNOW?"
4530,0,0,17,17,1.0,0.06063390625908324,581,Holy Sheep
4530,0,0,17,17,1.0,0.06063390625908324,581,For forty days and forty nights you need to stay warm.
4530,0,0,17,17,1.0,0.06063390625908324,581,I am switching to global cooling.
4530,0,0,17,17,1.0,0.06063390625908324,581,"Your prize is either this apparel, or whatever's behind testament number two."
4530,0,0,17,17,1.0,0.06063390625908324,581,...and thou shalt not catch your death of cold.
4530,0,0,17,17,1.0,0.06063390625908324,581,Take this - you'll catch your death of a cold.
4530,0,0,17,17,1.0,0.06063390625908324,581,"I meant to add ""You shall not be cold"""
4530,0,0,17,17,1.0,0.06063390625908324,581,"Thought we were doing a flash flood, not a flash freeze."
4530,0,0,17,17,1.0,0.06063390625908324,581,"Thanks, but I try to avoid horizontal stripes..."
4530,0,0,17,17,1.0,0.06063390625908324,581,You can also use them as skis.
4530,0,0,17,17,1.0,0.06063390625908324,581,"It's chilly out there, son."
4530,0,0,17,17,1.0,0.06063390625908324,581,"Strip me, hand"
4530,0,0,17,17,1.0,0.06063390625908324,581,Thou shalt not catch a chill.
4530,0,0,17,17,1.0,0.06063390625908324,581,thou shalt not leave the house without a jacket
4530,0,0,17,17,1.0,0.06063390625908324,581,Winter is here.
4530,0,0,17,17,1.0,0.06063390625908324,581,Thou shalt not steal. Starting... now.
4530,0,0,17,17,1.0,0.06063390625908324,581,Thou shalt not underdress.
4530,0,0,17,17,1.0,0.06063390625908324,581,I just want to say one last word to you. Just one word - Schmatas.
4530,0,0,17,17,1.0,0.06063390625908324,581,Who knew that God's Spouse was a Jewish Mother?
4530,0,0,18,18,1.0,0.05716619504750295,581,"It's for when you want to visit the burning bush again, man"
4530,0,0,17,17,1.0,0.06063390625908324,581,I'm more hungry than cold.
4530,0,0,17,17,1.0,0.06063390625908324,581,Take this too. There will be some chilly nights over the next forty years.
4530,0,0,17,17,1.0,0.06063390625908324,581,XI. Put it on. I'm cold.
4530,0,0,17,17,1.0,0.06063390625908324,581,I can't eat a blouse to survive!
4530,0,0,17,17,1.0,0.06063390625908324,581,"Swapping the Ten Commandments for a hand knit sweater doesn't seem like a fair trade, but..."
4530,0,0,17,17,1.0,0.06063390625908324,581,"I almost forgot - ""Thou shall not freeze"""
4530,0,0,17,17,1.0,0.06063390625908324,581,"The way things are going, you might need this."
4530,0,0,18,18,1.0,0.05716619504750295,581,"So, like, I'm also a entrepreneur, and I'm trying to get my clothing line off the ground. What do you think of this sweater? I call it the ""Zaddy AF"""
4530,0,0,17,17,1.0,0.06063390625908324,581,"Here, but next time don't use the tumble dryer on wool."
4530,0,0,17,17,1.0,0.06063390625908324,581,Here's a sweater. I thought you might be chilly. That's why I set that bush on fire.
4530,0,0,17,17,1.0,0.06063390625908324,581,"Your 72 virgins are tired of waiting, they made you a gift."
4530,0,0,17,17,1.0,0.06063390625908324,581,Waiting for obedience? You'll need this.
4530,0,0,18,18,1.0,0.05716619504750295,581,Welcome! HE apologizes but no HVAC tech has made it up here yet and the whole system went kerflooey.
4530,0,0,17,17,1.0,0.06063390625908324,581,"Thou shall knit one, purl two!"
4530,0,0,17,17,1.0,0.06063390625908324,581,Thou shalt not freeze in the cold desert night.
4530,0,0,17,17,1.0,0.06063390625908324,581,Would you mind exchanging the sweater for a yoke with 2 pails?
4530,0,0,17,17,1.0,0.06063390625908324,581,Wait. There's one more. 'Thou shall dress well.'
4530,0,0,17,17,1.0,0.06063390625908324,581,It's the 11th commandment: take a sweater.
4530,0,0,17,17,1.0,0.06063390625908324,581,Checkmate
4530,0,0,17,17,1.0,0.06063390625908324,581,"Just because you're old enough to handle the Ten Commandments, it doesn't mean I want you to catch cold."
4530,0,0,17,17,1.0,0.06063390625908324,581,"Here, this helped me when I was in your shoes."
4530,0,0,17,17,1.0,0.06063390625908324,581,The forgotten 11th Commandment: always wear an itchy sweater.
4530,0,0,17,17,1.0,0.06063390625908324,581,"And thus, the ugly sweater party was created."
4530,0,0,17,17,1.0,0.06063390625908324,581,Really? The tablet didn't say hand delivery was extra.
4530,0,0,17,17,1.0,0.06063390625908324,581,I'll trade you my morality for some bitchin' clothes.
4530,0,0,17,17,1.0,0.06063390625908324,581,"...and while you're down there, please give this to Ezekiel and give his family my best regards"
4530,0,0,17,17,1.0,0.06063390625908324,581,"It's not waterproof, so remember to part the Red Sea first"
4530,0,0,17,17,1.0,0.06063390625908324,581,Put this on. Those Ten Commandments may get you a chilly reception from the masses when you present them later tonight.
4530,0,0,17,17,1.0,0.06063390625908324,581,Thou shalt take a shower and get out of that bathrobe.
4530,0,0,17,17,1.0,0.06063390625908324,581,You need this only for the first ten
4530,0,0,17,17,1.0,0.06063390625908324,581,"Oh, one more thing. Thou shalt not catch thy death of cold."
4530,0,0,17,17,1.0,0.06063390625908324,581,er...but that's not what I ordered!
4530,0,0,17,17,1.0,0.06063390625908324,581,"Holding cold stones at this altitude, you'll catch your death."
4530,0,0,17,17,1.0,0.06063390625908324,581,You really think they're good enough to win the Ernest Hemingway competition?
4530,0,0,17,17,1.0,0.06063390625908324,581,"When you go back down, you'd better pull this hoodie over your face."
4530,0,0,17,17,1.0,0.06063390625908324,581,Go forth! Proclaim my Commandments! And stay warm.
4530,0,0,17,17,1.0,0.06063390625908324,581,Honor your father and sweater
4530,0,0,17,17,1.0,0.06063390625908324,581,Thou shalt not wear thy robe and slippers out of the house ever again.
4530,0,0,17,17,1.0,0.06063390625908324,581,"The little known 11th Commandment ""Honor thy North Face hoodie"""
4530,0,0,17,17,1.0,0.06063390625908324,581,"Thanks, but I was kinda hoping for that burning bush-thing to keep warm."
4530,0,0,17,17,1.0,0.06063390625908324,581,You might need a hoodie. Mt. Sinai gets chilly this time of year.
4530,0,0,17,17,1.0,0.06063390625908324,581,"Bundle up, winter's coming"
4530,0,0,17,17,1.0,0.06063390625908324,581,"Moses, thou shalt not go jacket-less holding the ten commandments!!"
4530,0,0,17,17,1.0,0.06063390625908324,581,The Salvation Army? You;ll do better on eBay!
4530,0,0,17,17,1.0,0.06063390625908324,581,"Beyond the main 10 commandments, the general rule is don't forget to wear your sweater."
4530,0,0,17,17,1.0,0.06063390625908324,581,"It's a ship captain's sweater. Just take it, you might need it."
4530,0,0,17,17,1.0,0.06063390625908324,581,"Trust me, this will come in handy for teaching about circumcision"
4530,0,0,17,17,1.0,0.06063390625908324,581,"Look, you can read the book when you're on the road. Now get your sweater on."
4530,0,0,17,17,1.0,0.06063390625908324,581,So ... you mean ... it's going to get chilly in the Promised Land?
4530,0,0,17,17,1.0,0.06063390625908324,581,"Honestly, I prefer the cloak. Turtlenecks are a bit old-fashioned."
4530,0,0,17,17,1.0,0.06063390625908324,581,I am just helping out till the drones are approved.
4530,0,0,17,17,1.0,0.06063390625908324,581,"Oh good, my Alpaca sweater has arrived!"
4530,0,0,17,17,1.0,0.06063390625908324,581,"God: ""It's called recycling."" (After Moses' sacrifice of a lamb.)"
4530,0,0,17,17,1.0,0.06063390625908324,581,social media suggested delivering it in this.
4530,0,0,17,17,1.0,0.06063390625908324,581,"Also, thou shalt not go outside in this weather without your sweater."
4530,0,0,17,17,1.0,0.06063390625908324,581,Satan doesn't buy sweat shop free.
4530,0,0,17,17,1.0,0.06063390625908324,581,Just put some gold lettering on it and they'll listen to you.
4530,0,0,17,17,1.0,0.06063390625908324,581,"They've been getting away with too much. These commandments will reign them in, but you might be in for a chilly reception. Here's something to keep you warm."
4530,0,0,17,17,1.0,0.06063390625908324,581,You'll need this. The reception will be chilly.
4530,0,0,17,17,1.0,0.06063390625908324,581,It doesn't fit; I couldn't have done it.
4530,0,0,17,17,1.0,0.06063390625908324,581,But if I wear a hoodie no one will take the commandments seriously.
4530,0,0,17,17,1.0,0.06063390625908324,581,"""You may need some cover.*"
4530,0,0,17,17,1.0,0.06063390625908324,581,God give all things. But man leave anything
4530,0,0,17,17,1.0,0.06063390625908324,581,A little S.W.A.G. for making the trip twice
4530,0,0,17,17,1.0,0.06063390625908324,581,Thou shalt not catch thy death.
4530,0,0,17,17,1.0,0.06063390625908324,581,"Sorry, but you need to redo them. I said ""cowls"" not ""gods"". ""Thou shall not have any COWLS before me."""
4530,0,0,17,17,1.0,0.06063390625908324,581,What's behind Door #3?
4530,0,0,17,17,1.0,0.06063390625908324,581,"But, I'm old-fashioned!"
4530,0,0,17,17,1.0,0.06063390625908324,581,"oh, and #11, always bring a sensible sweater."
4530,0,0,17,17,1.0,0.06063390625908324,581,"Once more, with style."
4530,0,0,17,17,1.0,0.06063390625908324,581,Thou shalt take two tablets and avoid a chill.
4530,0,0,17,17,1.0,0.06063390625908324,581,Ask and you shall receive
4530,0,0,17,17,1.0,0.06063390625908324,581,"And wear this, son. You'll catch your death with that thin robe."
4530,0,0,17,17,1.0,0.06063390625908324,581,Tell Mrs. Moses that I appreciate the thought; but it may be a tad small.
4530,0,0,17,17,1.0,0.06063390625908324,581,No thanks. The tablets are keeping me warm.
4530,0,0,17,17,1.0,0.06063390625908324,581,The Ten Commandment contest ended yesterday ...but here's a nice turtle neck for your troubles.
4530,0,0,17,17,1.0,0.06063390625908324,581,"Lets make a deal. You can keep the Tablets or the parka, or trade both of them for what's behind Cloud No. 1..."
4530,0,0,17,17,1.0,0.06063390625908324,581,"And the Eleventh Commandment, the most important of all. Never leave the house without a sweater!"
4530,0,0,17,17,1.0,0.06063390625908324,581,Your yarn ... first spun ... in ... 'Coat' of Hammurabi...
4530,0,0,17,17,1.0,0.06063390625908324,581,It's Joseph's and it doesn't fit anymore. Could you see that he gets it?
4530,0,0,17,17,1.0,0.06063390625908324,581,"On second thought, make that ""Thou shalt knit."" (NB: ""knit"" is italicized)"
4530,0,0,17,17,1.0,0.06063390625908324,581,Just tell them it fell off the back of the wagon
4530,0,0,17,17,1.0,0.06063390625908324,581,"Here, you're going to need this where you're not going."
4530,0,0,17,17,1.0,0.06063390625908324,581,Unto thee I give the Promised Land's End pullover fleece.
4530,0,0,17,17,1.0,0.06063390625908324,581,"Good grief, Mom, I like the blue sweater, too."
4530,0,0,17,17,1.0,0.06063390625908324,581,Good job Mo! You're a 'medium'...right?
4530,0,0,17,17,1.0,0.06063390625908324,581,Eleven: Put on one of these before turning up thy thermostat.
4530,0,0,17,17,1.0,0.06063390625908324,581,Truly Moses you speak with wisdom when you say it will be a cold day in Hell if the commandments are broken.
4530,0,0,17,17,1.0,0.06063390625908324,581,"And finally, you shall make for yourself a carved image dressed in genuine Icelandic wool."
4530,0,0,17,17,1.0,0.06063390625908324,581,"Don't forget, son, thou shall not leave home insufficiently dressed."
4530,0,0,17,17,1.0,0.06063390625908324,581,Stop making that face -- the ones I'm saving for the Christians are much uglier.
4530,0,0,17,17,1.0,0.06063390625908324,581,Are you sure you don't need a coat?
4530,0,0,17,17,1.0,0.06063390625908324,581,You shall not commit adultery while wearing this turtleneck.
4530,0,0,17,17,1.0,0.06063390625908324,581,Those tablets will go down easier if we up the hygge factor.
4530,0,0,17,17,1.0,0.06063390625908324,581,Though shall not pill.
4530,0,0,17,17,1.0,0.06063390625908324,581,"What is ""Climate Change""?"
4530,0,0,17,17,1.0,0.06063390625908324,581,God's last plague...the hoodie.
4530,0,0,17,17,1.0,0.06063390625908324,581,Thou shalt get free shipping if thou buyest this too.
4530,0,0,17,17,1.0,0.06063390625908324,581,"The desert's cold at night. Do me a favor, take this little sweater."
4530,0,0,17,17,1.0,0.06063390625908324,581,Red Sea I can do. Nuclear winter not so much. Try a sweater.
4530,0,0,17,17,1.0,0.06063390625908324,581,"...and a little something for cold, lonely evenings."
4530,0,0,17,17,1.0,0.06063390625908324,581,Make sure you take a sweater!
4530,0,0,17,17,1.0,0.06063390625908324,581,"And of the J. Crew catalog, page 5, item D in sand, thou shalt partake every fall."
4530,0,0,17,17,1.0,0.06063390625908324,581,You might catch a chill on one of the 40 nights.
4530,0,0,17,17,1.0,0.06063390625908324,581,"you'll need this; it gets very cold up here, but don't drop those tablets...Ha Ha !"
4530,0,0,17,17,1.0,0.06063390625908324,581,I don't need a life jacket. Gimme back my coat!
4530,0,0,17,17,1.0,0.06063390625908324,581,Does that come with matching socks?
4530,0,0,17,17,1.0,0.06063390625908324,581,When God was a woman.
4530,0,0,17,17,1.0,0.06063390625908324,581,I FORGOT THE ELEVENTH ONE - DRESS FOR THE WEATHER
4530,0,0,17,17,1.0,0.06063390625908324,581,Who told You one in the hand is worth two in the bush?
4530,0,0,17,17,1.0,0.06063390625908324,581,#11: Thou shalt wear a sweater.
4530,0,0,17,17,1.0,0.06063390625908324,581,Global warming now? I thought we had an agreement..
4530,0,0,17,17,1.0,0.06063390625908324,581,Thou Shalt not wear vertical stripes!
4530,0,0,17,17,1.0,0.06063390625908324,581,"""I'd hate you to catch your death for a few random Commandments""."
4530,0,0,17,17,1.0,0.06063390625908324,581,Your mom said to wear this
4530,0,0,17,17,1.0,0.06063390625908324,581,Your mother said to put this on.
4530,0,0,17,17,1.0,0.06063390625908324,581,I knew I forgot to mention something. Climate change. Should have been Eleventh. Tell your people.
4530,0,0,17,17,1.0,0.06063390625908324,581,Now showing choice number 10 of Gods fashion show
4530,0,0,17,17,1.0,0.06063390625908324,581,There's still room enough for this in the shopping bag in your left hand.
4530,0,0,17,17,1.0,0.06063390625908324,581,"On second thought, let Me be more practical for once."
4530,0,0,17,17,1.0,0.06063390625908324,581,You've answered my prayers - a warm hoodie for winter
4530,0,0,17,17,1.0,0.06063390625908324,581,I know it's chilly up here but where am I supposed to put the tablets while I put it on?
4530,0,0,17,17,1.0,0.06063390625908324,581,"And this is the 11th and most important commandment, ""Always dress for the occasion"""
4530,0,0,17,17,1.0,0.06063390625908324,581,This should work better.
4530,0,0,17,17,1.0,0.06063390625908324,581,"Trust me my son, you'll be famous. Just make sure you make it down the mountain. My 11th commandment is make sure you always have a warm sweater on you. Just in case!"
4530,0,0,17,17,1.0,0.06063390625908324,581,"One more: ""Thou shall not be preoccupied with fashion."""
4530,0,0,17,17,1.0,0.06063390625908324,581,"After they ignore them, expect a few showers."
4530,0,0,17,17,1.0,0.06063390625908324,581,Who's the winter sponsor this time?
4530,0,0,17,17,1.0,0.06063390625908324,581,"When all else fails, go shopping!"
4530,0,0,17,17,1.0,0.06063390625908324,581,"Oh, I almost forgot, my mother knitted this for you."
4530,0,0,17,17,1.0,0.06063390625908324,581,"You're a global warming skeptic, too????"
4530,0,0,17,17,1.0,0.06063390625908324,581,We talking climate change?
4530,0,0,17,17,1.0,0.06063390625908324,581,It's on sale -- and it's waterproof!
4530,0,0,17,17,1.0,0.06063390625908324,581,"Mom, not now I'm busy"
4530,0,0,17,17,1.0,0.06063390625908324,581,"Moses, with this new administration, it's another 40 years in the dessert! Hang in there!"
4530,0,0,18,18,1.0,0.05716619504750295,581,"Oh yea, one more. Thou shalt not hoodie."
4530,0,0,17,17,1.0,0.06063390625908324,581,Thou shall not covet your neighbor's Christmas present.
4530,0,0,17,17,1.0,0.06063390625908324,581,I think her majesty said she wanted 'ham hock' ?!
4530,0,0,17,17,1.0,0.06063390625908324,581,"Add ""Thou shall not shop online"". Add ""Thou shall not shop on line""."
4530,0,0,17,17,1.0,0.06063390625908324,581,You're going to need this. The burning bush is not as warm as you'd expect.
4530,0,0,17,17,1.0,0.06063390625908324,581,Climate change is coming
4530,0,0,17,17,1.0,0.06063390625908324,581,The earliest Amazon order by tablet
4530,0,0,17,17,1.0,0.06063390625908324,581,Thou shalt catch a death of cold out here -- Put this on.
4530,0,0,17,17,1.0,0.06063390625908324,581,There are the Sacred Commandments. And then there's product placement. We have to draw the line somewhere.
4530,0,0,17,17,1.0,0.06063390625908324,581,I was asking for friend. Thanks God!
4530,0,0,17,17,1.0,0.06063390625908324,581,BUT WHERE DOES IT SAY I HAVE TO 'LET GO AND LET GOD'?
4530,0,0,17,17,1.0,0.06063390625908324,581,One size fits all Prophets!
4530,0,0,17,17,1.0,0.06063390625908324,581,"Go on, take it. How can it hurt?"
4530,0,0,17,17,1.0,0.06063390625908324,581,Thou shalt not shave your chest
4530,0,0,17,17,1.0,0.06063390625908324,581,'It is about to get very cold.'
4530,0,0,17,17,1.0,0.06063390625908324,581,"Moses, Put Your Sweat On Now!"
4530,0,0,17,17,1.0,0.06063390625908324,581,Don't You think that sweater is a little too casual for our big roll-out ?
4530,0,0,17,17,1.0,0.06063390625908324,581,"...Oh, and thou shalt put on thy sweater, lest thou catch thy death of cold. And rememb'rest to call once in a while."
4530,0,0,17,17,1.0,0.06063390625908324,581,"Moses, you forgot your sweater again."
4530,0,0,17,17,1.0,0.06063390625908324,581,. . .cover thy neighbor's wife ? Seriously ?
4530,0,0,17,17,1.0,0.06063390625908324,581,"Come on Mosey, honor your mother and wear your hooded cardigan in the mountains !"
4530,0,0,17,17,1.0,0.06063390625908324,581,"From Ivanka's new menswear line, White As Snow, 100% Lambswool"
4530,0,0,17,17,1.0,0.06063390625908324,581,Tablets or handscream?
4530,0,0,17,17,1.0,0.06063390625908324,581,You're going to need this. Winter is coming.
4530,0,0,17,17,1.0,0.06063390625908324,581,"Oh, and thou shalt always buy on sale."
4530,0,0,17,17,1.0,0.06063390625908324,581,It comes with a 40 year warranty.
4530,0,0,17,17,1.0,0.06063390625908324,581,"Sorry Moses, but that frock is breaking all kinds of fashion commandments."
4530,0,0,17,17,1.0,0.06063390625908324,581,Christmas is coming very early.
4530,0,0,17,17,1.0,0.06063390625908324,581,The desert at night? Wicked cold. I should know.
4530,0,0,17,17,1.0,0.06063390625908324,581,"...And I was saving this for Christmas, but that would be too long for you to wait."
4530,0,0,17,17,1.0,0.06063390625908324,581,"It's very nice, but i asked for it in white and gold"
4530,0,0,17,17,1.0,0.06063390625908324,581,Thou shalt not get pneumonia.
4530,0,0,17,17,1.0,0.06063390625908324,581,One more: #11 - no white after Labor Day.
4530,0,0,17,17,1.0,0.06063390625908324,581,These Amazon drones are getting out of hand.
4530,0,0,17,17,1.0,0.06063390625908324,581,The best time to wear a striped sweater is all the time !
4530,0,0,17,17,1.0,0.06063390625908324,581,"I know it is a hoody, but, which one should I erase?"
4530,0,0,17,17,1.0,0.06063390625908324,581,The truth never gets a warm reception.
4530,0,0,17,17,1.0,0.06063390625908324,581,OH...ELEVEN: THOU SHALT NEVER AGAIN WEAR THAT DAMN ROBE!
4530,0,0,17,17,1.0,0.06063390625908324,581,Take this. It's going to snow.
4530,0,0,17,17,1.0,0.06063390625908324,581,"Thanks God, but being cold is the last thing on my mind right now."
4530,0,0,17,17,1.0,0.06063390625908324,581,Burning bushes no longer meet environmental standards.
4530,0,0,17,17,1.0,0.06063390625908324,581,Behold the lamb...turtleneck.
4530,0,0,17,17,1.0,0.06063390625908324,581,I would've rather you'd damned it.
4530,0,0,17,17,1.0,0.06063390625908324,581,"and by the way, nice work with those sheep."
4530,0,0,17,17,1.0,0.06063390625908324,581,No. 11 #patagonia
4530,0,0,17,17,1.0,0.06063390625908324,581,"I know it's the desert, but take a jacket anyway."
4530,0,0,17,17,1.0,0.06063390625908324,581,Thou shalt not get a cold
4530,0,0,17,17,1.0,0.06063390625908324,581,I believe you just said you were 'Me-damn cold.
4530,0,0,17,17,1.0,0.06063390625908324,581,"You need to replace ""Thou shalt not steal"" with ""Thou shalt wear alpaca year-round"""
4530,0,0,17,17,1.0,0.06063390625908324,581,"Enjoy the hoodie, Sir, and thanks for the tablets."
4530,0,0,17,17,1.0,0.06063390625908324,581,"I know it's a desert down there, but it's chilly up here."
4530,0,0,18,18,1.0,0.05716619504750295,581,On second thought....
4530,0,0,17,17,1.0,0.06063390625908324,581,Messiah should dress for the times.
4530,0,0,17,17,1.0,0.06063390625908324,581,"Oh, I thought you were AD-dressing me...."
4530,0,0,17,17,1.0,0.06063390625908324,581,I don't think 'thou shalt not knit sweaters for family' is a reasonable 11th Commandment!
4530,0,0,17,17,1.0,0.06063390625908324,581,"So you can forget all that global warming, greenhouse gases bull everybody's talking about."
4530,0,0,17,17,1.0,0.06063390625908324,581,Number 11: Thou shalt Benetton.
4530,0,0,17,17,1.0,0.06063390625908324,581,I heard you were using drones
4530,0,0,17,17,1.0,0.06063390625908324,581,11. Thou shalt not leave the house without a sweater.
4530,0,0,17,17,1.0,0.06063390625908324,581,And remember- Thou Shalt Not Machine Wash.
4530,0,0,17,17,1.0,0.06063390625908324,581,Do me a favor and restock the burning bush on your way down.
4530,0,0,17,17,1.0,0.06063390625908324,581,"Lord, I'm fairly certain I said, ""Debtor""!"
4530,0,0,17,17,1.0,0.06063390625908324,581,"Thanks so much, but I’m totally sure ""Thou shalt not wear a sweater knit from God’s beard hair"" is on one of these."
4530,0,0,17,17,1.0,0.06063390625908324,581,"And, don't forget your nice warm socks!"
4530,0,0,17,17,1.0,0.06063390625908324,581,I won't be responsible if you catch pneumonia on that mountain. Put it on!
4530,0,0,17,17,1.0,0.06063390625908324,581,"And, beware of men wearing hoodies."
4530,0,0,17,17,1.0,0.06063390625908324,581,Go on and take it...just in case there is climate change.
4530,0,0,17,17,1.0,0.06063390625908324,581,"Lose the robe, get a cel, post the Ten Commandments and go by HashtagMoses. Then! You will have followers. #??"
4530,0,0,17,17,1.0,0.06063390625908324,581,"And the Eleventh Commandment is, 'Thou shalt wear a sweater when chilly'."
4530,0,0,17,17,1.0,0.06063390625908324,581,You're gonna need this!
4530,0,0,17,17,1.0,0.06063390625908324,581,There is a draft on the way back down...
4530,0,0,17,17,1.0,0.06063390625908324,581,Skis are next
4530,0,0,17,17,1.0,0.06063390625908324,581,"The commandments, okay. Hand-me-downs? Oy vey!"
4530,0,0,18,18,1.0,0.05716619504750295,581,"Here try this, if it doesn't do the trick I'll start warming the place up."
4530,0,0,17,17,1.0,0.06063390625908324,581,This just came in for the Fall. It also comes in Purple and Gold. Try this one on for size.
4530,0,0,17,17,1.0,0.06063390625908324,581,"Oh, and Thou shalt not go out without thy sweater."
4530,0,0,17,17,1.0,0.06063390625908324,581,"Please dear God, not the Arctic!"
4530,0,0,18,18,1.0,0.05716619504750295,581,"You might need this. It gets a little chilly up here. You'll have to put down those tablets, though."
4530,0,0,17,17,1.0,0.06063390625908324,581,You may need this due to climate change
4530,0,0,17,17,1.0,0.06063390625908324,581,Give this to one of those Golden Idol dancers at the bottom of The Mount.
4530,0,0,17,17,1.0,0.06063390625908324,581,Trust me. Millennials will relate to your message better if you're wearing the hoodie.
4530,0,0,17,17,1.0,0.06063390625908324,581,Thou shalt be warm. Ran out of room.
4530,0,0,18,18,1.0,0.05716619504750295,581,"Hey, Mo. Time to enter the 21st century. Start with new clothes and then we'll revise some of the commandments."
4530,0,0,17,17,1.0,0.06063390625908324,581,Just in case you get a cold reception.
4530,0,0,18,18,1.0,0.05716619504750295,581,"When you were just a kid, you'd always say, 'Well, sure Mommy!'"
4530,0,0,17,17,1.0,0.06063390625908324,581,"I didn't mean that comment about 'a cold day...' literally, I was just negotiating."
4530,0,0,17,17,1.0,0.06063390625908324,581,"'l'll give you this if you'll let me inscribe those tablets."""
4530,0,0,17,17,1.0,0.06063390625908324,581,Is it cotton? I'm allergic to wool.
4530,0,0,17,17,1.0,0.06063390625908324,581,And just in case you get cold...
4530,0,0,17,17,1.0,0.06063390625908324,581,You'll thank me later when I stop you from entering the Promised Land.
4530,0,0,17,17,1.0,0.06063390625908324,581,"""11th Commandment Executive Order: "" 'Ye Shall Not Fleece' ""."
4530,0,0,17,17,1.0,0.06063390625908324,581,Just in case of nuclear winter.
4530,0,0,17,17,1.0,0.06063390625908324,581,"Take this, some matzoh ball soup, and we'll talk in the morning."
4530,0,0,17,17,1.0,0.06063390625908324,581,"She demands three juicy mice, pickled and sautéed, for her coronation dinner."
4530,0,0,17,17,1.0,0.06063390625908324,581,"Take those next door to our neighbors, follow the rules, and cover up - you're not going out in that."
4530,0,0,17,17,1.0,0.06063390625908324,581,"You look chilled, but please still call me in the morning."
4530,0,0,17,17,1.0,0.06063390625908324,581,And the 11th Commandment is... It might get chilly later.
4530,0,0,17,17,1.0,0.06063390625908324,581,It might get cold while you wait for the rest of the commandments
4530,0,0,18,18,1.0,0.05716619504750295,581,"Damn it, another sweater! What's with you? You KNOW I have a wool allergy!"
4530,0,0,17,17,1.0,0.06063390625908324,581,Thou shalt not knit ugly sweaters.
4530,0,0,17,17,1.0,0.06063390625908324,581,I wonder if He knows my size.
4530,0,0,17,17,1.0,0.06063390625908324,581,Is it possible I might acquire a matching tote bag as well?
4530,0,0,17,17,1.0,0.06063390625908324,581,You want you should get a draft?!
4530,0,0,17,17,1.0,0.06063390625908324,581,"Because Moses's arms were completely full, Commandment 11, ""Never put a wool garment in the dryer,"" was forever lost."
4530,0,0,17,17,1.0,0.06063390625908324,581,Amazon Prime in Biblical times
4530,0,0,17,17,1.0,0.06063390625908324,581,You can't always get what you want.
4530,0,0,17,17,1.0,0.06063390625908324,581,Thou shalt cloak thyself in 100% cotton.
4530,0,0,18,18,1.0,0.05716619504750295,581,You do # 11. Make it something about global warming.
4530,0,0,17,17,1.0,0.06063390625908324,581,"Hurry, put this on before he comes back."
4530,0,0,17,17,1.0,0.06063390625908324,581,Wear this and they'll never find you.
4530,0,0,17,17,1.0,0.06063390625908324,581,Burning bush? Schmurning bush! You can't take it with you! For my sake…take the sweater.
4530,0,0,17,17,1.0,0.06063390625908324,581,Thou shalt not walk free of clothing.
4530,0,0,17,17,1.0,0.06063390625908324,581,Try handing out free incentives.
4530,0,0,17,17,1.0,0.06063390625908324,581,I already FOUND Waldo!
4530,0,0,17,17,1.0,0.06063390625908324,581,Thou shall not mix wool with linen.
4530,0,0,17,17,1.0,0.06063390625908324,581,TAKE THESE TWO TABLETS! Cut down on golden idols. Wear your sweater. Let me know if there's any change.
4530,0,0,17,17,1.0,0.06063390625908324,581,I've always loved dressing my paper dolls.
4530,0,0,17,17,1.0,0.06063390625908324,581,Taking this. Thy neighbor's wife looks too good in it.
4530,0,0,17,17,1.0,0.06063390625908324,581,Somebody tagged you in this.
4530,0,0,17,17,1.0,0.06063390625908324,581,"Couldn't you just add, ""Thou shalt be practical,"" as an eleventh commandment?"
4530,0,0,17,17,1.0,0.06063390625908324,581,"That's right. I'm a woman, and I'm returning this!"
4530,0,0,18,18,1.0,0.05716619504750295,581,Thou shalt not buy cheap knock offs.
4530,0,0,17,17,1.0,0.06063390625908324,581,"Oh, and I forgot to leave this for Noah a while back."
4530,0,0,17,17,1.0,0.06063390625908324,581,I don't want you catching a cold when you deliver the commandments.
4530,0,0,17,17,1.0,0.06063390625908324,581,Close your eyes and put the tablets down.
4530,0,0,17,17,1.0,0.06063390625908324,581,"""And if they call b.s. this charade a cloaking sweater may come in handy."" - God"
4530,0,0,17,17,1.0,0.06063390625908324,581,Thou shalt not wear tacky robes.
4530,0,0,17,17,1.0,0.06063390625908324,581,"Thou shalt not chill. ""Thou shalt not chill."
4530,0,0,17,17,1.0,0.06063390625908324,581,"Baby, it's cold outside."
4530,0,0,17,17,1.0,0.06063390625908324,581,"NEW! Top 10 Reasons Not to Trust Your ""Loving"" God"
4530,0,0,17,17,1.0,0.06063390625908324,581,"Your old one is holey, Moses."
4530,0,0,17,17,1.0,0.06063390625908324,581,"I wasn't sure of your size, so I hope it fits..."
4530,0,0,17,17,1.0,0.06063390625908324,581,The Eleventh Commandment is 'Stay Warm.'
4530,0,0,18,18,1.0,0.05716619504750295,581,"And number 11, you shouldn't catch cold."
4530,0,0,17,17,1.0,0.06063390625908324,581,Hang on a bit . . . They aren't going to be ready for awhile!
4530,0,0,17,17,1.0,0.06063390625908324,581,"No. 11, Thou shall always where a sweater so as to not catch a cold."
4530,0,0,17,17,1.0,0.06063390625908324,581,A narrow religion can be a little chilly.
4530,0,0,17,17,1.0,0.06063390625908324,581,"Here, Darling, you're going to catch your death."
4530,0,0,17,17,1.0,0.06063390625908324,581,Mother told me to give you this too. The desert can get cold at night.
4530,0,0,17,17,1.0,0.06063390625908324,581,"And after the people have carried The Commandments long enough, you are to wear this Rainbow Colored Parka."
4530,0,0,17,17,1.0,0.06063390625908324,581,it's from Lands End. you're gonna need it when you hit the Red Sea.
4530,0,0,17,17,1.0,0.06063390625908324,581,"Take two tablets, wear this sweater, and thou shalt not catch cold."
4530,0,0,17,17,1.0,0.06063390625908324,581,"Now that I finished all ten, I've been knitting."
4530,0,0,17,17,1.0,0.06063390625908324,581,Take it! You're going to get a chilly reception.
4530,0,0,18,18,1.0,0.05716619504750295,581,Thou shalt not look uncool.
4530,0,0,17,17,1.0,0.06063390625908324,581,"I almost forgot,number eleven,thou shall not covet thy neighbours hoodie ."
4530,0,0,17,17,1.0,0.06063390625908324,581,"Moishele, darling, it's a little chilly on the Mount this morning. Be a good boy and put on this sweater I made special for you."
4530,0,0,17,17,1.0,0.06063390625908324,581,Here you go. Those tablets are kinda cold.
4530,0,0,17,17,1.0,0.06063390625908324,581,"Number 11- 'A sweater is something you wear when your mother is cold'. Now, put it on!"
4530,0,0,17,17,1.0,0.06063390625908324,581,Thou shall sweat it.
4530,0,0,17,17,1.0,0.06063390625908324,581,"My mother wants an 11th : ""Thou shalt Purl and Stitch"""
4530,0,0,17,17,1.0,0.06063390625908324,581,"Everything comes with a catch, these days."
4530,0,0,17,17,1.0,0.06063390625908324,581,Does a little graft fit in with the rest?
4530,0,0,18,18,1.0,0.05716619504750295,581,Don't let your wife use those to hide her breasts like that. Here's a sweater.
4530,0,0,17,17,1.0,0.06063390625908324,581,"And then Mother commanded, 'Put on your hoodie before you catch your death of cold!'"
4530,0,0,18,18,1.0,0.05716619504750295,581,I saw you coveting.
4530,0,0,17,17,1.0,0.06063390625908324,581,"Take this and teach ""thou shalt not sweat the small stuff"""
4530,0,0,17,17,1.0,0.06063390625908324,581,"Believe me, you're going to get a cold reception."
4530,0,0,17,17,1.0,0.06063390625908324,581,"I don't care what the new administration says, Moses, vanity sizing is not exempt from the false witness rule!"
4530,0,0,17,17,1.0,0.06063390625908324,581,...and my son was hoping you might get this dry cleaned for Him.
4530,0,0,17,17,1.0,0.06063390625908324,581,Maybe I should start with the commandments before the Climate Change presentation?
4530,0,0,18,18,1.0,0.05716619504750295,581,Try also to sell my old sweater
4530,0,0,17,17,1.0,0.06063390625908324,581,"I take care of my peeps, your gonna need this."
4530,0,0,17,17,1.0,0.06063390625908324,581,Take two of these and don't forget to wrap up.
4530,0,0,17,17,1.0,0.06063390625908324,581,It's no coat of many colors but it'll keep you warm.
4530,0,0,17,17,1.0,0.06063390625908324,581,A little cold comfort.
4530,0,0,18,18,1.0,0.05716619504750295,581,"Moses, your mother won't stop calling until I give you this. She was worried you would catch a chill when the sun goes down."
4530,0,0,17,17,1.0,0.06063390625908324,581,I promised your mother. It was either this or I don't let the sun set.
4530,0,0,17,17,1.0,0.06063390625908324,581,You can't go down the mountain dressed like that!
4530,0,0,17,17,1.0,0.06063390625908324,581,"Here, hell will probably freeze over before they pay any attention."
4530,0,0,18,18,1.0,0.05716619504750295,581,"Here take this sweater, it's cold up here by the sea."
4530,0,0,17,17,1.0,0.06063390625908324,581,You're going to be here awhile.
4530,0,0,18,18,1.0,0.05716619504750295,581,Be patient and stay warm...They're still arguing over the golden calf!
4530,0,0,17,17,1.0,0.06063390625908324,581,"It's better to have it and not need it, then to need it and not have it. And take this sweater too."
4530,0,0,17,17,1.0,0.06063390625908324,581,Don't catch a cold. Wear this coat and take two tablets.
4530,0,0,17,17,1.0,0.06063390625908324,581,"Eleventh, 'Thou shalt layer-up in the mountains.'"
4530,0,0,17,17,1.0,0.06063390625908324,581,"Moses, you requested a more holey garment in order to impress your followers. Here is a well moth-eaten one."
4530,0,0,17,17,1.0,0.06063390625908324,581,"""In this heat?! Your Commandments will be an easier sell!"
4530,0,0,17,17,1.0,0.06063390625908324,581,You may find your reception just a little bit chilly
4530,0,0,17,17,1.0,0.06063390625908324,581,"Oh yes, the 11th commandment, thou shalt turn down the thermostat and wear a sweater instead."
4530,0,0,17,17,1.0,0.06063390625908324,581,I didn't have room for the eleventh commandment.
4530,0,0,17,17,1.0,0.06063390625908324,581,Trust Me
4530,0,0,17,17,1.0,0.06063390625908324,581,Thank G-d. It was getting chilly up here.
4530,0,0,17,17,1.0,0.06063390625908324,581,Amazon is amazing!
4530,0,0,17,17,1.0,0.06063390625908324,581,Are you sure? That doesn't look 16 - 32.
4530,0,0,17,17,1.0,0.06063390625908324,581,Fedor Emelianenko’s actual Glorious Sweater of Absolute Victory?
4530,0,0,17,17,1.0,0.06063390625908324,581,"Moses, you have to stop asking me for socks. They don't go with sandals! Here, take this, it's called a hoodie. Trust me, in 2000 years it'll be all the rage."
4530,0,0,17,17,1.0,0.06063390625908324,581,"Commandment 11: thou shalt layer up, lest thou catch cold."
4530,0,0,17,17,1.0,0.06063390625908324,581,"Don't forget number eleven, stay warm."
4530,0,0,17,17,1.0,0.06063390625908324,581,"Though I didn't spell it out, these are not moral equivalents."
4530,0,0,17,17,1.0,0.06063390625908324,581,You're going to present that in nightgown and bathrobe? Try this. It's marketing.
4530,0,0,17,17,1.0,0.06063390625908324,581,It's something the wife knitted for Miriam.
4530,0,0,17,17,1.0,0.06063390625908324,581,I said a sweetener for Aaron.
4530,0,0,17,17,1.0,0.06063390625908324,581,"The good news is that religion and science are reconciled: even if the decalogue doesn't prevent heat loss, the anorak is fully compliant with the second law of thermodynamics...."
4530,0,0,17,17,1.0,0.06063390625908324,581,11: The Best Time to Wear a Striped Sweater is All the Time.
4530,0,0,17,17,1.0,0.06063390625908324,581,"Here, so you shouldn't covet your neighbor's turtleneck."
4530,0,0,17,17,1.0,0.06063390625908324,581,"No, no Moses! I said, 'Bring the law first to the Inuit, not Israel.'"
4530,0,0,17,17,1.0,0.06063390625908324,581,"When life gives you a sweater, at least have it be cashmere"
4530,0,0,17,17,1.0,0.06063390625908324,581,God is a Jewish mother after all.
4530,0,0,17,17,1.0,0.06063390625908324,581,...and wear this. You'll be more convincing with new digs.
4530,0,0,17,17,1.0,0.06063390625908324,581,Thou shalt not cardigan.
4530,0,0,17,17,1.0,0.06063390625908324,581,"Here, take this sweater. They may give you a chilly reception."
4530,0,0,17,17,1.0,0.06063390625908324,581,"Moses, clean your shit up!"
4530,0,0,17,17,1.0,0.06063390625908324,581,Take this - I'll be creating a freak snowstorm on your trip back down.....
4530,0,0,17,17,1.0,0.06063390625908324,581,Does it come in blue?
4530,0,0,17,17,1.0,0.06063390625908324,581,11. Thou shalt not set the thermostat below 72.
4530,0,0,17,17,1.0,0.06063390625908324,581,It's part of the Witness Protection plan...
4530,0,0,17,17,1.0,0.06063390625908324,581,You're going to need this when you get the cold shoulder.
4530,0,0,17,17,1.0,0.06063390625908324,581,This one should not need to be written down: 'Thou canst go wrong with a good wool sweater.'
4530,0,0,17,17,1.0,0.06063390625908324,581,Give this to her. It sometimes is cool in heaven
4530,0,0,17,17,1.0,0.06063390625908324,581,It's going to be hard enough to convince them about the adultery thing. I don't think they'll go for uniforms.
4530,0,0,17,17,1.0,0.06063390625908324,581,and... so you shouldn't catch cold.
4530,0,0,17,17,1.0,0.06063390625908324,581,"Don't worry, it's kosher."
4530,0,0,17,17,1.0,0.06063390625908324,581,"Ten down, forty-five to go. It's going to be a cold winter."
4530,0,0,17,17,1.0,0.06063390625908324,581,"Here, in case they give you the cold shoulder."
4530,0,0,17,17,1.0,0.06063390625908324,581,That was fast!
4530,0,0,17,17,1.0,0.06063390625908324,581,"No, it's not a commandment. I just think you'll be chilly without it."
4530,0,0,17,17,1.0,0.06063390625908324,581,"'It'll be a cold day in Hell, when you reach the promised land"""
4530,0,0,17,17,1.0,0.06063390625908324,581,"The modern look is good, buy it makes the sell more challenging."
4530,0,0,17,17,1.0,0.06063390625908324,581,Moses to himself: God knows I have only two hands. He must mean I should drop some of these rules.
4530,0,0,17,17,1.0,0.06063390625908324,581,Here----I don't want you to catch a cold before you publish these
4530,0,0,17,17,1.0,0.06063390625908324,581,Can I return this? I don't have the box.
4530,0,0,17,17,1.0,0.06063390625908324,581,I'M A BANANA!
4530,0,0,17,17,1.0,0.06063390625908324,581,I like a zipper in front.
4530,0,0,17,17,1.0,0.06063390625908324,581,Order today and you'll also receive a free hoodie.
4530,0,0,17,17,1.0,0.06063390625908324,581,Thou shalt not covet thy sandals too far into sweater season.
4530,0,0,17,17,1.0,0.06063390625908324,581,"there you go, it seems to be cold down there"
4530,0,0,17,17,1.0,0.06063390625908324,581,Wear this. Wrap up. And what's with the sandals already? You're not in Egypt anymore.
4530,0,0,17,17,1.0,0.06063390625908324,581,Do unto others' hoodies...
4530,0,0,17,17,1.0,0.06063390625908324,581,You need to dress for the job you WANT to have.
4530,0,0,17,17,1.0,0.06063390625908324,581,"...and I also got you this nice sweater to wear on ""Casual Sabbath"" days."
4530,0,0,17,17,1.0,0.06063390625908324,581,"Thank you, but I said 'prefers peace' not 'performance fleece.'"
4530,0,0,17,17,1.0,0.06063390625908324,581,"Oh I forgot, number 11... Thou shalt always dress appropriately."
4530,0,0,17,17,1.0,0.06063390625908324,581,Ask and you shall receive
4530,0,0,17,17,1.0,0.06063390625908324,581,I command that thee shall not be cold.
4530,0,0,17,17,1.0,0.06063390625908324,581,I always knew God was my Grandmother.
4530,0,0,17,17,1.0,0.06063390625908324,581,Commandments: 10 Fashion Ideas: 1
4530,0,0,17,17,1.0,0.06063390625908324,581,You might need this sometime over the next 40 years.
4530,0,0,17,17,1.0,0.06063390625908324,581,You want this? Doesn't fit me.
4530,0,0,17,17,1.0,0.06063390625908324,581,Talk about foresight: You KNEW the cold up here could rattle my readings!
4530,0,0,17,17,1.0,0.06063390625908324,581,"Your mother says to put this on, and that she's sorry for the whole bulrushes thing"
4530,0,0,17,17,1.0,0.06063390625908324,581,Now what?
4530,0,0,17,17,1.0,0.06063390625908324,581,"It's in the fine print under honoring thy mother, Moses. Right next to remembering clean underwear."
4530,0,0,17,17,1.0,0.06063390625908324,581,And here's a sweater...enjoy!
4530,0,0,18,18,1.0,0.05716619504750295,581,"Enough with the complaints! If you are cold, put on a sweater."
4530,0,0,17,17,1.0,0.06063390625908324,581,Don't forget to spread them to Alaska too.
4530,0,0,17,17,1.0,0.06063390625908324,581,You'll need this for the chilly reception.
4530,0,0,17,17,1.0,0.06063390625908324,581,My dress code´s old fashioned?
4530,0,0,17,17,1.0,0.06063390625908324,581,And it is made in our United States?
4530,0,0,17,17,1.0,0.06063390625908324,581,On the Seventh Day God gave Moses the cold shoulder
4530,0,0,17,17,1.0,0.06063390625908324,581,Thou shalt not wear antediluvian robes.
4530,0,0,17,17,1.0,0.06063390625908324,581,"Oh, and one more. Thou shalt not be out of fashion."
4530,0,0,17,17,1.0,0.06063390625908324,581,Thou shalt dry-clean.
4530,0,0,17,17,1.0,0.06063390625908324,581,So...does this mean we can see other people?
4530,0,0,17,17,1.0,0.06063390625908324,581,I am afraid you will get a chilly reception.
4530,0,0,18,18,1.0,0.05716619504750295,581,"And, thou shalt disrupt."
4530,0,0,17,17,1.0,0.06063390625908324,581,"Here, take this. There'll be a frost tonight."
4530,0,0,17,17,1.0,0.06063390625908324,581,"Yes, the Commandments are great, but how are you going to get through the winter, you dreamer?"
4530,0,0,17,17,1.0,0.06063390625908324,581,Take these two tables and stay bundled up- you'll feel better in the morning.
4530,0,0,17,17,1.0,0.06063390625908324,581,"If you'll agree to wear my wife's hand-knitted sweater, I'll agree to drop from 15 to 10."
4530,0,0,17,17,1.0,0.06063390625908324,581,"Here, put this on to hide from the hackers."
4530,0,0,17,17,1.0,0.06063390625908324,581,"Oh, and #11. Thou Shalt Wear Turtle Neck Sweaters During The Cold And Flu Season."
4530,0,0,18,18,1.0,0.05716619504750295,581,YOU MAY OR YOU MAY NOT.
4530,0,0,17,17,1.0,0.06063390625908324,581,thou shalt not covet thy neighbor's knitwear
4530,0,0,17,17,1.0,0.06063390625908324,581,"I'm not real, but take this if it makes you feel better."
4530,0,0,17,17,1.0,0.06063390625908324,581,# 11 - Do not covet thy neighbor's hoodie.
4530,0,0,17,17,1.0,0.06063390625908324,581,It'll be a cold day in hell before anyone follows those commandments. Put this on and pray!
4530,0,0,17,17,1.0,0.06063390625908324,581,It's cold up here. Take this to cover yourself and the Mosaic tablets.
4530,0,0,17,17,1.0,0.06063390625908324,581,"Thank you, God, for Amazon Prime jacket. These iPads are cold as Hell."
4530,0,0,17,17,1.0,0.06063390625908324,581,"Here, take this, it gets chilly at night in the desert."
4530,0,0,17,17,1.0,0.06063390625908324,581,"And one more thing, Thou shall keep warm!"
4530,0,0,17,17,1.0,0.06063390625908324,581,"Here, wear something warm before you kill yourself."
4530,0,0,17,17,1.0,0.06063390625908324,581,They may be more agreeable if you wear this to cover up your stiff neck.
4530,0,0,17,17,1.0,0.06063390625908324,581,I'm not stone cold yet!
4530,0,0,17,17,1.0,0.06063390625908324,581,"CANADA, not Canaan"
4530,0,0,17,17,1.0,0.06063390625908324,581,Um...I called no trade-backs.
4530,0,0,17,17,1.0,0.06063390625908324,581,"Put this on, or you'll catch your Death and Transfiguration"
4530,0,0,17,17,1.0,0.06063390625908324,581,"Oh, and your grandmother says to ""put on this sweater, you'll catch pneumonia shlepping around in that outfit!"""
4530,0,0,17,17,1.0,0.06063390625908324,581,"First, have no source of warmth before this."
4530,0,0,17,17,1.0,0.06063390625908324,581,Here. Put this on and go north. They need them more.
4530,0,0,17,17,1.0,0.06063390625908324,581,"Thou shall not go out looking like that. Put this on, it's cold."
4530,0,0,17,17,1.0,0.06063390625908324,581,Heaven Prime
4530,0,0,17,17,1.0,0.06063390625908324,581,"It's okay, but what about the free medical, dental, vision -- and foosball table -- we were promised?"
4530,0,0,17,17,1.0,0.06063390625908324,581,Thou shall always remember to wear your coat or you will catch pneumonia.
4530,0,0,17,17,1.0,0.06063390625908324,581,"Now you know Moses, God is a woman."
4530,0,0,17,17,1.0,0.06063390625908324,581,You forgot to bring David's hoodie
4530,0,0,17,17,1.0,0.06063390625908324,581,""" Now, this is really miraculous Moe; found it online, next to the coats of all colors and in your size no less!'"
4530,0,0,17,17,1.0,0.06063390625908324,581,"It's all wool, exlg; delivered right to my gate via amazon.com"
4530,0,0,17,17,1.0,0.06063390625908324,581,"For Christ's sake, Moses, put this sweater on before you catch our death of cold."
4530,0,0,17,17,1.0,0.06063390625908324,581,"To be clear, you can [italicized]covet fleece, but all returns shall be made within 60 days and nights"
4530,0,0,17,17,1.0,0.06063390625908324,581,It's body armor. You might need it.
4530,0,0,17,17,1.0,0.06063390625908324,581,Don't push it.
4530,0,0,17,17,1.0,0.06063390625908324,581,Number eleven: listen to your bubbe and put this on.
4530,0,0,17,17,1.0,0.06063390625908324,581,"Here's another ""one size fits all""."
4530,0,0,17,17,1.0,0.06063390625908324,581,Mrs. Moses has Amazon Prime Celestial deliver a warm sweater to her chilly hubby on the mountain top.
4530,0,0,17,17,1.0,0.06063390625908324,581,It must be the weather up there!
4530,0,0,17,17,1.0,0.06063390625908324,581,"No thanks Lord, I'm going south for spring break this year."
4530,0,0,17,17,1.0,0.06063390625908324,581,``Come on. L.L. Bean for two tablets. It's a no brainer.''
4530,0,0,17,17,1.0,0.06063390625908324,581,I didn't think I needed to mention global warming.
4530,0,0,17,17,1.0,0.06063390625908324,581,"11th commandment, keep your clothes on when going outdoors."
4530,0,0,17,17,1.0,0.06063390625908324,581,"11th Commandment: No baja hoodies, way passé."
4530,0,0,17,17,1.0,0.06063390625908324,581,Thou shalt knit a gauge swatch before each project.
4530,0,0,17,17,1.0,0.06063390625908324,581,It's going to be a tough sell. Cosby suggested wearing this.
4530,0,0,17,17,1.0,0.06063390625908324,581,"Oh, and your mother says thou shalt not go to the Promised Land without the sweater I made for your birthday. Mountain air can be very bad for your asthma.."
4530,0,0,17,17,1.0,0.06063390625908324,581,A hoody might make them more acceptable.
4530,0,0,17,17,1.0,0.06063390625908324,581,The tablets are warrantied for three millennia. Looks like you could use a new hoodie.
4530,0,0,17,17,1.0,0.06063390625908324,581,If I was a woman I'd be handing you a pair of galoshes.
4530,0,0,17,17,1.0,0.06063390625908324,581,"Is that my neighbor's super hot wife's hoodie? Oh my God, I would steal or even kill for a coat like that, even if my father said I can't have one. Actually I am pretty sure my neighbor did kill to get that coat."
4530,0,0,17,17,1.0,0.06063390625908324,581,Didn't these come with a messenger bag?
4530,0,0,17,17,1.0,0.06063390625908324,581,"Thou shalt also wear this dope-ass hoodie, just in case the tablets seem a bit formal."
4530,0,0,17,17,1.0,0.06063390625908324,581,"Thou shalt not covet thy neighbors favorite merino wool sweater, either."
4530,0,0,17,17,1.0,0.06063390625908324,581,The mittens will be coming by Calf Express.
4530,0,0,17,17,1.0,0.06063390625908324,581,"Wait! I nearly forgot the Eleventh, which is really more of a Suggestion: Would it hurt you to put on a sweater?"
4530,0,0,17,17,1.0,0.06063390625908324,581,It's your color and it was on sale.
4530,0,0,17,17,1.0,0.06063390625908324,581,Commandment Eleven: Thou shalt layer sufficiently
4530,0,0,17,17,1.0,0.06063390625908324,581,Number Eleven. Thou shall wear a hoodie.
4530,0,0,17,17,1.0,0.06063390625908324,581,Our Mother Who Art In Heaven
4530,0,0,17,17,1.0,0.06063390625908324,581,How many times do I have to tell you...take your sweater!
4530,0,0,17,17,1.0,0.06063390625908324,581,YOU NEVER LISTEN ! I ASKED FOR A LITTLE WARM WEATHER !
4530,0,0,17,17,1.0,0.06063390625908324,581,"From the L.L. Bean Wilderness Collection-trust me, you'll need it."
4530,0,0,17,17,1.0,0.06063390625908324,581,And finally bricks and mortar retailing will continue to exist
4530,0,0,17,17,1.0,0.06063390625908324,581,"With all due respect, Sir, I could really use one with ten pockets."
4530,0,0,17,17,1.0,0.06063390625908324,581,"Oh God, handed a hoodie. Now what?"
4530,0,0,17,17,1.0,0.06063390625908324,581,And this is my best-seller!
4530,0,0,17,17,1.0,0.06063390625908324,581,I also knitted you a sweater
4530,0,0,17,17,1.0,0.06063390625908324,581,You might need this. Hell will be freezing over.
4530,0,0,17,17,1.0,0.06063390625908324,581,"""This used to belong to the last guy that pissed me off"" (optional: ""with too many demands"") - editor's discretion"
4530,0,0,17,17,1.0,0.06063390625908324,581,And the 11th commandment: thou shalt wear a sweater outside
4530,0,0,17,17,1.0,0.06063390625908324,581,"Take this, it's going to get cold later"
4530,0,0,17,17,1.0,0.06063390625908324,581,I shalt not take hand me downs.
4530,0,0,17,17,1.0,0.06063390625908324,581,"Bubby says wear a sweater, it could get drafty after I go!"
4530,0,0,17,17,1.0,0.06063390625908324,581,"Parting the Sea, will be more challenging where you're going. You've been transferred!"
4530,0,0,17,17,1.0,0.06063390625908324,581,"Geez, I thought the reward would be a Christmas sweater!"
4530,0,0,17,17,1.0,0.06063390625908324,581,"Thanks for the sweater, Moses, but it's not really my size."
4530,0,0,17,17,1.0,0.06063390625908324,581,Here. You're sniffling.
4530,0,0,17,17,1.0,0.06063390625908324,581,"No, I had a hat."
4530,0,0,17,17,1.0,0.06063390625908324,581,I'm gonna make it snow and see how they react.
4530,0,0,17,17,1.0,0.06063390625908324,581,Thou shalt not mock this turtleneck.
4530,0,0,18,18,1.0,0.05716619504750295,581,"i forgot the 11th commandment that you ""shall be warm and dry"""
4530,0,0,17,17,1.0,0.06063390625908324,581,"And, since your reception won't be completely warm..."
4530,0,0,17,17,1.0,0.06063390625908324,581,Here...it'll be a cold day in you-know-where before they listen to what you're saying.
4530,0,0,17,17,1.0,0.06063390625908324,581,I will trade you this sweater for those tablets
4530,0,0,17,17,1.0,0.06063390625908324,581,So your mother in law will stop complaining about the draft.
4530,0,0,17,17,1.0,0.06063390625908324,581,"Listen to your mother, it's cold out."
4530,0,0,17,17,1.0,0.06063390625908324,581,"You always forget ""Thy shall not get cold""."
4530,0,0,17,17,1.0,0.06063390625908324,581,You may return the item for a full refund in 40 years.
4530,0,0,17,17,1.0,0.06063390625908324,581,Tho shalt knit not
4530,0,0,17,17,1.0,0.06063390625908324,581,"It’s more than a little bit chilly on the mountaintop, Joseph. The 11th commandment, therefore, will be “WEAR THIS SWEATER.”"
4530,0,0,17,17,1.0,0.06063390625908324,581,You'll need this for your first day at Google
4530,0,0,17,17,1.0,0.06063390625908324,581,You accept competitor coupons?
4530,0,0,17,17,1.0,0.06063390625908324,581,"So, you think ""Thou shalt knit"" just doesn't fit?"
4530,0,0,17,17,1.0,0.06063390625908324,581,Thou shalt check the gauge of every knitted garment.
4530,0,0,17,17,1.0,0.06063390625908324,581,Better take it- you might need street cred when you pitch these commandments.
4530,0,0,17,17,1.0,0.06063390625908324,581,"Yes, knitting also brings people together."
4530,0,0,17,17,1.0,0.06063390625908324,581,What? I didn't hear that. Thou shalt stop global warming? What is that?
4530,0,0,18,18,1.0,0.05716619504750295,581,I've kept the receipt in case a return is necessary.
4530,0,0,17,17,1.0,0.06063390625908324,581,Honouring thy grandmother is implied.
4530,0,0,17,17,1.0,0.06063390625908324,581,"I'm getting a little cold, so could you put this on?"
4530,0,0,17,17,1.0,0.06063390625908324,581,"Lately, they've been giving me the 'cold shoulder'."
4530,0,0,17,17,1.0,0.06063390625908324,581,And last but not least...everyone has to wear an ugly sweater to my birthday party!
4530,0,0,17,17,1.0,0.06063390625908324,581,"But wait, here's more! Get this fabulous faux fur coat for just $129.99 and walk away with a second for half off!"
4530,0,0,17,17,1.0,0.06063390625908324,581,"No, I didn't say ""Part the sea."" What I said was, ""This is a parka. See?"""
4530,0,0,17,17,1.0,0.06063390625908324,581,"As a sign of our covenant, all males must wear a scratchy turtleneck sweater, unless you have a better suggestion."
4530,0,0,17,17,1.0,0.06063390625908324,581,All the angels think I'm a real card. Merry Christmas!
4530,0,0,17,17,1.0,0.06063390625908324,581,"I said I needed a knapsack, not a turtleneck!"
4530,0,0,17,17,1.0,0.06063390625908324,581,"And, yes, tell them they are feeling a draft."
4530,0,0,18,18,1.0,0.05716619504750295,581,And.... thou shalt not catch cold by underdressing!
4530,0,0,17,17,1.0,0.06063390625908324,581,"Do you have something more ""business formal?"""
4530,0,0,17,17,1.0,0.06063390625908324,581,"One last thing Moses, make sure this finds its way to Jesus, who will pass it on to Yeezus."
4530,0,0,17,17,1.0,0.06063390625908324,581,"i hear it's cold way down there ?, crazy cold way down there ?"
4530,0,0,17,17,1.0,0.06063390625908324,581,"I could use some help with these heavy tablets, not a sweater."
4530,0,0,17,17,1.0,0.06063390625908324,581,"Now, you know they aren't going to believe you - a hoodie might increase your street cred."
4530,0,0,17,17,1.0,0.06063390625908324,581,Eve says she'll feel better if you wear this sweater.
4530,0,0,17,17,1.0,0.06063390625908324,581,Amazon prime has you working for them too?
4530,0,0,17,17,1.0,0.06063390625908324,581,It's bulletproof. Even now the NRA is gathering strength.
4530,0,0,17,17,1.0,0.06063390625908324,581,Wear this and create ten captions.
4530,0,0,17,17,1.0,0.06063390625908324,581,...and here's another hand-me-down I want you to have.
4530,0,0,17,17,1.0,0.06063390625908324,581,And this shalt thou call the parka of the covenant.
4530,0,0,17,17,1.0,0.06063390625908324,581,"Moses, it gets cold this high up on the mountain. Here is a sweater for you."
4530,0,0,17,17,1.0,0.06063390625908324,581,Swipe or chip?
4530,0,0,17,17,1.0,0.06063390625908324,581,The desert can get very cold at night.
4530,0,0,17,17,1.0,0.06063390625908324,581,"I don't care who you are, I don't pay retail."
4530,0,0,17,17,1.0,0.06063390625908324,581,"X commandments, OK, but in sweaters I take an XL."
4530,0,0,17,17,1.0,0.06063390625908324,581,Because it's perfectly okay to cover thy neighbor's wife. (Note: Meant to italicize the word 'cover' but having trouble with my IPad's BIU button).
4530,0,0,17,17,1.0,0.06063390625908324,581,I haven't damned anybody yet but you can show them what darned looks like.
4530,0,0,17,17,1.0,0.06063390625908324,581,It's not a hoax
4530,0,0,17,17,1.0,0.06063390625908324,581,The Eleventh Commandment: Wear a sweater so you shouldn't catch a chill.
4530,0,0,17,17,1.0,0.06063390625908324,581,Moses. Thou shalt not scale Sinai without thy Parka
4530,0,0,17,17,1.0,0.06063390625908324,581,"Ok...got it! Great work, they're going to love this! And lastly, tell Noah to construct a.......you said...""boat"", right?"
4530,0,0,17,17,1.0,0.06063390625908324,581,This ugly holiday sweater is a sin!
4530,0,0,17,17,1.0,0.06063390625908324,581,Oh Come on! What are the odds a siege happens by day?
4530,0,0,18,18,1.0,0.05716619504750295,581,"11. Wear a sweater, that cardigan makes you look old!"
4530,0,0,17,17,1.0,0.06063390625908324,581,Nobody will take you seriously if you are dressed like a slob.
4530,0,0,17,17,1.0,0.06063390625908324,581,"Trust me, the weather is going to get a little rough."
4530,0,0,17,17,1.0,0.06063390625908324,581,hahaha no that’s just my big fat fingers—unfortunately this sweater does not come with the butthole neckline
4530,0,0,17,17,1.0,0.06063390625908324,581,Do you think anyone in my Salvation Army would want this hand-of-God-me-down?
4530,0,0,17,17,1.0,0.06063390625908324,581,Number eleven: 'Thou shalt not dress for work in pajamas.'
4530,0,0,17,17,1.0,0.06063390625908324,581,I'm cold. You need to put on a sweater.
4530,0,0,17,17,1.0,0.06063390625908324,581,"Oops, one more ...Thou shalt be fashion-forward."
4530,0,0,17,17,1.0,0.06063390625908324,581,Thou shalt not wear the same outfit every day.
4530,0,0,17,17,1.0,0.06063390625908324,581,It's what all the kids are wearing at the golden calf rave.
4530,0,0,17,17,1.0,0.06063390625908324,581,It all becomes material before long.
4530,0,0,17,17,1.0,0.06063390625908324,581,I hope it was on sale.
4530,0,0,17,17,1.0,0.06063390625908324,581,"Omniscient, my ass! The Israelites already bought me that for my birthday."
4530,0,0,17,17,1.0,0.06063390625908324,581,The ten commandments of fall fashion.
4530,0,0,17,17,1.0,0.06063390625908324,581,You are faster than Amazon.
4530,0,0,17,17,1.0,0.06063390625908324,581,I forgot one: Never leave home without your sweater.
4530,0,0,18,18,1.0,0.05716619504750295,581,Thou shalt not kill... but thou SHALT kill it in this sweater.
4530,0,0,17,17,1.0,0.06063390625908324,581,It's frozen over.
4530,0,0,17,17,1.0,0.06063390625908324,581,"Thou shalt heed Commandment 11: When speaking for the Lord, look sharp!"
4530,0,0,17,17,1.0,0.06063390625908324,581,And now for the final and most important commandment --- thou shalt always be fashion forward!!
4530,0,0,17,17,1.0,0.06063390625908324,581,Don't forget your souvenir hoodie - 'I've Been to the Mount' is inscribed on the back.
4530,0,0,17,17,1.0,0.06063390625908324,581,"............And number 11, Thou shalt wear cashmere ."
4530,0,0,17,17,1.0,0.06063390625908324,581,"Oh, and thou shall give a full refund, not just store credit."
4530,0,0,17,17,1.0,0.06063390625908324,581,No polyfibers.
4530,0,0,17,17,1.0,0.06063390625908324,581,"Commandments are out of style, try warm and fuzzy."
4530,0,0,17,17,1.0,0.06063390625908324,581,Make sure you give this to lil' Moses as we missed him last tear.
4530,0,0,17,17,1.0,0.06063390625908324,581,11. Thou shalt not catch a cold.
4530,0,0,17,17,1.0,0.06063390625908324,581,"Believe or not, one day your stuff will be sold in Sweden, too!"
4530,0,0,17,17,1.0,0.06063390625908324,581,Good God !! Your'er my mother !
4530,0,0,17,17,1.0,0.06063390625908324,581,They need to covet? Let them covet this.
4530,0,0,17,17,1.0,0.06063390625908324,581,Holy Moley how can I trust you with the Commandments if you can't even remember your stupid sweater and what's with this golden calf WTF I have a good mind to smite all of you I should have chosen Aaron he's much smarter and another thing...
4530,0,0,17,17,1.0,0.06063390625908324,581,This comes as a package deal with the tablets.
4530,0,0,17,17,1.0,0.06063390625908324,581,WEATHER! WEATHER! WEATHER!
4530,0,0,17,17,1.0,0.06063390625908324,581,"Knit. I said, “thou shalt knit” - you’re just so negative; it’s like you have a persecution complex."
4530,0,0,17,17,1.0,0.06063390625908324,581,"Coat of many colors? No Joseph here, the name is Moses."
4530,0,0,17,17,1.0,0.06063390625908324,581,Does this also come in 10 sizes?
4530,0,0,17,17,1.0,0.06063390625908324,581,Moshe! Enough with the tablets! Now put on your sweater before you catch pneumonia!
4530,0,0,17,17,1.0,0.06063390625908324,581,"May they pry them from your warm, dead hands!"
4530,0,0,17,17,1.0,0.06063390625908324,581,XI. Thou shalt wear something akin to this àpres-ski.
4530,0,0,17,17,1.0,0.06063390625908324,581,"Oh, I almost forgot, THOUGH SHALT SPARE THE AIR."
4530,0,0,17,17,1.0,0.06063390625908324,581,It's about your wardrobe.
4530,0,0,17,17,1.0,0.06063390625908324,581,Joe sent this.
4530,0,0,17,17,1.0,0.06063390625908324,581,Your mother said to wear this for the trip back down the mountain.
4530,0,0,17,17,1.0,0.06063390625908324,581,The eleventh commandment: 'Thou shalt listen to thy mother!'
4530,0,0,17,17,1.0,0.06063390625908324,581,"The Prez says, ""Put them down...winter is here."""
4530,0,0,17,17,1.0,0.06063390625908324,581,My wife knit this for you.
4530,0,0,17,17,1.0,0.06063390625908324,581,Thank God they do priority air.
4530,0,0,17,17,1.0,0.06063390625908324,581,Would you rather spend 40 years wandering the Antarctic?
4530,0,0,17,17,1.0,0.06063390625908324,581,"I understand global warning isn't due for 3500 years, so right now you'll need this!"
4530,0,0,17,17,1.0,0.06063390625908324,581,"Last but not least, thou shalt wear layers."
4530,0,0,17,17,1.0,0.06063390625908324,581,"Monday, wear the sweater to school."
4530,0,0,17,17,1.0,0.06063390625908324,581,"It's Alpaca, your favorite."
4530,0,0,17,17,1.0,0.06063390625908324,581,How am I supposed to tell him the stripes and hoodie are not my thing!
4530,0,0,17,17,1.0,0.06063390625908324,581,"Put on a sweater, I don't want you should catch cold."
4530,0,0,17,17,1.0,0.06063390625908324,581,Here's your ugly sweater for the Christmas party.
4530,0,0,17,17,1.0,0.06063390625908324,581,Wow! Soft copy of Commandments should be MUCH lighter...!!
4530,0,0,17,17,1.0,0.06063390625908324,581,Thou shalt not deal with a light breeze.
4530,0,0,17,17,1.0,0.06063390625908324,581,"Don't forget ""thou shalt wear a sensible coat."""
4530,0,0,17,17,1.0,0.06063390625908324,581,This is to protect you from nuclear winter.
4530,0,0,17,17,1.0,0.06063390625908324,581,"Here, how about some warm hearted messages for a change."
4530,0,0,17,17,1.0,0.06063390625908324,581,Or you could have this cute hoodie...
4530,0,0,17,17,1.0,0.06063390625908324,581,It will soften your holier-than-thou appearance.
4530,0,0,17,17,1.0,0.06063390625908324,581,The unwritten rule---i can make a living in the garment industry?
4530,0,0,17,17,1.0,0.06063390625908324,581,HERE! Whats happening now is not of my doing.
4530,0,0,17,17,1.0,0.06063390625908324,581,Oh ... one more ... thou shalt wear a cotton blend hoodie with Bluetooth technology.
4530,0,0,17,17,1.0,0.06063390625908324,581,The workmanship is Supreme.
4530,0,0,17,17,1.0,0.06063390625908324,581,"It's just not my style."""
4530,0,0,17,17,1.0,0.06063390625908324,581,No. 11 - Thou Shall knit.
4530,0,0,17,17,1.0,0.06063390625908324,581,You're tired of the desert?
4530,0,0,17,17,1.0,0.06063390625908324,581,Thou shalt keep warm.
4530,0,0,17,17,1.0,0.06063390625908324,581,And the 11th commandment: Thou shalt not shiver.
4530,0,0,17,17,1.0,0.06063390625908324,581,"And, so it shouldn't be a total waste of time..."
4530,0,0,17,17,1.0,0.06063390625908324,581,If it was God the Mother instead of God the Father.
4530,0,0,17,17,1.0,0.06063390625908324,581,"No, Lucifer won't be needing it."
4530,0,0,17,17,1.0,0.06063390625908324,581,Here Moses. It could get cold on Mount Sinai.
4530,0,0,17,17,1.0,0.06063390625908324,581,Thou shalt not wear ugly sweaters!
4530,0,0,17,17,1.0,0.06063390625908324,581,Try our new cashmere sweater - it feels softer than the clouds!
4530,0,0,17,17,1.0,0.06063390625908324,581,"Stay warm, take two tablets and call me in the morning."
4530,0,0,17,17,1.0,0.06063390625908324,581,Here are my rules for all people to live by for eternity. And don't forget a sweater.
4530,0,0,17,17,1.0,0.06063390625908324,581,Thou shalt not covet thy neighbor's sweater.
4530,0,0,17,17,1.0,0.06063390625908324,581,Be the first to try our winter collection!
4530,0,0,17,17,1.0,0.06063390625908324,581,"I prayed for a tote, not a coat."
4530,0,0,17,17,1.0,0.06063390625908324,581,The thug life chooses you.
4530,0,0,17,17,1.0,0.06063390625908324,581,I know he's already talked to you about climate change but Mother knows best.
4530,0,0,17,17,1.0,0.06063390625908324,581,"Take this. You might catch a cold, and I haven't created chicken soup yet!"
4530,0,0,17,17,1.0,0.06063390625908324,581,Also Moses..Thou shall not leave thy house without a sweater.
4530,0,0,17,17,1.0,0.06063390625908324,581,"I am grateful for thy offering, Moses. Does it come in extra large?"
4530,0,0,17,17,1.0,0.06063390625908324,581,"Take it, seriously, I'm done having kids."
4530,0,0,17,17,1.0,0.06063390625908324,581,Lead your people to the land of milk and hoodies
4530,0,0,17,17,1.0,0.06063390625908324,581,"Here, I made knitting optional."
4530,0,0,17,17,1.0,0.06063390625908324,581,You do have shoes that match?
4530,0,0,17,17,1.0,0.06063390625908324,581,"Oh my me, you're going to look amazing in this."
4530,0,0,17,17,1.0,0.06063390625908324,581,The stripes made me look fat. Back it goes.
4530,0,0,17,17,1.0,0.06063390625908324,581,Another sweater ? We need a compass.
4530,0,0,17,17,1.0,0.06063390625908324,581,"Oh, by the way, wear this when global warming starts."
4530,0,0,17,17,1.0,0.06063390625908324,581,"Enough with our lesson, there's a chill. Put this on, Moses."
4530,0,0,17,17,1.0,0.06063390625908324,581,You'll look like a perfect ten.
4530,0,0,18,18,1.0,0.05716619504750295,581,"You've never been a good listener. I said 'Promised Land,' not 'Lands' End.'"
4530,0,0,17,17,1.0,0.06063390625908324,581,Buy your garments on the second mark-down.
4530,0,0,17,17,1.0,0.06063390625908324,581,"I got the idea after seeing that ""one size fits all"" promo."
4530,0,0,17,17,1.0,0.06063390625908324,581,Thou shalt not covet thy neighbor's wife while looking lame.
4530,0,0,17,17,1.0,0.06063390625908324,581,"You're going to like the way you look, I guarantee it..."
4530,0,0,17,17,1.0,0.06063390625908324,581,Thou shall catch a cold dressed like that.
4530,0,0,17,17,1.0,0.06063390625908324,581,How about NO UGLY CHRISTMAS SWEATERS?
4530,0,0,17,17,1.0,0.06063390625908324,581,"Here, I've outgrown this amazing technicolor dreampullover I created."
4530,0,0,17,17,1.0,0.06063390625908324,581,All tablet orders come with free 40 year shipping.
4530,0,0,17,17,1.0,0.06063390625908324,581,Mom insists you wear this before you catch pneumonia!
4530,0,0,17,17,1.0,0.06063390625908324,581,The Oslo peacemakers are sending you a gift.
4530,0,0,17,17,1.0,0.06063390625908324,581,Yoink! Sorry Moses can I try this latest Ralph Lauren? It's divine!
4530,0,0,17,17,1.0,0.06063390625908324,581,Thou shalt attend the ugly sweater party.
4530,0,0,17,17,1.0,0.06063390625908324,581,"If it doesn't fit, you can always return it."
4530,0,0,17,17,1.0,0.06063390625908324,581,And here is our free jacket for opting for 10 rather than 5 commandments.
4530,0,0,18,18,1.0,0.05716619504750295,581,"Here. So you don't covet your neighbor's, here's one of your own."
4530,0,0,17,17,1.0,0.06063390625908324,581,Your Godmother worries about you being cold during your trip to the Promised Land.
4530,0,0,17,17,1.0,0.06063390625908324,581,"""It's a hoodie to keep the chill off. Do I have to be your Lord and taylor too?"
4530,0,0,17,17,1.0,0.06063390625908324,581,You can't knit a sweater without a few Nots...use that line wearing this as an ice breaker before getting into the heavy stuff.
4530,0,0,17,17,1.0,0.06063390625908324,581,It's suitable for both sexes.
4530,0,0,17,17,1.0,0.06063390625908324,581,"Please excuse the wear, it's 40 years old."
4530,0,0,18,18,1.0,0.05716619504750295,581,And here's the eleventh commandment.
4530,0,0,17,17,1.0,0.06063390625908324,581,"And after you've read them the commandments, please make a plug for my new Etsy shop."
4530,0,0,17,17,1.0,0.06063390625908324,581,"Thanks for the commandments, but I've got to say no to the sweater."
4530,0,0,17,17,1.0,0.06063390625908324,581,"Enough of these pop-up ads, already."
4530,0,0,17,17,1.0,0.06063390625908324,581,Yes...and eleven. Thou shalt not forget thy sweater.
4530,0,0,17,17,1.0,0.06063390625908324,581,I KNOW you're never home! So look - a got a little something for the kids.
4530,0,0,17,17,1.0,0.06063390625908324,581,"Then God, in his glory, showed Moses what the future held."
4530,0,0,17,17,1.0,0.06063390625908324,581,"You said, ""sweater weather,"" but this is a little much."
4530,0,0,17,17,1.0,0.06063390625908324,581,Ralph Lauren is on the next mountain top.
4530,0,0,17,17,1.0,0.06063390625908324,581,does that makes me gifted?
4530,0,0,18,18,1.0,0.05716619504750295,581,"Oh, and this will help with the reception you're going to get down there."
4530,0,0,17,17,1.0,0.06063390625908324,581,"Hey you, winter is coming."
4530,0,0,17,17,1.0,0.06063390625908324,581,And Thou Shalt Always Re-Gift!
4530,0,0,17,17,1.0,0.06063390625908324,581,Just in case they get cold
4530,0,0,17,17,1.0,0.06063390625908324,581,Lose the tablets and put on the goodie goodie hoodie hoodie.
4530,0,0,17,17,1.0,0.06063390625908324,581,Number eleven: Thou shall never throw out the sweaters your mother has given you.
4530,0,0,17,17,1.0,0.06063390625908324,581,Put on this 100% synthetic sweater and you will be safe while telling the people my commandments.
4530,0,0,18,18,1.0,0.05716619504750295,581,"Mo, dollink if you wanna be a success, you gotta dress for success."
4530,0,0,17,17,1.0,0.06063390625908324,581,You are commanded to honor your mother...and she asked me to give you this.
4530,0,0,17,17,1.0,0.06063390625908324,581,"Sorry, your mother insisted that you wear this so you don't catch cold."
4530,0,0,17,17,1.0,0.06063390625908324,581,Thou shalt not wash wool in hot water.
4530,0,0,17,17,1.0,0.06063390625908324,581,I am God not a weatherman!
4530,0,0,17,17,1.0,0.06063390625908324,581,Sorry Moses. It IS a cold day in hell!
4530,0,0,17,17,1.0,0.06063390625908324,581,Thou shalt not return or exchange.
4530,0,0,17,17,1.0,0.06063390625908324,581,"Unless it's in writing, I refuse to wear that."
4530,0,0,17,17,1.0,0.06063390625908324,581,Let this be a reminder that you are not the most reviled among my peoples.
4530,0,0,17,17,1.0,0.06063390625908324,581,"Moises, please, put on the sweater, you're going to catch a death of a cold. Do it for me."
4530,0,0,17,17,1.0,0.06063390625908324,581,And see what you can get for this--I don't know what I was thinking when I made it.
4530,0,0,17,17,1.0,0.06063390625908324,581,Could you drop this off at lost and found?
4530,0,0,17,17,1.0,0.06063390625908324,581,"No, I said I am holy, not my sweater."
4530,0,0,17,17,1.0,0.06063390625908324,581,Thou shalt not kill people in hoodies
4530,0,0,17,17,1.0,0.06063390625908324,581,Bundle up. It's going to be a bumpy ride.
4530,0,0,17,17,1.0,0.06063390625908324,581,#11? Thou shall what? Parka up?
4530,0,0,17,17,1.0,0.06063390625908324,581,It's part of our new Prophet line.
4530,0,0,18,18,1.0,0.05716619504750295,581,Oh--almost forgot: Thou shalt wear this with skinny jeans.
4530,0,0,17,17,1.0,0.06063390625908324,581,"Great idea, Lord. Anyone who obeys all Ten Commandments for a year gets a free Heavenly Hoodie."
4530,0,0,17,17,1.0,0.06063390625908324,581,"Yes! Of course, it's 100% wool. No linen. Who do you think you're talking to here?"
4530,0,0,17,17,1.0,0.06063390625908324,581,"Dude, are you for real?"
4530,0,0,17,17,1.0,0.06063390625908324,581,"..and at a million subscribers, you'll get your name in a holy text."
4530,0,0,17,17,1.0,0.06063390625908324,581,You will need this. It is over 2000 years before he is president.
4530,0,0,17,17,1.0,0.06063390625908324,581,Your Mom is upset that your left home without this.
4530,0,0,17,17,1.0,0.06063390625908324,581,"Because there wasn't room for ""A cold wind's a-gonna blow"". Now put it on!"
4530,0,0,17,17,1.0,0.06063390625908324,581,"I'm calling it an Eclipse, so put this on."
4530,0,0,17,17,1.0,0.06063390625908324,581,There will be a solar eclipse in about an hour. You might want to put this on.
4530,0,0,17,17,1.0,0.06063390625908324,581,Quick addendum: Thou shalt not wear white after Labor Day.
4530,0,0,17,17,1.0,0.06063390625908324,581,Thou shall not wear drab clothing!
4530,0,0,17,17,1.0,0.06063390625908324,581,And 11 son. Thou shall not . . . well you know . . . winter is coming.
4530,0,0,17,17,1.0,0.06063390625908324,581,There's an ungodly winter storm on the way.
4530,0,0,17,17,1.0,0.06063390625908324,581,"You want me, Lord, to b-b-b-block the sleeves?"
4530,0,0,17,17,1.0,0.06063390625908324,581,The wilderness can get cold at night.
4530,0,0,17,17,1.0,0.06063390625908324,581,Now with this plus some mana you'll be all set for your adventure.
4530,0,0,17,17,1.0,0.06063390625908324,581,"...and thou shalt remember thy Amazon Prime account, to keep it active."
4530,0,0,17,17,1.0,0.06063390625908324,581,"Time to lose the robe, Moses ... Thou shalt be reasonably stylish."
4530,0,0,17,17,1.0,0.06063390625908324,581,Uneasy lies the butt that rests in the hammock.
4530,0,0,17,17,1.0,0.06063390625908324,581,I can see your nipples through your gown.
4530,0,0,17,17,1.0,0.06063390625908324,581,Thou shall not knit.
4530,0,0,17,17,1.0,0.06063390625908324,581,Divine fashion advice...
4530,0,0,17,17,1.0,0.06063390625908324,581,Thou shalt dress for the weather.
4530,0,0,17,17,1.0,0.06063390625908324,581,It can be chilly on the Mount
4530,0,0,17,17,1.0,0.06063390625908324,581,I shall call it Glamping.
4530,0,0,17,17,1.0,0.06063390625908324,581,"Wrap the tablets in this sweater, Moses, so if you drop them, they will not break."
4530,0,0,17,17,1.0,0.06063390625908324,581,One more thing: take this stone-proof jacket just in case.
4530,0,0,17,17,1.0,0.06063390625908324,581,Thou shall not be cold.
4530,0,0,17,17,1.0,0.06063390625908324,581,"Well, Moses- looks like someone didn't Noah not to put my sweater in the dryer."
4530,0,0,17,17,1.0,0.06063390625908324,581,Just in case you're up there all winter.
4530,0,0,17,17,1.0,0.06063390625908324,581,Ok---as for #11...
4530,0,0,17,17,1.0,0.06063390625908324,581,"Here, I predict you're going to get a cold reception."
4530,0,0,17,17,1.0,0.06063390625908324,581,You're scheduled for Finland tomorrow.
4530,0,0,17,17,1.0,0.06063390625908324,581,There is more than just desert in the promised land.
4530,0,0,17,17,1.0,0.06063390625908324,581,"You are not worthy, I will come right back for the tablets."
4530,0,0,17,17,1.0,0.06063390625908324,581,"Oh, look how you're shivering, your hands must be so cold from holding the Ten Commandments. Put this on, warm up, and let's talk."
4530,0,0,17,17,1.0,0.06063390625908324,581,"Oh, and Mo', put this on before you read the last one, ok?"
4530,0,0,17,17,1.0,0.06063390625908324,581,You're going to need an XXXXXXXXXX-L
4530,0,0,17,17,1.0,0.06063390625908324,581,Thou shalt wear this sweater your mother worked so hard to knit for you.
4530,0,0,17,17,1.0,0.06063390625908324,581,Thou shalt wear thy lord's sweater.
4530,0,0,17,17,1.0,0.06063390625908324,581,Thou shall not wear white after Labor Day
4530,0,0,17,17,1.0,0.06063390625908324,581,"And, finally, thou shalt not wear this parka out of season."
4530,0,0,17,17,1.0,0.06063390625908324,581,Thou shalt keep warm at all times.
4530,0,0,17,17,1.0,0.06063390625908324,581,Thou shall dress like a hipster.
4530,0,0,17,17,1.0,0.06063390625908324,581,"Stone tablets are a fashion-yes, this parka is a fashion-no. It isn't 2304 BC anymore, Moses."
4530,0,0,17,17,1.0,0.06063390625908324,581,Am I in The Book of Job?
4530,0,0,17,17,1.0,0.06063390625908324,581,"Moses, take this for the cold reception you'll be getting."
4530,0,0,17,17,1.0,0.06063390625908324,581,This is to cover my mistakes on the male body.
4530,0,0,17,17,1.0,0.06063390625908324,581,"Put this on. I'll come back tomorrow with an answer. Probably only need to keep one of those tablets, 10 commandments sounds better than 20."
4530,0,0,17,17,1.0,0.06063390625908324,581,"I know you're in the middle of something but just feel it, it's modal!"
4530,0,0,17,17,1.0,0.06063390625908324,581,Just try it. I knit it myself and remember the Sixth.
4530,0,0,17,17,1.0,0.06063390625908324,581,If you catch your death of colds there won't be any more Jews.
4530,0,0,17,17,1.0,0.06063390625908324,581,No shipping charge and free returns!
4530,0,0,17,17,1.0,0.06063390625908324,581,Fashion is my true calling.
4530,0,0,17,17,1.0,0.06063390625908324,581,Oh-and this is from your Heavenly Mother. She's cold.
4530,0,0,17,17,1.0,0.06063390625908324,581,The Ten Commandments ain't what they used to be.
4530,0,0,17,17,1.0,0.06063390625908324,581,It's small but it's the thought that counts.
4530,0,0,17,17,1.0,0.06063390625908324,581,The marketing team says people are much more receptive to someone wearing a sweater.
4530,0,0,17,17,1.0,0.06063390625908324,581,"I'm having a little difficulty coming up with the last five, so put this on, not to brag....... but I made it myself."
4530,0,0,17,17,1.0,0.06063390625908324,581,You're the same size as Jesus is going to be. Try on this gift for him.
4530,0,0,17,17,1.0,0.06063390625908324,581,Don't you want to hear my do's and dont's?
4530,0,0,17,17,1.0,0.06063390625908324,581,"But, I did not have my GPS when in the desert!"
4530,0,0,17,17,1.0,0.06063390625908324,581,"Well.., I distinctly heard you say ""... our daily thread""."
4530,0,0,17,17,1.0,0.06063390625908324,581,"If they do not follow...? ""....""tell them they will need this !"
4530,0,0,17,17,1.0,0.06063390625908324,581,And thou shall wear a sweater on cold days!
4530,0,0,17,17,1.0,0.06063390625908324,581,...and my wife made this for your grandson.
4530,0,0,17,17,1.0,0.06063390625908324,581,"I'm glad to see that you still have a sense of humor, Lord"
4530,0,0,17,17,1.0,0.06063390625908324,581,Just a suggestion for those sacrificial lambs.
4530,0,0,17,17,1.0,0.06063390625908324,581,Sorry. Heavenly *Mother*.
4530,0,0,17,17,1.0,0.06063390625908324,581,And wear the sweater your mother-in-law knit for your birthday.
4530,0,0,17,17,1.0,0.06063390625908324,581,"It's from L.L.Bean, and it's the most fabulous new thingy!"
4530,0,0,17,17,1.0,0.06063390625908324,581,Perfect time to introduce my new waterproof material.
4530,0,0,17,17,1.0,0.06063390625908324,581,"Oh gosh darn, these tablets will never fit in those sleeves."
4530,0,0,17,17,1.0,0.06063390625908324,581,"Mom, I'm not cold."
4530,0,0,17,17,1.0,0.06063390625908324,581,And here's a nice puffer to go with those snow shoes.
4530,0,0,17,17,1.0,0.06063390625908324,581,Just in case you catch a chill while you're honoring your father and me.
4530,0,0,17,17,1.0,0.06063390625908324,581,Sod the tablets Moses. Check out my new designer range. What do you think?
4530,0,0,17,17,1.0,0.06063390625908324,581,Who said anything about rainproof? STONEproof.
4530,0,0,17,17,1.0,0.06063390625908324,581,Thou shalt have a sense of fashion.
4530,0,0,17,17,1.0,0.06063390625908324,581,The 11th Commandment: Thou Shall Accessorize!
4530,0,0,17,17,1.0,0.06063390625908324,581,Chill Out.
4530,0,0,17,17,1.0,0.06063390625908324,581,Just a another day here in camp-a-lot
4530,0,0,17,17,1.0,0.06063390625908324,581,Thou shall have fashion sense.
4530,0,0,17,17,1.0,0.06063390625908324,581,Your Craigslist ad said it was an extra large.
4530,0,0,18,18,1.0,0.05716619504750295,581,"Wait, there's an 11th: thou shalt wear fleece in chilly weather."
4530,0,0,17,17,1.0,0.06063390625908324,581,Your grandmother made this for you.
4530,0,0,17,17,1.0,0.06063390625908324,581,"As a bonus, take this heavenly Angora sweater."
4530,0,0,17,17,1.0,0.06063390625908324,581,"#Number 11. ""Thou Shalt Not Be Cold Hearted""."
4530,0,0,17,17,1.0,0.06063390625908324,581,You ARE Zulily!
4530,0,0,17,17,1.0,0.06063390625908324,581,I hope it's asbestos? I'm worried about that burning bush back there
4530,0,0,17,17,1.0,0.06063390625908324,581,"Finally, don't lose this garment. The Eleventh Commandment is written on the front of it, and it's the one that really counts."
4530,0,0,17,17,1.0,0.06063390625908324,581,"After Dress Warmly, Number Twenty-Three - Brush thy teeth!"
4530,0,0,17,17,1.0,0.06063390625908324,581,Prepare for global cooling !
4530,0,0,17,17,1.0,0.06063390625908324,581,you may get a cool reception to some of these rules
4530,0,0,18,18,1.0,0.05716619504750295,581,"Oh, and it's your birthday today right?"
4530,0,0,17,17,1.0,0.06063390625908324,581,I see my Global Warming prediction was just a tad off.
4530,0,0,17,17,1.0,0.06063390625908324,581,Thou shalt not ask for a return receipt.
4530,0,0,18,18,1.0,0.05716619504750295,581,Though shalt not wear polyester
4530,0,0,18,18,1.0,0.05716619504750295,581,"Number 11, Thou shall keep warm."
4530,0,0,18,18,1.0,0.05716619504750295,581,"We have hundreds of thousands of these. This is our first model. It's yours, free of charge."
4530,0,0,17,17,1.0,0.06063390625908324,581,My husband took up knitting.
4530,0,0,17,17,1.0,0.06063390625908324,581,"Oh, and Moses - one more thing. Just in case you get a chilly reception."
4530,0,0,17,17,1.0,0.06063390625908324,581,And I wouldn't be your father if I didn't also command you to wear this.
4530,0,0,17,17,1.0,0.06063390625908324,581,"As a reward, just a little help for the ice age I have in mind"
4530,0,0,17,17,1.0,0.06063390625908324,581,You don't have to tell anyone about the sweater.
4530,0,0,17,17,1.0,0.06063390625908324,581,Thou shalt stay warm.
4530,0,0,18,18,1.0,0.05716619504750295,581,"Technically, I coveted it before you gave me these…"
4530,0,0,17,17,1.0,0.06063390625908324,581,"Actually, I this flotation jacket was Plan B for the Red Sea crossing."
4530,0,0,17,17,1.0,0.06063390625908324,581,See how awesome I am?
4530,0,0,17,17,1.0,0.06063390625908324,581,You heard me! Thou Shalt Not Knit Itchy Sweaters!
4530,0,0,17,17,1.0,0.06063390625908324,581,I made things so that the atmosphere cools with increasing altitude. Better put this on.
4530,0,0,17,17,1.0,0.06063390625908324,581,"On the ninth day, I created mohair."
4530,0,0,17,17,1.0,0.06063390625908324,581,Really? Amazon fulfillment?
4530,0,0,17,17,1.0,0.06063390625908324,581,"You shall NOT resist the latest in fall fashion, even when it's so hot that you can't imagine yourself wearing it."
4530,0,0,17,17,1.0,0.06063390625908324,581,Though shalt not wear polyester
4530,0,0,17,17,1.0,0.06063390625908324,581,"Thou shalt not kill fashion, either."
4530,0,0,17,17,1.0,0.06063390625908324,581,One size fits all.
4530,0,0,17,17,1.0,0.06063390625908324,581,Thou Shalt be Fashionable
4530,0,0,17,17,1.0,0.06063390625908324,581,"Really, an Ice Age in this century."
4530,0,0,17,17,1.0,0.06063390625908324,581,You'll need this; it gets chilly at night in the desert.
4530,0,0,17,17,1.0,0.06063390625908324,581,Something to remember me by.
4530,0,0,17,17,1.0,0.06063390625908324,581,"I'm telling you, it's going to be cold out there."
4530,0,0,17,17,1.0,0.06063390625908324,581,It looks a little small.
4530,0,0,17,17,1.0,0.06063390625908324,581,"Your wife insists, Thou shalt not come down off the mountain without your sweater."
4530,0,0,17,17,1.0,0.06063390625908324,581,"Are you deaf, I said don't fleece me!"
4530,0,0,17,17,1.0,0.06063390625908324,581,you seem to be standing out in the cold....
4530,0,0,17,17,1.0,0.06063390625908324,581,Tho shalt knit not
4530,0,0,17,17,1.0,0.06063390625908324,581,"When you go down from the mountain, put this hoodie on so the golden calf will not recognize you."
4530,0,0,17,17,1.0,0.06063390625908324,581,Robes aren't trending. Try this. And lose the tablets.
4530,0,0,17,17,1.0,0.06063390625908324,581,Thow shall bring me a mosquito net and a Kind bar.
4530,0,0,17,17,1.0,0.06063390625908324,581,Didn't you get that memo? Her Majesty is bringing back casual Fridays to boost morale around here.
4530,0,0,17,17,1.0,0.06063390625908324,581,"Mosie, you'll catch a cold."
4530,0,0,17,17,1.0,0.06063390625908324,581,"And now that I've finished my commandments, may I suggest knitwear as a great profession for our people going forward?"
4530,0,0,17,17,1.0,0.06063390625908324,581,Have you seen Waldo?
4530,0,0,17,17,1.0,0.06063390625908324,581,And then wish little Timmy an early Merry Christmas.
4530,0,0,17,17,1.0,0.06063390625908324,581,Thou shall not deny climate change.
4530,0,0,17,17,1.0,0.06063390625908324,581,"Actually, I specified ""code""of conduct!"
4530,0,0,17,17,1.0,0.06063390625908324,581,Break another commandment and you won't be needing the sweater where you are going.
4530,0,0,17,17,1.0,0.06063390625908324,581,That look is out of style. Long robes are the latest fashion.
4530,0,0,17,17,1.0,0.06063390625908324,581,And take this parka that does not mix wool and linen together.
4530,0,0,17,17,1.0,0.06063390625908324,581,Put it on...you'll get a chilly reception when you go down there.
4530,0,0,17,17,1.0,0.06063390625908324,581,So that's your sign about gloabal warming??
4530,0,0,17,17,1.0,0.06063390625908324,581,"Yes, a lullaby. You don't know any lullabies?"
4530,0,0,17,17,1.0,0.06063390625908324,581,"Do you know ""Rock-a-Bye Baby""?"
4530,0,0,17,17,1.0,0.06063390625908324,581,Stay warm and keep taking the tablets.
4530,0,0,17,17,1.0,0.06063390625908324,581,"Oh, and ""Thou shalt wear woolen sweaters on Tuesdays when the temperature dips below 45 degrees. Other than that, sweaters are optional."""
4530,0,0,17,17,1.0,0.06063390625908324,581,Thou shalt hang dry only.
4530,0,0,17,17,1.0,0.06063390625908324,581,"Considering how bold he had been, it was confusing."
4530,0,0,17,17,1.0,0.06063390625908324,581,"I think its number 8, no shoplifting."
4530,0,0,17,17,1.0,0.06063390625908324,581,Thou shalt not commit any further fashion atrocities.
4530,0,0,17,17,1.0,0.06063390625908324,581,Unprecedentedly overt.
4530,0,0,17,17,1.0,0.06063390625908324,581,"And finally, thou shall not catch a cold on the way down."
4530,0,0,17,17,1.0,0.06063390625908324,581,Are you coveting my coat?
4530,0,0,17,17,1.0,0.06063390625908324,581,How many time do I have to tell you Moishe? I don't want you to catch a cold!
4530,0,0,17,17,1.0,0.06063390625908324,581,So what'd you get me?
4530,0,0,17,17,1.0,0.06063390625908324,581,This shall not pill.
4530,0,0,17,17,1.0,0.06063390625908324,581,"Lord, Mr. DeMille will never approve that."
4530,0,0,17,17,1.0,0.06063390625908324,581,. . . and number 11: thou shalt not shiver.
4530,0,0,17,17,1.0,0.06063390625908324,581,You anticipate a chilly reception to these commandments?
4530,0,0,17,17,1.0,0.06063390625908324,581,"On second thought, forget about all that over stuff and just put on the sweater."
4530,0,0,17,17,1.0,0.06063390625908324,581,. . . and don't forget to wear your sweater!
4530,0,0,17,17,1.0,0.06063390625908324,581,"You'll get a cold reception for ""Thou shalt not commit adultery."""
4530,0,0,17,17,1.0,0.06063390625908324,581,Thou needs to keep warm during your climb to Mount Sinai
4530,0,0,17,17,1.0,0.06063390625908324,581,"Okay, this last one isn't a Comandment, per se..."
4530,0,0,17,17,1.0,0.06063390625908324,581,"If I got you a puppy, would you stop embarrassing me?"
4530,0,0,17,17,1.0,0.06063390625908324,581,"Yes, the 11th commandment is wear your sweater"""
4530,0,0,17,17,1.0,0.06063390625908324,581,This is for nights in the desert.
4530,0,0,17,17,1.0,0.06063390625908324,581,"Go Ahead put it on, it gets chilly up here."
4530,0,0,17,17,1.0,0.06063390625908324,581,XI. Thou shalt heed the EPA.
4530,0,0,17,17,1.0,0.06063390625908324,581,"Take this Moe, there's a severe cold front moving in."
4530,0,0,17,17,1.0,0.06063390625908324,581,"And for each thou who dost not, I also knit a custom sweater."
4530,0,0,17,17,1.0,0.06063390625908324,581,But first I've a sales item--perfect for mountain-climbing.
4530,0,0,17,17,1.0,0.06063390625908324,581,Give this to Waldo. He'll know what to do.
4530,0,0,17,17,1.0,0.06063390625908324,581,"Also, thou shalt not go outside without a sweater."
4530,0,0,17,17,1.0,0.06063390625908324,581,"Siberia, I was just getting started."
4530,0,0,17,17,1.0,0.06063390625908324,581,Coses
4530,0,0,17,17,1.0,0.06063390625908324,581,Is this how you apologize after the burning bush incident?
4530,0,0,17,17,1.0,0.06063390625908324,581,The REAL miracle is that you didn't catch a cold!
4530,0,0,17,17,1.0,0.06063390625908324,581,I'm having trouble lighting the burning bush--you'll need this.
4530,0,0,17,17,1.0,0.06063390625908324,581,"Moses: It says RIGHT HERE that I shall not ""COVER"". God: Ahem, it's ""covet"""
4530,0,0,17,17,1.0,0.06063390625908324,581,"Moses, this shall keep you warm."
4530,0,0,17,17,1.0,0.06063390625908324,581,Got it- thou shalt not ever don hoodies.
4530,0,0,17,17,1.0,0.06063390625908324,581,It's from 'The Fall' collection.
4530,0,0,17,17,1.0,0.06063390625908324,581,"Yes, just like the burning bush it keeps you warm and no… I won't talk to you via the pullover."
4530,0,0,17,17,1.0,0.06063390625908324,581,"Take this, the desert is cold at night."
4530,0,0,17,17,1.0,0.06063390625908324,581,"and another one, thou shalt wear thy sweater"
4530,0,0,17,17,1.0,0.06063390625908324,581,"I cannot make you a turtle. I can, however, give you this."
4530,0,0,17,17,1.0,0.06063390625908324,581,"... and in addition, you win this lovely sealskin parka!"
4530,0,0,18,18,1.0,0.05716619504750295,581,...a
4530,0,0,17,17,1.0,0.06063390625908324,581,I hear the desert's cold this time of year.
4530,0,0,17,17,1.0,0.06063390625908324,581,And thou shalt not commit global warming.
4530,0,0,17,17,1.0,0.06063390625908324,581,"Then again, you'll find that this is more fashionable."
4530,0,0,17,17,1.0,0.06063390625908324,581,'Eat the tablets and it will fit perfectly '.
4530,0,0,17,17,1.0,0.06063390625908324,581,"Thank you, Lord! Or is this Amazon Prime?"
4530,0,0,17,17,1.0,0.06063390625908324,581,I just assumed with light came warmth.
4530,0,0,17,17,1.0,0.06063390625908324,581,"Get plenty of rest, take two tablets, and dress warm."
4530,0,0,17,17,1.0,0.06063390625908324,581,"I'm cold dear, put on a sweater."
4530,0,0,17,17,1.0,0.06063390625908324,581,The last thing I recall is that he was put into check by the rook.
4530,0,0,17,17,1.0,0.06063390625908324,581,Did I need to wait another season?
4530,0,0,17,17,1.0,0.06063390625908324,581,Let them wear designer jackets.
4530,0,0,17,17,1.0,0.06063390625908324,581,"What do you mean, ""The coat didn't go over so well the last time?"""
4530,0,0,17,17,1.0,0.06063390625908324,581,The breeze on those Sinai Mountains can get quite chilly!
4530,0,0,17,17,1.0,0.06063390625908324,581,Honor Thy Mother by dressing warmly at all times.
4530,0,0,17,17,1.0,0.06063390625908324,581,"Desert nights are cold. You'll need this, too, keeping to those."
4530,0,0,17,17,1.0,0.06063390625908324,581,"""Moses looks cold"" Thing though to himself, as he finished his Mt. Sinai diorama."
4530,0,0,17,17,1.0,0.06063390625908324,581,"Forget drone delivery, here's your order lickety-split."
4530,0,0,17,17,1.0,0.06063390625908324,581,And here's your parting gift.
4530,0,0,17,17,1.0,0.06063390625908324,581,Thou shalt not stretch out the neck hole.
4530,0,0,17,17,1.0,0.06063390625908324,581,Ragamuffin?
4530,0,0,17,17,1.0,0.06063390625908324,581,I told you not to come up here without your sweater. You'll catch your death of cold!
4530,0,0,17,17,1.0,0.06063390625908324,581,Marco!
4530,0,0,17,17,1.0,0.06063390625908324,581,My left hand knows not what my right hand is doing.
4530,0,0,17,17,1.0,0.06063390625908324,581,"Take this and I'll create a pair of hiking boots for you, also."
4530,0,0,17,17,1.0,0.06063390625908324,581,This is from your mother so you shouldn't get a sniffle.
4530,0,0,17,17,1.0,0.06063390625908324,581,...and Number 11 is Thou shalt keep warm.
4530,0,0,17,17,1.0,0.06063390625908324,581,It's a gift not a curse.
4530,0,0,17,17,1.0,0.06063390625908324,581,"That belongs to Madge, my neighbors wife."
4530,0,0,17,17,1.0,0.06063390625908324,581,Thou shall not shop online.
4530,0,0,17,17,1.0,0.06063390625908324,581,Thou shalt buy a hoodie from TempleWear™.
4530,0,0,17,17,1.0,0.06063390625908324,581,And 'Thou shalt not mess with the level of carbon dioxide.'
4530,0,0,17,17,1.0,0.06063390625908324,581,So do we cut the hood off that too?
4530,0,0,17,17,1.0,0.06063390625908324,581,"Could do something about the fact that I was old, not cold?"
4530,0,0,17,17,1.0,0.06063390625908324,581,"Oh, and one more thing...Don't put cotton clothes in the dryer."
4530,0,0,18,18,1.0,0.05716619504750295,581,"And God said, let there be Lycra."
4530,0,0,17,17,1.0,0.06063390625908324,581,Where's Waldo?
4530,0,0,17,17,1.0,0.06063390625908324,581,"Chill, not kill. Did I not create thine ears?"
4530,0,0,17,17,1.0,0.06063390625908324,581,Thou shalt wash only with like colors.
4530,0,0,17,17,1.0,0.06063390625908324,581,How about something more suitable for climate change?
4530,0,0,17,17,1.0,0.06063390625908324,581,"""I know the desert's hot. But just in case""'"
4530,0,0,18,18,1.0,0.05716619504750295,581,"First stone tablets already written on. Now a knitted sweater. Oh, Lord. What lousy regiftings you bring."
4530,0,0,17,17,1.0,0.06063390625908324,581,"Also, can you test something I'm trying out?"
4530,0,0,17,17,1.0,0.06063390625908324,581,You're going to get a chilly reception down there
4530,0,0,17,17,1.0,0.06063390625908324,581,"...yea, I'm listening, but put on a sweater -you're making me cold."
4530,0,0,17,17,1.0,0.06063390625908324,581,"Promised Land, Land's End, tomato, tomahto."
4530,0,0,17,17,1.0,0.06063390625908324,581,"He makes commandments. I knit you a nice sweater. Still it's, ""O Lord"" and ""Thank you Father"". What am I, chopped liver? Oy."
4530,0,0,17,17,1.0,0.06063390625908324,581,"Damn Me! How about a trade, then? That's just my rough draft."
4530,0,0,17,17,1.0,0.06063390625908324,581,One additional command...thou shall not re-gift ugly sweaters!
4530,0,0,17,17,1.0,0.06063390625908324,581,Would you try this on? I am fashioning your future here.
4530,0,0,17,17,1.0,0.06063390625908324,581,Wrap them in this in case you drop them.
4530,0,0,17,17,1.0,0.06063390625908324,581,"When your desert wanderings finally come to an end, I felt you might need this sweater I knitted for you."
4530,0,0,17,17,1.0,0.06063390625908324,581,"not too fast, moses. one more. thou shalt not embarrass me at fashion week."
4530,0,0,17,17,1.0,0.06063390625908324,581,Your mother insists....
4530,0,0,17,17,1.0,0.06063390625908324,581,"...I don't care what the weather's doing, Moshe, just take it. One day you'll thank me."
4530,0,0,17,17,1.0,0.06063390625908324,581,11: Thou shalt not wear robes.
4530,0,0,17,17,1.0,0.06063390625908324,581,-	Nobody get it fast!
4530,0,0,18,18,1.0,0.05716619504750295,581,I requested new bibles!
4530,0,0,17,17,1.0,0.06063390625908324,581,"To get everyone to follow those, you might need this when it freezes"
4530,0,0,17,17,1.0,0.06063390625908324,581,I should have given you an 11th Commandment: Thou shall not cause global warming.
4530,0,0,17,17,1.0,0.06063390625908324,581,They shalt not be a Waldo
4530,0,0,17,17,1.0,0.06063390625908324,581,The eleventh commandment. I ran out of space.
4530,0,0,17,17,1.0,0.06063390625908324,581,Try this and if you're still cold I'll burn a bush.
4530,0,0,17,17,1.0,0.06063390625908324,581,11. Thou Shalt Treat Your Sherpa Well.
4530,0,0,17,17,1.0,0.06063390625908324,581,"Sorry Moses, stick with the robe-the new rules are enough for one day"
4530,0,0,17,17,1.0,0.06063390625908324,581,"""Wear this at the tablet unveiling."" He commanded."
4530,0,0,17,17,1.0,0.06063390625908324,581,"#11: Thou shalt not catch a cold at the top of Mt. Sinai. Ha! But seriously, thanks in advance for all your hard work."
4530,0,0,17,17,1.0,0.06063390625908324,581,"And number eleven, thou shalt shop online for deals like this."
4530,0,0,17,17,1.0,0.06063390625908324,581,"Now that I created winter, you better wear your coat tonight"
4530,0,0,17,17,1.0,0.06063390625908324,581,11 - Don't let thy mother be right about wishing you had a sweater... never mind that still won't work.
4530,0,0,17,17,1.0,0.06063390625908324,581,It get's chili up here; next I'll see about getting you some socks.
4530,0,0,17,17,1.0,0.06063390625908324,581,"""And for some of your future relatives this will make a fine Christmas gift,'"
4530,0,0,17,17,1.0,0.06063390625908324,581,Take this coat of colors. It'll make you more Joseph-esque.
4530,0,0,17,17,1.0,0.06063390625908324,581,"Also, I need more wool for YEEZY - Season 6."
4530,0,0,17,17,1.0,0.06063390625908324,581,Is that sustainably resourced weave?
4530,0,0,17,17,1.0,0.06063390625908324,581,The handcover comes out later.
4530,0,0,17,17,1.0,0.06063390625908324,581,"Here, you're gonna get a cold reception."
4530,0,0,17,17,1.0,0.06063390625908324,581,"The ""Ten Fashion Commandments"""
4530,0,0,17,17,1.0,0.06063390625908324,581,I won't cover the Truth!
4530,0,0,17,17,1.0,0.06063390625908324,581,... and there's a cold front coming through.
4530,0,0,17,17,1.0,0.06063390625908324,581,Here ... this is for protection against climate change.
4530,0,0,17,17,1.0,0.06063390625908324,581,Your mother said it is chilly on the mountain...put this on and have some chicken soup.
4530,0,0,17,17,1.0,0.06063390625908324,581,"No, it's Bezos. What's yours?"
4530,0,0,17,17,1.0,0.06063390625908324,581,Don't you know that Hoodies are dangerous?
4530,0,0,17,17,1.0,0.06063390625908324,581,"Deus ex-machine wash, tumble dry."
4530,0,0,17,17,1.0,0.06063390625908324,581,"And this time, don't forget to nurture!"
4530,0,0,17,17,1.0,0.06063390625908324,581,Thou shall not comfort one with last year's hoodie!
4530,0,0,17,17,1.0,0.06063390625908324,581,"#8: Thou shalt..., wait, I'm sorry, excuse me for a second. Alexa: confirm purchase."
4530,0,0,18,18,1.0,0.05716619504750295,581,Wear this. It's more on brand for me.
4530,0,0,17,17,1.0,0.06063390625908324,581,"Mom, I wanted my hoodie!"
4530,0,0,17,17,1.0,0.06063390625908324,581,"Drop your stones and step forward, you creep!"
4530,0,0,18,18,1.0,0.05716619504750295,581,"I'm actually more of a sweater guy, oh lord."
4530,0,0,17,17,1.0,0.06063390625908324,581,Now you’re just showing off.
4530,0,0,17,17,1.0,0.06063390625908324,581,"That's right, number eleven: 'Thou shalt shop online at thy own risk.'"
4530,0,0,17,17,1.0,0.06063390625908324,581,Let us see who covet this line of haute couture.
4530,0,0,17,17,1.0,0.06063390625908324,581,God is in the hood(ie)!
4530,0,0,17,17,1.0,0.06063390625908324,581,Aren't you a little chilly up here?
4530,0,0,17,17,1.0,0.06063390625908324,581,"Sorry, Sir! This is Exodus! Joseph's coat was in Genesis!"
4530,0,0,17,17,1.0,0.06063390625908324,581,Can't be. Not another hand-me-down!
4530,0,0,17,17,1.0,0.06063390625908324,581,"Too bad if you don't like the color,I,m not taking it back"
4530,0,0,17,17,1.0,0.06063390625908324,581,"The sweater doesn't fit but thanks anyway, Moses. Give it to the republicans. They'll need a shirt, too."
4530,0,0,17,17,1.0,0.06063390625908324,581,"Okay, okay, I'll wear the sweater. It's gonna blow their minds when I have to explain you're actually a Jewish mom."
4530,0,0,17,17,1.0,0.06063390625908324,581,Take this. It looks like you'll be awhile.
4530,0,0,17,17,1.0,0.06063390625908324,581,I won't hide the Truth!
4530,0,0,17,17,1.0,0.06063390625908324,581,I told you not to put it in the dryer.
4530,0,0,17,17,1.0,0.06063390625908324,581,"And the LORD said to Moses, ""Move to San Francisco."""
