rank,funny,somewhat_funny,unfunny,count,score,precision,contest,caption
1,1523,1761,1158,4442,2.0821701936064834,0.011592466394245037,583,So much for the suggestion box being anonymous
2,1205,1429,933,3567,2.0762545556490046,0.012901634824415805,583,"Don't worry, Ken's in stocks. You'll be working in bonds."
3,1089,1174,860,3123,2.0733269292347103,0.014077466788998884,583,"Whatever you do, don't take the stock option."
4,1212,1546,992,3750,2.058666666666667,0.012484095569406078,583,Let's see him check his phone during a meeting now.
5,1322,1608,1181,4111,2.034298224276332,0.012159502858830626,583,It was a very hostile takeover.
6,1038,1242,1040,3320,1.9993975903614458,0.013732511698213346,583,"I thought they were putting art in the lobby, not Art in the lobby."
7,1178,1608,1181,3967,1.999243761028485,0.012244929990887634,583,It says very clearly that there are penalties for early withdrawal.
8,1027,1287,1042,3356,1.9955303933253874,0.013555513393027853,583,He chose the stock option.
9,410,564,518,1492,1.9276139410187667,0.0203382558170788,583,We've found it more cost-effective than a motivational speaker.
10,418,556,527,1501,1.927381745502998,0.0204010926002713,583,Tom actually believed that the CEO wanted his honest opinion.
11,160,193,202,555,1.9243243243243244,0.03416157838096548,583,It's the only treatment for carpal tunnel syndrome that's still covered by our company's health plan.
12,900,1392,1262,3554,1.8981429375351717,0.012972874150432655,583,Ted's in stocks. You'll be working primarily with bonds.
13,397,582,565,1544,1.8911917098445596,0.019902838371721666,583,Our employee retention program is unmatched in the industry.
14,684,939,987,2610,1.8839080459770114,0.015499261759501146,583,I'm liking the new policy on sexual harassment.
15,296,484,445,1225,1.8783673469387756,0.02195701863633153,583,"Now he'll think twice before hitting ""reply all."""
16,449,772,694,1915,1.8720626631853785,0.01741525050483666,583,That's Dave. He's in stocks.
17,515,809,790,2114,1.869914853358562,0.01685649748194256,583,I prefer bonds. With stocks it's too easy to get locked in.
18,825,1202,1258,3285,1.8681887366818875,0.013703846904306939,583,"Yep, he's the one who hit ""reply all""."
19,643,890,987,2520,1.8634920634920635,0.01579180470088501,583,"He hit ""Reply All""."
20,519,639,835,1993,1.8414450577019568,0.018122715236846203,583,So we finally figured out whose car had the Trump bumper sticker on it.
21,341,483,602,1426,1.8169705469845723,0.020989396519487974,583,It's uncanny how his eyes seem to follow you.
22,404,705,756,1865,1.8112600536193029,0.017736161667992266,583,That's who you'll be replacing.
23,404,760,833,1997,1.785177766649975,0.016947409987890058,583,There's a substantial penalty for early withdrawals.
24,180,301,366,847,1.780401416765053,0.026551269851935608,583,Mondays are torture.
25,374,642,775,1791,1.776102735901731,0.01817683241598831,583,They do things a little differently at the New England branch.
26,352,555,719,1626,1.7742927429274293,0.019338726723190494,583,"Mitch, for what it's worth, I actually loved that Facebook post."
27,355,639,752,1746,1.77262313860252,0.018267675139166027,583,"Around here, there IS such thing as a stupid question."
28,215,335,444,994,1.7696177062374245,0.02478308444983894,583,You don't request a standing desk at a chair company.
29,183,308,395,886,1.7607223476297968,0.025931600778032804,583,He re-heated fish in the microwave.
30,254,465,572,1291,1.753679318357862,0.021188343647087295,583,We're not allowed to publicly shame people on social media anymore.
31,167,294,374,835,1.7520958083832336,0.026517441511414254,583,This lobby has a nice Town Square feel.
32,242,302,509,1053,1.7464387464387465,0.024836099052008762,583,Hey look. Marv has a new tie.
33,200,319,447,966,1.7443064182194616,0.025026267008450478,583,Beats getting the axe.
34,355,646,835,1836,1.738562091503268,0.017775444105850618,583,That's Jensen. He's in stocks.
35,154,254,357,765,1.734640522875817,0.027966841906383766,583,Here at Colonial Life we take our name very seriously.
36,57,98,135,290,1.7310344827586206,0.04517273713327353,583,No reason. It just makes everyone else happy.
37,285,563,727,1575,1.7193650793650794,0.018925785034550727,583,Did I mention the stock options?
38,284,497,701,1482,1.7186234817813766,0.019882667816881253,583,Apparently Fred misunderstood the stock option program.
39,157,245,380,782,1.7148337595907928,0.02784125897198396,583,"Scott got off easy, Sue has to wear an A."
40,119,287,334,740,1.7094594594594594,0.02672337004791799,583,We take break room refrigerator theft very seriously here.
41,199,301,496,996,1.7018072289156627,0.02473725723294161,583,They decided to make the scapegoat a permanent position.
42,114,242,319,675,1.6962962962962962,0.02854652981966471,583,The anti-groping device has decreased women's complaints by 90%.
43,209,272,515,996,1.6927710843373494,0.025213022556508678,583,"Because we are a faith-based organization, we can get away with just about anything."
44,236,353,604,1193,1.691533948030176,0.022602413961363588,583,Watch how the eyes seem to follow you as you walk by.
45,148,361,444,953,1.689401888772298,0.02347726049285025,583,Would you call that cruel or just unusual?
46,168,222,421,811,1.688039457459926,0.02786529528039143,583,"We thought about removing it, but it's part of our history and culture."
47,164,334,466,964,1.6867219917012448,0.024015049376230856,583,Damn Auto Correct. I said 'corporate' punishment.
48,119,224,331,674,1.685459940652819,0.029069786846563497,583,I see the Trump Administration has begun their new policy for White House reporters
49,202,341,546,1089,1.6841138659320478,0.02322928863185825,583,The top flips so it doubles as a standing desk.
50,134,258,377,769,1.684005201560468,0.027114884758635622,583,Darryl was tired of being chained to his desk.
51,96,280,326,702,1.6723646723646723,0.026540811661107402,583,I'm very nervous about my upcoming performance review.
52,142,221,399,762,1.662729658792651,0.027990576371369515,583,He used facts to prove the boss wrong.
53,117,280,379,776,1.6623711340206186,0.026031792140590027,583,We're a four-hundred-year-old organization. Old habits die hard.
54,141,279,427,847,1.6623376623376624,0.025649627550233624,583,And this is a place reserved especially for people who Reply All.
55,27,53,84,164,1.6524390243902438,0.058405743715252555,583,We're proud of our stock options for whistleblowers here.
56,115,227,363,705,1.6482269503546099,0.028059137679223616,583,"Oh, that? It's our whistleblower bulletin board!"
57,104,231,347,682,1.6436950146627567,0.028011353897002742,583,"If it's your turn to bring the doughnuts, you bring the doughnuts."
58,97,234,337,668,1.6407185628742516,0.027938072654659796,583,They take performance reviews pretty seriously.
59,105,205,340,650,1.6384615384615384,0.029214295776646807,583,"Nice tie, Herb."
60,116,168,345,629,1.6359300476947536,0.03091910674803835,583,"""Still haven't figured out that standing desk Carl?"
61,97,207,327,631,1.635499207606973,0.029252281397696995,583,Okay. Now I'll show you the Bonds Department.
62,99,197,327,623,1.6340288924558588,0.02973227998935514,583,"We do ""employee of the month"" a little differently around here."
63,95,194,319,608,1.631578947368421,0.029969423754008212,583,"He was in bonds, but now he's in stocks."
64,94,171,305,570,1.6298245614035087,0.031454772526474564,583,He replied all and attached a cat video.
65,87,190,304,581,1.6265060240963856,0.030328087435536125,583,"That's Phil, he's in stocks."
66,80,200,295,575,1.626086956521739,0.02987671966564638,583,It's definitely not the employee stock plan I was hoping for.
67,91,173,304,568,1.625,0.0312806473411251,583,Jim must have parked in Mr. Peterson's spot again.
68,75,191,283,549,1.621129326047359,0.03046332394861839,583,"It's a nice place to work, but the stock options aren't that great."
69,84,159,284,527,1.6204933586337762,0.03246135254828179,583,"No, we're not a union shop. Why?"
70,73,121,250,444,1.6013513513513513,0.03582490439886125,583,He's a day traitor.
71,75,124,257,456,1.6008771929824561,0.03535599675131778,583,He told the boss that we were stuck in the middle ages
72,69,126,247,442,1.5972850678733033,0.035403498877110265,583,Casual Humiliation Fridays.
73,63,133,238,434,1.596774193548387,0.035017558647696324,583,That tie with those shoes?
74,56,142,229,427,1.594847775175644,0.03437227092065384,583,You should have seen him last week when he said he was all tied up.
75,60,127,230,417,1.592326139088729,0.03566826550275572,583,One last thing- never take the CEO's parking spot.
76,54,120,216,390,1.5846153846153845,0.03655341950002983,583,Medieval Mondays.
77,53,123,216,392,1.5841836734693877,0.03623316338474662,583,He stole food from the office refrigerator.
77,54,121,217,392,1.5841836734693877,0.03641278383488015,583,"We offered him a severance package, but he preferred stocks."
79,58,92,208,358,1.5810055865921788,0.03986884806067358,583,I hate medieval Mondays.
80,53,97,205,355,1.5718309859154929,0.03918058505279895,583,He had an idea.
81,46,97,191,334,1.5658682634730539,0.03955877042209051,583,I see our stocks are up.
82,44,98,188,330,1.5636363636363637,0.039472859356840174,583,Looks like our Salem branch didn't meet quota.
83,47,91,191,329,1.5623100303951367,0.040267086428879634,583,Neville came in last for employee of the month.
84,56,70,198,324,1.5617283950617284,0.042806665144229865,583,Never noticed what tiny hands he has.
85,41,92,180,313,1.5559105431309903,0.04038496014471405,583,"Actually, nothing at all. It's just his turn."
86,39,72,159,270,1.5555555555555556,0.044629930991228216,583,"We're getting lunch, want us to bring anything back to throw at you?"
87,43,85,180,308,1.5551948051948052,0.0413995512375671,583,He exercised his stock option.
88,46,80,184,310,1.5548387096774194,0.04194953469426932,583,"Oh, that's Todd. He microwaved fish in the lunch room."
88,35,102,173,310,1.5548387096774194,0.039116421018714514,583,"Nice tie, Fred!"
90,31,75,141,247,1.5546558704453441,0.04499434840639044,583,Company bylaws were written in 1640.
91,48,73,184,305,1.5540983606557377,0.04298972741948977,583,He should have gone into bonds.
92,19,42,84,145,1.5517241379310345,0.059476511416070146,583,He forgot his PIN for the tenth time.
93,34,95,167,296,1.5506756756756757,0.04021812162697112,583,"He did well in bonds but, he has always had trouble with stocks."
94,33,98,167,298,1.5503355704697988,0.03973577887246362,583,Don't feel sorry for him. He gets to miss this morning's staff meeting.
95,38,85,170,293,1.5494880546075085,0.041666344207983166,583,"I don't care what they say, don't put anything in the suggestion box."
96,40,63,159,262,1.5458015267175573,0.0460403675783118,583,"Yeah, but that's not so bad. Sara in accounting is fighting a witchcraft charge."
97,30,94,159,283,1.5441696113074206,0.04039096081170637,583,No wonder he's not answering my emails.
98,37,81,167,285,1.543859649122807,0.0422819782300774,583,"That's actually an alternative to attending staff meetings, and one of the most popular benefits we offer."
99,38,77,167,282,1.5425531914893618,0.0429222906192673,583,I heard he demanded a stock option.
100,36,68,158,262,1.534351145038168,0.04479109274221607,583,His family have been pillories of their communities for generations.
100,32,76,154,262,1.534351145038168,0.043465528156360726,583,They say it's healthier than sitting
100,32,76,154,262,1.534351145038168,0.043465528156360726,583,"When the new boss says she'll go medieval on you, she means it."
103,38,63,160,261,1.5325670498084292,0.04557863562993153,583,It's the only way to keep him from tweeting.
104,32,60,141,233,1.5321888412017168,0.04750871018551963,583,He lost the Salem account.
105,27,82,147,256,1.53125,0.04247079446340675,583,Office fridge thief. Got off easy.
106,24,89,145,258,1.5310077519379846,0.04114532614537853,583,"Oh, yeah; and NEVER park in the boss's spot!"
107,34,66,153,253,1.5296442687747036,0.045333680009446736,583,"Corporate is watching too much Game of Thrones, if you ask me."
108,32,68,150,250,1.528,0.045044199623022654,583,No bonds. Just stocks.
109,26,79,144,249,1.5261044176706828,0.042981330377998395,583,"Oh, that's just Fred. He's posing for a stock photo."
110,34,60,150,244,1.5245901639344261,0.04661742765781322,583,We treat everyone the same here. Except Larry.
111,33,60,148,241,1.5228215767634854,0.046696631605674284,583,We're moving more clients into stocks.
111,31,64,146,241,1.5228215767634854,0.0459501807405953,583,"Ted, it's been two weeks. Just pay for the locksmith."
113,29,66,143,238,1.5210084033613445,0.045620713241991656,583,Now I'm glad I declined the stock options.
114,30,62,143,235,1.5191489361702128,0.04645338013976009,583,"He was the sales rep for the Salem, Massachusetts region."
114,28,66,141,235,1.5191489361702128,0.04566372770741175,583,Our customer retention is among the best in the business.
114,32,58,145,235,1.5191489361702128,0.047229831935774125,583,He asked the new boss when she's due. She isn't pregnant.
117,22,76,134,232,1.5172413793103448,0.043611721847247535,583,"That said, hardly anyone checks email during meetings anymore."
117,24,72,136,232,1.5172413793103448,0.044459198015193394,583,We can now safely leave lunch in the fridge.
119,28,59,138,225,1.511111111111111,0.04718719522601506,583,"Honestly, what's more painful? The confinement or the endless litany of ""stocks and bonds"" puns."
120,26,60,134,220,1.509090909090909,0.04712176937973933,583,He thought he was on mute during a conference call.
121,27,59,136,222,1.509009009009009,0.047238783102011725,583,The stock options used to be better.
122,34,41,140,215,1.5069767441860464,0.05143866662673585,583,There really is a penalty for early withdrawal.
122,31,47,137,215,1.5069767441860464,0.05015505947511598,583,He was caught being ethical
124,25,60,132,217,1.5069124423963134,0.04715846830417435,583,"Looks like, ""Mr. Always Leaves the Coffee Pot Empty"" finally got what he had coming."
125,25,61,133,219,1.5068493150684932,0.04683876252714519,583,He'll be glue-sticked and feathered at noon.
126,16,58,105,179,1.5027932960893855,0.049079341131903216,583,New stock boy?
127,26,53,130,209,1.5023923444976077,0.048970070551336654,583,He doesn't use the oxford comma.
128,21,61,124,206,1.5,0.04705386094656514,583,This area is stocks. Next door is bonds.
128,29,45,132,206,1.5,0.050920952516250194,583,Whaddya think ... Couples Therapy or Anger Management ???
128,25,53,128,206,1.5,0.04902555066055299,583,I have a hunch the audit isn't going so well.
128,11,35,68,114,1.5,0.06261149037441738,583,"It may be harsh, but missing pens and paper clips are down 40%"
132,24,54,127,205,1.497560975609756,0.0487158826127819,583,"Notice how it's never upper management, no matter what they've done."
133,27,46,129,202,1.495049504950495,0.05073108427582792,583,Removed a mattress tag.
133,26,48,128,202,1.495049504950495,0.05024325083622825,583,He IS the Ombudsman...
135,17,48,101,166,1.4939759036144578,0.052500100281068524,583,He thought the Suggestion Box was anonymous
136,22,53,122,197,1.4923857868020305,0.04914017214241455,583,There actually are stupid questions.
137,29,38,128,195,1.4923076923076923,0.053118071450592295,583,We can also put you in bonds.
137,23,50,122,195,1.4923076923076923,0.050043190845498485,583,He chose it over the self-assessment.
139,30,34,128,192,1.4895833333333333,0.05426286095318693,583,"As you can see, we offer a traditional stock option plan for our employees."
139,25,44,123,192,1.4895833333333333,0.05168917168759677,583,Ironic. He was August's Employee of the Month.
139,20,54,118,192,1.4895833333333333,0.04898043344719207,583,HR can answer any questions you have about our incentive program.
139,17,60,115,192,1.4895833333333333,0.047280760307230524,583,It's our new employee retention strategy.
139,23,48,121,192,1.4895833333333333,0.050623072073115415,583,I liked the fish tank better.
139,29,36,127,192,1.4895833333333333,0.05375798133309964,583,It can be bought on a ‘no-risk’ basis for teenage time-outs.
145,23,47,121,191,1.486910994764398,0.05081785711202317,583,"I don't know, something about Wells Fargo."
145,25,43,123,191,1.486910994764398,0.05189101852384497,583,...And he kept forwarding cat videos.
147,19,54,116,189,1.4867724867724867,0.04897259513455313,583,Never take the stock option if you're planning to quit.
147,21,50,118,189,1.4867724867724867,0.05010877822171026,583,He just had to ask about our stock options.
147,30,32,127,189,1.4867724867724867,0.054931550750376014,583,They caught him counting cards; now he counts people.
150,18,55,115,188,1.4840425531914894,0.048575137320861383,583,The plan is to take the same photo of him for 27 years.
151,19,51,114,184,1.483695652173913,0.049931970516199395,583,"He's ""Bad Employee of the Month""."
151,20,49,115,184,1.483695652173913,0.05052324426314269,583,"If this is what's really meant by stocks, I don't want to ask what's meant by ""bonds"
153,22,44,117,183,1.4808743169398908,0.05189123063802528,583,He won't be texting today!
153,25,38,120,183,1.4808743169398908,0.05359895090633828,583,They put up the Thanksgiving decorations earlier every year.
153,26,36,121,183,1.4808743169398908,0.054156225668312324,583,Just don't mention that the receptionist has no mouth.
156,20,45,113,178,1.4775280898876404,0.05176075528288578,583,It may seem harsh Carol but my sandwich clearly had my name on it
156,21,43,114,178,1.4775280898876404,0.052370371008076705,583,"One last thing, don't ever mention the word ""union""."
156,17,51,110,178,1.4775280898876404,0.04988723154523963,583,I'm guessing installation art.
156,16,53,109,178,1.4775280898876404,0.049246887202944505,583,I heard he asked to exercise his stock options.
156,15,55,108,178,1.4775280898876404,0.04859810620909756,583,"Yeah, he went for the stocks option."
156,26,33,119,178,1.4775280898876404,0.05531776947661269,583,People are choosing it over Millennial sensitivity training.
162,20,44,112,176,1.4772727272727273,0.05219502977690542,583,Looks like Steve put fish in the microwave again.
163,12,32,74,118,1.4745762711864407,0.0622061271971591,583,I see they've filled the vacancy on the board.
164,17,47,108,172,1.4709302325581395,0.051117875887374285,583,I heard the internship here was a little harsh.
165,17,30,89,136,1.4705882352941178,0.060805393772500015,583,They're really cracking down on parents that sell Girl Scout cookies at work.
165,19,42,109,170,1.4705882352941178,0.05288506908121984,583,"You empty the pot, you make a fresh one. He knew the rules."
165,17,46,107,170,1.4705882352941178,0.051551947035750646,583,"I'm running for coffee, Gary. Get you anything?"
168,25,28,114,167,1.467065868263473,0.05747270387053378,583,Deregulation really opened some doors for us.
169,19,39,107,165,1.4666666666666666,0.05405462002726678,583,Looks like Dave replied all again.
169,19,39,107,165,1.4666666666666666,0.05405462002726678,583,"No, he's just really annoying."
169,22,33,110,165,1.4666666666666666,0.05606809642135502,583,Wait until you see what they've installed at the Bonds office entrance.
172,18,40,106,164,1.4634146341463414,0.05359320223623875,583,Employee of the month.
173,16,43,103,162,1.462962962962963,0.05264194782999297,583,He has a restraining order.
173,19,37,106,162,1.462962962962963,0.054783376855030395,583,It's part of the Robert Mueller collection.
175,18,38,105,161,1.4596273291925466,0.05431232203215507,583,"So much for ""There are no stupid ideas"" here."
175,17,40,104,161,1.4596273291925466,0.053592803369218546,583,That's why I never put anything in the suggestion box!
177,22,29,108,159,1.4591194968553458,0.05764680457133107,583,He was voting on a caption contest at his desk.
177,22,29,108,159,1.4591194968553458,0.05764680457133107,583,"On Fridays, the tie is optional."
177,22,29,108,159,1.4591194968553458,0.05764680457133107,583,Looks like Jason heated up fish in the microwave again
177,14,45,100,159,1.4591194968553458,0.05182916273764388,583,That reminds me: my student loan payment is due.
177,19,35,105,159,1.4591194968553458,0.05553665086755964,583,"You know, working in stocks isn't as glamorous as it sounds."
182,20,32,105,157,1.4585987261146496,0.05678699542940947,583,That's nothing. Guess where they put the scarlet 'A'?
182,20,32,105,157,1.4585987261146496,0.05678699542940947,583,Our brokerage house handles both stocks and bondage.
182,17,38,102,157,1.4585987261146496,0.054587406037615034,583,It helps to inhibit whistle blowing
182,22,28,107,157,1.4585987261146496,0.05820722879983195,583,I'm guessing a man bun.
182,19,34,104,157,1.4585987261146496,0.05606338852202625,583,"That reminds me, on the way back from lunch pick up some rotten fruit."
182,18,36,103,157,1.4585987261146496,0.05533031913195113,583,It was a very hostile takeover.
182,16,40,101,157,1.4585987261146496,0.05383424171089757,583,At least he's not in a cubicle.
182,19,34,104,157,1.4585987261146496,0.05606338852202625,583,It's been more effective than 'Employee of the Month'
182,17,38,102,157,1.4585987261146496,0.054587406037615034,583,It is best not to wave.
191,20,32,106,158,1.4556962025316456,0.05650104167304832,583,"The stocks options are bad, but the severance package is truly gruesome."
192,17,36,101,154,1.4545454545454546,0.0553487519905084,583,Who says corporations can't show restraint?
192,14,42,98,154,1.4545454545454546,0.05299846255728523,583,Wells Fargo is really taking this mea culpa a bit too far.
192,17,36,101,154,1.4545454545454546,0.0553487519905084,583,He got off easy. She has to wear that scarlet 'A' around the office.
195,16,36,99,151,1.4503311258278146,0.05534458918086405,583,Ooooo.. artisanal punishments
195,17,34,100,151,1.4503311258278146,0.056136652664272445,583,But they've eliminated late fees.
197,7,13,40,60,1.45,0.09027578586821769,583,That's really cruel punishment. Henry's iPhone is buzzing and he can't get to it.
198,13,31,83,127,1.4488188976377954,0.05990103638832392,583,His secretary is overjoyed.
199,11,43,92,146,1.4452054794520548,0.052370200267259796,583,It's supposed to be ergonomic.
199,14,37,95,146,1.4452054794520548,0.055009615613105134,583,oh...and don't monkey with the thermostat.
199,16,33,97,146,1.4452054794520548,0.056701009095788596,583,He got his password wrong three times.
199,13,39,94,146,1.4452054794520548,0.054144108623302864,583,"Remember: if you didn't put it in the fridge, you don't get to eat it. Right, Harold?"
203,19,26,99,144,1.4444444444444444,0.05976658965268057,583,I would have placed him closer to the door. That way he could greet visitors.
203,19,26,99,144,1.4444444444444444,0.05976658965268057,583,"We put him in stocks, but a lot of our clients actually prefer bonds."
203,19,26,99,144,1.4444444444444444,0.05976658965268057,583,We've added the stocks option to boost retention.
203,14,36,94,144,1.4444444444444444,0.05555555555555555,583,Freedom of speech my ass...
203,13,38,93,144,1.4444444444444444,0.05467444243850432,583,I always thought he was in bonds.
203,14,36,94,144,1.4444444444444444,0.05555555555555555,583,The early version of our stand-up desk had a few design flaws.
203,13,38,93,144,1.4444444444444444,0.05467444243850432,583,HR manager trained in Salem.
203,9,46,89,144,1.4444444444444444,0.05099798297443668,583,He's in the employee stock plan.
203,9,46,89,144,1.4444444444444444,0.05099798297443668,583,Looks like Frank exercised his stock option.
212,14,35,94,143,1.4405594405594406,0.0558084636734309,583,"Oh, that's Ted. His job is the one you're interviewing for right now."
212,9,45,89,143,1.4405594405594406,0.05120663371469541,583,"Look Carl, you have the same tie!"
214,15,32,94,141,1.4397163120567376,0.05726703329981943,583,Bad employee of the month.
214,13,36,92,141,1.4397163120567376,0.05546962103507821,583,"We're mostly about stocks, but we do have a small pillory department."
214,13,36,92,141,1.4397163120567376,0.05546962103507821,583,Looks like somebody forgot their badge today.
217,9,33,75,117,1.435897435897436,0.058702715022804004,583,One more week and he will make partner.
218,14,33,93,140,1.4357142857142857,0.05663637307380496,583,That's Jim. He's this week's stock pick.
218,14,33,93,140,1.4357142857142857,0.05663637307380496,583,Social media can’t compete with our shaming technology.
218,18,25,97,140,1.4357142857142857,0.06015628351743857,583,"If you think stocks are scary, wait'll you see bonds."
218,16,29,95,140,1.4357142857142857,0.05842284314198373,583,He knew it was an entry-level position when he applied.
218,13,35,92,140,1.4357142857142857,0.05572166393815257,583,He thought the Confidential Employee Survey was confidential.
223,14,31,91,136,1.4338235294117647,0.057831365812299515,583,I see they've upped the penalty on early withdrawal.
223,12,35,89,136,1.4338235294117647,0.05591602585993329,583,I thought when he said working here was torture he was being dramatic.
223,14,31,91,136,1.4338235294117647,0.057831365812299515,583,With all the risks he in took in bonds I always knew he would end up in stocks
223,14,31,91,136,1.4338235294117647,0.057831365812299515,583,Looks like Jim hit Reply All to an announcement.
223,13,33,90,136,1.4338235294117647,0.05688175814654789,583,It seems that the stock for this company has just gone public.
223,15,29,92,136,1.4338235294117647,0.05876563054702675,583,"I applied for that job, dammit."
223,13,33,90,136,1.4338235294117647,0.05688175814654789,583,It's on loan from our Salem branch.
230,16,26,93,135,1.4296296296296296,0.05998041023552768,583,He heated up fish in the microwave. Well deserved if you ask me.
231,6,33,66,105,1.4285714285714286,0.05876809651481731,583,"Oh, he's the EPA employee of the month."
232,9,38,84,131,1.4274809160305344,0.05421790526079435,583,He's looks better in walnut.
232,11,34,86,131,1.4274809160305344,0.05634235418458367,583,It's underperformance art.
232,11,34,86,131,1.4274809160305344,0.05634235418458367,583,"In a week, you won't even notice him."
232,11,34,86,131,1.4274809160305344,0.05634235418458367,583,Make sure to read the fine print on the stock options.
232,11,34,86,131,1.4274809160305344,0.05634235418458367,583,This company seems fantastic! Can we just go over your three strike policy one more time though?
232,14,28,89,131,1.4274809160305344,0.059386701468847176,583,He spoiled Game of Thrones last week.
232,15,26,90,131,1.4274809160305344,0.06036737631739742,583,It's creepy how his eyes seem to follow you.
239,12,28,83,123,1.4227642276422765,0.05999703453654053,583,Throwback Thursday.
240,12,30,86,128,1.421875,0.05828226755724397,583,"Yes, he's the guy who asked ""Why are we here"" at that meeting yesterday."
241,10,23,69,102,1.4215686274509804,0.06599782108409172,583,The CEO feels more empowered since the Hobby Lobby decision.
242,10,33,83,126,1.4206349206349207,0.05674020394094709,583,He was using emojis in Subject lines.
242,15,23,88,126,1.4206349206349207,0.06208358380587337,583,He gets in that voluntarily after his sixth mocha latte.
242,14,25,87,126,1.4206349206349207,0.06105233207009193,583,How else do you get through to someone who microwaves fish in the break room?
242,15,23,88,126,1.4206349206349207,0.06208358380587337,583,HR is trying for more voluntary retirements.
242,11,31,84,126,1.4206349206349207,0.05784837828534517,583,Why don't they just bully him online?
247,9,24,67,100,1.42,0.0654124443725189,583,It's touted as being the best way to break your cell phone habit.
248,9,34,82,125,1.416,0.05586158007998214,583,"The stoning will take place after lunch, if you're free."
248,9,34,82,125,1.416,0.05586158007998214,583,It's a fairly tough interview process.
248,12,28,85,125,1.416,0.059225103657366496,583,He entered the wrong password three times.
251,11,28,82,121,1.4132231404958677,0.0594620297944258,583,He's never missed a day of work.
251,12,26,83,121,1.4132231404958677,0.060609191003552734,583,It's better than being chained to his desk.
251,14,22,85,121,1.4132231404958677,0.06284072029957208,583,"Suddenly ""employee stock option"" doesn't sound so attractive."
254,14,21,85,120,1.4083333333333334,0.06317446534712759,583,That's what happens when you don't read the fine print about 'stock options'.
254,11,27,82,120,1.4083333333333334,0.05975654779744672,583,Who is the laughing stock now!
254,11,27,82,120,1.4083333333333334,0.05975654779744672,583,"Oh, that's Lou. He's been sending company emails out in all caps."
254,10,29,81,120,1.4083333333333334,0.058572937285572176,583,Put it this way: I'd keep your thoughts on the open floor plan to yourself.
254,7,35,78,120,1.4083333333333334,0.054869125335043206,583,Meet your sales goal each month and you have nothing to worry about.
254,11,27,82,120,1.4083333333333334,0.05975654779744672,583,Have a nice day.
254,13,23,84,120,1.4083333333333334,0.0620560798752746,583,Just believe me: you don't want to use Comic Sans in a PowerPoint presentation. Not here.
254,13,23,84,120,1.4083333333333334,0.0620560798752746,583,He's an apprentice in Donald Trump's PRESS SECRETARY JOB program.
262,10,28,80,118,1.4067796610169492,0.059254737184754325,583,He hit Reply All to the spam email.
262,10,28,80,118,1.4067796610169492,0.059254737184754325,583,"Oh, and when it's your day to bring doughnuts.....don't forget."
262,10,28,80,118,1.4067796610169492,0.059254737184754325,583,Ignore him. Don't give him the attention he desperately wants.
262,12,24,82,118,1.4067796610169492,0.061651058240088076,583,"Don't look at him, that's what he wants!"
262,10,28,80,118,1.4067796610169492,0.059254737184754325,583,"Well, the boss did say he wanted to return to the virtues of the founding fathers."
262,9,30,79,118,1.4067796610169492,0.058019473689357906,583,The Board did say they were interested in old world values.
268,5,37,74,116,1.4051724137931034,0.053341771334431354,583,It's grown up time out.
268,11,25,80,116,1.4051724137931034,0.06119554554036036,583,How did he tie his tie like that?
268,10,27,79,116,1.4051724137931034,0.05995806665079403,583,Mistakenly hit reply all.
268,10,27,79,116,1.4051724137931034,0.05995806665079403,583,Frank's attending our mandatory sexual harassment seminar.
268,7,33,76,116,1.4051724137931034,0.05608203494932473,583,"We call this ""casualty Friday."""
268,9,29,78,116,1.4051724137931034,0.05869450331180766,583,"HR used to handle these situations, but with downsizing..."
268,8,31,77,116,1.4051724137931034,0.05740313302894312,583,Oh and stealing office supplies is really frowned on here.
275,12,22,80,114,1.4035087719298245,0.06319066237554428,583,He's in our stocks and bondage department.
275,11,24,79,114,1.4035087719298245,0.06195001546678618,583,Welcome to our Colonial Williamsburg office.
275,13,20,81,114,1.4035087719298245,0.06440741577322451,583,They're phasing Matt out of stocks and bondage.
275,13,20,81,114,1.4035087719298245,0.06440741577322451,583,He laughed at Jeff Sessions.
275,8,30,76,114,1.4035087719298245,0.058069253748951395,583,Someone didn't read the memo on the Oxford Comma.
275,15,16,83,114,1.4035087719298245,0.06677444119447927,583,He should have gone into bonds.
275,8,30,76,114,1.4035087719298245,0.058069253748951395,583,He only gave 109 percent.
275,6,34,74,114,1.4035087719298245,0.055331071205156915,583,"Man, I'm going to miss the interns when they're gone."
275,15,16,83,114,1.4035087719298245,0.06677444119447927,583,He taught his kids cursive
275,15,16,83,114,1.4035087719298245,0.06677444119447927,583,Looks like the stocks are back up.
275,11,24,79,114,1.4035087719298245,0.06195001546678618,583,"He asked the receptionist ""Working hard or hardly working?"" just one time too many."
275,12,22,80,114,1.4035087719298245,0.06319066237554428,583,He'll never 'Reply All' again!
287,5,35,73,113,1.3982300884955752,0.0541276979147477,583,He took the executive stock option.
288,4,36,71,111,1.3963963963963963,0.053201022323774216,583,The reality of our overcrowded prisons has finally sunk in.
288,12,20,79,111,1.3963963963963963,0.06434866033334363,583,"The boss says that next week we're doing something called ""The Lottery."""
288,10,24,77,111,1.3963963963963963,0.06175070654734005,583,That's the dude who keeps replying all.
288,11,22,78,111,1.3963963963963963,0.06306306306306306,583,He pushed all the buttons in the elevator.
288,12,20,79,111,1.3963963963963963,0.06434866033334363,583,Try earning 80 cents on the dollar. Then we'll talk indignity.
288,12,20,79,111,1.3963963963963963,0.06434866033334363,583,Sometimes the old ways are the best
288,9,26,76,111,1.3963963963963963,0.060409846840523786,583,Remember when behavior at an office party really had no consequences?
288,10,24,77,111,1.3963963963963963,0.06175070654734005,583,I forgot to mention we don't have an HR department yet.
288,8,28,75,111,1.3963963963963963,0.05903854191539098,583,Just letting him go would have sent the wrong message.
297,9,25,75,109,1.3944954128440368,0.06116207951070337,583,Don't you have that tie?
297,9,25,75,109,1.3944954128440368,0.06116207951070337,583,Next time bring your own yogurt.
297,10,23,76,109,1.3944954128440368,0.06253554697434979,583,He had the gall to suggest we aren't tolerant and inclusive here at Google.
297,8,27,74,109,1.3944954128440368,0.05975705234335184,583,"He didn't like ""Hamilton""."
297,8,27,74,109,1.3944954128440368,0.05975705234335184,583,He took the stock option
297,9,25,75,109,1.3944954128440368,0.06116207951070337,583,At least it's not Wells Fargo.
303,13,16,78,107,1.3925233644859814,0.06739348178437363,583,"He's testing out the new seating arrangements for economy air."""
303,6,30,71,107,1.3925233644859814,0.05751113965341493,583,Wasn't there a plant there before?
303,11,20,76,107,1.3925233644859814,0.06472410602326141,583,Isn't that the same tie he wore yesterday?
303,8,26,73,107,1.3925233644859814,0.06049960884786703,583,He created the Kendall Jenner Pepsi ad.
303,8,26,73,107,1.3925233644859814,0.06049960884786703,583,"Not surprisingly, productivity is up 30%."
303,10,22,75,107,1.3925233644859814,0.06334725058954986,583,Ixnay onway the 'equal aypay' alk-tay.
303,7,28,72,107,1.3925233644859814,0.059024290995231384,583,We're old school.
303,6,30,71,107,1.3925233644859814,0.05751113965341493,583,"I heard that he got caught reading ""Dilbert""."
303,10,22,75,107,1.3925233644859814,0.06334725058954986,583,"No pressure, but that's me if you don't sign."
303,9,24,74,107,1.3925233644859814,0.06193979669001238,583,He used Reply All.
303,9,24,74,107,1.3925233644859814,0.06193979669001238,583,He lost the bathroom key.
314,10,21,75,106,1.3867924528301887,0.06368548437040786,583,I was chained to my desk last week.
314,11,19,76,106,1.3867924528301887,0.06508099137851717,583,It's the part of Frank-Dodd Act that the bankers are trying hardest to get rescinded.
316,6,27,68,101,1.386138613861386,0.05965295180749335,583,I see they've posted the new Scapegoat of the Month
317,13,14,77,104,1.3846153846153846,0.06873943982674434,583,Fish in the microwave.
317,5,30,69,104,1.3846153846153846,0.056845919894093835,583,He was voted worst employee of the month.
317,11,18,75,104,1.3846153846153846,0.0659673979547654,583,At least the stocks are holding steady this week.
317,8,24,72,104,1.3846153846153846,0.06157579151553036,583,"You'll like working in this company because they never fire anybody, they only reprimand them."
317,6,28,70,104,1.3846153846153846,0.058465075951304825,583,They say it helps get you ready for your stand up desk.
317,11,18,75,104,1.3846153846153846,0.0659673979547654,583,He sold flood insurance in Houston.
317,11,18,75,104,1.3846153846153846,0.0659673979547654,583,Remind me not to microwave fish sticks in the break room.
317,11,18,75,104,1.3846153846153846,0.0659673979547654,583,He microwaved fish.
317,10,20,74,104,1.3846153846153846,0.06453674221353506,583,"Psst, can one of you explain the Oxford comma?"
317,8,24,72,104,1.3846153846153846,0.06157579151553036,583,Installation art can be intimidating sometimes.
317,7,26,71,104,1.3846153846153846,0.06004058297000414,583,Don't ask for stock options.
328,12,15,75,102,1.3823529411764706,0.06832169734927158,583,"Hi, Bob, what did you do this time?"
328,9,21,72,102,1.3823529411764706,0.06391747137043802,583,"Yeah, I declined the new stock option, too."
328,9,21,72,102,1.3823529411764706,0.06391747137043802,583,We locked him into a three year contract.
328,8,23,71,102,1.3823529411764706,0.06238033412563501,583,Tried to speak truth to the Executive Suite.
328,8,23,71,102,1.3823529411764706,0.06238033412563501,583,The latest management technique: Trump's employee of the year bonus.
328,7,25,70,102,1.3823529411764706,0.060804350377756396,583,"I'm in mergers & acquisitions, and he works in stocks."
334,11,16,73,100,1.38,0.06783819132332614,583,That's our pillory broker. Our stock broker is on the second floor.
334,6,26,68,100,1.38,0.05993262210114949,583,I hope you contribute to the next potluck.
334,10,18,72,100,1.38,0.066332495807108,583,"He's a reminder that you always have to read the ""terms and conditions"" before signing any contract."
334,12,14,74,100,1.38,0.06931118527366564,583,Corporate punishment
334,8,22,70,100,1.38,0.06321360293449185,583,We pay him a fortune for this. It raises productivity in the enterprise!
334,7,24,69,100,1.38,0.06159496240715952,583,It's a temporary suspension.
334,4,30,66,100,1.38,0.05646130345536479,583,He always wanted to work in stocks.
334,8,22,70,100,1.38,0.06321360293449185,583,The decor is a bit too Puritan for my tastes.
334,8,22,70,100,1.38,0.06321360293449185,583,It's the latest initiative from our old school CEO: Stocks & Bondage.
334,8,22,70,100,1.38,0.06321360293449185,583,"""Oh that? It's our Customer Service waiting area""!"
334,9,20,71,100,1.38,0.06479181891241978,583,"Yes, this bank has severe penalties for early withdrawal."
334,12,14,74,100,1.38,0.06931118527366564,583,I can't get use to him in that tie.
334,10,18,72,100,1.38,0.066332495807108,583,"Excuse me, Sir. Your zipper's down."
334,8,22,70,100,1.38,0.06321360293449185,583,They don't write people up the way they used to.
334,10,18,72,100,1.38,0.066332495807108,583,Looks like they were serious about using the copier for personal business.
334,10,18,72,100,1.38,0.066332495807108,583,"I mean, those frames with that tie?"
334,11,16,73,100,1.38,0.06783819132332614,583,Is that the new standing desk you were talking about?
334,5,28,67,100,1.38,0.058222839074533204,583,This is stocks. You'll be over here in bonds.
334,11,16,73,100,1.38,0.06783819132332614,583,I guess our stock has finally gone public.
353,8,21,70,99,1.3737373737373737,0.06354123768053102,583,There really are stupid questions.
353,11,15,73,99,1.3737373737373737,0.06823428812431105,583,"You were right, the art is shameful here."
353,9,19,71,99,1.3737373737373737,0.06514316502335188,583,"On the flip side, our employee bonus plan is pretty generous."
353,6,25,68,99,1.3737373737373737,0.06020965669559904,583,Wells Fargo signed him up for it.
357,12,12,73,97,1.3711340206185567,0.07077077431827825,583,His broker told him to get into stocks.
357,6,24,67,97,1.3711340206185567,0.060990513227831084,583,He complained about being chained to his desk.
357,7,22,68,97,1.3711340206185567,0.06272654411089969,583,We take employee retention seriously.
357,7,22,68,97,1.3711340206185567,0.06272654411089969,583,What did you say the pre payment penalty was?
361,9,17,69,95,1.368421052631579,0.06701545271308577,583,"He hit ""reply all"" one time too many."
361,9,17,69,95,1.368421052631579,0.06701545271308577,583,The new HR Director came from Uber.
361,5,25,65,95,1.368421052631579,0.05996010539855568,583,I'm reconsidering the stock options.
361,8,19,68,95,1.368421052631579,0.06532309497112299,583,Stocks always outperform bonds.
361,9,17,69,95,1.368421052631579,0.06701545271308577,583,He didn't embrace the workplace culture of positivity and employee satisfaction.
361,7,21,67,95,1.368421052631579,0.06358571042988252,583,We have plenty of stock options.
361,9,17,69,95,1.368421052631579,0.06701545271308577,583,Fred is training to be White House Correspondent...
361,7,21,67,95,1.368421052631579,0.06358571042988252,583,He never should have said that the last staff meeting was just plain torture.
361,10,15,70,95,1.368421052631579,0.06866611295299392,583,"Fish in the microwave again, Johnson?"
361,5,25,65,95,1.368421052631579,0.05996010539855568,583,Fish in the microwave.
361,9,17,69,95,1.368421052631579,0.06701545271308577,583,I'm surprised at how many interns sign up for the stock option without reading the fine print.
372,7,22,69,98,1.3673469387755102,0.062198576922504314,583,"Well, so much for the ""Don't hesitate to speak up if you don't agree with me"" policy."
373,7,20,66,93,1.3655913978494623,0.06447715824704568,583,He ate the last doughnut.
373,12,10,71,93,1.3655913978494623,0.07297995881814066,583,Most call it humiliation. We call it another day at work.
373,6,22,65,93,1.3655913978494623,0.06263824586399258,583,"That reminds me, never take anyone's food from the staff fridge."
373,8,18,67,93,1.3655913978494623,0.06626505886446611,583,You should probably pass if they offer stock options
373,5,24,64,93,1.3655913978494623,0.06074368900734789,583,That absolutely violates the principals of feng shui.
373,4,26,63,93,1.3655913978494623,0.05878810818120285,583,The boss is reading Foucault again.
373,6,22,65,93,1.3655913978494623,0.06263824586399258,583,And bonds are down in the dungeon.
373,5,24,64,93,1.3655913978494623,0.06074368900734789,583,Reply all again?
373,5,24,64,93,1.3655913978494623,0.06074368900734789,583,"It's the only way to get them to stop saying ""Win Win."""
373,11,12,70,93,1.3655913978494623,0.07136049536263689,583,"It""s the last step in the hiring process."
373,6,22,65,93,1.3655913978494623,0.06263824586399258,583,Glad to see stocks are up this morning.
373,7,20,66,93,1.3655913978494623,0.06447715824704568,583,I thought they had abolished corporate punishment.
373,7,20,66,93,1.3655913978494623,0.06447715824704568,583,His standing desk turned on him.
373,8,18,67,93,1.3655913978494623,0.06626505886446611,583,"Last time Jenkins hits ""Reply All""."
373,4,26,63,93,1.3655913978494623,0.05878810818120285,583,I see they finally caught the break room refrigerator bandit.
373,5,24,64,93,1.3655913978494623,0.06074368900734789,583,"And to think you scoffed at me when I said ""let's read the Terms & Conditions."""
373,5,24,64,93,1.3655913978494623,0.06074368900734789,583,It's motivation art.
373,12,10,71,93,1.3655913978494623,0.07297995881814066,583,Looks like someone tried to work from home again.
373,7,20,66,93,1.3655913978494623,0.06447715824704568,583,"We're trying to discourage people from hitting ""reply all""."
373,8,18,67,93,1.3655913978494623,0.06626505886446611,583,He used to be in bonds. Now he's in stocks.
373,11,12,70,93,1.3655913978494623,0.07136049536263689,583,He questioned our mission statement.
373,6,22,65,93,1.3655913978494623,0.06263824586399258,583,Wait 'til you see their bonds
373,6,22,65,93,1.3655913978494623,0.06263824586399258,583,...And that's what happens when you Reply All.
373,5,24,64,93,1.3655913978494623,0.06074368900734789,583,"... paid leave, 401K, medical, dental, and of course there's a stock option."
373,9,16,68,93,1.3655913978494623,0.06800597118641676,583,"...and over there is Kai, he microwaved fish in the breakroom yesterday."
373,6,22,65,93,1.3655913978494623,0.06263824586399258,583,He told the truth at the last board meeting.
399,9,9,57,75,1.36,0.07972927164320992,583,It's our new personal fitness product. You improve your posture while atoning for your sins.
400,6,21,65,92,1.358695652173913,0.06293794815147712,583,He won the caption contest.
401,6,20,64,90,1.3555555555555556,0.06381760665465971,583,He finds it hard to think outside the box.
401,5,22,63,90,1.3555555555555556,0.06183040537625109,583,He prefers it to flogging...
401,6,20,64,90,1.3555555555555556,0.06381760665465971,583,I guess the numbers do matter
401,5,22,63,90,1.3555555555555556,0.06183040537625109,583,I don't get performance art.
401,5,22,63,90,1.3555555555555556,0.06183040537625109,583,"Oh, by the way, don't use the copier for any personal business."
401,6,20,64,90,1.3555555555555556,0.06381760665465971,583,That reminds me. I have to call my broker.
401,6,20,64,90,1.3555555555555556,0.06381760665465971,583,"He kept using ""reply all."""
401,7,18,65,90,1.3555555555555556,0.06574477020468014,583,"Hmm, looks like stocks are up."
401,7,18,65,90,1.3555555555555556,0.06574477020468014,583,Here at EPA we don't tweet that climate change is real!
401,8,16,66,90,1.3555555555555556,0.06761702965528377,583,He hit 'Reply All' by mistake
401,8,16,66,90,1.3555555555555556,0.06761702965528377,583,We have a lobbyist on retainer.
401,6,20,64,90,1.3555555555555556,0.06381760665465971,583,Remind me to check our Terms of Service when we get home.
413,3,25,60,88,1.3522727272727273,0.05836453724438752,583,A wide tie would go better with that.
413,5,21,62,88,1.3522727272727273,0.06268082041150161,583,Looks like Bob fell for the old stocks option trick.
413,8,15,65,88,1.3522727272727273,0.06864826514209987,583,Our company has very traditional values.
413,7,17,64,88,1.3522727272727273,0.06671844787737748,583,On Fridays he's allowed to remove his tie.
413,4,23,61,88,1.3522727272727273,0.06056114453678371,583,I think you'll find our HR policies to be tough but fair.
413,6,19,63,88,1.3522727272727273,0.06473112286460529,583,"Oh, yes, I forgot: billable hours need to be submitted every Friday by noon."
413,8,15,65,88,1.3522727272727273,0.06864826514209987,583,Think before you tweet.
413,8,15,65,88,1.3522727272727273,0.06864826514209987,583,"That's Richardson. He hit ""reply all"" one time too many."
413,7,17,64,88,1.3522727272727273,0.06671844787737748,583,He burned popcorn. The last guy microwaved salmon.
413,6,19,63,88,1.3522727272727273,0.06473112286460529,583,I see the company is providing stock options.
413,8,15,65,88,1.3522727272727273,0.06864826514209987,583,Ask him. He has to tell you.
413,7,17,64,88,1.3522727272727273,0.06671844787737748,583,Look's like Bob talked to the press again.
425,7,16,63,86,1.3488372093023255,0.06773134719419151,583,We call it Underperformance Art.
425,7,16,63,86,1.3488372093023255,0.06773134719419151,583,Who thought the 16th century would provide a very effective cure for constantly checking your iPhone?
425,7,16,63,86,1.3488372093023255,0.06773134719419151,583,"""Reheated fish in the office microwave""."
425,9,12,65,86,1.3488372093023255,0.0716570374434719,583,He'll never 'Reply All' again!
425,3,24,59,86,1.3488372093023255,0.05910282690252702,583,They're serious about not stealing people's food from the fridge.
425,7,16,63,86,1.3488372093023255,0.06773134719419151,583,It's voluntary. And there's a waiting list.
425,5,20,61,86,1.3488372093023255,0.063563667061499,583,"Oh, no. It’s empathy training week again."
432,5,19,60,84,1.3452380952380953,0.06448090890362188,583,What a great looking tie....
432,7,15,62,84,1.3452380952380953,0.06878598024544619,583,"Needless to say, Corporate's clamped down on turnover with their new employee stocks option."
432,6,17,61,84,1.3452380952380953,0.06666820340823688,583,Our H.R. director is a history buff.
432,5,19,60,84,1.3452380952380953,0.06448090890362188,583,It doesn't give me the joy that I expected.
432,8,13,63,84,1.3452380952380953,0.07084047438415259,583,I miss the old standing desks
437,6,16,60,82,1.3414634146341464,0.06769645526719131,583,I see Artman decided to exercise his stock options.
437,5,18,59,82,1.3414634146341464,0.06543466920135303,583,"We found an inverse correlation between time spent in the pillory and usage of words like ""synergy"" and ""paradigm""."
437,5,18,59,82,1.3414634146341464,0.06543466920135303,583,"Oh there's still a late payment penalty, just not a fee."
437,9,10,63,82,1.3414634146341464,0.07406856568409999,583,Looks like our merger with Penn & Teller is complete.
437,8,12,62,82,1.3414634146341464,0.07200721005737898,583,I told you it was a company founded on traditional values.
437,6,16,60,82,1.3414634146341464,0.06769645526719131,583,That's Morty. He's in stocks.
437,7,14,61,82,1.3414634146341464,0.06988507836437738,583,Looks like somebody won't be emailing us his lame caption contest entries anymore.
437,7,14,61,82,1.3414634146341464,0.06988507836437738,583,I'm thinking the tie is a clip on.
437,5,18,59,82,1.3414634146341464,0.06543466920135303,583,Looks like Jim went over budget again.
437,7,14,61,82,1.3414634146341464,0.06988507836437738,583,It's part of our new employee disincentive program.
437,7,14,61,82,1.3414634146341464,0.06988507836437738,583,I guess he didn't read the fine print about the stocks.
437,4,20,58,82,1.3414634146341464,0.06309185217790143,583,"How's the standing desk working out, Bob?"
437,6,16,60,82,1.3414634146341464,0.06769645526719131,583,"He opened 3,000 new checking accounts for customers of this branch alone. I believe he'll be in the headquarters lobby next week."
437,6,16,60,82,1.3414634146341464,0.06769645526719131,583,I guess they are really holding him to that locked-in rate
437,6,16,60,82,1.3414634146341464,0.06769645526719131,583,"They find it more effective than ""Employee of the Month"""
437,7,14,61,82,1.3414634146341464,0.06988507836437738,583,He won't be taking any more pens from work home after this.
437,4,20,58,82,1.3414634146341464,0.06309185217790143,583,"Wow, I guess they really do pay attention to the employee surveys!"
437,6,16,60,82,1.3414634146341464,0.06769645526719131,583,I don't think this was the kind of stock option he had in mind.
437,4,20,58,82,1.3414634146341464,0.06309185217790143,583,I see stocks are up.
437,6,16,60,82,1.3414634146341464,0.06769645526719131,583,I warned him that his short position in stocks would be painful.
437,7,14,61,82,1.3414634146341464,0.06988507836437738,583,"It's a harsh reminder to think twice before hitting ""Reply All""."
437,6,16,60,82,1.3414634146341464,0.06769645526719131,583,"""He's in stocks"", said everyone who entered the cartoon caption contest this week."
437,5,18,59,82,1.3414634146341464,0.06543466920135303,583,"""Nice Tie""."
437,8,12,62,82,1.3414634146341464,0.07200721005737898,583,He thought he was taking the stock option.
437,6,16,60,82,1.3414634146341464,0.06769645526719131,583,I understand it's for an Oxford comma in the subject line.
437,8,12,62,82,1.3414634146341464,0.07200721005737898,583,He ate four donuts at our Monday morning meeting.
437,8,12,62,82,1.3414634146341464,0.07200721005737898,583,He's trying to spend less time on his phone.
437,4,20,58,82,1.3414634146341464,0.06309185217790143,583,The tweet has since been deleted but apparently it was pretty bad.
437,6,16,60,82,1.3414634146341464,0.06769645526719131,583,"I heard that he cooked fish in the break room microwave. They went too easy on him, if you ask me."
437,6,16,60,82,1.3414634146341464,0.06769645526719131,583,I don't get the attraction of the new standing desks.
437,7,14,61,82,1.3414634146341464,0.06988507836437738,583,"As you'll see in the employee handbook, we discourage the use of ""Reply All"" on work emails."
468,6,17,62,85,1.3411764705882352,0.06600428892029754,583,Shoot. Did I do my timesheets?
469,6,15,60,81,1.3333333333333333,0.06804138174397717,583,Looks like our stocks are up today.
469,8,11,62,81,1.3333333333333333,0.07243558228002943,583,We're heading out for coffee. Get you anything?
471,5,17,60,82,1.329268292682927,0.06505476359977132,583,I guess employee of the month doesn't mean what it used to.
471,7,13,62,82,1.329268292682927,0.06952949382475611,583,Looks like he misunderstood when I told him stocks are better than bonds
473,6,14,59,79,1.3291139240506329,0.06912425482733159,583,Looks like someone didn't share in our team-based goal of inclusion and mutual support in the workplace.
473,5,16,58,79,1.3291139240506329,0.06673524301754483,583,We hired you to take his position.
473,6,14,59,79,1.3291139240506329,0.06912425482733159,583,I thought that tie was out of stock.
473,2,22,55,79,1.3291139240506329,0.05899053166518706,583,I still think the Employee-of-the-Month poster was more motivating.
473,10,6,63,79,1.3291139240506329,0.07795153869376995,583,Oh. That's called 'Standing Stock Still'. It's on loan from MOMA.
473,8,10,61,79,1.3291139240506329,0.07367022801023554,583,He didn't want to be chained to his desk.
473,4,18,57,79,1.3291139240506329,0.06425747206191397,583,We've found it more effective than Employee of the Week.
473,6,14,59,79,1.3291139240506329,0.06912425482733159,583,Not the kind of stock option I was thinking of here.
473,7,12,60,79,1.3291139240506329,0.07143341340197165,583,She says she has a sense of humor but when he rhymed Hillary with pillory...
473,5,16,58,79,1.3291139240506329,0.06673524301754483,583,The penalty for early withdrawal is a little harsh.
473,5,16,58,79,1.3291139240506329,0.06673524301754483,583,He wasn't specific enough about his standing desk request.
473,8,10,61,79,1.3291139240506329,0.07367022801023554,583,It's a clip-on.
485,5,15,57,77,1.3246753246753247,0.06777782863036942,583,He came in because he was tired of being placed on hold.
485,4,17,56,77,1.3246753246753247,0.06520790254401293,583,"Yeah, but he is raking in the OT."
485,5,15,57,77,1.3246753246753247,0.06777782863036942,583,Look who's in time-out now.
485,6,13,58,77,1.3246753246753247,0.07025380810679205,583,It's Medieval Awareness Day
485,4,17,56,77,1.3246753246753247,0.06520790254401293,583,Perhaps office culture has gotten a little too puritanical.
485,5,15,57,77,1.3246753246753247,0.06777782863036942,583,I see Dave farted in the elevator again.
485,5,15,57,77,1.3246753246753247,0.06777782863036942,583,I see my idea of having cameras in the copier room is already paying off.
485,5,15,57,77,1.3246753246753247,0.06777782863036942,583,"Our employee-retention program is best-in-class, including a unique stock option plan."
485,4,17,56,77,1.3246753246753247,0.06520790254401293,583,Forgot his password
485,7,11,59,77,1.3246753246753247,0.07264544757356925,583,He used password as his password.
495,6,12,57,75,1.32,0.07143320448294828,583,He clicked reply all.
495,4,16,55,75,1.32,0.06619654055902001,583,Looks like someone's got a case of the 1500s.
495,4,16,55,75,1.32,0.06619654055902001,583,He was right after all. Stocks did go up.
495,8,8,59,75,1.32,0.07631135841684003,583,Him? He's Walter Wilson from Stocks and Bondage.
495,4,16,55,75,1.32,0.06619654055902001,583,All I know is he broke the copier two weeks in a row.
495,8,8,59,75,1.32,0.07631135841684003,583,"It's Wells Fargo, returning to its roots."
495,2,20,53,75,1.32,0.06050835695390563,583,I preferred the abstract art you could interpret any way you wanted.
495,7,10,58,75,1.32,0.07391253657576001,583,His tie is certainly a distraction.
495,2,20,53,75,1.32,0.06050835695390563,583,He got more Twitter followers than the boss.
495,5,14,56,75,1.32,0.06886466686438221,583,that client wanted to be put in a very secure stock
495,7,10,58,75,1.32,0.07391253657576001,583,That's odd. I thought he was in bonds.
495,4,16,55,75,1.32,0.06619654055902001,583,Lost 400 million yesterday on the foreign exchange desk. It won't happen again.
495,5,14,56,75,1.32,0.06886466686438221,583,He said he was getting into stocks.
495,6,12,57,75,1.32,0.07143320448294828,583,We are encouraged to yank the tie.
495,3,18,54,75,1.32,0.06341625676135118,583,He should switch to bonds.
495,5,14,56,75,1.32,0.06886466686438221,583,Do you mind if I ask you where bought that tie?
495,7,10,58,75,1.32,0.07391253657576001,583,Trump's last Chief of Staff.
495,3,18,54,75,1.32,0.06341625676135118,583,"They're serious about not hitting ""Reply All."""
495,6,12,57,75,1.32,0.07143320448294828,583,"And to our left, the Whistleblower of the Month."
495,6,12,57,75,1.32,0.07143320448294828,583,He always exaggerates -- he told me his hands were tied.
495,5,14,56,75,1.32,0.06886466686438221,583,Texting Aversion Therapy
495,6,12,57,75,1.32,0.07143320448294828,583,I guess Frank won't be joining us for lunch today!
495,7,10,58,75,1.32,0.07391253657576001,583,They say shunning didn't work.
495,5,14,56,75,1.32,0.06886466686438221,583,He was caught reading The Art of the Deal
495,4,16,55,75,1.32,0.06619654055902001,583,He used to be in Bonds but now he's in Stocks.
495,6,12,57,75,1.32,0.07143320448294828,583,Frank wasn't very clear about his employee stock options in his contract.
495,7,10,58,75,1.32,0.07391253657576001,583,Harold's in stocks.
495,4,16,55,75,1.32,0.06619654055902001,583,His online dating profile says he's in stocks.
495,5,14,56,75,1.32,0.06886466686438221,583,Lucky bastard. The Fire Marshall denied a permit for the stake burning.
495,7,10,58,75,1.32,0.07391253657576001,583,"So, latte with a straw for you, Phill?"
495,8,8,59,75,1.32,0.07631135841684003,583,Reply All.
495,5,14,56,75,1.32,0.06886466686438221,583,Our nondisclosure agreement is pretty effective.
495,8,8,59,75,1.32,0.07631135841684003,583,That's the guy that farted in the elevator..
495,7,10,58,75,1.32,0.07391253657576001,583,He's into stocks and bondage.
495,5,14,56,75,1.32,0.06886466686438221,583,Now you see why I opted out of the company stock plan.
495,7,10,58,75,1.32,0.07391253657576001,583,"He was in bonds, but now he's in stocks."
495,6,12,57,75,1.32,0.07143320448294828,583,"""Psst! Over here... scratch my nose!"
495,5,14,56,75,1.32,0.06886466686438221,583,I guess someone does read the suggestion box after all.
495,5,14,56,75,1.32,0.06886466686438221,583,"You DID mute your cellphone, right?"
495,4,16,55,75,1.32,0.06619654055902001,583,He finished the coffee and didn't start a fresh pot.
495,5,14,56,75,1.32,0.06886466686438221,583,"Supposedly, his passwords are lacking in non-alphanumeric characters."
495,5,14,56,75,1.32,0.06886466686438221,583,"As you can see, our employee stock program isn't always an option."
495,5,14,56,75,1.32,0.06886466686438221,583,I guess that's part of the new restrictions on lobbyists.
495,6,12,57,75,1.32,0.07143320448294828,583,"What's that tie say, ""Make America Great Again!?"
539,5,13,55,73,1.3150684931506849,0.06999867450573467,583,He spoiled the ending of Game of Thrones.
539,6,11,56,73,1.3150684931506849,0.0726658925243815,583,Looks like stocks are up again this week.
539,5,13,55,73,1.3150684931506849,0.06999867450573467,583,What's old is new again!
539,3,17,53,73,1.3150684931506849,0.06433334613518435,583,He misunderstood the stocks option.
539,5,13,55,73,1.3150684931506849,0.06999867450573467,583,"Yes, the stock plan is a little restrictive"
539,5,13,55,73,1.3150684931506849,0.06999867450573467,583,I just hate conceptual art.
539,4,15,54,73,1.3150684931506849,0.06722571627550439,583,Well it wasn't for not wearing a tie.
539,5,13,55,73,1.3150684931506849,0.06999867450573467,583,It discourages bank employees from opening unauthorized accounts.
539,5,13,55,73,1.3150684931506849,0.06999867450573467,583,Trump Tower: Week 33
539,4,15,54,73,1.3150684931506849,0.06722571627550439,583,I'm not sure about our new HR director.
539,4,15,54,73,1.3150684931506849,0.06722571627550439,583,Don't screw up here.
539,4,15,54,73,1.3150684931506849,0.06722571627550439,583,I think I'll pass on the stock options here.
539,5,13,55,73,1.3150684931506849,0.06999867450573467,583,That's what you get for microwaving fish in the lunch room.
539,7,9,57,73,1.3150684931506849,0.07523861668166248,583,Not the employee art show again.
539,5,13,55,73,1.3150684931506849,0.06999867450573467,583,Burned popcorn in the microwave.
539,4,15,54,73,1.3150684931506849,0.06722571627550439,583,I guess he signed up for the new stocks option plan.
539,7,9,57,73,1.3150684931506849,0.07523861668166248,583,He's a Trump Tower greeter.
539,4,15,54,73,1.3150684931506849,0.06722571627550439,583,"Well, it's not prison but I guess it's a step towards corporate responsibility."
539,4,15,54,73,1.3150684931506849,0.06722571627550439,583,"When he opted for stock options, he should have read the fine print."
539,3,17,53,73,1.3150684931506849,0.06433334613518435,583,The teak wood is a nice touch.
539,3,17,53,73,1.3150684931506849,0.06433334613518435,583,It's like the subway -- don't make eye contact.
539,7,9,57,73,1.3150684931506849,0.07523861668166248,583,If they offer you stock options - don't take them
539,3,17,53,73,1.3150684931506849,0.06433334613518435,583,"The tie makes it, don't you think?"
539,6,11,56,73,1.3150684931506849,0.0726658925243815,583,He wasn't a team player. Are you a team player?
539,6,11,56,73,1.3150684931506849,0.0726658925243815,583,I like the old State Department.
539,6,11,56,73,1.3150684931506849,0.0726658925243815,583,He complimented some woman's haircut.
539,8,7,58,73,1.3150684931506849,0.07772623073310139,583,I liked it better when they would just hang the exhibits
539,5,13,55,73,1.3150684931506849,0.06999867450573467,583,The compliance department found online shaming ineffective.
539,6,11,56,73,1.3150684931506849,0.0726658925243815,583,"Good morning, Bob. How's it hangin'?"
539,5,13,55,73,1.3150684931506849,0.06999867450573467,583,"I liked it better when ""employee of the month"" was just a picture"
539,4,15,54,73,1.3150684931506849,0.06722571627550439,583,We offer a variety of stock options.
539,2,19,52,73,1.3150684931506849,0.06130466475843632,583,He didn't have an appointment.
539,6,11,56,73,1.3150684931506849,0.0726658925243815,583,Bill is the head of our company's board.
539,7,9,57,73,1.3150684931506849,0.07523861668166248,583,"Oh, he's a part of the board."
539,3,17,53,73,1.3150684931506849,0.06433334613518435,583,He told old man Winthrop he wanted a stock option during his annual review.
539,4,15,54,73,1.3150684931506849,0.06722571627550439,583,"A stark reminder of the careless use of ""Reply to All""."
539,2,19,52,73,1.3150684931506849,0.06130466475843632,583,"oh that reminds me, make sure you have your ID badge visible at all times."
539,7,9,57,73,1.3150684931506849,0.07523861668166248,583,"We're all worried about the market, Dave, but technically that's a pillory."
539,4,15,54,73,1.3150684931506849,0.06722571627550439,583,There aren't many mascot options for a stock company.
539,5,13,55,73,1.3150684931506849,0.06999867450573467,583,I'm glad I didn't take the stocks option.
539,5,13,55,73,1.3150684931506849,0.06999867450573467,583,Say what you like about the president but you can't deny stocks are up again.
539,3,17,53,73,1.3150684931506849,0.06433334613518435,583,I liked the large potted plant better.
539,8,7,58,73,1.3150684931506849,0.07772623073310139,583,Human Resources is trying a new public shaming policy.
539,6,11,56,73,1.3150684931506849,0.0726658925243815,583,It's our way of treating sexual harassment
583,0,15,33,48,1.3125,0.06761023307918171,583,Make sure you read the fine print on the employee stock plan.
584,4,14,53,71,1.3098591549295775,0.06829793087996713,583,Do not take office supplies home with you.
584,6,10,55,71,1.3098591549295775,0.07395563762369861,583,Now that's a real stock broker!
584,6,10,55,71,1.3098591549295775,0.07395563762369861,583,Replied to all.
584,4,14,53,71,1.3098591549295775,0.06829793087996713,583,That's Johnson. His projections were way off.
584,2,18,51,71,1.3098591549295775,0.0621271147619275,583,His online dating profile said he was in stocks.
584,5,12,54,71,1.3098591549295775,0.07118301657984366,583,One too many 'reply all's
584,4,14,53,71,1.3098591549295775,0.06829793087996713,583,"I know they call it a 'hostile takeover', but still..."
584,7,8,56,71,1.3098591549295775,0.07662800286611518,583,'He leaked a White House story.'
584,5,12,54,71,1.3098591549295775,0.07118301657984366,583,He spoiled the Game of Thrones finale.
584,7,8,56,71,1.3098591549295775,0.07662800286611518,583,Maybe I won't take the stock option.
584,5,12,54,71,1.3098591549295775,0.07118301657984366,583,"If they ask you about stock options, just say no."
584,5,12,54,71,1.3098591549295775,0.07118301657984366,583,It's interesting. But it's no Picasso.
584,3,16,52,71,1.3098591549295775,0.06528547216313318,583,I see that Lewis brought up the subject of corporate ethics again.
584,5,12,54,71,1.3098591549295775,0.07118301657984366,583,He went with the public stock option.
584,5,12,54,71,1.3098591549295775,0.07118301657984366,583,"I thought you said he was into bonds, not stocks."
584,3,16,52,71,1.3098591549295775,0.06528547216313318,583,He rode the elevator down one floor.
584,4,14,53,71,1.3098591549295775,0.06829793087996713,583,"That's why we don't hit ""reply all"""
584,7,8,56,71,1.3098591549295775,0.07662800286611518,583,He has to do that for 5 minutes a day for losing $7 billion on the European tomato crop.
602,3,15,51,69,1.3043478260869565,0.06627446813222473,583,Josh mentioned he felt trapped in his current position.
602,2,17,50,69,1.3043478260869565,0.06297656442442483,583,He's the head of the board.
602,2,17,50,69,1.3043478260869565,0.06297656442442483,583,I see Smith forgot his login again.
602,3,15,51,69,1.3043478260869565,0.06627446813222473,583,It's a trainer cubicle.
602,5,11,53,69,1.3043478260869565,0.07242112982562723,583,He beat the boss at Golf.
602,2,17,50,69,1.3043478260869565,0.06297656442442483,583,He asked for a standing desk.
602,6,9,54,69,1.3043478260869565,0.07530655685082074,583,"He won ""The Apprentice: Plymouth Rock."""
602,5,11,53,69,1.3043478260869565,0.07242112982562723,583,"It was his third ""Reply All."""
602,5,11,53,69,1.3043478260869565,0.07242112982562723,583,We're trying a new employee retention program.
602,3,15,51,69,1.3043478260869565,0.06627446813222473,583,We settled out of court
602,5,11,53,69,1.3043478260869565,0.07242112982562723,583,"See, I told you that's what happens when you don't read the terms of agreement."
602,6,9,54,69,1.3043478260869565,0.07530655685082074,583,"It's part of the ""Make America Great Again"" plan."
602,5,11,53,69,1.3043478260869565,0.07242112982562723,583,Is that Cole in your stocking?
602,6,9,54,69,1.3043478260869565,0.07530655685082074,583,He just wants his nose scratched.
602,6,9,54,69,1.3043478260869565,0.07530655685082074,583,"Oh, how nice, they finally replaced the Confederate soldier on horseback."
602,4,13,52,69,1.3043478260869565,0.06941586695932576,583,I agree. His tie is too long.
602,4,13,52,69,1.3043478260869565,0.06941586695932576,583,"""Put your hands together for management"" -- That was cruel, Mavis."
602,4,13,52,69,1.3043478260869565,0.06941586695932576,583,But he used a private email server!
602,6,9,54,69,1.3043478260869565,0.07530655685082074,583,"I know it looks excessive, but it did solve the ""reply-all"" problem."
602,4,13,52,69,1.3043478260869565,0.06941586695932576,583,I guess he misunderstood when I advised him to get into stocks.
602,5,11,53,69,1.3043478260869565,0.07242112982562723,583,"The artist is calling that performance piece, ""Make America Great Again."""
602,3,15,51,69,1.3043478260869565,0.06627446813222473,583,"So, you want to get together later?"
602,4,13,52,69,1.3043478260869565,0.06941586695932576,583,"Do NOT ""reply all"""
602,6,9,54,69,1.3043478260869565,0.07530655685082074,583,He used the wrong pronoun again.
602,5,11,53,69,1.3043478260869565,0.07242112982562723,583,Bonds must be down the hall.
602,3,15,51,69,1.3043478260869565,0.06627446813222473,583,Looks like someone finally got caught pinching lunches from the fridge.
602,6,9,54,69,1.3043478260869565,0.07530655685082074,583,Looks like Bill used 'reply-all' again...
602,4,13,52,69,1.3043478260869565,0.06941586695932576,583,We will do anything to keep a customer.
602,5,11,53,69,1.3043478260869565,0.07242112982562723,583,The golden handcuffs weren't working anymore.
602,5,11,53,69,1.3043478260869565,0.07242112982562723,583,"Actually, it was my idea. If you pull on his tie, he'll give you our current stock value."
602,5,11,53,69,1.3043478260869565,0.07242112982562723,583,The boss doesn't get satire.
602,3,15,51,69,1.3043478260869565,0.06627446813222473,583,It looked better in the catalog.
602,6,9,54,69,1.3043478260869565,0.07530655685082074,583,Vetting is getting tougher. He's on the rack next.
602,4,13,52,69,1.3043478260869565,0.06941586695932576,583,HE MISUNDERSTOOD WHEN THEY OFFERED HIM THE STOCK OPTION.
602,7,7,55,69,1.3043478260869565,0.0780854337519581,583,"Yeah, I always recommend bonds over stocks."
602,5,11,53,69,1.3043478260869565,0.07242112982562723,583,And the best part is they let us hit him whenever we want.
602,4,13,52,69,1.3043478260869565,0.06941586695932576,583,He used Comic Sans.
602,4,13,52,69,1.3043478260869565,0.06941586695932576,583,He always wanted to do standup.
602,2,17,50,69,1.3043478260869565,0.06297656442442483,583,"Another guy who hit ""reply all"" to a company-wide message again!"
602,6,9,54,69,1.3043478260869565,0.07530655685082074,583,Things just aren't the same since Roger Ailes left.
602,5,11,53,69,1.3043478260869565,0.07242112982562723,583,"Sure, they lock in the interest rate, but those stocks aren't going anywhere."
602,4,13,52,69,1.3043478260869565,0.06941586695932576,583,It's not a good time to get into stocks.
602,4,13,52,69,1.3043478260869565,0.06941586695932576,583,It's for employees who should think more about thinking outside of the box.
602,4,13,52,69,1.3043478260869565,0.06941586695932576,583,"'Round here, when you finish the coffee, you make more."
602,3,15,51,69,1.3043478260869565,0.06627446813222473,583,"Enough already, Harold. Just admit you're a witch."
602,4,13,52,69,1.3043478260869565,0.06941586695932576,583,I told him to stop speaking truth to power
602,3,15,51,69,1.3043478260869565,0.06627446813222473,583,"It's temporary, we have a new guy starting next week."
602,2,17,50,69,1.3043478260869565,0.06297656442442483,583,"Ever heard of the phrase, ""No good deed goes unpunished""?"
602,4,13,52,69,1.3043478260869565,0.06941586695932576,583,I thought Harold was in bonds.
602,3,15,51,69,1.3043478260869565,0.06627446813222473,583,He kept hitting reply-all.
602,3,15,51,69,1.3043478260869565,0.06627446813222473,583,No fees...ha I knew there was a catch
602,4,13,52,69,1.3043478260869565,0.06941586695932576,583,Corporate says they're going to leave him there until morale improves.
602,4,13,52,69,1.3043478260869565,0.06941586695932576,583,"This is corporal headquarters, after all."
602,5,11,53,69,1.3043478260869565,0.07242112982562723,583,"If they offer you stock options, make sure to read the fine print."
602,6,9,54,69,1.3043478260869565,0.07530655685082074,583,Please don't feed the interns.
602,8,5,56,69,1.3043478260869565,0.08076875895875199,583,"Yeah, the stock options here are a real embarrassment."
602,5,11,53,69,1.3043478260869565,0.07242112982562723,583,Imagine if it had been a hostile takeover.
602,7,7,55,69,1.3043478260869565,0.0780854337519581,583,Admitted he voted for Trump.
602,4,13,52,69,1.3043478260869565,0.06941586695932576,583,That's the last time he'll microwave fish at the office.
602,4,13,52,69,1.3043478260869565,0.06941586695932576,583,It's one of those new 'standing desks.'
602,3,15,51,69,1.3043478260869565,0.06627446813222473,583,Sometimes low tech is better than high tech.
602,3,15,51,69,1.3043478260869565,0.06627446813222473,583,That's just Art being art!
602,6,9,54,69,1.3043478260869565,0.07530655685082074,583,The stocks are up today
602,4,13,52,69,1.3043478260869565,0.06941586695932576,583,I preferred the Ficus Tree.
666,3,14,50,67,1.2985074626865671,0.0673022351167596,583,"Polka dot tie with chinos, i think he got off easy."
666,4,12,51,67,1.2985074626865671,0.07058239784879214,583,microwaved fish three days in a row.
666,2,16,49,67,1.2985074626865671,0.06385379250552001,583,Rule 1: Don't tweet about the boss.
666,2,16,49,67,1.2985074626865671,0.06385379250552001,583,"It may seem cruel, but he won't be asking about stock options anymore."
666,4,12,51,67,1.2985074626865671,0.07058239784879214,583,We are getting deli. Want us to bring you something?
666,3,14,50,67,1.2985074626865671,0.0673022351167596,583,And here we have our work metaphor.
666,4,12,51,67,1.2985074626865671,0.07058239784879214,583,He asked IT for a Mac
666,5,10,52,67,1.2985074626865671,0.07371674789665346,583,The CEO is from an old New England Puritan family.
666,5,10,52,67,1.2985074626865671,0.07371674789665346,583,That's the new guy. I think he's in stocks.
666,5,10,52,67,1.2985074626865671,0.07371674789665346,583,The tie seems redundant.
666,5,10,52,67,1.2985074626865671,0.07371674789665346,583,"I mean, If you ask me, he got off easy. He drank Barbara's half-and-half right out of the carton for goodness sakes."
666,5,10,52,67,1.2985074626865671,0.07371674789665346,583,That's the Equifax rep.
666,3,14,50,67,1.2985074626865671,0.0673022351167596,583,We got him from the Stock Exchange
666,5,10,52,67,1.2985074626865671,0.07371674789665346,583,I think maybe he chose the wrong stock option
666,3,14,50,67,1.2985074626865671,0.0673022351167596,583,He typed his emails with all caps.
666,4,12,51,67,1.2985074626865671,0.07058239784879214,583,He's going through a Middle-Aged Crisis.
666,5,10,52,67,1.2985074626865671,0.07371674789665346,583,I didn't use your goddamn cup Helen
666,5,10,52,67,1.2985074626865671,0.07371674789665346,583,I hate live art week.
666,3,14,50,67,1.2985074626865671,0.0673022351167596,583,"Strange, he doesn't look like a Dreamer."
666,3,14,50,67,1.2985074626865671,0.0673022351167596,583,Walter has stolen his last pen.
666,3,14,50,67,1.2985074626865671,0.0673022351167596,583,Plant-watering is unionized. He didn't know.
666,4,12,51,67,1.2985074626865671,0.07058239784879214,583,Waiting for appointments here is borderline torture.
666,3,14,50,67,1.2985074626865671,0.0673022351167596,583,Our stock options aren't very popular with employees.
666,6,8,53,67,1.2985074626865671,0.07672315787838994,583,He's on hold.
666,6,8,53,67,1.2985074626865671,0.07672315787838994,583,"Yeah, these kids complain, but it's free experience."
666,4,12,51,67,1.2985074626865671,0.07058239784879214,583,Look! You both have the same tie.
666,5,10,52,67,1.2985074626865671,0.07371674789665346,583,Late payment penalty.
666,6,8,53,67,1.2985074626865671,0.07672315787838994,583,He's not trans and used the wrong bathroom.
666,4,12,51,67,1.2985074626865671,0.07058239784879214,583,"He actually used the word ""covfefe"" at the board meeting."
666,5,10,52,67,1.2985074626865671,0.07371674789665346,583,We're really starting to feel the cutbacks. That used to be a guillotine.
666,5,10,52,67,1.2985074626865671,0.07371674789665346,583,Don't let them fool you when they tell you about stock options.
666,4,12,51,67,1.2985074626865671,0.07058239784879214,583,Everyone thinks we're stockbrokers. We MANUFACTURE stocks.
666,5,10,52,67,1.2985074626865671,0.07371674789665346,583,That's what you get for being who you are...
666,2,16,49,67,1.2985074626865671,0.06385379250552001,583,That's so analogue.
666,5,10,52,67,1.2985074626865671,0.07371674789665346,583,That's not even Equifax's real CEO. He hired a body double.
666,4,12,51,67,1.2985074626865671,0.07058239784879214,583,He should've realized not every Undercover Boss reveal is going to be uplifting.
702,5,10,53,68,1.2941176470588236,0.072757138468754,583,I heard last year he went all out for bonds.
703,5,9,51,65,1.2923076923076924,0.07507392806131975,583,I heard he put fish in the microwave.
703,4,11,50,65,1.2923076923076924,0.07180059500997873,583,It replaced the Jefferson Davis statue
703,4,11,50,65,1.2923076923076924,0.07180059500997873,583,It's Bring Your Fetish to Work Day.
703,5,9,51,65,1.2923076923076924,0.07507392806131975,583,"It's a little retro, but he'll never microwave fish in the breakroom again."
703,5,9,51,65,1.2923076923076924,0.07507392806131975,583,Managements really pushing the stocks option.
703,3,13,49,65,1.2923076923076924,0.068370726287043,583,No. This is the bonds department. Why do you ask?
703,4,11,50,65,1.2923076923076924,0.07180059500997873,583,"Remember, we're only interested in bonds."
703,5,9,51,65,1.2923076923076924,0.07507392806131975,583,We're in the right place. This obviously is the Human Resources department.
703,4,11,50,65,1.2923076923076924,0.07180059500997873,583,He wouldn't stop replying-all.
703,5,9,51,65,1.2923076923076924,0.07507392806131975,583,Nice Plants
703,2,15,48,65,1.2923076923076924,0.06475945477108745,583,I suppose a New York Stock Exchange joke would be a little too obvious?
703,4,11,50,65,1.2923076923076924,0.07180059500997873,583,Those stand up desks don't look very comfortable to me.
703,6,7,52,65,1.2923076923076924,0.07821038233716444,583,Oh... that's Willoughby. He's in stocks...
703,5,9,51,65,1.2923076923076924,0.07507392806131975,583,The management wants to get back to the time when America was great . . .
703,7,5,53,65,1.2923076923076924,0.0812258156997803,583,"Corporate, corporal, what is the difference?"
703,4,11,50,65,1.2923076923076924,0.07180059500997873,583,He violated our open communication policy by being open.
719,2,15,49,66,1.2878787878787878,0.06392431245372421,583,And when management asks for suggestions... don't.
719,4,11,51,66,1.2878787878787878,0.07084291534855332,583,Only way to keep him off his damn cell phone.
721,2,14,47,63,1.2857142857142858,0.06569402390274377,583,That's Bob from Accounting. He won S&M Employee of the Month.
721,5,8,50,63,1.2857142857142858,0.07649707894309514,583,"Wow, tough over-draft penalties."
721,3,12,48,63,1.2857142857142858,0.06948192244484573,583,I never liked that tie.
721,4,10,49,63,1.2857142857142858,0.07307373205693578,583,Since we put Pat in the pillory... employee handbook compliance has improved by 87.5%.
721,4,10,49,63,1.2857142857142858,0.07307373205693578,583,We offer restricted stock options
721,6,6,51,63,1.2857142857142858,0.0797736539022967,583,He got the speaker and mute buttons confused.
721,3,12,48,63,1.2857142857142858,0.06948192244484573,583,He's our buy-and-hold stocks trader.
721,4,10,49,63,1.2857142857142858,0.07307373205693578,583,I started out as a stock boy myself
721,2,14,47,63,1.2857142857142858,0.06569402390274377,583,It's just for show until there's a new POTUS in the White House.
721,5,8,50,63,1.2857142857142858,0.07649707894309514,583,"Actually, our greeters find it helps their posture"
721,2,14,47,63,1.2857142857142858,0.06569402390274377,583,Enhanced interview techniques.
721,3,12,48,63,1.2857142857142858,0.06948192244484573,583,They'll hang any old thing and call it art.
721,2,14,47,63,1.2857142857142858,0.06569402390274377,583,It's on loan from MOMA.
721,2,14,47,63,1.2857142857142858,0.06569402390274377,583,Finally! A fitting punishment for white-collar crime.
721,5,8,50,63,1.2857142857142858,0.07649707894309514,583,He just returned from a North Korean intensive training seminar.
721,4,10,49,63,1.2857142857142858,0.07307373205693578,583,"It turned out he was a ""no"" man."
721,4,10,49,63,1.2857142857142858,0.07307373205693578,583,His daddy is trying to limit the damage he can do.
721,5,8,50,63,1.2857142857142858,0.07649707894309514,583,That's old Jonesey. He took the last cup of coffee and didn't brew a new pot.
721,7,4,52,63,1.2857142857142858,0.08292085761146409,583,He's a scientist
721,3,12,48,63,1.2857142857142858,0.06948192244484573,583,His password didn't have a special character.
721,6,6,51,63,1.2857142857142858,0.0797736539022967,583,I'll never understand ergonomics.
721,3,12,48,63,1.2857142857142858,0.06948192244484573,583,He took a knee during the national anthem.
721,5,8,50,63,1.2857142857142858,0.07649707894309514,583,"Hey Bob, is working in stocks everything you hoped it would be?"
721,2,14,47,63,1.2857142857142858,0.06569402390274377,583,Jerry made the mistake of speaking out against the new standing desk policy.
721,4,10,49,63,1.2857142857142858,0.07307373205693578,583,Used the ladies washroom AND left the seat up.
721,5,8,50,63,1.2857142857142858,0.07649707894309514,583,Heard they even used his own desk.
721,3,12,48,63,1.2857142857142858,0.06948192244484573,583,Well I guess we know who definitely isn't Employee of the Month!
721,2,14,47,63,1.2857142857142858,0.06569402390274377,583,That performance evaluation had to have sucked.
721,3,12,48,63,1.2857142857142858,0.06948192244484573,583,Poor bastard. They caught him attending a Trump rally.
721,3,12,48,63,1.2857142857142858,0.06948192244484573,583,His things will be out of your office by the time you start.
721,4,10,49,63,1.2857142857142858,0.07307373205693578,583,The original is at MOMA. This reproduction isn't nearly as moving.
721,3,12,48,63,1.2857142857142858,0.06948192244484573,583,Another failed hedge fund manager who couldn't keep out of stocks.
721,5,8,50,63,1.2857142857142858,0.07649707894309514,583,He should not have said that women aren't as good as men in math
721,3,12,48,63,1.2857142857142858,0.06948192244484573,583,It's our latest anti-smoking product.
721,4,10,49,63,1.2857142857142858,0.07307373205693578,583,I think I prefer the the old Emplyee of the Month program.
721,5,8,50,63,1.2857142857142858,0.07649707894309514,583,He's in the Wells Fargo management trainee program.
721,3,12,48,63,1.2857142857142858,0.06948192244484573,583,"No matter how many times he wears it, I'll never get used to that skinny tie."
721,4,10,49,63,1.2857142857142858,0.07307373205693578,583,The SEC's idea of slapping some wrists.
721,5,8,50,63,1.2857142857142858,0.07649707894309514,583,"Apparently, he defended the first amendment at this morning's Oval Office meeting."
721,3,12,48,63,1.2857142857142858,0.06948192244484573,583,Everyone is super friendly but be sure to make a new pot of coffee if you take the last cup.
721,4,10,49,63,1.2857142857142858,0.07307373205693578,583,Sad about Jacobson... he should have taken the early retirement package.
721,4,10,49,63,1.2857142857142858,0.07307373205693578,583,HR says we can't yank his tie.
721,0,18,45,63,1.2857142857142858,0.05737280920732136,583,Performance evaluations do need to have real consequences.
721,3,12,48,63,1.2857142857142858,0.06948192244484573,583,The boss asked for his honest opinion.
765,3,13,51,67,1.2835820895522387,0.06659642437887667,583,He thought they said stock options.
765,3,13,51,67,1.2835820895522387,0.06659642437887667,583,You should see his parking space.
767,3,12,49,64,1.28125,0.06853320797422294,583,"That's funny, I always thought he was in bonds..."
767,2,14,48,64,1.28125,0.06481333851304336,583,Fitting perhaps...He did work in the stock market.
767,4,10,50,64,1.28125,0.07206130960001936,583,They did call it an old-fashioned employee stock plan.
767,5,8,51,64,1.28125,0.07542455891353682,583,It's part of our new loyalty program.
767,3,12,49,64,1.28125,0.06853320797422294,583,The Salem office is very puritanical.
767,4,10,50,64,1.28125,0.07206130960001936,583,And I should probably add that our company has a fairly strict punctuality policy.
767,3,12,49,64,1.28125,0.06853320797422294,583,Oh. He's in stocks & bonds.
767,4,10,50,64,1.28125,0.07206130960001936,583,"'And THAT""S what happens when you take other people's lunches from the staff refrigerator.'"
767,1,16,47,64,1.28125,0.060866551595885596,583,"We used the ancient design, and updated it with various ergonomic features."
767,4,10,50,64,1.28125,0.07206130960001936,583,This bank is very strict about paying back the loan
767,5,8,51,64,1.28125,0.07542455891353682,583,That reminds me. Did you get parking validated?
767,2,14,48,64,1.28125,0.06481333851304336,583,"We're not your maids Rob, next time wash up your coffee cup."
767,4,10,50,64,1.28125,0.07206130960001936,583,"Oh, that's Mike from stocks and bonds."
767,2,14,48,64,1.28125,0.06481333851304336,583,He could have gotten the axe.
767,3,12,49,64,1.28125,0.06853320797422294,583,The new stock options aren't as attractive as they used to be.
767,5,8,51,64,1.28125,0.07542455891353682,583,Everywhere you look it's Game of Thrones.
767,5,8,51,64,1.28125,0.07542455891353682,583,"He kept saying ""At the end of the day..."""
767,4,10,50,64,1.28125,0.07206130960001936,583,He should have read the fine print before he went for the employee stock option.
767,6,6,52,64,1.28125,0.07864410870073697,583,Looks like the stock is back up.
786,4,9,48,61,1.278688524590164,0.07440528339613257,583,A leaker.
786,2,13,46,61,1.278688524590164,0.06665770789935259,583,Apparently he refused to use a standing desk.
786,2,13,46,61,1.278688524590164,0.06665770789935259,583,Not stocks. And a lot of people make that mistake. It's actually a pillory.
786,5,7,49,61,1.278688524590164,0.07799098848386585,583,"Yeah, but you should see the bonds."
786,4,9,48,61,1.278688524590164,0.07440528339613257,583,Be sure to carefully review your stock release form.
786,5,7,49,61,1.278688524590164,0.07799098848386585,583,He was late to the employee appreciation luncheon.
786,4,9,48,61,1.278688524590164,0.07440528339613257,583,"And at lunch, we have to stone him."
786,3,11,47,61,1.278688524590164,0.0706377951937,583,Working here at the History Channel is exhilarating until you screw up.
786,6,5,50,61,1.278688524590164,0.08141893128825868,583,I tried to tell him the employee stock option was not such a great deal.
786,3,11,47,61,1.278688524590164,0.0706377951937,583,He had a choice of tie in or tie out. Big mistake.
786,4,9,48,61,1.278688524590164,0.07440528339613257,583,That's our CFO. We free him on days when the stock is up.
786,4,9,48,61,1.278688524590164,0.07440528339613257,583,He was in stocks before anyone else.
786,5,7,49,61,1.278688524590164,0.07799098848386585,583,They say he took a 61 minute lunch hour.
786,4,9,48,61,1.278688524590164,0.07440528339613257,583,He asked for feedback.
786,4,9,48,61,1.278688524590164,0.07440528339613257,583,For some reason Boss still thinks Johnson is a Witch.
786,0,17,44,61,1.278688524590164,0.057882241210340364,583,Worst employee of the month?
786,4,9,48,61,1.278688524590164,0.07440528339613257,583,"He asked his ""secretary"" to get him a cup of coffee."
786,3,11,47,61,1.278688524590164,0.0706377951937,583,"So I see, Bob decided to participate in the company's stock option."
786,5,7,49,61,1.278688524590164,0.07799098848386585,583,"I thought it was stocks and bonds, not stocks and bondage."
786,4,9,48,61,1.278688524590164,0.07440528339613257,583,"It may be art, but I still say it's cruel."
786,5,7,49,61,1.278688524590164,0.07799098848386585,583,Never tell anyone how you voted.
786,2,13,46,61,1.278688524590164,0.06665770789935259,583,That's actually a promotion.
786,3,11,47,61,1.278688524590164,0.0706377951937,583,He went to his boss and demanded stock options.
786,3,11,47,61,1.278688524590164,0.0706377951937,583,He asked once too often for a more visible position.
786,6,5,50,61,1.278688524590164,0.08141893128825868,583,"Poor guy, he can't even text."
786,5,7,49,61,1.278688524590164,0.07799098848386585,583,It’s voluntary. He’s comes here to unplug.
786,3,11,47,61,1.278688524590164,0.0706377951937,583,He stole someone's lunch from the fridge.
786,5,7,49,61,1.278688524590164,0.07799098848386585,583,"Oh, Jack replied all."
786,4,9,48,61,1.278688524590164,0.07440528339613257,583,There was something fishy about his saying he was an expert in stocks.
786,5,7,49,61,1.278688524590164,0.07799098848386585,583,"Don't worry Susan, that only happens if you can't pay back the loan"
786,4,9,48,61,1.278688524590164,0.07440528339613257,583,He asked if prescription drugs really needed to be priced so high.
786,4,9,48,61,1.278688524590164,0.07440528339613257,583,It's on loan from MOMA.
786,4,9,48,61,1.278688524590164,0.07440528339613257,583,He's being pilloried for rejecting the company's stocks.
786,2,13,46,61,1.278688524590164,0.06665770789935259,583,"By the way, try not to be late on your first day."
786,4,9,48,61,1.278688524590164,0.07440528339613257,583,Stick with bonds.
821,4,9,49,62,1.2741935483870968,0.07333325062427716,583,The company just started a new stock incentive plan.
821,3,11,48,62,1.2741935483870968,0.06963436592193856,583,"Just a binder, fortunately... You know what happens when they take a stapler."
821,6,5,51,62,1.2741935483870968,0.08022098919028772,583,This is Stocks. Wait'll you see Bonds.
821,3,11,48,62,1.2741935483870968,0.06963436592193856,583,"I guess 'stocks option' wasn't a typo, after all."
821,5,7,50,62,1.2741935483870968,0.07685431918178479,583,"He was told, 'your password must contain one upper case letter.' Didn't listen."
821,5,7,50,62,1.2741935483870968,0.07685431918178479,583,It's a phased retirement option.
821,4,9,49,62,1.2741935483870968,0.07333325062427716,583,Gil is the new head of our Stocks unit.
821,2,13,47,62,1.2741935483870968,0.06572765162074355,583,I like a place with good old-fashioned values.
821,3,11,48,62,1.2741935483870968,0.06963436592193856,583,Another whistleblower.
821,4,9,49,62,1.2741935483870968,0.07333325062427716,583,He threatened to unfollow POTUS on Twitter.
831,3,6,35,44,1.2727272727272727,0.0882268144391769,583,"""Can't they just say: 'you're fired' ""."
832,2,12,45,59,1.271186440677966,0.06765033899549001,583,"He got tired of feeling chained to his post, so we found a new position for him."
832,2,12,45,59,1.271186440677966,0.06765033899549001,583,All I said was that he should think about getting into some stocks.
832,1,14,44,59,1.271186440677966,0.06318318471128868,583,Glad I didn’t win Employee of the Month.
832,4,8,47,59,1.271186440677966,0.0757989144915183,583,"Oh, that's Fred. Don't make eye contact. All he does is complain about neck pain."
832,6,4,49,59,1.271186440677966,0.08315276609939255,583,I see stocks are back up.
832,2,12,45,59,1.271186440677966,0.06765033899549001,583,The new HR director comes from our New England Office.
832,2,12,45,59,1.271186440677966,0.06765033899549001,583,These overdraft penalties are getting ridiculous.
832,4,8,47,59,1.271186440677966,0.0757989144915183,583,He refused to open fake accounts.
832,3,10,46,59,1.271186440677966,0.07184025265927597,583,I don't know what he was thinking. That tie does not go with oak.
832,4,8,47,59,1.271186440677966,0.0757989144915183,583,"Ok, now lets find the guy who's in bonds."
832,3,10,46,59,1.271186440677966,0.07184025265927597,583,It's just the new guy on the block.
832,4,8,47,59,1.271186440677966,0.0757989144915183,583,He peed without lifting the toilet seat in the unisex bathroom.
832,2,12,45,59,1.271186440677966,0.06765033899549001,583,Our entire office now knows to be more careful about what we Tweet.
832,4,8,47,59,1.271186440677966,0.0757989144915183,583,I heard he voted Republican.
832,2,12,45,59,1.271186440677966,0.06765033899549001,583,Let's not forget to have our parking validated.
832,2,12,45,59,1.271186440677966,0.06765033899549001,583,I see we're relying on common stocks again.
832,3,10,46,59,1.271186440677966,0.07184025265927597,583,"He said ""Mister"" instead of ""President."""
832,2,12,45,59,1.271186440677966,0.06765033899549001,583,"Well, looks like stocks are up again."
832,5,6,48,59,1.271186440677966,0.07956085076239691,583,Don't feel sorry for him. I know for a fact he also voted for Trump as well.
832,4,8,47,59,1.271186440677966,0.0757989144915183,583,The company has strict rules on locking the key in the bathroom.
832,2,12,45,59,1.271186440677966,0.06765033899549001,583,I understand he said good morning to one of the secretaries and winked.
832,2,12,45,59,1.271186440677966,0.06765033899549001,583,You'll want to be sure you really understand the new employee stock option.
832,4,8,47,59,1.271186440677966,0.0757989144915183,583,You may want to pass on the stock options.
832,5,6,48,59,1.271186440677966,0.07956085076239691,583,I heard he entered the incorrect email password three times.
832,3,10,46,59,1.271186440677966,0.07184025265927597,583,Oh yea...and don't ever park in the CEO's spot.
832,1,14,44,59,1.271186440677966,0.06318318471128868,583,I think I'll stick with bonds.
832,3,10,46,59,1.271186440677966,0.07184025265927597,583,The new boss is said to be old school.
832,2,12,45,59,1.271186440677966,0.06765033899549001,583,I liked the guillotine display much better.
832,1,14,44,59,1.271186440677966,0.06318318471128868,583,The Bond Department is more creative
832,3,10,46,59,1.271186440677966,0.07184025265927597,583,Leon is showing such great restraint!
832,3,10,46,59,1.271186440677966,0.07184025265927597,583,I guess stocks are down today.
832,3,10,46,59,1.271186440677966,0.07184025265927597,583,Ron's the new regional Vice President of Inhuman Resources.
832,3,10,46,59,1.271186440677966,0.07184025265927597,583,"When I said to buy art for the building, I didn't mean Art Goldberg"
832,4,8,47,59,1.271186440677966,0.0757989144915183,583,Looks like Dan hit 'Reply All' again.
866,4,8,48,60,1.2666666666666666,0.07466182389460697,583,It's a promotion for our stocks and bonds department.
867,2,11,44,57,1.263157894736842,0.0686712218487231,583,I thought public shaming was online these days.
867,2,11,44,57,1.263157894736842,0.0686712218487231,583,"He ""replied-all"" to a company-wide memo."
867,3,9,45,57,1.263157894736842,0.07309106050835933,583,Please... No stockholder jokes.
867,4,7,46,57,1.263157894736842,0.07725845935738523,583,Trump caught him telling the truth!
867,1,13,43,57,1.263157894736842,0.06394662066252167,583,"By the way, we don't talk about Trump or the Russian investigation around the here."
867,1,13,43,57,1.263157894736842,0.06394662066252167,583,I told him not to take the stock option.
867,4,7,46,57,1.263157894736842,0.07725845935738523,583,This standing desk fad is out of control.
867,3,9,45,57,1.263157894736842,0.07309106050835933,583,The bank sure wasn't lying about the penalty for late payments.
867,6,3,48,57,1.263157894736842,0.08498236507862643,583,We like to think of it as more of a stock incentive program.
867,1,13,43,57,1.263157894736842,0.06394662066252167,583,Fred used the same password two days in a row.
867,2,11,44,57,1.263157894736842,0.0686712218487231,583,"Yes, we're the first stocks-and-bondage company on Wall Street."
867,2,11,44,57,1.263157894736842,0.0686712218487231,583,How do you adjust the new standing desk?
867,3,9,45,57,1.263157894736842,0.07309106050835933,583,Stocks or bondage?
867,4,7,46,57,1.263157894736842,0.07725845935738523,583,Our HR Department has decided to just skip all the pretense.
867,3,9,45,57,1.263157894736842,0.07309106050835933,583,Employee of the month.
867,3,9,45,57,1.263157894736842,0.07309106050835933,583,"I believe your exact words were, ""Just click 'Ok,' no one ever reads these."""
867,3,9,45,57,1.263157894736842,0.07309106050835933,583,Todd works well under pressure.
867,3,9,45,57,1.263157894736842,0.07309106050835933,583,Robert's wanted to work in stocks and bonds since grad school.
867,1,13,43,57,1.263157894736842,0.06394662066252167,583,They don't like to fire people here.
867,1,13,43,57,1.263157894736842,0.06394662066252167,583,His job is punishing.
867,4,7,46,57,1.263157894736842,0.07725845935738523,583,He's recently moved up from working in stocks.
867,3,9,45,57,1.263157894736842,0.07309106050835933,583,Just try turning it on and off before calling them this week - the IT guys are playing Dungeons and Dragons again.
867,3,9,45,57,1.263157894736842,0.07309106050835933,583,Glad to see The Paperclip Incident is handled properly.
867,2,11,44,57,1.263157894736842,0.0686712218487231,583,I see the company stocks are up again.
867,3,9,45,57,1.263157894736842,0.07309106050835933,583,"Yeah, they finally found who was leaving the empty toilet paper rolls."
867,2,11,44,57,1.263157894736842,0.0686712218487231,583,He was heavily into stocks and bondage.
867,5,5,47,57,1.263157894736842,0.08121228945373259,583,He wore the same tie two days in a row.
867,3,9,45,57,1.263157894736842,0.07309106050835933,583,Did I mention the stock options?
867,2,11,44,57,1.263157894736842,0.0686712218487231,583,He exercised his stock option.
867,4,7,46,57,1.263157894736842,0.07725845935738523,583,In the old days they just chained you to your desk.
867,3,9,45,57,1.263157894736842,0.07309106050835933,583,How embarrassing - everyone knows the tip of the tie should just reach the bottom of the pillory.
867,2,11,44,57,1.263157894736842,0.0686712218487231,583,He's in for multiple offenses - ransacking other's lunch bags and ending every email with an emoji
867,2,11,44,57,1.263157894736842,0.0686712218487231,583,He got into the wrong stocks.
867,6,3,48,57,1.263157894736842,0.08498236507862643,583,Another case of Reply All.
867,3,9,45,57,1.263157894736842,0.07309106050835933,583,He's heavily invested in stocks.
867,3,9,45,57,1.263157894736842,0.07309106050835933,583,They finally caught the 4th floor fridge bandit.
867,2,11,44,57,1.263157894736842,0.0686712218487231,583,His boss overheard him saying she was stacked
867,2,11,44,57,1.263157894736842,0.0686712218487231,583,Insider trading. He got the stocks.
867,6,3,48,57,1.263157894736842,0.08498236507862643,583,Looks like it really is the time to be in stocks.
867,4,7,46,57,1.263157894736842,0.07725845935738523,583,Ohh; Don't forget to put your phone on silent.
867,2,11,44,57,1.263157894736842,0.0686712218487231,583,"That's just Mr. Smithers. He's in ""Stocks and Bondage""."
867,3,9,45,57,1.263157894736842,0.07309106050835933,583,We call it Feudal Friday.
867,3,9,45,57,1.263157894736842,0.07309106050835933,583,He didn't meet the quota
867,1,13,43,57,1.263157894736842,0.06394662066252167,583,I find the vine-ripened rotten tomatoes stick better...
867,3,9,45,57,1.263157894736842,0.07309106050835933,583,"Here we do stocks, next door they're into bonds."
867,2,11,44,57,1.263157894736842,0.0686712218487231,583,We caught him using a flip phone.
867,2,11,44,57,1.263157894736842,0.0686712218487231,583,He wouldn't sign Trump's loyalty pledge.
867,3,9,45,57,1.263157894736842,0.07309106050835933,583,Mike decided to exercise his stock options.
867,3,9,45,57,1.263157894736842,0.07309106050835933,583,Jones has been into stocks for years
867,2,11,44,57,1.263157894736842,0.0686712218487231,583,"For a bank, they're pretty strict about overdrawing your account."
867,1,13,43,57,1.263157894736842,0.06394662066252167,583,He's the first recipient of the Not The Employee Of The Month Award.
867,2,11,44,57,1.263157894736842,0.0686712218487231,583,"That's Jim, he's our stocks guy."
867,1,13,43,57,1.263157894736842,0.06394662066252167,583,Frank has always been the laughing stock of the office.
867,3,9,45,57,1.263157894736842,0.07309106050835933,583,He has to stop hitting 'Reply to all.'
867,2,11,44,57,1.263157894736842,0.0686712218487231,583,Great art requires moral vision.
867,2,11,44,57,1.263157894736842,0.0686712218487231,583,"He used the word ""overtime."""
867,1,13,43,57,1.263157894736842,0.06394662066252167,583,I prefer bonds.
867,3,9,45,57,1.263157894736842,0.07309106050835933,583,I wonder how he got his tie on...
867,3,9,45,57,1.263157894736842,0.07309106050835933,583,You've gotta watch your neck around here!
867,4,7,46,57,1.263157894736842,0.07725845935738523,583,I always suspected Bob was a witch.
867,3,9,45,57,1.263157894736842,0.07309106050835933,583,He's our latest public stocks offering.
867,3,9,45,57,1.263157894736842,0.07309106050835933,583,"Oh, he didn't do anything. It's just bad art."
867,2,11,44,57,1.263157894736842,0.0686712218487231,583,Guess Bob won't be resistance tweeting from his work computer again any time soon.
867,2,11,44,57,1.263157894736842,0.0686712218487231,583,That must be the new management stock option.
867,3,9,45,57,1.263157894736842,0.07309106050835933,583,"Oh that? It's listed in your employment contract, under; ""Stock-Options"""
867,2,11,44,57,1.263157894736842,0.0686712218487231,583,He voted for pillory.
867,2,11,44,57,1.263157894736842,0.0686712218487231,583,Must be Staff HumiliationWeek again
867,2,11,44,57,1.263157894736842,0.0686712218487231,583,"He thought ""internment"" meant he'd be an intern."
867,5,5,47,57,1.263157894736842,0.08121228945373259,583,He's a Luddite and was punished accordingly.
867,2,11,44,57,1.263157894736842,0.0686712218487231,583,"Gosh, looks like Bob missed the budget deadline."
867,3,9,45,57,1.263157894736842,0.07309106050835933,583,Obviously guilty of insider stocks trading and unlawful lobbying.
867,4,7,46,57,1.263157894736842,0.07725845935738523,583,He replied all
867,4,7,46,57,1.263157894736842,0.07725845935738523,583,He wrote a memo about diversity.
867,2,11,44,57,1.263157894736842,0.0686712218487231,583,The company stock is holding steady today.
867,3,9,45,57,1.263157894736842,0.07309106050835933,583,He put everything in stocks.
867,2,11,44,57,1.263157894736842,0.0686712218487231,583,"Say what you want, but employee productivity has improved."
867,1,13,43,57,1.263157894736842,0.06394662066252167,583,"Apparently he said ""let them eat cake"" at the holiday party."
867,3,9,45,57,1.263157894736842,0.07309106050835933,583,"Yup, George got employee of the month."
867,3,9,45,57,1.263157894736842,0.07309106050835933,583,We might need to manage the optics of this.
946,2,10,43,55,1.2545454545454546,0.06971892495651474,583,There's a very strict 'no pleats' policy.
946,3,8,44,55,1.2545454545454546,0.0743917278364524,583,"Talk over me in this meeting, and you're next, Roger."
946,3,8,44,55,1.2545454545454546,0.0743917278364524,583,"Oh, that's Phil. He works in Stocks & Bonds."
946,3,8,44,55,1.2545454545454546,0.0743917278364524,583,"He worked for Uber, Wells Fargo AND Equifax."
946,4,6,45,55,1.2545454545454546,0.0787878787878788,583,He laughed during the confirmation hearing for the Attorney General.
946,4,6,45,55,1.2545454545454546,0.0787878787878788,583,"Ah, that explains the fire sale on rotten tomatoes in the company canteen."
946,3,8,44,55,1.2545454545454546,0.0743917278364524,583,Must be the Monday morning cartoon contest
946,2,10,43,55,1.2545454545454546,0.06971892495651474,583,"In Soviet Russia, stocks hold you."
946,2,10,43,55,1.2545454545454546,0.06971892495651474,583,He fell for what they told us about posting employee suggestions.
946,3,8,44,55,1.2545454545454546,0.0743917278364524,583,Our bonds provide more flexibility.
946,3,8,44,55,1.2545454545454546,0.0743917278364524,583,Heating fish in the microwave....he deserves worse.
946,0,14,41,55,1.2545454545454546,0.059278386873217015,583,"You see Brian, this is what happens when you steal my lunch out of the office fridge."
946,3,8,44,55,1.2545454545454546,0.0743917278364524,583,The ducking stool was just too messy.
946,1,12,42,55,1.2545454545454546,0.06470956516382613,583,He is an excellent motivational speaker.
946,3,8,44,55,1.2545454545454546,0.0743917278364524,583,"It's not that complicated, Phil. You finish a pot of coffee, you put on the next one."
946,3,8,44,55,1.2545454545454546,0.0743917278364524,583,"That reminds me, did we close the garage door?"
946,2,10,43,55,1.2545454545454546,0.06971892495651474,583,Looks like they finally caught the sandwich thief.
946,2,10,43,55,1.2545454545454546,0.06971892495651474,583,It's his own fault. He accepted the stock offer without reading the fine print.
946,3,8,44,55,1.2545454545454546,0.0743917278364524,583,I'm not sure he knew what he was getting himself into when he answered our ad for a stock boy.
946,2,10,43,55,1.2545454545454546,0.06971892495651474,583,He clicked 'Reply All' one too many times.
946,2,10,43,55,1.2545454545454546,0.06971892495651474,583,They're finally doing something about people who heat up fish in the break room microwave.
946,1,12,42,55,1.2545454545454546,0.06470956516382613,583,That sure puts a new spin on the idea of 'stock options.'
946,4,6,45,55,1.2545454545454546,0.0787878787878788,583,That's Kevin. He's our stock boy.
946,3,8,44,55,1.2545454545454546,0.0743917278364524,583,This firm pillories like it is 1776.
946,4,6,45,55,1.2545454545454546,0.0787878787878788,583,"Is it just the way he's standing or is that an extra-long, skinny tie?"
946,5,4,46,55,1.2545454545454546,0.08295137441473863,583,"I know the boss recently figured out he's descended from King Edward I, but this is taking it too far."
946,2,10,43,55,1.2545454545454546,0.06971892495651474,583,"Here at StockAid, we take a literal approach to marketing. Wait until you meet the branding team."
946,2,10,43,55,1.2545454545454546,0.06971892495651474,583,I guess his stocks are performing well
946,2,10,43,55,1.2545454545454546,0.06971892495651474,583,Nobody picks stocks like Larry.
946,4,6,45,55,1.2545454545454546,0.0787878787878788,583,"Wow, I guess there really are severe penalties for early withdrawal from an IRA."
946,3,8,44,55,1.2545454545454546,0.0743917278364524,583,Poor bastard's visitor pass expired.
946,4,6,45,55,1.2545454545454546,0.0787878787878788,583,They checked his browser history.
946,3,8,44,55,1.2545454545454546,0.0743917278364524,583,he's in Stocks and Bonds..
946,4,6,45,55,1.2545454545454546,0.0787878787878788,583,I just don't get Art these days.
946,1,12,42,55,1.2545454545454546,0.06470956516382613,583,"""I think his tie goes great with the oak""."
946,1,12,42,55,1.2545454545454546,0.06470956516382613,583,"Maybe next time Bill makes a coffee run, he will remember to get one for the boss."
946,3,8,44,55,1.2545454545454546,0.0743917278364524,583,It was either that or more corporate training
946,5,4,46,55,1.2545454545454546,0.08295137441473863,583,I see Sturdevant cooked fish in the microwave again.
946,3,8,44,55,1.2545454545454546,0.0743917278364524,583,"Well, he said he was shifting more to stocks."
946,3,8,44,55,1.2545454545454546,0.0743917278364524,583,I hear you can get them on Amazon.
946,2,10,43,55,1.2545454545454546,0.06971892495651474,583,"It's called a firewall for a reason, Todd!"
946,3,8,44,55,1.2545454545454546,0.0743917278364524,583,"Bet you're sorry you asked for a standing desk now, aren't you Jenkins?"
946,3,8,44,55,1.2545454545454546,0.0743917278364524,583,He said it was preferable to termination and loss of benefits.
946,3,8,44,55,1.2545454545454546,0.0743917278364524,583,Too big to flail
990,2,10,44,56,1.25,0.06861335298462105,583,He ordered a gluten-free lunch for the monthly staff meeting.
990,4,6,46,56,1.25,0.07750157099371281,583,I hear he asked for a standing desk.
990,2,10,44,56,1.25,0.06861335298462105,583,He's learning to keep his hands to himself.
990,3,8,45,56,1.25,0.07319250547113999,583,The golden handcuffs weren't enough to keep him here.
994,2,9,42,53,1.2452830188679245,0.07079099215243659,583,We have a real sick Employee-of-the-Month program.
994,2,9,42,53,1.2452830188679245,0.07079099215243659,583,He complained about the boss on his Facebook page.
994,3,7,43,53,1.2452830188679245,0.07574334277585738,583,Employee of the month wasn't sufficiently motivating.
994,3,7,43,53,1.2452830188679245,0.07574334277585738,583,"You think that's bad, you should see the guy in bonds."
994,3,7,43,53,1.2452830188679245,0.07574334277585738,583,"He didn't contribute to the retirement gift, but signed the card."
994,2,9,42,53,1.2452830188679245,0.07079099215243659,583,"When the boss says to turn off your phone during a meeting, you turn off your phone."
994,2,9,42,53,1.2452830188679245,0.07079099215243659,583,And bonds. He's into bonds too.
994,2,9,42,53,1.2452830188679245,0.07079099215243659,583,I hear there is a new HR Manager.
994,4,5,44,53,1.2452830188679245,0.08039118969013777,583,"Bob was nice to a customer, I hear."
994,3,7,43,53,1.2452830188679245,0.07574334277585738,583,"That must be one of those ""standing desks"" that everyone has been talking about."
994,2,9,42,53,1.2452830188679245,0.07079099215243659,583,It was either that for five lunch hours or a three hundred million dollar fine
994,5,3,45,53,1.2452830188679245,0.08478462587480352,583,Boy the penalty for early withdrawal is pretty severe at this bank
994,3,7,43,53,1.2452830188679245,0.07574334277585738,583,Ignore him. He just does it to get sympathy.
994,2,9,42,53,1.2452830188679245,0.07079099215243659,583,Some people would do anything to avoid lunch with the boss.
994,3,7,43,53,1.2452830188679245,0.07574334277585738,583,He's the stock boy.
994,3,7,43,53,1.2452830188679245,0.07574334277585738,583,He heated up fish in the microwave. Don't do that.
994,2,9,42,53,1.2452830188679245,0.07079099215243659,583,Don't even think about texting during the meeting.
994,3,7,43,53,1.2452830188679245,0.07574334277585738,583,"Employee handbook mentioned something about a ""company stocks plan"""
994,4,5,44,53,1.2452830188679245,0.08039118969013777,583,Our Employee of the Month program is a bit different than yours.
994,4,5,44,53,1.2452830188679245,0.08039118969013777,583,Looks like Ed forgot to grab his x-rated copies off the copy machine again...
994,2,9,42,53,1.2452830188679245,0.07079099215243659,583,Performance Art.
994,2,9,42,53,1.2452830188679245,0.07079099215243659,583,"Still going to take the last cup of coffee and not make a new pot, Jenkins?"
994,2,9,42,53,1.2452830188679245,0.07079099215243659,583,And over there's our poor performance art.
994,2,9,42,53,1.2452830188679245,0.07079099215243659,583,HR is going back to basics.
994,4,5,44,53,1.2452830188679245,0.08039118969013777,583,"He ""replied all"" to every email."
994,1,11,41,53,1.2452830188679245,0.06546506828066133,583,He asked for interest on his savings account.
994,2,9,42,53,1.2452830188679245,0.07079099215243659,583,And you’ll be eligible for the employee stocks program.
994,3,7,43,53,1.2452830188679245,0.07574334277585738,583,I guess he wasn't too big to fail after all.
994,5,3,45,53,1.2452830188679245,0.08478462587480352,583,I hear he hit Reply All.
994,4,5,44,53,1.2452830188679245,0.08039118969013777,583,Must be TBT.
994,3,7,43,53,1.2452830188679245,0.07574334277585738,583,This office really frowns upon tardiness.
994,4,5,44,53,1.2452830188679245,0.08039118969013777,583,Regulations are more stringent than ever before.
994,1,11,41,53,1.2452830188679245,0.06546506828066133,583,Another modern art installation I don't understand.
994,2,9,42,53,1.2452830188679245,0.07079099215243659,583,It was either that or a severance package.
994,3,7,43,53,1.2452830188679245,0.07574334277585738,583,"His name is ""Robert Lee"", so it just felt right."
994,0,13,40,53,1.2452830188679245,0.059665616229592086,583,"Oh, more likely than not, he's an actor, just one of those psych tests HR is always cooking up. Can't decide whether to say something. I don't want to look callous, but don't want to look like a softie either with that promotion in the works."
994,1,11,41,53,1.2452830188679245,0.06546506828066133,583,The coffee is for clients only.
994,1,11,41,53,1.2452830188679245,0.06546506828066133,583,What do they do about out-of-style ties in your office?
994,4,5,44,53,1.2452830188679245,0.08039118969013777,583,"Actually, I don’t think our no fish in the microwave policy goes far enough."
994,2,9,42,53,1.2452830188679245,0.07079099215243659,583,It's one of our many stock options.
994,3,7,43,53,1.2452830188679245,0.07574334277585738,583,It's part of our new HR mediation policy
994,5,3,45,53,1.2452830188679245,0.08478462587480352,583,Don't feel bad for him. He microwaved fish yesterday and burned his popcorn the day before that.
994,2,9,42,53,1.2452830188679245,0.07079099215243659,583,"Our office includes all the modern amenities, as well as some medieval shaming devices."
994,3,7,43,53,1.2452830188679245,0.07574334277585738,583,I told him not to take the stock option.
994,3,7,43,53,1.2452830188679245,0.07574334277585738,583,That's our company's stock option.
994,3,7,43,53,1.2452830188679245,0.07574334277585738,583,Heated fish in the 5th floor microwave.
994,2,9,42,53,1.2452830188679245,0.07079099215243659,583,HR is really stepping it up
994,3,7,43,53,1.2452830188679245,0.07574334277585738,583,"Public humiliation. It's management's new ""Face your fears"" initiative."
994,3,7,43,53,1.2452830188679245,0.07574334277585738,583,He microwaved fish I the lunch room.
994,1,11,41,53,1.2452830188679245,0.06546506828066133,583,and definitely don't microwave fish in the break room
994,4,5,44,53,1.2452830188679245,0.08039118969013777,583,He ate the boss's yogurt AND heated fish in the microwave.
994,3,7,43,53,1.2452830188679245,0.07574334277585738,583,I've heard he's a mole.
994,2,9,42,53,1.2452830188679245,0.07079099215243659,583,"I can remember when ""Employee of the Month"" was a badge of honor."
994,4,5,44,53,1.2452830188679245,0.08039118969013777,583,"Look, honey! That's the employee of the month!"
994,2,9,42,53,1.2452830188679245,0.07079099215243659,583,It's one reason I went into bonds.
994,1,11,41,53,1.2452830188679245,0.06546506828066133,583,Kushner is in more trouble than he realizes.
994,3,7,43,53,1.2452830188679245,0.07574334277585738,583,He asked for a stock option.
994,2,9,42,53,1.2452830188679245,0.07079099215243659,583,"Not enough ""likes"" on the website this week, huh Greg?"
994,1,11,41,53,1.2452830188679245,0.06546506828066133,583,The early withdrawal penalties in this bank are draconian.
994,2,9,42,53,1.2452830188679245,0.07079099215243659,583,Another transfer from our Salem office.
994,4,5,44,53,1.2452830188679245,0.08039118969013777,583,We told the intern it's a retro pilates machine.
994,4,5,44,53,1.2452830188679245,0.08039118969013777,583,"That's Gregory, he's in stocks. Wait until you meet Jerry, who's in bonds."
994,2,9,42,53,1.2452830188679245,0.07079099215243659,583,That tie is not doing anything for him.
994,4,5,44,53,1.2452830188679245,0.08039118969013777,583,He's in stocks.
994,3,7,43,53,1.2452830188679245,0.07574334277585738,583,And that's why we don't harass at the workplace.
994,3,7,43,53,1.2452830188679245,0.07574334277585738,583,He said he wanted stock options.
994,4,5,44,53,1.2452830188679245,0.08039118969013777,583,That's Barry from the stocksroom.
994,1,11,41,53,1.2452830188679245,0.06546506828066133,583,I suppose you are wondering why we now have an open position at this firm...
994,5,3,45,53,1.2452830188679245,0.08478462587480352,583,oh fuck
994,2,9,42,53,1.2452830188679245,0.07079099215243659,583,The other option is hanging around.
994,4,5,44,53,1.2452830188679245,0.08039118969013777,583,"In the Stocks and Bonds Dept., this is their idea of a two-week vacation."
994,3,7,43,53,1.2452830188679245,0.07574334277585738,583,That is what happens when you choose stocks over bonds.
994,1,11,41,53,1.2452830188679245,0.06546506828066133,583,Easy choice: pillory stock or another meeting.
994,2,9,42,53,1.2452830188679245,0.07079099215243659,583,Looks like Bob microwaved fish again.
994,3,7,43,53,1.2452830188679245,0.07574334277585738,583,I didn't realize Archer was so heavily invested in stocks.
1069,3,5,37,45,1.2444444444444445,0.08501666833333664,583,See? A long tie does make a man look thinner.
1070,3,7,44,54,1.2407407407407407,0.07446611836866017,583,"Sorry, our broker advised us to avoid stocks for now."
1071,2,7,37,46,1.2391304347826086,0.0773022339309831,583,Reclaimed wood is so trendy right now.
1072,2,8,41,51,1.2352941176470589,0.07188354031303278,583,He just exercised his stock option.
1072,2,8,41,51,1.2352941176470589,0.07188354031303278,583,Karen in HR witnessed him clapping as the plane landed.
1072,1,10,40,51,1.2352941176470589,0.06620369810248677,583,Probably not his happy place.
1072,4,4,43,51,1.2352941176470589,0.08207235112335823,583,Nothing good ever comes of an inter-office bromance.
1072,3,6,42,51,1.2352941176470589,0.07714633558002353,583,Seems appropriate for a stockbroker.
1072,1,10,40,51,1.2352941176470589,0.06620369810248677,583,"Stocks can be a good thing, or they can be a bad thing... remember that."
1072,3,6,42,51,1.2352941176470589,0.07714633558002353,583,Last week he was Trump's chief of staff.
1072,3,6,42,51,1.2352941176470589,0.07714633558002353,583,We're just trying out some new machines for the fitness center.
1072,2,8,41,51,1.2352941176470589,0.07188354031303278,583,"... and this is the fixed income division, although Ed is still in stocks"
1072,3,6,42,51,1.2352941176470589,0.07714633558002353,583,He said I looked nice today.
1072,3,6,42,51,1.2352941176470589,0.07714633558002353,583,Non-performance art
1072,1,10,40,51,1.2352941176470589,0.06620369810248677,583,Our new HR Manager is a Puritan.
1072,2,8,41,51,1.2352941176470589,0.07188354031303278,583,I think we should stick with bonds only.
1072,3,6,42,51,1.2352941176470589,0.07714633558002353,583,He sent a meme to the entire company.
1072,3,6,42,51,1.2352941176470589,0.07714633558002353,583,That's the other stock option.
1072,1,10,40,51,1.2352941176470589,0.06620369810248677,583,He's sure they're safer than bonds.
1072,2,8,41,51,1.2352941176470589,0.07188354031303278,583,In this economy you'd be a fool to go into stocks.
1072,3,6,42,51,1.2352941176470589,0.07714633558002353,583,"Their smoking cessation program is a bit cruel,but quite effecrive."
1072,3,6,42,51,1.2352941176470589,0.07714633558002353,583,HR's gone medieval.
1072,2,8,41,51,1.2352941176470589,0.07188354031303278,583,That must be the new stock boy
1072,4,4,43,51,1.2352941176470589,0.08207235112335823,583,"Now that's what you call ""inside the square."""
1072,3,6,42,51,1.2352941176470589,0.07714633558002353,583,I told you I had a weird feeling about the new human resources manager.
1072,2,8,41,51,1.2352941176470589,0.07188354031303278,583,". . . Yes, but you should have seen his emails."
1072,2,8,41,51,1.2352941176470589,0.07188354031303278,583,And here we have our preferred stocks.
1072,3,6,42,51,1.2352941176470589,0.07714633558002353,583,Aren't we supposed to throw vegetables at him?
1072,2,8,41,51,1.2352941176470589,0.07188354031303278,583,"It's always about ""him."""
1072,4,4,43,51,1.2352941176470589,0.08207235112335823,583,We see the performance review as something from the Dark Ages
1072,4,4,43,51,1.2352941176470589,0.08207235112335823,583,This isn’t what I envisioned when I heard about the new “employee of the week” program…
1072,2,8,41,51,1.2352941176470589,0.07188354031303278,583,Bet he didn't expect that when he applied for the position in stocks.
1072,0,12,39,51,1.2352941176470589,0.05998846486579745,583,We picked him up at the stock exchange.
1072,2,8,41,51,1.2352941176470589,0.07188354031303278,583,When he started he was just a stockboy.
1072,2,8,41,51,1.2352941176470589,0.07188354031303278,583,"I didn't think anybody would go for the new Stock Option Plan, but ..."
1072,0,12,39,51,1.2352941176470589,0.05998846486579745,583,We had a gallows but the board decided it was bad for recruitment.
1072,3,6,42,51,1.2352941176470589,0.07714633558002353,583,Our guillotine factory named him the employee of the month.
1072,3,6,42,51,1.2352941176470589,0.07714633558002353,583,He adds historical gravitas to the workplace.
1072,1,10,40,51,1.2352941176470589,0.06620369810248677,583,Not surprising. Bannerman was overly fond of 'Reply All'.
1072,3,6,42,51,1.2352941176470589,0.07714633558002353,583,He's going through cell phone withdrawal.
1072,4,4,43,51,1.2352941176470589,0.08207235112335823,583,He was the one that hit reply all.
1072,2,8,41,51,1.2352941176470589,0.07188354031303278,583,Don't mind Richards. He refuses to follow the company on Facebook.
1072,4,4,43,51,1.2352941176470589,0.08207235112335823,583,"Suddenly, stocks & bonds doesn't sound so sexy."
1072,4,4,43,51,1.2352941176470589,0.08207235112335823,583,He's our most productive employee.
1072,3,6,42,51,1.2352941176470589,0.07714633558002353,583,He serves at the pleasure of the president.
1072,2,8,41,51,1.2352941176470589,0.07188354031303278,583,It costs extra but it's worth it.
1072,4,4,43,51,1.2352941176470589,0.08207235112335823,583,He always said he was into stocks.
1072,4,4,43,51,1.2352941176470589,0.08207235112335823,583,khakis...
1072,4,4,43,51,1.2352941176470589,0.08207235112335823,583,It's not real. There's one in every Trump property as a reminder to the employees.
1072,2,8,41,51,1.2352941176470589,0.07188354031303278,583,I see Wells Fargo is paying more attention to the suggestion box.
1072,2,8,41,51,1.2352941176470589,0.07188354031303278,583,The new guy looks like a good fit to me.
1072,3,6,42,51,1.2352941176470589,0.07714633558002353,583,He's the new stock boy.
1072,2,8,41,51,1.2352941176470589,0.07188354031303278,583,He burned popcorn again.
1072,3,6,42,51,1.2352941176470589,0.07714633558002353,583,That's Jeff. He works in stocks.
1072,1,10,40,51,1.2352941176470589,0.06620369810248677,583,Maybe now he'll stop leaving moldy sandwiches in the refrigerator.
1072,3,6,42,51,1.2352941176470589,0.07714633558002353,583,Looks like another sucker exercised his stock options
1072,2,8,41,51,1.2352941176470589,0.07188354031303278,583,That's the IT guy. He gets stoned most lunch breaks.
1072,3,6,42,51,1.2352941176470589,0.07714633558002353,583,Pull his tie and he will give you a stock tip.
1072,1,10,40,51,1.2352941176470589,0.06620369810248677,583,That's Greg. He's in stocks.
1072,2,8,41,51,1.2352941176470589,0.07188354031303278,583,This bank offers stock options!
1072,2,8,41,51,1.2352941176470589,0.07188354031303278,583,They do offer stock options.
1072,3,6,42,51,1.2352941176470589,0.07714633558002353,583,That's Jim. He's in stocks and bondage.
1072,2,8,41,51,1.2352941176470589,0.07188354031303278,583,The feedback is not really anonymous.
1072,4,4,43,51,1.2352941176470589,0.08207235112335823,583,I guess that's what they meant by 'stocks are up under Trump.'
1072,1,10,40,51,1.2352941176470589,0.06620369810248677,583,How do you like our living wall?
1072,1,10,40,51,1.2352941176470589,0.06620369810248677,583,Is it art or is it company policy?
1072,4,4,43,51,1.2352941176470589,0.08207235112335823,583,We used to use Facebook but it was just too cruel.
1072,2,8,41,51,1.2352941176470589,0.07188354031303278,583,Wow! Seems like only yesterday Tom was our 'Employee of the Month.'
1072,2,8,41,51,1.2352941176470589,0.07188354031303278,583,"They offered him a raise, but he said he preferred stocks."
1072,4,4,43,51,1.2352941176470589,0.08207235112335823,583,What a shame to see Jim go from the stock market to the stockade.
1072,3,6,42,51,1.2352941176470589,0.07714633558002353,583,New CEO's tough.
1072,1,10,40,51,1.2352941176470589,0.06620369810248677,583,"Well, they said there were penalties for early withdrawal"
1072,2,8,41,51,1.2352941176470589,0.07188354031303278,583,I'll be at the meeting in 20 lashes.
1072,2,8,41,51,1.2352941176470589,0.07188354031303278,583,"I tried to put him into bonds, but he insisted."
1072,3,6,42,51,1.2352941176470589,0.07714633558002353,583,"It has something to do with the company's insistence on Windsor ties."""
1072,4,4,43,51,1.2352941176470589,0.08207235112335823,583,He put recyclables in the trash.
1072,1,10,40,51,1.2352941176470589,0.06620369810248677,583,"...and we offer our own innovative ""stock option"" plan."
1072,3,6,42,51,1.2352941176470589,0.07714633558002353,583,It's the only way we can keep him from playing with his winkie.
1072,2,8,41,51,1.2352941176470589,0.07188354031303278,583,He's Employee of the Month for the Trump administration.
1072,2,8,41,51,1.2352941176470589,0.07188354031303278,583,He forgot to order the toner again.
1072,2,8,41,51,1.2352941176470589,0.07188354031303278,583,Fidget spinner.
1072,2,8,41,51,1.2352941176470589,0.07188354031303278,583,We think it gives our lobby a 'village square' feel.
1072,2,8,41,51,1.2352941176470589,0.07188354031303278,583,Actually it's the new 'stand up desk' from corporate.
1072,1,10,40,51,1.2352941176470589,0.06620369810248677,583,"He kept using ""reply all."""
1072,3,6,42,51,1.2352941176470589,0.07714633558002353,583,I told him he should stick to bonds.
1072,2,8,41,51,1.2352941176470589,0.07188354031303278,583,"If you're uncomfortable, you may be better in bonds."
1072,4,4,43,51,1.2352941176470589,0.08207235112335823,583,Acquisitions.
1072,1,10,40,51,1.2352941176470589,0.06620369810248677,583,"Yup, sexual harassment is down 25 percent."
1072,0,12,39,51,1.2352941176470589,0.05998846486579745,583,That's Smithers. Every Tuesday. We don't know why.
1072,3,6,42,51,1.2352941176470589,0.07714633558002353,583,That tie doesn't go with his stocks.
1072,2,8,41,51,1.2352941176470589,0.07188354031303278,583,We think we've pretty well captured our target demographic.
1072,2,8,41,51,1.2352941176470589,0.07188354031303278,583,His broker put him in the wrong stocks.
1072,2,8,41,51,1.2352941176470589,0.07188354031303278,583,Dave has a different take on Casual Friday
1072,3,6,42,51,1.2352941176470589,0.07714633558002353,583,It never fails to amaze me what is considered art these days.
1072,2,8,41,51,1.2352941176470589,0.07188354031303278,583,"Oh, oh. I think we'd better sign in."
1072,1,10,40,51,1.2352941176470589,0.06620369810248677,583,The HR Dept is now handling disciplinary problems in house.
1072,4,4,43,51,1.2352941176470589,0.08207235112335823,583,"Trust me, venture capital punishment is much worse."
1072,1,10,40,51,1.2352941176470589,0.06620369810248677,583,He reminds us that eternal blame avoidance is the price of liberty.
1072,1,10,40,51,1.2352941176470589,0.06620369810248677,583,Not too bad if he's on the clock.
1072,1,10,40,51,1.2352941176470589,0.06620369810248677,583,"Obviously, the stocks are on this floor so the bonds must be upstairs."
1072,2,8,41,51,1.2352941176470589,0.07188354031303278,583,He hit 'Reply All' one too many times.
1072,5,2,44,51,1.2352941176470589,0.08671899759802344,583,Read the fine print!
1072,2,8,41,51,1.2352941176470589,0.07188354031303278,583,Wells Fargo did the same thing to their CEO!
1072,3,6,42,51,1.2352941176470589,0.07714633558002353,583,Don't choose the stock option.
1173,0,10,33,43,1.2325581395348837,0.06518743146295211,583,You just don't park in the CEO's spot.
1174,3,6,43,52,1.2307692307692308,0.0757834127802906,583,He's the last man standing in the publish and perish non-tenured hall of terror
1174,3,6,43,52,1.2307692307692308,0.0757834127802906,583,When he started his internship he had to chose between stocks and bonds
1176,0,9,31,40,1.225,0.06686668711812965,583,Some things are never out of fashion.
1177,1,9,39,49,1.2244897959183674,0.06691263800308161,583,Why the tie...?
1177,2,7,40,49,1.2244897959183674,0.0729906929723637,583,Product placement.
1177,2,7,40,49,1.2244897959183674,0.0729906929723637,583,Stock options aren't what they used to be.
1177,4,3,42,49,1.2244897959183674,0.08383508533242337,583,I told you stocks would go up this quarter.
1177,1,9,39,49,1.2244897959183674,0.06691263800308161,583,Hendley provides stock answers to frequently asked questions.
1177,3,5,41,49,1.2244897959183674,0.07860013611082545,583,It's our employee stocks incentive.
1177,3,5,41,49,1.2244897959183674,0.07860013611082545,583,I warned him about microwaving fish in the breakroom.
1177,1,9,39,49,1.2244897959183674,0.06691263800308161,583,I see they finally caught the refrigerator thief.
1177,2,7,40,49,1.2244897959183674,0.0729906929723637,583,Apparently there are new stock options.
1177,2,7,40,49,1.2244897959183674,0.0729906929723637,583,It's the only way we could stop him tweeting in meetings.
1177,2,7,40,49,1.2244897959183674,0.0729906929723637,583,His stocks picks are abysmal.
1177,3,5,41,49,1.2244897959183674,0.07860013611082545,583,He put fish in the microwave.
1177,1,9,39,49,1.2244897959183674,0.06691263800308161,583,That's Harry...he's in charge of stocks and bondage.
1177,2,7,40,49,1.2244897959183674,0.0729906929723637,583,Is it intern season already?
1177,2,7,40,49,1.2244897959183674,0.0729906929723637,583,Come on. It's the lobby of Trump Tower. What do you expect?
1177,1,9,39,49,1.2244897959183674,0.06691263800308161,583,"...and, yes, stock options are available!"
1177,4,3,42,49,1.2244897959183674,0.08383508533242337,583,His punishment for a long necktie and small hands.
1177,1,9,39,49,1.2244897959183674,0.06691263800308161,583,Obviously Not the Employee of the week.
1177,2,7,40,49,1.2244897959183674,0.0729906929723637,583,Last guy to use the suggestion box.
1177,2,7,40,49,1.2244897959183674,0.0729906929723637,583,They have a tough whistleblower policy!
1177,1,9,39,49,1.2244897959183674,0.06691263800308161,583,"I don't know about you, but this new ""alternative"" artwork in the lobby is starting to freak me out."
1177,3,5,41,49,1.2244897959183674,0.07860013611082545,583,He really wanted to go full-time.
1177,3,5,41,49,1.2244897959183674,0.07860013611082545,583,That's Frank. He spoiled 'Game of Thrones.'
1177,2,7,40,49,1.2244897959183674,0.0729906929723637,583,I guess this is the stocks and bondage department.
1177,4,3,42,49,1.2244897959183674,0.08383508533242337,583,Last quarter it was bonds.
1177,2,7,40,49,1.2244897959183674,0.0729906929723637,583,I hear it's on loan from the Whitney.
1177,2,7,40,49,1.2244897959183674,0.0729906929723637,583,"Casual Friday is tomorrow, Bob."
1177,3,5,41,49,1.2244897959183674,0.07860013611082545,583,"Ma'am, bonds and commodities are this way."
1177,3,5,41,49,1.2244897959183674,0.07860013611082545,583,I thought you said this company was into stocks.
1177,1,9,39,49,1.2244897959183674,0.06691263800308161,583,His stock wasn't optional.
1177,1,9,39,49,1.2244897959183674,0.06691263800308161,583,I understand this business subscribes to old fashioned values.
1177,2,7,40,49,1.2244897959183674,0.0729906929723637,583,That tie really brings out his eyes.
1177,1,9,39,49,1.2244897959183674,0.06691263800308161,583,"They were going to fire him, but this seemed more fitting."
1177,2,7,40,49,1.2244897959183674,0.0729906929723637,583,Isn't that the guy Trump just hired?
1177,3,5,41,49,1.2244897959183674,0.07860013611082545,583,For new employees we have an innovative stock ownership program.
1177,2,7,40,49,1.2244897959183674,0.0729906929723637,583,He put everything into common stocks.
1177,0,11,38,49,1.2244897959183674,0.060224255815053626,583,So that's a stock option!
1177,1,9,39,49,1.2244897959183674,0.06691263800308161,583,"Well, it's not the first time he's not contributed to the coffee fund."
1177,1,9,39,49,1.2244897959183674,0.06691263800308161,583,No more performance bonuses. Management's going all in on better to be feared than loved tactics.
1177,1,9,39,49,1.2244897959183674,0.06691263800308161,583,Looks like penalties for early withdrawal are getting worse and worse.
1177,1,9,39,49,1.2244897959183674,0.06691263800308161,583,"Well, the CEO did promise that stocks would be going up."
1177,2,7,40,49,1.2244897959183674,0.0729906929723637,583,"Apparently, he was still using My Space."
1177,1,9,39,49,1.2244897959183674,0.06691263800308161,583,This bank is really strict with their early withdrawal penalties.
1177,2,7,40,49,1.2244897959183674,0.0729906929723637,583,He's been locked in there ever since he suggested we change the formula of Coke...
1177,2,7,40,49,1.2244897959183674,0.0729906929723637,583,Shaming is still our most powerful motivator here.
1177,1,9,39,49,1.2244897959183674,0.06691263800308161,583,I think that tie is a little much
1177,0,11,38,49,1.2244897959183674,0.060224255815053626,583,Penalty for early withdrawal.
1177,3,5,41,49,1.2244897959183674,0.07860013611082545,583,It's ergonomic.
1177,1,9,39,49,1.2244897959183674,0.06691263800308161,583,That? Our new boss is from Williamsburg Virginia.
1177,1,9,39,49,1.2244897959183674,0.06691263800308161,583,Were you promised stock options?
1177,2,7,40,49,1.2244897959183674,0.0729906929723637,583,These stand-up workstations has cut absenteeism in half.
1177,3,5,41,49,1.2244897959183674,0.07860013611082545,583,"Good news, stocks are up."
1177,1,9,39,49,1.2244897959183674,0.06691263800308161,583,Another newbie who didn't read the stock option policy.
1177,3,5,41,49,1.2244897959183674,0.07860013611082545,583,That'll be us if Tesla doesn't go above $400
1177,2,7,40,49,1.2244897959183674,0.0729906929723637,583,"No, it's Murphy from Marketing -- Stephens from Sales was hung last week."
1177,2,7,40,49,1.2244897959183674,0.0729906929723637,583,I hear there is very little insubordination in this Company
1177,2,7,40,49,1.2244897959183674,0.0729906929723637,583,Our social media accounts must be down. That's the backup public shaming method.
1177,4,3,42,49,1.2244897959183674,0.08383508533242337,583,Things are changing fast here at Uber.
1177,1,9,39,49,1.2244897959183674,0.06691263800308161,583,He ate Sharon's yogurt.
1177,2,7,40,49,1.2244897959183674,0.0729906929723637,583,That's where we display the Employee of the Month.
1177,2,7,40,49,1.2244897959183674,0.0729906929723637,583,The less fortunate got the severance package.
1177,1,9,39,49,1.2244897959183674,0.06691263800308161,583,It keeps the interns in check.
1177,3,5,41,49,1.2244897959183674,0.07860013611082545,583,"Oh, Alex told the CEO the ending to the last episode of GAME OF THRONES before he could watch his recording."
1177,2,7,40,49,1.2244897959183674,0.0729906929723637,583,He's our new stock analyst.
1177,2,7,40,49,1.2244897959183674,0.0729906929723637,583,"And you thought, ""White-House Press Secretary, that's a job for Me?"" Isn't that right, Mr. Spicer?"
1177,2,7,40,49,1.2244897959183674,0.0729906929723637,583,His projections were off.
1177,1,9,39,49,1.2244897959183674,0.06691263800308161,583,I see management replaced the suggestion box.
1177,3,5,41,49,1.2244897959183674,0.07860013611082545,583,"Oh, before I forget, we're out of eggs."
1177,3,5,41,49,1.2244897959183674,0.07860013611082545,583,"Here at Equifax, we're 100% committed to unraveling any security breaches."
1177,2,7,40,49,1.2244897959183674,0.0729906929723637,583,"Oh yeah, that reminds me. Don't heat up your leftover fish in the office."
1177,2,7,40,49,1.2244897959183674,0.0729906929723637,583,"I don't know why ""Reply all"" is still even an option"
1177,1,9,39,49,1.2244897959183674,0.06691263800308161,583,To all new employees: We welcome your suggestions.
1177,0,11,38,49,1.2244897959183674,0.060224255815053626,583,"Frankly, I prefer to be downsized."
1177,2,7,40,49,1.2244897959183674,0.0729906929723637,583,John appears to have missed the minimum billable hour target yet again.
1177,2,7,40,49,1.2244897959183674,0.0729906929723637,583,Would it help if I loosened his tie.
1177,1,9,39,49,1.2244897959183674,0.06691263800308161,583,"See, that's why I'm not in stocks, I'm in bonds."
1177,1,9,39,49,1.2244897959183674,0.06691263800308161,583,"And the irony is, he was overweighted in bonds."
1177,2,7,40,49,1.2244897959183674,0.0729906929723637,583,He's our paid scapegoat.
1177,1,9,39,49,1.2244897959183674,0.06691263800308161,583,"Yes, ties are a requirement of our business dress code policy."
1177,1,9,39,49,1.2244897959183674,0.06691263800308161,583,"You know, I'm not sure bonds would be better."
1177,2,7,40,49,1.2244897959183674,0.0729906929723637,583,Yesterday it was bonds.
1177,3,5,41,49,1.2244897959183674,0.07860013611082545,583,I think I misunderstood when management announced the new employee stocks program.
1177,3,5,41,49,1.2244897959183674,0.07860013611082545,583,Mr. Stevens was our previous Morale Officer.
1177,1,9,39,49,1.2244897959183674,0.06691263800308161,583,Employee of the week isn't what it used to be.
1177,3,5,41,49,1.2244897959183674,0.07860013611082545,583,It's supposed to invoke second thoughts on bad work behavior but now people are doing bad things on purpose to get away from their desk for a few hours.
1177,3,5,41,49,1.2244897959183674,0.07860013611082545,583,"Oh, and we don't post about the company's diversity initiatives."
1177,3,5,41,49,1.2244897959183674,0.07860013611082545,583,With our new employee retention policy we finally managed to stop the brain drain.
1177,2,7,40,49,1.2244897959183674,0.0729906929723637,583,Is that the guy who wrote the memo?
1177,2,7,40,49,1.2244897959183674,0.0729906929723637,583,The new guy is fitting in well.
1177,1,9,39,49,1.2244897959183674,0.06691263800308161,583,He sent an all-caps email.
1177,5,1,43,49,1.2244897959183674,0.08876182551496521,583,"It's the new incentive plan. If our stock goes down, the stocks go up..."
1177,0,11,38,49,1.2244897959183674,0.060224255815053626,583,That was the most humane way to get him to stop Tweeting.
1177,1,9,39,49,1.2244897959183674,0.06691263800308161,583,He did say he wanted to get into stocks.
1177,2,7,40,49,1.2244897959183674,0.0729906929723637,583,Talk about being trapped in the office.
1177,2,7,40,49,1.2244897959183674,0.0729906929723637,583,Looks like they're setting up for another stock photo shoot.
1177,3,5,41,49,1.2244897959183674,0.07860013611082545,583,Just yesterday he was in bonds.
1177,2,7,40,49,1.2244897959183674,0.0729906929723637,583,"As you can see, our employee retention plan includes stock options. As you can see our employee retention plan includes a stock option."
1177,2,7,40,49,1.2244897959183674,0.0729906929723637,583,Don't stare it makes him nervous.
1177,1,9,39,49,1.2244897959183674,0.06691263800308161,583,And a former employee of the month...sad
1177,1,9,39,49,1.2244897959183674,0.06691263800308161,583,Yeech. He wore that same tie yesterday.
1177,2,7,40,49,1.2244897959183674,0.0729906929723637,583,Looks like someone didn't meet his numbers this month..
1177,3,5,41,49,1.2244897959183674,0.07860013611082545,583,What? And ignore our history?
1177,2,7,40,49,1.2244897959183674,0.0729906929723637,583,So it's true that stocks are making a comeback!
1177,1,9,39,49,1.2244897959183674,0.06691263800308161,583,He was the loser of our fantasy football league.
1177,2,7,40,49,1.2244897959183674,0.0729906929723637,583,He keeps stealing office supplies
1177,2,7,40,49,1.2244897959183674,0.0729906929723637,583,He used to be better at picking stocks
1177,2,7,40,49,1.2244897959183674,0.0729906929723637,583,"Hey, isn't that our stockbroker?"
1177,3,5,41,49,1.2244897959183674,0.07860013611082545,583,It's part of the airlines' new seating program.
1177,2,7,40,49,1.2244897959183674,0.0729906929723637,583,He tried to reuse one of his seven most recent passwords.
1177,2,7,40,49,1.2244897959183674,0.0729906929723637,583,Is this the new ice bucket challenge?
1177,2,7,40,49,1.2244897959183674,0.0729906929723637,583,Intern?
1288,1,8,36,45,1.2222222222222223,0.07027283689263063,583,He liked the veneer but I persuaded him the solid oak is a better look.
1289,2,7,41,50,1.22,0.07165677830848258,583,I'd like to add you to my professional network on LinkedIn
1289,0,11,39,50,1.22,0.059178043363451366,583,"So, do you still want out of your contract?"
1291,3,3,35,41,1.2195121951219512,0.08911622393387858,583,none of his incantations increased company sales
1291,1,7,33,41,1.2195121951219512,0.07418003085729535,583,Don't take the stock option.
1293,2,6,38,46,1.2173913043478262,0.07558495542263939,583,Ralph exercised his stock option.
1293,1,8,37,46,1.2173913043478262,0.06889776419712876,583,I warned him that he should have stayed in the bond market...
1293,2,6,38,46,1.2173913043478262,0.07558495542263939,583,"""I'm hearing after coffee break he'll be pelted with a variety of organically grown tomatoes""."
1293,3,4,39,46,1.2173913043478262,0.08172679524563294,583,They usually quit before we have to fire them.
1293,1,8,37,46,1.2173913043478262,0.06889776419712876,583,I wish I had the courage to refuse to submit my annual SMART goals.
1293,2,6,38,46,1.2173913043478262,0.07558495542263939,583,The local scuttlebutt has it that it's not personal---just business.
1293,1,8,37,46,1.2173913043478262,0.06889776419712876,583,"It's the new employee orientation program. It they last the first 90 days, they're a keeper."
1293,3,4,39,46,1.2173913043478262,0.08172679524563294,583,And that's our new fixed arm offering.
1293,2,6,38,46,1.2173913043478262,0.07558495542263939,583,This is why we work in bonds.
1293,0,10,36,46,1.2173913043478262,0.06148754619013455,583,That's what you get for humming 'The Girl from Ipanema' in the elevator.
1293,2,6,38,46,1.2173913043478262,0.07558495542263939,583,Ralph changed our insurance plan to an HMO.
1293,0,10,36,46,1.2173913043478262,0.06148754619013455,583,I heard it was insider trading with the guys over in Jamestown.
1293,3,4,39,46,1.2173913043478262,0.08172679524563294,583,Looks like Congress amended the Dodd Frank penalties.
1293,2,6,38,46,1.2173913043478262,0.07558495542263939,583,"It is a new policy, truth or consequences."
1293,2,6,38,46,1.2173913043478262,0.07558495542263939,583,Jeremy voted for Trump.
1293,2,6,38,46,1.2173913043478262,0.07558495542263939,583,He told Trump to stop tweeting.
1293,2,6,38,46,1.2173913043478262,0.07558495542263939,583,At least he wasn't drawn and quarterlied.
1293,1,8,37,46,1.2173913043478262,0.06889776419712876,583,This company has a very enlightened approach. Nobody is allowed to throw stones at him.
1293,2,6,38,46,1.2173913043478262,0.07558495542263939,583,He's committed all his money to stocks.
1293,1,8,37,46,1.2173913043478262,0.06889776419712876,583,That’s for reheating fish in the lunch room microwave.
1293,1,8,37,46,1.2173913043478262,0.06889776419712876,583,Let me tell you about our unlimited vacation policy.
1293,2,6,38,46,1.2173913043478262,0.07558495542263939,583,He told his broker he wanted to get out of Bonds and into Stocks.
1293,2,6,38,46,1.2173913043478262,0.07558495542263939,583,"HR says we can't throw tomatoes, it was just a micro-aggression."
1293,2,6,38,46,1.2173913043478262,0.07558495542263939,583,"I have to admit, Ted does pick spectacular stocks."
1293,3,4,39,46,1.2173913043478262,0.08172679524563294,583,Their employee retention strategy is quite effective.
1293,2,6,38,46,1.2173913043478262,0.07558495542263939,583,"If you think that's crazy, you should've seen the tar and feather display in the lunchroom"
1293,3,4,39,46,1.2173913043478262,0.08172679524563294,583,He asked Trump for a standup desk.
1293,2,6,38,46,1.2173913043478262,0.07558495542263939,583,He used to hustle Stocks & Bonds on the 5th Floor ...but now I guess he's just into stocks.
1293,1,8,37,46,1.2173913043478262,0.06889776419712876,583,And I doubt you'll find a company with better stock options...
1293,0,10,36,46,1.2173913043478262,0.06148754619013455,583,"Odd, Usually the written warning gets through to them..."
1293,1,8,37,46,1.2173913043478262,0.06889776419712876,583,Damn late fees.
1293,2,6,38,46,1.2173913043478262,0.07558495542263939,583,We've revived the stockade. It's for members of the accounting department who refuse to embrace Generally Accepted Accounting Procedures.
1293,2,6,38,46,1.2173913043478262,0.07558495542263939,583,It's just Bernie. Pretend he's not there.
1293,1,8,37,46,1.2173913043478262,0.06889776419712876,583,He didn't refill the coffee pot....for the last time.
1293,3,4,39,46,1.2173913043478262,0.08172679524563294,583,They don't use the barrel anymore.
1293,3,4,39,46,1.2173913043478262,0.08172679524563294,583,Don't you think the tie is a little gauche?
1293,3,4,39,46,1.2173913043478262,0.08172679524563294,583,That's one of the worst standing desks I've ever seen.
1293,1,8,37,46,1.2173913043478262,0.06889776419712876,583,"Oh and never Reply All with just ""LOL."" Ever."
1293,2,6,38,46,1.2173913043478262,0.07558495542263939,583,This bank has very severe penalties for overdrafts!
1293,1,8,37,46,1.2173913043478262,0.06889776419712876,583,I guess he should have bought bonds.
1293,1,8,37,46,1.2173913043478262,0.06889776419712876,583,"I'll be honest, the stock options could be better."
1293,2,6,38,46,1.2173913043478262,0.07558495542263939,583,"The ""Golden Handcuffs"" ain't what they used to be."
1293,2,6,38,46,1.2173913043478262,0.07558495542263939,583,When I said we had to retain our top talent I meant through financial means....
1293,0,10,36,46,1.2173913043478262,0.06148754619013455,583,The worst employee of the month.
1293,2,6,38,46,1.2173913043478262,0.07558495542263939,583,That has to be the worst stock option we've ever offered.
1293,1,8,37,46,1.2173913043478262,0.06889776419712876,583,I hear 'unpaid internment' looks good on a resume.
1293,1,8,37,46,1.2173913043478262,0.06889776419712876,583,This company makes public punishment an art form.
1293,2,6,38,46,1.2173913043478262,0.07558495542263939,583,"He made an actual phone call, and followed it with a hand written note."
1293,2,6,38,46,1.2173913043478262,0.07558495542263939,583,Nobody wanted to be greeter.
1293,2,6,38,46,1.2173913043478262,0.07558495542263939,583,I'd loose the tie.
1293,3,4,39,46,1.2173913043478262,0.08172679524563294,583,"...and whatever you do, don't take anyone else's lunch from the fridge."
1293,1,8,37,46,1.2173913043478262,0.06889776419712876,583,That'll teach him to burn popcorn in the microwave.
1293,1,8,37,46,1.2173913043478262,0.06889776419712876,583,I moved to bonds; he's still in stocks.
1293,2,6,38,46,1.2173913043478262,0.07558495542263939,583,I had something else in mind when you said this company was a leader in stocks.
1293,4,2,40,46,1.2173913043478262,0.08743827900868612,583,Did I mention that this firm is owned by Pilgrims?
1293,1,8,37,46,1.2173913043478262,0.06889776419712876,583,"Well, everyone started chanting ""Lock him up!"" after he deleted his junk e-mails..."
1293,2,6,38,46,1.2173913043478262,0.07558495542263939,583,Burned popcorn in the microwave.
1293,2,6,38,46,1.2173913043478262,0.07558495542263939,583,He said Trumps policies seem mid-evil!
1293,1,8,37,46,1.2173913043478262,0.06889776419712876,583,We're going back to the old system.
1293,3,4,39,46,1.2173913043478262,0.08172679524563294,583,Caught sexting during a board meeting.
1293,3,4,39,46,1.2173913043478262,0.08172679524563294,583,"We do ""Employee of the Month"" a little differently here."
1293,2,6,38,46,1.2173913043478262,0.07558495542263939,583,He asked for a raise after only working here six years.
1293,2,6,38,46,1.2173913043478262,0.07558495542263939,583,"Boy, those early withdrawal penalties are getting tougher."
1293,2,6,38,46,1.2173913043478262,0.07558495542263939,583,Third one this month caught not reading emails while on vacation.
1293,1,8,37,46,1.2173913043478262,0.06889776419712876,583,"That's it, we're buying bonds."
1293,0,10,36,46,1.2173913043478262,0.06148754619013455,583,I liked it better when he was a smoker.
1293,0,10,36,46,1.2173913043478262,0.06148754619013455,583,Is this performance evaluation day?
1293,1,8,37,46,1.2173913043478262,0.06889776419712876,583,Apparently they are trying out new standing desks.
1293,2,6,38,46,1.2173913043478262,0.07558495542263939,583,"Oh, the vibe here is definitely not Silicon Valley."
1293,1,8,37,46,1.2173913043478262,0.06889776419712876,583,"Don't ask. No, seriously. Don't ask - not anything, not ever. Asking is out!"
1293,1,8,37,46,1.2173913043478262,0.06889776419712876,583,Jeffrey didn't think outside the box at the 9am meeting.
1293,3,4,39,46,1.2173913043478262,0.08172679524563294,583,Those are the stocks. Wanna see the bonds?
1293,3,4,39,46,1.2173913043478262,0.08172679524563294,583,A long time ago we called it the time out chair.
1293,1,8,37,46,1.2173913043478262,0.06889776419712876,583,"Well, it's better than the beatings they did to raise morale."
1293,0,10,36,46,1.2173913043478262,0.06148754619013455,583,"Everyday here is torture. Isn't that right, Dan?"
1293,1,8,37,46,1.2173913043478262,0.06889776419712876,583,I preferred it when they just charged a fee for being overdrawn
1293,2,6,38,46,1.2173913043478262,0.07558495542263939,583,The HR department must be on its annual retreat.
1293,1,8,37,46,1.2173913043478262,0.06889776419712876,583,I understand he wouldn't sign the voluntary arbitration agreement.
1293,2,6,38,46,1.2173913043478262,0.07558495542263939,583,"Looks like our new, ergonomic standing desks have arrived."
1293,4,2,40,46,1.2173913043478262,0.08743827900868612,583,I've felt a lot safer since we outlawed Twitter.
1293,2,6,38,46,1.2173913043478262,0.07558495542263939,583,He was caught microwaving fish.
1293,2,6,38,46,1.2173913043478262,0.07558495542263939,583,He needs to leave his personal life at home.
1293,4,2,40,46,1.2173913043478262,0.08743827900868612,583,That's what we do to Trump supporters
1293,2,6,38,46,1.2173913043478262,0.07558495542263939,583,"He wouldn't stop asking, 'Working hard or hardly working?'"
1293,2,6,38,46,1.2173913043478262,0.07558495542263939,583,He'll do just about anything to draw attention to himself.
1293,2,6,38,46,1.2173913043478262,0.07558495542263939,583,It’s actually better for your core than sitting at a desk all day.
1293,3,4,39,46,1.2173913043478262,0.08172679524563294,583,Nelson. 12th floor. FEMA.
1293,1,8,37,46,1.2173913043478262,0.06889776419712876,583,I told him he wouldn't like working here at The Colonial Williamsburg Foundation.
1293,1,8,37,46,1.2173913043478262,0.06889776419712876,583,He failed the phishing test.
1293,0,10,36,46,1.2173913043478262,0.06148754619013455,583,He took the last donut
1293,0,10,36,46,1.2173913043478262,0.06148754619013455,583,We used to have a deer mounted to the wall but the boss thought it was too barbaric.
1293,3,4,39,46,1.2173913043478262,0.08172679524563294,583,They did say there was a penalty for early withdrawal.
1293,2,6,38,46,1.2173913043478262,0.07558495542263939,583,What? You've never seen a guy who works in stocks before?
1293,1,8,37,46,1.2173913043478262,0.06889776419712876,583,As a career move it beats banishment.
1293,1,8,37,46,1.2173913043478262,0.06889776419712876,583,I heard they were increasing the penalty for early withdrawals.
1293,2,6,38,46,1.2173913043478262,0.07558495542263939,583,Stocks can be tricky if you're new to the market.
1293,3,4,39,46,1.2173913043478262,0.08172679524563294,583,He's a Trump supporter.
1293,0,10,36,46,1.2173913043478262,0.06148754619013455,583,"Glad to see the company's finally cracking down on ""reply all"" abuse."
1293,3,4,39,46,1.2173913043478262,0.08172679524563294,583,The interior designer is off his meds again.
1293,1,8,37,46,1.2173913043478262,0.06889776419712876,583,"I'm more of a ""bond"" man myself, if you know what I mean."
1293,2,6,38,46,1.2173913043478262,0.07558495542263939,583,There's a strict don't-make-eye-contact-in-elevator policy here.
1293,1,8,37,46,1.2173913043478262,0.06889776419712876,583,Are you certain this is the chiropractor?
1293,1,8,37,46,1.2173913043478262,0.06889776419712876,583,Don't worry about him; he's got loads of stock options.
1293,2,6,38,46,1.2173913043478262,0.07558495542263939,583,I don't care. I'm still closing my Wells Fargo account.
1293,1,8,37,46,1.2173913043478262,0.06889776419712876,583,From Stock Analyst to Stockade in two weeks must be some kind of records
1293,1,8,37,46,1.2173913043478262,0.06889776419712876,583,Think that's bad? You should see what the interns in bonds have to go through.
1293,3,4,39,46,1.2173913043478262,0.08172679524563294,583,"Latest investment idea, stocks and bondage."
1293,1,8,37,46,1.2173913043478262,0.06889776419712876,583,It was that or a scarlet T.
1293,2,6,38,46,1.2173913043478262,0.07558495542263939,583,Each state has one: a public pillory for its legislators.
1293,2,6,38,46,1.2173913043478262,0.07558495542263939,583,Ms. Grey will see you now.
1293,3,4,39,46,1.2173913043478262,0.08172679524563294,583,We are currently testing version 2.0 of our standup desk model
1293,2,6,38,46,1.2173913043478262,0.07558495542263939,583,That's an unusual combination of stocks and bonds
1293,3,4,39,46,1.2173913043478262,0.08172679524563294,583,He's refusing to sign up for LinkedIn.
1293,2,6,38,46,1.2173913043478262,0.07558495542263939,583,Josh was transferred to Stocks and Bondage.
1293,1,8,37,46,1.2173913043478262,0.06889776419712876,583,"Well, he goes by ""Birk"" if that is any help."
1293,2,6,38,46,1.2173913043478262,0.07558495542263939,583,I'd wait until 5:00 if I were you.
1293,1,8,37,46,1.2173913043478262,0.06889776419712876,583,Maybe he didn't totally get how the stocks option works here.
1293,1,8,37,46,1.2173913043478262,0.06889776419712876,583,It's part of our new policy for white male employees
1293,2,6,38,46,1.2173913043478262,0.07558495542263939,583,"Around here, we let the punishment fit the crime, and he's our stock broker. That's all I know, and all I want to know."
1293,2,6,38,46,1.2173913043478262,0.07558495542263939,583,I guess Ted's the one who's been microwaving fish in the break room.
1293,1,8,37,46,1.2173913043478262,0.06889776419712876,583,I plan to get one for my husband
1293,1,8,37,46,1.2173913043478262,0.06889776419712876,583,I'm so done with work space S&M
1293,1,8,37,46,1.2173913043478262,0.06889776419712876,583,that's the new guy from the Salem office
1293,2,6,38,46,1.2173913043478262,0.07558495542263939,583,"On the bright side, it has curbed those random break room fridge yogurt thefts."
1293,2,6,38,46,1.2173913043478262,0.07558495542263939,583,It's the latest shoplifting deterrent from IKEA--flat-pack stocks.
1293,3,4,39,46,1.2173913043478262,0.08172679524563294,583,"We get punished for using the term ""climate change."""
1293,1,8,37,46,1.2173913043478262,0.06889776419712876,583,A word of warning: remember to never hit Reply All.
1293,3,4,39,46,1.2173913043478262,0.08172679524563294,583,Having stock options has definitely increased employee retention.
1293,2,6,38,46,1.2173913043478262,0.07558495542263939,583,Not allowing him to tweet is just plain cruel.
1293,0,10,36,46,1.2173913043478262,0.06148754619013455,583,Employee of the month is not all it's cracked up to be.
1293,3,4,39,46,1.2173913043478262,0.08172679524563294,583,"The boss did warn him that if he mentioned ""Harvard"" one more time he'd put him into stocks."
1293,2,6,38,46,1.2173913043478262,0.07558495542263939,583,We pride ourselves on our friendly work environment. Just don't be late.
1293,1,8,37,46,1.2173913043478262,0.06889776419712876,583,Last week he was in bonds.
1293,1,8,37,46,1.2173913043478262,0.06889776419712876,583,"Whatever you do, don't cut in line"
1293,2,6,38,46,1.2173913043478262,0.07558495542263939,583,This firm comes highly recommended. I've been told that they take an unorthodox approach to stocks and bonds.
1293,1,8,37,46,1.2173913043478262,0.06889776419712876,583,Just ignore him. He had the audacity to suggest that Clinton lost because of Bernie.
1293,2,6,38,46,1.2173913043478262,0.07558495542263939,583,I warned him about reading the fine print before buying into the company's public stock offering!
1293,2,6,38,46,1.2173913043478262,0.07558495542263939,583,"Being ""Emplyee of the Month"" isn't what it used to be."
1293,0,10,36,46,1.2173913043478262,0.06148754619013455,583,The memo said that the floggings will continue until John's moral improves.
1293,2,6,38,46,1.2173913043478262,0.07558495542263939,583,Much better results than those performance improvement plans we used to use.
1293,1,8,37,46,1.2173913043478262,0.06889776419712876,583,I'm not sure I like the tie.
1293,2,6,38,46,1.2173913043478262,0.07558495542263939,583,Is this their Salem office?
1293,4,2,40,46,1.2173913043478262,0.08743827900868612,583,This is what happens when women take over
1293,2,6,38,46,1.2173913043478262,0.07558495542263939,583,He'll never try to get us to dance the Macarena again at the office summer picnic!
1293,2,6,38,46,1.2173913043478262,0.07558495542263939,583,"I thought our dental was bad too, until I saw the stock option."
1293,1,8,37,46,1.2173913043478262,0.06889776419712876,583,Do you think Stocks are the next big thing?
1293,3,4,39,46,1.2173913043478262,0.08172679524563294,583,THAT'S the guy that didn't flush.
1293,3,4,39,46,1.2173913043478262,0.08172679524563294,583,Looks like Kevin finally bought those stocks.
1293,0,10,36,46,1.2173913043478262,0.06148754619013455,583,The stock options here are terrible.
1293,2,6,38,46,1.2173913043478262,0.07558495542263939,583,He clicked 'Reply All' one too many times.
1293,1,8,37,46,1.2173913043478262,0.06889776419712876,583,"Oh, yeah, I forgot. It's For Shame Friday."
1293,3,4,39,46,1.2173913043478262,0.08172679524563294,583,That reminds me: another perk about this place is that you will almost never have your lunch stolen out of the break room fridge.
1293,2,6,38,46,1.2173913043478262,0.07558495542263939,583,Back when we were dating he was really into bonds.
1293,4,2,40,46,1.2173913043478262,0.08743827900868612,583,Someday Sven will learn not to microwave fish in the office.
1293,2,6,38,46,1.2173913043478262,0.07558495542263939,583,That's his investment in stocks
1293,2,6,38,46,1.2173913043478262,0.07558495542263939,583,Lucky bastard: I never got MY stock option.
1293,0,10,36,46,1.2173913043478262,0.06148754619013455,583,"You have to admire his grit, but I think I would have just taken the severance and been on my way."
1293,1,8,37,46,1.2173913043478262,0.06889776419712876,583,"I said 'Don't look at that guy in the stockade,' and you looked right at him!"
1293,2,6,38,46,1.2173913043478262,0.07558495542263939,583,It's a great place to work except for the public shaming.
1293,2,6,38,46,1.2173913043478262,0.07558495542263939,583,Don't be too quick to judge our corporate culture.
1293,1,8,37,46,1.2173913043478262,0.06889776419712876,583,He hit 'Reply All' one too many times.
1293,3,4,39,46,1.2173913043478262,0.08172679524563294,583,"Nice tie, Herb."
1293,2,6,38,46,1.2173913043478262,0.07558495542263939,583,Poor George. He just wanted to take a vacation.
1293,1,8,37,46,1.2173913043478262,0.06889776419712876,583,Brings all new meaning to stocks and bonds.
1293,2,6,38,46,1.2173913043478262,0.07558495542263939,583,He told the his team leader that her ideas were medieval.
1293,2,6,38,46,1.2173913043478262,0.07558495542263939,583,Jacobs got a little too casual last Friday
1293,2,6,38,46,1.2173913043478262,0.07558495542263939,583,Boss caught him on Facebook again
1293,1,8,37,46,1.2173913043478262,0.06889776419712876,583,That's Jensen. He was caught picking the low-hanging fruit.
1293,1,8,37,46,1.2173913043478262,0.06889776419712876,583,Three Reply-Alls and you are out.
1293,0,10,36,46,1.2173913043478262,0.06148754619013455,583,That's Bill from HR demonstrating our new flex work program
1293,1,8,37,46,1.2173913043478262,0.06889776419712876,583,Dan always wanted to diversify into stocks.
1293,2,6,38,46,1.2173913043478262,0.07558495542263939,583,It’s to stop him from forwarding cat videos.
1293,1,8,37,46,1.2173913043478262,0.06889776419712876,583,"Remember when ""Employee of the Month"" meant a simple photo on the wall?"
1293,1,8,37,46,1.2173913043478262,0.06889776419712876,583,"As you can see, we offer generous stock options."
1293,2,6,38,46,1.2173913043478262,0.07558495542263939,583,"See, there is such a thing as a stupid question."
1293,2,6,38,46,1.2173913043478262,0.07558495542263939,583,This shaming business is getting out of hand.
1293,1,8,37,46,1.2173913043478262,0.06889776419712876,583,He should have been in bonds.
1293,0,10,36,46,1.2173913043478262,0.06148754619013455,583,They finally caught Mr. Fish-in-the-Microwave.
1293,1,8,37,46,1.2173913043478262,0.06889776419712876,583,He asked for his stock options.
1293,2,6,38,46,1.2173913043478262,0.07558495542263939,583,Our generous stocks options keep Bob around.
1293,2,6,38,46,1.2173913043478262,0.07558495542263939,583,He wrote a memo to Human Resources.
1293,3,4,39,46,1.2173913043478262,0.08172679524563294,583,Let's stick with bonds.
1293,3,4,39,46,1.2173913043478262,0.08172679524563294,583,I've never really understood the need to get into stocks.
1476,1,7,34,42,1.2142857142857142,0.0725807194981817,583,"I thought it was an error in the job description, but apparently they do offer stockade options."
1476,1,7,34,42,1.2142857142857142,0.0725807194981817,583,"That's what happens when you keep hitting ""reply to all."""
1476,1,7,34,42,1.2142857142857142,0.0725807194981817,583,He kept wearing a tie on Casual Fridays.
1479,1,8,38,47,1.2127659574468086,0.06757440284088687,583,"I want that too, baby."
1479,2,6,39,47,1.2127659574468086,0.07410377385468282,583,I had heard their stock was up
1479,1,8,38,47,1.2127659574468086,0.06757440284088687,583,I understand this is the training program for using one of those standup desks.
1479,2,6,39,47,1.2127659574468086,0.07410377385468282,583,I you ask me management is taking 'Throwback Thursday' too far.
1483,2,6,40,48,1.2083333333333333,0.07267881673425383,583,He didn't concur.
1484,2,5,37,44,1.2045454545454546,0.07679869525286717,583,His company's stock just went public.
1484,0,9,35,44,1.2045454545454546,0.0615132074247489,583,HR needs to lighten up.
1484,1,7,36,44,1.2045454545454546,0.06957698714453991,583,I completely misunderstood when you told me that Ted worked in stocks.
1484,0,9,35,44,1.2045454545454546,0.0615132074247489,583,Corporate punishment
1484,2,5,37,44,1.2045454545454546,0.07679869525286717,583,I’m still unclear how it will raise overall productivity to reward the employee of the month with a holding in the company’s stocks.
1484,1,7,36,44,1.2045454545454546,0.06957698714453991,583,"Boy, the boss is serious about not using his parking space."
1484,1,7,36,44,1.2045454545454546,0.06957698714453991,583,This time they are giving stocks instead of bonuses
1484,1,7,36,44,1.2045454545454546,0.06957698714453991,583,That new whistle-blower policy is really bearing fruit
1484,2,5,37,44,1.2045454545454546,0.07679869525286717,583,"We're testing a logo to accompany the new slogan, ""At Wells Fargo we are totally committed to the stock."""
1484,1,7,36,44,1.2045454545454546,0.06957698714453991,583,He mentioned in the Monday morning meeting he preferred Stocks over Bonds.
1484,1,7,36,44,1.2045454545454546,0.06957698714453991,583,Jerry is always saying it is a good time to be in stocks.
1484,1,7,36,44,1.2045454545454546,0.06957698714453991,583,I guess he received his stock option.
1484,2,5,37,44,1.2045454545454546,0.07679869525286717,583,I told you not to wear that tie.
1484,1,7,36,44,1.2045454545454546,0.06957698714453991,583,"Oh, one more thing- if you use the washroom, don't forget to return the key."
1484,2,5,37,44,1.2045454545454546,0.07679869525286717,583,It's our version of the stay-cation.
1484,2,5,37,44,1.2045454545454546,0.07679869525286717,583,So Herb is the new employee of the month.
1484,1,7,36,44,1.2045454545454546,0.06957698714453991,583,"He's been trying to get a job here at Charles Schwab, but I don't think he's clear on what we do."
1484,3,3,38,44,1.2045454545454546,0.08339737432901621,583,Phil elected for old stock option.
1484,2,5,37,44,1.2045454545454546,0.07679869525286717,583,It's back to basics on in-house affairs.
1484,1,7,36,44,1.2045454545454546,0.06957698714453991,583,Right. That company claims it always has everything in stock.
1484,3,3,38,44,1.2045454545454546,0.08339737432901621,583,He replied all to ten office-wide email chains; I'd be fine if they cut his hands off.
1484,1,7,36,44,1.2045454545454546,0.06957698714453991,583,To promote healthier work habits we're encouraging employees to spend more time on their feet.
1484,1,7,36,44,1.2045454545454546,0.06957698714453991,583,This company takes email etiquette very seriously.
1484,3,3,38,44,1.2045454545454546,0.08339737432901621,583,"I told you, No good deed goes unpunished ."
1484,1,7,36,44,1.2045454545454546,0.06957698714453991,583,The stock plan here kind of sucks.
1484,1,7,36,44,1.2045454545454546,0.06957698714453991,583,I heard he was into stocks.
1484,1,7,36,44,1.2045454545454546,0.06957698714453991,583,He was trading insider stockades.
1484,0,9,35,44,1.2045454545454546,0.0615132074247489,583,The irony. A fraudulent stock broker is placed in the stocks.
1484,2,5,37,44,1.2045454545454546,0.07679869525286717,583,So don't even THINK about surfing the internet while you're on the clock.
1484,2,5,37,44,1.2045454545454546,0.07679869525286717,583,I TOLD you you shouldn't have let him assemble the standing desk himself!
1484,1,7,36,44,1.2045454545454546,0.06957698714453991,583,He made personal copies on the office copier.
1484,1,7,36,44,1.2045454545454546,0.06957698714453991,583,He only does stocks. If you want bonds you have to go to another broker.
1484,2,5,37,44,1.2045454545454546,0.07679869525286717,583,'That's what Carl gets for not re-filling the meade in the pantry.'
1484,1,7,36,44,1.2045454545454546,0.06957698714453991,583,Not the stock options you had in mind Johnson?
1484,1,7,36,44,1.2045454545454546,0.06957698714453991,583,Maybe now he'll think twice about stealing Rachel's yogurts from the lunch room.
1484,1,7,36,44,1.2045454545454546,0.06957698714453991,583,I guess he asked for a raise again.
1484,1,7,36,44,1.2045454545454546,0.06957698714453991,583,I told him to stay out of stocks.
1484,2,5,37,44,1.2045454545454546,0.07679869525286717,583,Steve took the last cup of coffee and didn't brew a new pot.
1484,1,7,36,44,1.2045454545454546,0.06957698714453991,583,"So much for ""Take No Prisoners""."
1484,2,5,37,44,1.2045454545454546,0.07679869525286717,583,He knew the rules. My yogurt was clearly labeled.
1484,2,5,37,44,1.2045454545454546,0.07679869525286717,583,...and you'll stay there until you can learn the difference between 'reply' and 'reply all'.
1484,3,3,38,44,1.2045454545454546,0.08339737432901621,583,"Bonds I get, but I didn't know stocks were back."
1484,2,5,37,44,1.2045454545454546,0.07679869525286717,583,Saw him arguing with the receptionist about an hour ago.
1484,3,3,38,44,1.2045454545454546,0.08339737432901621,583,I've always avoided stocks and bondage.
1484,3,3,38,44,1.2045454545454546,0.08339737432901621,583,That reminds me...never park in the CEO's space.
1484,3,3,38,44,1.2045454545454546,0.08339737432901621,583,It's helped tremendously with employee cell phone addiction.
1484,0,9,35,44,1.2045454545454546,0.0615132074247489,583,"Pardon me, can you tell me how long you can hold my husband? I have a lot of shopping to do."
1484,1,7,36,44,1.2045454545454546,0.06957698714453991,583,I'd be back from lunch on time if I were you.
1484,3,3,38,44,1.2045454545454546,0.08339737432901621,583,He didn't order the fair trade coffee
1484,0,9,35,44,1.2045454545454546,0.0615132074247489,583,This new waiting room certainly sends a message.
1484,3,3,38,44,1.2045454545454546,0.08339737432901621,583,This is what happens when we stop regulating the stockade market
1484,2,5,37,44,1.2045454545454546,0.07679869525286717,583,"If I were you, I'd cancel the request for the standing desk"
1484,2,5,37,44,1.2045454545454546,0.07679869525286717,583,"I preferred the ""time out"" chair."
1484,1,7,36,44,1.2045454545454546,0.06957698714453991,583,I don't think that's what he meant when he said he wanted to be in stocks...
1484,2,5,37,44,1.2045454545454546,0.07679869525286717,583,"The impacts of getting ""Needs Improvement"" on the performance review certainly have changed here!"
1484,1,7,36,44,1.2045454545454546,0.06957698714453991,583,"Oh, we'll let him out after the board votes."
1484,3,3,38,44,1.2045454545454546,0.08339737432901621,583,Looks like the stocks are up again.
1484,2,5,37,44,1.2045454545454546,0.07679869525286717,583,That's the stocks. Where are the bonds?
1484,0,9,35,44,1.2045454545454546,0.0615132074247489,583,The boss definitely doesn't like that style tie.
1484,2,5,37,44,1.2045454545454546,0.07679869525286717,583,Walter lost another men's room key.
1484,1,7,36,44,1.2045454545454546,0.06957698714453991,583,Perhaps he has some interesting stock tips.
1484,2,5,37,44,1.2045454545454546,0.07679869525286717,583,Modern art is getting harder to understand.
1484,2,5,37,44,1.2045454545454546,0.07679869525286717,583,Worst performance evaluation ever...
1484,2,5,37,44,1.2045454545454546,0.07679869525286717,583,You should see the guy who sells bonds.
1484,0,9,35,44,1.2045454545454546,0.0615132074247489,583,I'm guessing he'll never take Helen's sandwich again.
1484,3,3,38,44,1.2045454545454546,0.08339737432901621,583,White shoes after Labor Day.
1484,3,3,38,44,1.2045454545454546,0.08339737432901621,583,He refuses to train his replacement.
1484,1,7,36,44,1.2045454545454546,0.06957698714453991,583,"It's a new corporate policy, for not meeting your goals, as suggested by the current political administration"
1484,1,7,36,44,1.2045454545454546,0.06957698714453991,583,"As you can see Miss Johnson, we have a vigorous H.R. department."
1484,2,5,37,44,1.2045454545454546,0.07679869525286717,583,Our corporate ethos is one of complete transparency.
1484,2,5,37,44,1.2045454545454546,0.07679869525286717,583,Oh him? He is just the lone conservative here at Google.
1484,1,7,36,44,1.2045454545454546,0.06957698714453991,583,Stock analyst.
1484,0,9,35,44,1.2045454545454546,0.0615132074247489,583,"He asked that we put him into stocks, and we always oblige our clients."
1484,1,7,36,44,1.2045454545454546,0.06957698714453991,583,He chose the wrong stock option.
1484,1,7,36,44,1.2045454545454546,0.06957698714453991,583,I told him months ago he'd be better off trading bonds or T-bills!
1484,1,7,36,44,1.2045454545454546,0.06957698714453991,583,It cuts down on sexual harassment.
1484,1,7,36,44,1.2045454545454546,0.06957698714453991,583,I prefer Norman Rockwell over this new performance art.
1484,2,5,37,44,1.2045454545454546,0.07679869525286717,583,"The benefits are great, but I don't usually recommend the stock option plan"
1484,1,7,36,44,1.2045454545454546,0.06957698714453991,583,He wore a tie on 'Casual Friday.
1484,1,7,36,44,1.2045454545454546,0.06957698714453991,583,"Yeah, Jeff hit ""reply all"" again."
1484,3,3,38,44,1.2045454545454546,0.08339737432901621,583,"My guess is, we'll see a lot fewer Reply All's coming out of him."
1484,0,9,35,44,1.2045454545454546,0.0615132074247489,583,French art..I don't get it.
1484,2,5,37,44,1.2045454545454546,0.07679869525286717,583,They take stocks to a ridiculous degree here.
1484,2,5,37,44,1.2045454545454546,0.07679869525286717,583,Thats IT's Employee of the Month.
1484,2,5,37,44,1.2045454545454546,0.07679869525286717,583,"See Lisa,that's what happens when you ask for a raise."
1484,2,5,37,44,1.2045454545454546,0.07679869525286717,583,Summer intern.
1484,1,7,36,44,1.2045454545454546,0.06957698714453991,583,It's the Anti-Employee of the Month Award.
1484,0,9,35,44,1.2045454545454546,0.0615132074247489,583,"Just a reminder, our CEO does not want your questions during the obligatory Q&A."
1484,2,5,37,44,1.2045454545454546,0.07679869525286717,583,I guess the swear jar didn't work.
1484,2,5,37,44,1.2045454545454546,0.07679869525286717,583,He felt the need to take stock of the situation.
1484,2,5,37,44,1.2045454545454546,0.07679869525286717,583,Shaming on social media has nothing on the good old ways.
1484,1,7,36,44,1.2045454545454546,0.06957698714453991,583,You'll see we take customer service very seriously.
1484,3,3,38,44,1.2045454545454546,0.08339737432901621,583,Our CEO IS very old school.
1484,1,7,36,44,1.2045454545454546,0.06957698714453991,583,Looks like our stocks are up today.
1484,1,7,36,44,1.2045454545454546,0.06957698714453991,583,Don't you love our interview system.
1484,2,5,37,44,1.2045454545454546,0.07679869525286717,583,"They fired him last week, but he refuses to leave."
1484,1,7,36,44,1.2045454545454546,0.06957698714453991,583,"Oh, he's an advocate of a 35 hour work week."
1484,1,7,36,44,1.2045454545454546,0.06957698714453991,583,How much did you say corporate spent on this employee motivation program?
1484,3,3,38,44,1.2045454545454546,0.08339737432901621,583,He's one of those people who supported Trump even after his Impeachment and incarceration
1484,1,7,36,44,1.2045454545454546,0.06957698714453991,583,We take the dress code seriously around here.
1484,2,5,37,44,1.2045454545454546,0.07679869525286717,583,I told him to just keep quiet and sign the Loyalty Oath.
1484,2,5,37,44,1.2045454545454546,0.07679869525286717,583,I hate when Todd has to let everyone know he stays here overtime
1484,1,7,36,44,1.2045454545454546,0.06957698714453991,583,"For myself, I think it takes the whole retro thing too far..."
1484,0,9,35,44,1.2045454545454546,0.0615132074247489,583,Poor guy. His stocks are down AND he made a poor tie choice.
1484,2,5,37,44,1.2045454545454546,0.07679869525286717,583,"Stocks and bonds, stocks and bonds. Is that all there is to life?"
1484,2,5,37,44,1.2045454545454546,0.07679869525286717,583,Latest intern. Screwed up the boss's lunch order.
1484,3,3,38,44,1.2045454545454546,0.08339737432901621,583,I hope he knows a good stockbreaker
1591,2,5,38,45,1.2,0.07521014330903551,583,"Finally, the boss's son found his little niche."
1592,1,6,34,41,1.1951219512195121,0.07173385936513532,583,Stock options are made available to underperformers here.
1592,1,6,34,41,1.1951219512195121,0.07173385936513532,583,Do you see why I try not to make eye contact with anyone at the office?
1594,2,5,40,47,1.1914893617021276,0.07222061144970149,583,Its not so bad. He works at a stand-up desk.
1595,1,6,35,42,1.1904761904761905,0.07015906299901953,583,I just added rotten tomatoes to my mental grocery list.
1595,2,4,36,42,1.1904761904761905,0.07799829681942307,583,"The Trump organization is very serious about its incentive plans for its employees, as you can see."
1595,1,6,35,42,1.1904761904761905,0.07015906299901953,583,Looks like Gary put fish in the microwave again.
1595,1,6,35,42,1.1904761904761905,0.07015906299901953,583,He was discovered using a flip phone.
1595,2,4,36,42,1.1904761904761905,0.07799829681942307,583,Intern?
1595,1,6,35,42,1.1904761904761905,0.07015906299901953,583,Apparently they hold your deposit until you return the vehicle.
1595,1,6,35,42,1.1904761904761905,0.07015906299901953,583,That is his safe space.
1595,2,4,36,42,1.1904761904761905,0.07799829681942307,583,H.R. caught him man-splaining again...
1595,0,8,34,42,1.1904761904761905,0.061325801544455674,583,He took his shoes off at his cubicle.
1595,2,4,36,42,1.1904761904761905,0.07799829681942307,583,Jim Replied All again.
1595,3,2,37,42,1.1904761904761905,0.0851185907576086,583,Let's not fall into that trap.
1595,2,4,36,42,1.1904761904761905,0.07799829681942307,583,That's Bob. You'll be taking over for him in stocks once you learn the ropes...
1595,2,4,36,42,1.1904761904761905,0.07799829681942307,583,trump cabinet performance art
1595,2,4,36,42,1.1904761904761905,0.07799829681942307,583,Can you hear me now?
1595,0,8,34,42,1.1904761904761905,0.061325801544455674,583,I miss the days of administrative leave.
1595,0,8,34,42,1.1904761904761905,0.061325801544455674,583,This wouldn't happen at Wells Fargo!
1595,2,4,36,42,1.1904761904761905,0.07799829681942307,583,That’s Jim from corporate. He thought we were serious about wanting to disrupt the industry.
1595,2,4,36,42,1.1904761904761905,0.07799829681942307,583,Stocks and Shares. Know the difference.
1595,0,8,34,42,1.1904761904761905,0.061325801544455674,583,Ask him why you need to sign your time sheet.
1595,1,6,35,42,1.1904761904761905,0.07015906299901953,583,Looks like someone forgot to pretend to be happy.
1595,1,6,35,42,1.1904761904761905,0.07015906299901953,583,Is it performance art if they can't move?
1595,2,4,36,42,1.1904761904761905,0.07799829681942307,583,So THAT'S who's been taking all the brown sugar packets.
1595,2,4,36,42,1.1904761904761905,0.07799829681942307,583,"Like I said, divorces are our specialty."
1595,1,6,35,42,1.1904761904761905,0.07015906299901953,583,He accused HR of being too Puritanical.
1595,1,6,35,42,1.1904761904761905,0.07015906299901953,583,Actually opened his kimono.
1595,0,8,34,42,1.1904761904761905,0.061325801544455674,583,I guess Bill finally figured out who has been taking his sandwiches
1595,1,6,35,42,1.1904761904761905,0.07015906299901953,583,I hear he didn't answer his emails on the weekend.
1595,2,4,36,42,1.1904761904761905,0.07799829681942307,583,That's Lynch. He used to be in bonds.
1595,2,4,36,42,1.1904761904761905,0.07799829681942307,583,"Thanks to his signature buck teeth, he got nailed for taking bites out of several people's sandwiches in the communal fridge."
1595,0,8,34,42,1.1904761904761905,0.061325801544455674,583,That's the boss's version of a 'time-out'!
1595,1,6,35,42,1.1904761904761905,0.07015906299901953,583,The upright posture helps you stay limber.
1595,1,6,35,42,1.1904761904761905,0.07015906299901953,583,Looks like he didn't make his quota of collusion with Russia denials.
1595,2,4,36,42,1.1904761904761905,0.07799829681942307,583,The company stocks are up
1595,0,8,34,42,1.1904761904761905,0.061325801544455674,583,They've improved the waiting area.
1595,1,6,35,42,1.1904761904761905,0.07015906299901953,583,"He tried to leave early on Friday, again."
1595,2,4,36,42,1.1904761904761905,0.07799829681942307,583,He picked the wrong stocks.
1595,2,4,36,42,1.1904761904761905,0.07799829681942307,583,That's why I recommend bonds
1595,2,4,36,42,1.1904761904761905,0.07799829681942307,583,"Maybe now he'll stop abusing ""reply all"""
1595,2,4,36,42,1.1904761904761905,0.07799829681942307,583,He took the last of the coffee and didn't make more.
1595,1,6,35,42,1.1904761904761905,0.07015906299901953,583,"No, he doesn't work here... he just likes to hang around."
1595,0,8,34,42,1.1904761904761905,0.061325801544455674,583,There's still a stock market?
1595,1,6,35,42,1.1904761904761905,0.07015906299901953,583,He requested a raise and got a stock answer.
1595,1,6,35,42,1.1904761904761905,0.07015906299901953,583,Reply All.
1595,0,8,34,42,1.1904761904761905,0.061325801544455674,583,Gave out the bathroom code.
1595,2,4,36,42,1.1904761904761905,0.07799829681942307,583,They say it boosts morale to see others have it worse.
1595,2,4,36,42,1.1904761904761905,0.07799829681942307,583,He wore fleece on casual Fridays.
1595,2,4,36,42,1.1904761904761905,0.07799829681942307,583,He kept hitting reply-all.
1595,1,6,35,42,1.1904761904761905,0.07015906299901953,583,"How many times do I have to tell you? it's a pillory, not the stocks!"
1595,1,6,35,42,1.1904761904761905,0.07015906299901953,583,Caught him not washing his hands in the men's room.
1595,1,6,35,42,1.1904761904761905,0.07015906299901953,583,"Yeah, somebody over at the FTC recently discovered irony."
1595,1,6,35,42,1.1904761904761905,0.07015906299901953,583,Complaint department.
1595,2,4,36,42,1.1904761904761905,0.07799829681942307,583,"That's a bit harsh, don't you think? For just wearing white after Labor Day."
1595,2,4,36,42,1.1904761904761905,0.07799829681942307,583,Don't let our company mascot fool you. The stock options here are very competitive.
1595,1,6,35,42,1.1904761904761905,0.07015906299901953,583,"This way, he'll never ""circle back"" again."
1595,2,4,36,42,1.1904761904761905,0.07799829681942307,583,Nobody wanted the Greeter job.
1595,1,6,35,42,1.1904761904761905,0.07015906299901953,583,They're taking this 'Employee of the Month' thing a bit too far.
1595,1,6,35,42,1.1904761904761905,0.07015906299901953,583,Poor Vickers. He thought the 's' in 'stocks option' was just a typo.
1595,0,8,34,42,1.1904761904761905,0.061325801544455674,583,"When he said he was going into stocks, I thought he was becoming a broker!"
1595,1,6,35,42,1.1904761904761905,0.07015906299901953,583,Apparently he was humming Christmas tunes in July
1595,1,6,35,42,1.1904761904761905,0.07015906299901953,583,"They're calling it ""hands-off management."""
1595,2,4,36,42,1.1904761904761905,0.07799829681942307,583,You have to appreciate gallows humor to work around here.
1595,1,6,35,42,1.1904761904761905,0.07015906299901953,583,The employee of the month gets to choose one.
1595,0,8,34,42,1.1904761904761905,0.061325801544455674,583,He watched 'Game of Thrones' at his desk again.
1595,2,4,36,42,1.1904761904761905,0.07799829681942307,583,You look like you deserve it.
1595,1,6,35,42,1.1904761904761905,0.07015906299901953,583,"He forgot where he was and told JB that Trump is a money grubbing narcissistic moron. Unfortunately, that pretty much describes JB."
1595,1,6,35,42,1.1904761904761905,0.07015906299901953,583,At least our lunches will be safe today.
1595,1,6,35,42,1.1904761904761905,0.07015906299901953,583,Doesn't he know his tie isn't supposed to go lower than the stocks?
1595,2,4,36,42,1.1904761904761905,0.07799829681942307,583,I see our stock is up again.
1595,0,8,34,42,1.1904761904761905,0.061325801544455674,583,"No penalty for early withdrawal, my ass!"
1595,2,4,36,42,1.1904761904761905,0.07799829681942307,583,...and I believe you're already familiar with LEAN management?
1595,2,4,36,42,1.1904761904761905,0.07799829681942307,583,Seems a little retro - is that Faceboard?
1595,0,8,34,42,1.1904761904761905,0.061325801544455674,583,"He missed the sign ""You're Locked In"" thinking it was a bank investment rate."
1595,1,6,35,42,1.1904761904761905,0.07015906299901953,583,Where have all the flowers gone.
1595,2,4,36,42,1.1904761904761905,0.07799829681942307,583,Just another lobbyist. They're cheaper than potted plants.
1595,1,6,35,42,1.1904761904761905,0.07015906299901953,583,He resisted the merger.
1595,1,6,35,42,1.1904761904761905,0.07015906299901953,583,He came in to complain about being kept on hold all the time.
1595,0,8,34,42,1.1904761904761905,0.061325801544455674,583,And he's still not sorry.
1595,1,6,35,42,1.1904761904761905,0.07015906299901953,583,Hey Hanson did you forget your password again?
1595,1,6,35,42,1.1904761904761905,0.07015906299901953,583,"On the other hand, maybe downsizing isn't the worst thing that can happen to you."
1595,2,4,36,42,1.1904761904761905,0.07799829681942307,583,That is so last year.
1595,0,8,34,42,1.1904761904761905,0.061325801544455674,583,I can't tell you how many times I told him the stock option was a bad choice...
1595,2,4,36,42,1.1904761904761905,0.07799829681942307,583,Serial texter.
1595,1,6,35,42,1.1904761904761905,0.07015906299901953,583,We have a three strike policy on forgetting your key FOB.
1595,1,6,35,42,1.1904761904761905,0.07015906299901953,583,Gotta love Bill's old fashioned self deprecation.
1595,1,6,35,42,1.1904761904761905,0.07015906299901953,583,He introduced himself at a company meeting but forgot to add his pronoun preferences.
1595,2,4,36,42,1.1904761904761905,0.07799829681942307,583,"Oh, he's from the stock room."
1595,1,6,35,42,1.1904761904761905,0.07015906299901953,583,"Lock, Stock, and Kegel."
1595,2,4,36,42,1.1904761904761905,0.07799829681942307,583,We don't allow tuna fish in the cubicles.
1595,1,6,35,42,1.1904761904761905,0.07015906299901953,583,We are entering personnel territory.
1595,3,2,37,42,1.1904761904761905,0.0851185907576086,583,"Personally, I would have chosen the ducking stool instead."
1595,0,8,34,42,1.1904761904761905,0.061325801544455674,583,And that's Larry. He works in stocks.
1595,2,4,36,42,1.1904761904761905,0.07799829681942307,583,Just look at his tie!
1595,2,4,36,42,1.1904761904761905,0.07799829681942307,583,We've had this office space for centuries.
1595,2,4,36,42,1.1904761904761905,0.07799829681942307,583,That IKEA?
1595,1,6,35,42,1.1904761904761905,0.07015906299901953,583,At least they offer healthcare benefits.
1595,1,6,35,42,1.1904761904761905,0.07015906299901953,583,I'm not sure... something to do with mini-bar irregularities.
1595,2,4,36,42,1.1904761904761905,0.07799829681942307,583,Our office behavior rule number 2 calls for this punishment for not flushing the toilet after use.
1595,3,2,37,42,1.1904761904761905,0.0851185907576086,583,We often advise clients to take a strong position in stocks.
1595,1,6,35,42,1.1904761904761905,0.07015906299901953,583,I heard he drank all the coffee in the break room
1595,1,6,35,42,1.1904761904761905,0.07015906299901953,583,Did I mention that we select two kinds of Employees of the Month?
1595,1,6,35,42,1.1904761904761905,0.07015906299901953,583,"Oh, that's just Brad. He ate the last doughnut."
1595,1,6,35,42,1.1904761904761905,0.07015906299901953,583,"Just following the company motto: ""Humility is the first step to Prosperity."""
1595,2,4,36,42,1.1904761904761905,0.07799829681942307,583,It's our current shaming campaign against skinny ties!
1595,0,8,34,42,1.1904761904761905,0.061325801544455674,583,It's HR's new stock incentive program.
1595,2,4,36,42,1.1904761904761905,0.07799829681942307,583,They don't call the Trump years 'the Dark Ages' for nothing.
1595,0,8,34,42,1.1904761904761905,0.061325801544455674,583,I've been thinking of getting into stocks myself
1595,0,8,34,42,1.1904761904761905,0.061325801544455674,583,"He publicly stated that Trump’s maturity is “equivalent to a prepubescent 12 year-old boy.” Ironically, management claims this response is “proportional.”"
1595,2,4,36,42,1.1904761904761905,0.07799829681942307,583,He's from Plymouth.
1595,2,4,36,42,1.1904761904761905,0.07799829681942307,583,"""He forgot to refill the pot of coffee""."
1595,1,6,35,42,1.1904761904761905,0.07015906299901953,583,That reminds me; I need to re-balance my portfolio
1595,2,4,36,42,1.1904761904761905,0.07799829681942307,583,I tried to warn him about stocks.
1595,1,6,35,42,1.1904761904761905,0.07015906299901953,583,"God, this place is a dungeon."
1595,1,6,35,42,1.1904761904761905,0.07015906299901953,583,He couldn't find his birth certificate.
1595,2,4,36,42,1.1904761904761905,0.07799829681942307,583,It's new employee orientation for telecommuters.
1595,1,6,35,42,1.1904761904761905,0.07015906299901953,583,"I'm all for extreme vetting of new hires, but not in the lobby."
1595,0,8,34,42,1.1904761904761905,0.061325801544455674,583,Some ideas should remain outside the suggestion box.
1595,2,4,36,42,1.1904761904761905,0.07799829681942307,583,He flunked the Game of Thrones quiz this morning.
1595,2,4,36,42,1.1904761904761905,0.07799829681942307,583,I'm still surprised he took the public stock option.
1595,2,4,36,42,1.1904761904761905,0.07799829681942307,583,That's for posting fake news.
1595,1,6,35,42,1.1904761904761905,0.07015906299901953,583,Looks like public shaming has come full circle.
1595,0,8,34,42,1.1904761904761905,0.061325801544455674,583,Must have microwaved fish again.
1595,1,6,35,42,1.1904761904761905,0.07015906299901953,583,His portfolio could use a little diversification.
1595,3,2,37,42,1.1904761904761905,0.0851185907576086,583,He's the head of the board.
1595,2,4,36,42,1.1904761904761905,0.07799829681942307,583,Our 80's theme last week was great but our sales have almost tripled during North Korea week!
1595,0,8,34,42,1.1904761904761905,0.061325801544455674,583,"Oh, the new standing desks must have arrived."
1595,2,4,36,42,1.1904761904761905,0.07799829681942307,583,"They froze his Twitter account, too."
1595,1,6,35,42,1.1904761904761905,0.07015906299901953,583,"Gossiping around the water cooler or using the boss' coffee mug, I can't remember which"
1595,0,8,34,42,1.1904761904761905,0.061325801544455674,583,Pelting at noon. Bring your own tomatoes.
1595,1,6,35,42,1.1904761904761905,0.07015906299901953,583,"Haberman, our stocks analyst. Very old school..."
1595,0,8,34,42,1.1904761904761905,0.061325801544455674,583,"It looks like Benson is no longer a ""Yes Man."""
1595,1,6,35,42,1.1904761904761905,0.07015906299901953,583,He expensed a business class ticket last month.
1595,0,8,34,42,1.1904761904761905,0.061325801544455674,583,I am glad that I declined the stock options.
1595,0,8,34,42,1.1904761904761905,0.061325801544455674,583,Oh yeah... and don't forget to refill the printer toner.
1595,2,4,36,42,1.1904761904761905,0.07799829681942307,583,This place has gone soft on entry level mishaps.
1595,2,4,36,42,1.1904761904761905,0.07799829681942307,583,And he was afraid of the golden handcuffs
1595,0,8,34,42,1.1904761904761905,0.061325801544455674,583,Harrison was caught texting in the sales meeting again!
1595,1,6,35,42,1.1904761904761905,0.07015906299901953,583,I see Jerry got that promotion he was hoping for.
1595,2,4,36,42,1.1904761904761905,0.07799829681942307,583,"...and as part of our employee benefits, we offer stock options."
1595,1,6,35,42,1.1904761904761905,0.07015906299901953,583,And this is a prototype of our anti-tweeting stand.
1595,3,2,37,42,1.1904761904761905,0.0851185907576086,583,"He lost us a bundle in bonds, so the boss put him into stocks."
1595,2,4,36,42,1.1904761904761905,0.07799829681942307,583,At first we didn't understand when the new CEO spoke of the panacea of stocks and bonds.
1595,2,4,36,42,1.1904761904761905,0.07799829681942307,583,So that's what happens when you take office supplies.
1595,0,8,34,42,1.1904761904761905,0.061325801544455674,583,"Admittedly, not one of our better stock options..."
1595,1,6,35,42,1.1904761904761905,0.07015906299901953,583,The fool put an idea in the suggestion box.
1595,1,6,35,42,1.1904761904761905,0.07015906299901953,583,The condo association is pretty strict
1595,2,4,36,42,1.1904761904761905,0.07799829681942307,583,Corporate Discipline
1595,0,8,34,42,1.1904761904761905,0.061325801544455674,583,Think they'll ever catch the leaker?
1595,2,4,36,42,1.1904761904761905,0.07799829681942307,583,"To be fair, my first 9-to-5 felt the same way."
1595,1,6,35,42,1.1904761904761905,0.07015906299901953,583,Illicit use of post-its.
1595,0,8,34,42,1.1904761904761905,0.061325801544455674,583,When I heard he was moving from bonds to stocks this is not what I expected.
1595,1,6,35,42,1.1904761904761905,0.07015906299901953,583,Apparently we haven't finished selling off all our stocks.
1595,1,6,35,42,1.1904761904761905,0.07015906299901953,583,It's refreshing to see corporations supporting performance art.
1595,2,4,36,42,1.1904761904761905,0.07799829681942307,583,Isn't that the guy from bonds?
1595,2,4,36,42,1.1904761904761905,0.07799829681942307,583,It's experimental therapy for smartphone addiction.
1595,2,4,36,42,1.1904761904761905,0.07799829681942307,583,His tie was too long.
1595,2,4,36,42,1.1904761904761905,0.07799829681942307,583,"Yeah, we take customer complaints pretty seriously around here."
1595,2,4,36,42,1.1904761904761905,0.07799829681942307,583,I told him now was a bad time to get into stocks....
1595,2,4,36,42,1.1904761904761905,0.07799829681942307,583,I think I'd rather be fired.
1595,1,6,35,42,1.1904761904761905,0.07015906299901953,583,Some people just don't read the fine print
1595,2,4,36,42,1.1904761904761905,0.07799829681942307,583,Boss just found out he voted for Trump.
1595,1,6,35,42,1.1904761904761905,0.07015906299901953,583,That's what you get for microwaving fish in the break room.
1595,3,2,37,42,1.1904761904761905,0.0851185907576086,583,They wouldn't let him resign from the board.
1595,1,6,35,42,1.1904761904761905,0.07015906299901953,583,Yeah Trump's alternative to the Dreamer program.
1595,1,6,35,42,1.1904761904761905,0.07015906299901953,583,He's testing to see if HR will approve those stand up desks.
1595,2,4,36,42,1.1904761904761905,0.07799829681942307,583,It was in the suggestion box.
1595,2,4,36,42,1.1904761904761905,0.07799829681942307,583,"Stevens needs to learn the difference between ""reply"" and ""reply all""."
1595,1,6,35,42,1.1904761904761905,0.07015906299901953,583,He didn't meet the quota
1595,1,6,35,42,1.1904761904761905,0.07015906299901953,583,"Oh, yes, you'll need to meet your monthly quotas if you take the position."
1595,1,6,35,42,1.1904761904761905,0.07015906299901953,583,Is that a Trump tie?
1595,2,4,36,42,1.1904761904761905,0.07799829681942307,583,"When he said he was in stocks, I assumed he was talking about his job..."
1595,0,8,34,42,1.1904761904761905,0.061325801544455674,583,I guess he didn't get the memo.
1766,2,4,37,43,1.186046511627907,0.07629149346467257,583,I see the summer interns are here.
1766,1,6,36,43,1.186046511627907,0.06865109076336154,583,"Oh ya, this place is super strict about the recycling."
1766,4,0,39,43,1.186046511627907,0.08963945224738896,583,"""We were having a hard time implementing our no printing policy to cut down on paper costs. Bob got caught making 15 copies of a one-sided, full-color, 20-page Power Point. Unfortunately, management decided to make an example of him."
1766,1,6,36,43,1.186046511627907,0.06865109076336154,583,He's on hold until Human Resources decides what to do.
1766,2,4,37,43,1.186046511627907,0.07629149346467257,583,"He'd received many warning, but he just kept on using 'reply all.'"
1766,2,4,37,43,1.186046511627907,0.07629149346467257,583,"That's why I double-check before hitting ""reply all."""
1766,1,6,36,43,1.186046511627907,0.06865109076336154,583,This month's lobby art exhibit. He's the curator.
1766,1,6,36,43,1.186046511627907,0.06865109076336154,583,Remember when the only feudal thing around here was the salary gap...
1766,1,6,36,43,1.186046511627907,0.06865109076336154,583,"When my time comes, I'm going with a striped tie and running shoes."
1766,1,6,36,43,1.186046511627907,0.06865109076336154,583,I think he is the new stock boy.
1766,1,6,36,43,1.186046511627907,0.06865109076336154,583,"Well, he knows what NSFW means now."
1766,1,6,36,43,1.186046511627907,0.06865109076336154,583,He refused to be microchipped.
1778,2,5,42,49,1.183673469387755,0.069457747811776,583,When he asked where the stock market was I thought he meant Wall. Street.
1779,0,8,36,44,1.1818181818181819,0.05881787629278459,583,He didn't have any references.
1779,2,4,38,44,1.1818181818181819,0.07465726673576988,583,"Wow, they are really cracking down on unauthorized use of the freight elevator."
1779,2,4,38,44,1.1818181818181819,0.07465726673576988,583,Don't you just love these realistic sculptures?
1779,3,2,39,44,1.1818181818181819,0.0814296624633013,583,Better here than the cafeteria.
1779,1,6,37,44,1.1818181818181819,0.06720584069874137,583,I didn't know they were this serious about the new dress code
1779,2,4,38,44,1.1818181818181819,0.07465726673576988,583,He's climbing the corporate ladde from stock boy to stock aide.
1779,1,4,28,33,1.1818181818181819,0.08088695645478265,583,"I know it looks strange, but the orders came straight from the new Attorney General."
1779,0,8,36,44,1.1818181818181819,0.05881787629278459,583,He didn't hit 'Reply All'.
1787,1,5,33,39,1.1794871794871795,0.07228481371574673,583,"Well, I'm not surprised. Those shoes with that tie?"
1787,1,5,33,39,1.1794871794871795,0.07228481371574673,583,Stock manipulation.
1787,1,5,33,39,1.1794871794871795,0.07228481371574673,583,"Expertly designed to spark creativity, encourage productivity and impress. With spaces all over the city, you can find Breather workspaces where you need them most."
1787,2,3,34,39,1.1794871794871795,0.08108404256841999,583,"And then he hit ""reply all""."
1787,2,3,34,39,1.1794871794871795,0.08108404256841999,583,I've never been a fan of colonial decor.
1787,0,7,32,39,1.1794871794871795,0.062254049094039386,583,"It's our new sales incentive called ""Feudal Fridays"""
1787,2,3,34,39,1.1794871794871795,0.08108404256841999,583,The boss told him to take stock of himself.
1787,1,5,33,39,1.1794871794871795,0.07228481371574673,583,He's from our Fifty Shades of Finance Division.
1787,1,5,33,39,1.1794871794871795,0.07228481371574673,583,The millennials chose this month's art display.
1787,1,5,33,39,1.1794871794871795,0.07228481371574673,583,They're implementing a corporate punishment policy
1787,2,3,34,39,1.1794871794871795,0.08108404256841999,583,Talking back to HR.
1787,2,3,34,39,1.1794871794871795,0.08108404256841999,583,It's Casual Friday. He's overdressed.
1787,1,5,33,39,1.1794871794871795,0.07228481371574673,583,Last week he was in bonds.
1787,1,5,33,39,1.1794871794871795,0.07228481371574673,583,I thought Geoffrey was in bonds.
1787,1,5,33,39,1.1794871794871795,0.07228481371574673,583,He left the seat up.
1787,1,5,33,39,1.1794871794871795,0.07228481371574673,583,But at least they didn't hang him out to dry.
1787,2,3,34,39,1.1794871794871795,0.08108404256841999,583,That's Greg. He's in stocks.
1787,0,7,32,39,1.1794871794871795,0.062254049094039386,583,"Well, he did go for the stock option."
1787,1,5,33,39,1.1794871794871795,0.07228481371574673,583,He's the guy who asked about stock options..
1787,2,3,34,39,1.1794871794871795,0.08108404256841999,583,The receptionist here loves putting people on hold.
1787,2,3,34,39,1.1794871794871795,0.08108404256841999,583,"They're making an example out of him for coming unprepared to describe his ""biggest weakness"""
1787,2,3,34,39,1.1794871794871795,0.08108404256841999,583,Reply all needs a time delay feature
1787,1,5,33,39,1.1794871794871795,0.07228481371574673,583,"Most organizations preach a positive reinforcement management philosophy, we have a different approach."
1787,1,5,33,39,1.1794871794871795,0.07228481371574673,583,He voted for pillory.
1787,2,3,34,39,1.1794871794871795,0.08108404256841999,583,"Listen, just don't open email attachments from unfamiliar sources and you'll be fine."
1787,1,5,33,39,1.1794871794871795,0.07228481371574673,583,That's what he gets for giving a stock answer.
1787,1,5,33,39,1.1794871794871795,0.07228481371574673,583,Looks like he picked the wrong stock.
1787,2,3,34,39,1.1794871794871795,0.08108404256841999,583,Work Shame Wednesday sucks since HR veto'd the rotten vegetables.
1787,2,3,34,39,1.1794871794871795,0.08108404256841999,583,It's a Monday thing.
1787,1,5,33,39,1.1794871794871795,0.07228481371574673,583,Ever since we hired the new H.R. Director with an M.F.A. I never know whether something is discipline or performance art.
1787,2,3,34,39,1.1794871794871795,0.08108404256841999,583,New overdraft penalty seems a little steep.
1787,1,5,33,39,1.1794871794871795,0.07228481371574673,583,The stock plan's not great either.
1787,1,5,33,39,1.1794871794871795,0.07228481371574673,583,"They take supply-closet pilfering seriously here, don't they?"
1787,1,5,33,39,1.1794871794871795,0.07228481371574673,583,Poor Fred! But you should see the guys in bonds...
1787,0,7,32,39,1.1794871794871795,0.062254049094039386,583,"Oh, Bob? He passed up some low-hanging fruit."
1787,2,3,34,39,1.1794871794871795,0.08108404256841999,583,I told you this place is weird
1787,1,5,33,39,1.1794871794871795,0.07228481371574673,583,Bob is out of cash. And into stocks.
1787,0,7,32,39,1.1794871794871795,0.062254049094039386,583,This is just foreplay. They do the actual stoning in the atrium.
1787,1,5,33,39,1.1794871794871795,0.07228481371574673,583,He still insists it was worth stealing the boss's lunch out of the fridge.
1787,2,3,34,39,1.1794871794871795,0.08108404256841999,583,I see Clive brought stale donuts again.
1787,1,5,33,39,1.1794871794871795,0.07228481371574673,583,What a terrible stock pick.
1787,2,3,34,39,1.1794871794871795,0.08108404256841999,583,"You either pay tribute to the boss, or you become the tribute."
1787,2,3,34,39,1.1794871794871795,0.08108404256841999,583,"Don't worry, it's a motivational performance art installation from Corporate."
1787,2,3,34,39,1.1794871794871795,0.08108404256841999,583,"They're tough, but fair here."
1787,1,5,33,39,1.1794871794871795,0.07228481371574673,583,Apparently he chose the wrong stock option
1787,2,3,34,39,1.1794871794871795,0.08108404256841999,583,He should have invested in bonds.
1787,1,5,33,39,1.1794871794871795,0.07228481371574673,583,Ohh - Harry forgot to submit our Lottery syndicate this week.
1787,2,3,34,39,1.1794871794871795,0.08108404256841999,583,I heard he was the architect.
1787,2,3,34,39,1.1794871794871795,0.08108404256841999,583,It's called the Laughing Stock and every employee takes a turn.
1787,2,3,34,39,1.1794871794871795,0.08108404256841999,583,These new medieval reality work shows have everyone up in arms latley...
1787,0,7,32,39,1.1794871794871795,0.062254049094039386,583,"By the way, he's your predecessor."
1787,1,5,33,39,1.1794871794871795,0.07228481371574673,583,Is it just me or are the decorations in the office getting worse every year?
1787,2,3,34,39,1.1794871794871795,0.08108404256841999,583,He chose the stock option instead of a salary.
1787,1,5,33,39,1.1794871794871795,0.07228481371574673,583,I'm glad I didn't take the stocks option.
1787,1,5,33,39,1.1794871794871795,0.07228481371574673,583,You should see what they do with the bond traders.
1787,2,3,34,39,1.1794871794871795,0.08108404256841999,583,So that's what a real live laughingstock looks like!
1787,2,3,34,39,1.1794871794871795,0.08108404256841999,583,Hope that's the last time anyone explains our financial performance with sock puppets at the management meeting....
1787,1,5,33,39,1.1794871794871795,0.07228481371574673,583,"He's about to apply for a job in the White House, and he wants to see if he can take the punishment."
1787,2,3,34,39,1.1794871794871795,0.08108404256841999,583,...and nobody even stops to say 'hi.'
1787,1,5,33,39,1.1794871794871795,0.07228481371574673,583,"For God's sake, change your necktie."
1787,1,5,33,39,1.1794871794871795,0.07228481371574673,583,Early withdrawal CD penalty.
1787,2,3,34,39,1.1794871794871795,0.08108404256841999,583,"Yes, the training did say our younger clients need to be in stocks, however..."
1787,1,5,33,39,1.1794871794871795,0.07228481371574673,583,"He used to sell stocks, now he's in bonds."
1787,0,7,32,39,1.1794871794871795,0.062254049094039386,583,... and I ordered whole tomatoes for lunch.
1787,1,5,33,39,1.1794871794871795,0.07228481371574673,583,It's a voluntary social media abstention program.
1787,1,5,33,39,1.1794871794871795,0.07228481371574673,583,"Hmm, looks like Bob assigned only 45% women to his coding team again."
1787,1,5,33,39,1.1794871794871795,0.07228481371574673,583,Just be glad you're not working in stocks and bonds.
1787,2,3,34,39,1.1794871794871795,0.08108404256841999,583,Looks like stocks are up.
1787,3,1,35,39,1.1794871794871795,0.08901769276135213,583,"This is what happens when company ""stocks"" are not appreciated."
1787,1,5,33,39,1.1794871794871795,0.07228481371574673,583,Corporate really got into Game of Thrones.
1787,1,5,33,39,1.1794871794871795,0.07228481371574673,583,Does his vulnerability turn you on?
1787,2,3,34,39,1.1794871794871795,0.08108404256841999,583,I think a Starbucks card is a better productivity incentive.
1787,1,5,33,39,1.1794871794871795,0.07228481371574673,583,Managements new concept- Punishment Day
1787,1,5,33,39,1.1794871794871795,0.07228481371574673,583,You pull the tie to get him to talk.
1787,3,1,35,39,1.1794871794871795,0.08901769276135213,583,"They call it the equities department, but it's really just stocks."
1787,2,3,34,39,1.1794871794871795,0.08108404256841999,583,Tell me again about the stock options here?
1787,2,3,34,39,1.1794871794871795,0.08108404256841999,583,We all told him not to exercise the stock option.
1787,2,3,34,39,1.1794871794871795,0.08108404256841999,583,He made a snide comment about Puritans at a staff meeting. The boss found out last month John Calvin is his ancestor.
1787,2,3,34,39,1.1794871794871795,0.08108404256841999,583,"How did switching over from bonds work out for you, Hemstreet?"
1787,1,5,33,39,1.1794871794871795,0.07228481371574673,583,Bob stole Ted's yogurt.
1787,0,7,32,39,1.1794871794871795,0.062254049094039386,583,It's just a little something to boost office morale.
1787,1,5,33,39,1.1794871794871795,0.07228481371574673,583,Our CEO is a witch.
1787,0,7,32,39,1.1794871794871795,0.062254049094039386,583,Talk about early withdrawal penalties!
1787,0,7,32,39,1.1794871794871795,0.062254049094039386,583,"Our firm is noted for it's ""Tough Love"" motivation techniques."
1787,1,5,33,39,1.1794871794871795,0.07228481371574673,583,What do you think it means?
1787,1,5,33,39,1.1794871794871795,0.07228481371574673,583,He asked to work from home.
1787,0,7,32,39,1.1794871794871795,0.062254049094039386,583,It was the polka-dot tie.
1787,1,5,33,39,1.1794871794871795,0.07228481371574673,583,He forgot to bring doughnuts yesterday.
1787,1,5,33,39,1.1794871794871795,0.07228481371574673,583,Poor stock selection...
1787,1,5,33,39,1.1794871794871795,0.07228481371574673,583,He still supports NAFTA.
1787,1,5,33,39,1.1794871794871795,0.07228481371574673,583,He microwaved fish at work.
1787,1,5,33,39,1.1794871794871795,0.07228481371574673,583,He!s solely invested in stocks and bonds now
1787,2,3,34,39,1.1794871794871795,0.08108404256841999,583,"It was very clear in the internship application- bungle the coffee order, pay the price."
1787,2,3,34,39,1.1794871794871795,0.08108404256841999,583,They're cracking down on employees who leave dirty dishes in the kitchen sink.
1787,1,5,33,39,1.1794871794871795,0.07228481371574673,583,"Oh, he usually just hangs in the lobby."
1787,1,5,33,39,1.1794871794871795,0.07228481371574673,583,"Yeah, we've started to diversify into stocks and bondage."
1787,1,5,33,39,1.1794871794871795,0.07228481371574673,583,He made bad employee of the month.
1787,1,5,33,39,1.1794871794871795,0.07228481371574673,583,He said I should put him into stocks so I did.
1787,0,7,32,39,1.1794871794871795,0.062254049094039386,583,Looks like stocks are up today!
1787,1,5,33,39,1.1794871794871795,0.07228481371574673,583,I think we should sign the visitor's log.
1787,3,1,35,39,1.1794871794871795,0.08901769276135213,583,"Ever since the stock market crash, we've resorted to pillory."
1787,0,7,32,39,1.1794871794871795,0.062254049094039386,583,It's the new standing desk prototype.
1787,2,3,34,39,1.1794871794871795,0.08108404256841999,583,I heard he was trying to start a union.
1787,2,3,34,39,1.1794871794871795,0.08108404256841999,583,He should have stayed on the bond desk.
1787,1,5,33,39,1.1794871794871795,0.07228481371574673,583,Stocks are up again.
1787,1,5,33,39,1.1794871794871795,0.07228481371574673,583,"We offer full healthcare, a 401k and great stockade options."
1787,2,3,34,39,1.1794871794871795,0.08108404256841999,583,You should see how he's treated on Twitter.
1787,1,5,33,39,1.1794871794871795,0.07228481371574673,583,"""He fell for it, lock, stock and barrel""."
1787,1,5,33,39,1.1794871794871795,0.07228481371574673,583,Good old Puritan work ethic.
1787,2,3,34,39,1.1794871794871795,0.08108404256841999,583,Modern art.
1787,2,3,34,39,1.1794871794871795,0.08108404256841999,583,I'm glad the PC craze is over.
1787,2,3,34,39,1.1794871794871795,0.08108404256841999,583,I see Rodney is working late again.
1787,2,3,34,39,1.1794871794871795,0.08108404256841999,583,Won't take my day off this year !
1787,1,5,33,39,1.1794871794871795,0.07228481371574673,583,He came over from bonds.
1787,1,5,33,39,1.1794871794871795,0.07228481371574673,583,"If you know the difference between bagels and donuts, you'll be fine."
1787,3,1,35,39,1.1794871794871795,0.08901769276135213,583,Stocks sluggish today?
1787,2,3,34,39,1.1794871794871795,0.08108404256841999,583,It's the new corporate punishment for time theft.
1787,0,7,32,39,1.1794871794871795,0.062254049094039386,583,The tie is supposed to go behind the pillory board.
1787,1,5,33,39,1.1794871794871795,0.07228481371574673,583,"Didn't make his quota, again."
1787,2,3,34,39,1.1794871794871795,0.08108404256841999,583,I told him not to touch the sandwiches outside of conference room B...
1787,2,3,34,39,1.1794871794871795,0.08108404256841999,583,Bend over like you mean it.
1787,0,7,32,39,1.1794871794871795,0.062254049094039386,583,Back to the good old days.
1787,2,3,34,39,1.1794871794871795,0.08108404256841999,583,Looks like he won't be grabbing or pinching anymore employees.
1787,0,7,32,39,1.1794871794871795,0.062254049094039386,583,"A word to the wise, if something in the break room fridge is not yours, don't touch it."
1787,1,5,33,39,1.1794871794871795,0.07228481371574673,583,A group of interns hath accused him of White Privilege.
1787,0,7,32,39,1.1794871794871795,0.062254049094039386,583,Used sock puppets at the last Board meeting.
1787,2,3,34,39,1.1794871794871795,0.08108404256841999,583,That broker is in the wrong stocks.
1787,1,5,33,39,1.1794871794871795,0.07228481371574673,583,I see stocks are down again.
1787,1,5,33,39,1.1794871794871795,0.07228481371574673,583,Our behavioral interview is designed to get results.
1787,1,5,33,39,1.1794871794871795,0.07228481371574673,583,He reheated leftover fish in the office microwave.
1787,0,7,32,39,1.1794871794871795,0.062254049094039386,583,Just be sure you can substantiate all your expense account claims
1787,1,5,33,39,1.1794871794871795,0.07228481371574673,583,Someone didn't meet their quota....
1787,1,5,33,39,1.1794871794871795,0.07228481371574673,583,It's a stocks and bonds thing.
1787,1,5,33,39,1.1794871794871795,0.07228481371574673,583,He was in bonds before he switched to stocks.
1787,1,5,33,39,1.1794871794871795,0.07228481371574673,583,He's the outgoing Employee of the Month
1787,1,5,33,39,1.1794871794871795,0.07228481371574673,583,When will it end? There goes another one from one of the White House Advisory Councils!
1787,1,5,33,39,1.1794871794871795,0.07228481371574673,583,I don't know if the robots will want all the jobs.
1787,2,3,34,39,1.1794871794871795,0.08108404256841999,583,"That's George, from stocks and bonds."
1787,1,5,33,39,1.1794871794871795,0.07228481371574673,583,"Don't worry about Frank, at least he's got a stock option."
1787,0,7,32,39,1.1794871794871795,0.062254049094039386,583,The administration find this less embarrassing than publicly shaming online.
1787,2,3,34,39,1.1794871794871795,0.08108404256841999,583,Looks like the new employee evaluation system has finally been rolled out.
1787,1,5,33,39,1.1794871794871795,0.07228481371574673,583,Our stocked broker!
1787,1,5,33,39,1.1794871794871795,0.07228481371574673,583,And what happens if we get the job?
1787,0,7,32,39,1.1794871794871795,0.062254049094039386,583,I am not sure I agree with the current trends in human resource management.
1787,1,5,33,39,1.1794871794871795,0.07228481371574673,583,He gave too many stock answers.
1787,2,3,34,39,1.1794871794871795,0.08108404256841999,583,They say the bonds are worse.
1787,1,5,33,39,1.1794871794871795,0.07228481371574673,583,He didn't listen when I told him to get into bonds...
1787,2,3,34,39,1.1794871794871795,0.08108404256841999,583,He beat Donald at golf
1787,2,3,34,39,1.1794871794871795,0.08108404256841999,583,I told you shopping online at work was a bad idea.
1787,0,7,32,39,1.1794871794871795,0.062254049094039386,583,He lost big in bonds so now he's in stocks.
1787,1,5,33,39,1.1794871794871795,0.07228481371574673,583,"Tom wore white after Labor Day, poor guy."
1787,1,5,33,39,1.1794871794871795,0.07228481371574673,583,I hear he is doing a silent protest to the standing desk.
1787,1,5,33,39,1.1794871794871795,0.07228481371574673,583,I think that's the substantial penalty for early withdrawal.
1787,1,5,33,39,1.1794871794871795,0.07228481371574673,583,It's a new employee stock option.
1787,2,3,34,39,1.1794871794871795,0.08108404256841999,583,"Not sure, but I heard he didn't know the last 4 digits of his social…"
1787,1,5,33,39,1.1794871794871795,0.07228481371574673,583,The work here is punishing.
1787,2,3,34,39,1.1794871794871795,0.08108404256841999,583,Don't steal Marge's yogurt.
1787,2,3,34,39,1.1794871794871795,0.08108404256841999,583,"Poor guy, he told him he wanted to get into stocks."
1787,2,3,34,39,1.1794871794871795,0.08108404256841999,583,It's to add to his stock portfolio.
1787,1,5,33,39,1.1794871794871795,0.07228481371574673,583,Looks like Larry is on the chopping block this week
1787,2,3,34,39,1.1794871794871795,0.08108404256841999,583,You'll probably want to forego the stock options.
1787,1,5,33,39,1.1794871794871795,0.07228481371574673,583,He had Caps Lock on during login.
1787,0,7,32,39,1.1794871794871795,0.062254049094039386,583,"No penalty for early withdrawal, eh?"
1787,1,5,33,39,1.1794871794871795,0.07228481371574673,583,Some of these new hires have to be taught about restraint.
1787,1,5,33,39,1.1794871794871795,0.07228481371574673,583,"He didn't say, ""Good morning, J.P."" today."
1787,2,3,34,39,1.1794871794871795,0.08108404256841999,583,Poor Phil. Took the last cup of office coffee and forgot to start a new pot.
1787,1,5,33,39,1.1794871794871795,0.07228481371574673,583,"One too many tweets, I guess!"
1787,0,7,32,39,1.1794871794871795,0.062254049094039386,583,I thought they said the company offered 'stock options.'
1787,2,3,34,39,1.1794871794871795,0.08108404256841999,583,He's the reason all the pens are on those little chains!
1787,1,5,33,39,1.1794871794871795,0.07228481371574673,583,I told him not to bring up the French Revolution at the meeting.
1787,0,7,32,39,1.1794871794871795,0.062254049094039386,583,I see stocks are up today.
1787,1,5,33,39,1.1794871794871795,0.07228481371574673,583,"I'd stay away from coffee, Bill."
1787,2,3,34,39,1.1794871794871795,0.08108404256841999,583,We have a strict no-fish-in-the-microwave policy.
1787,1,5,33,39,1.1794871794871795,0.07228481371574673,583,He didn't have an appointment.
1787,1,5,33,39,1.1794871794871795,0.07228481371574673,583,"He wasn't given enough rope to hang himself, so they found an alternative"
1787,2,3,34,39,1.1794871794871795,0.08108404256841999,583,You'll get used to it over time.
1787,0,7,32,39,1.1794871794871795,0.062254049094039386,583,"Oh, and don't ever take home any office supplies."
1787,1,5,33,39,1.1794871794871795,0.07228481371574673,583,"yea, that's Barney...he heads up our stocks and bondage department."
1787,1,5,33,39,1.1794871794871795,0.07228481371574673,583,We finally caught the person who was cooking fish in the break room.
1787,1,5,33,39,1.1794871794871795,0.07228481371574673,583,That's Steve. He's in Accounting.
1787,2,3,34,39,1.1794871794871795,0.08108404256841999,583,Who did you say he voted for?
1787,0,7,32,39,1.1794871794871795,0.062254049094039386,583,He was caught grazing in the office refrigerator.
1787,2,3,34,39,1.1794871794871795,0.08108404256841999,583,Where are the bagels?
1787,3,1,35,39,1.1794871794871795,0.08901769276135213,583,Stocks are down
1787,1,5,33,39,1.1794871794871795,0.07228481371574673,583,Must be that new pop-up chiropractic thing.
1787,1,5,33,39,1.1794871794871795,0.07228481371574673,583,Looks like there was a shareholders' meeting this morning.
1787,2,3,34,39,1.1794871794871795,0.08108404256841999,583,Found the paper clip bandit!
1787,1,5,33,39,1.1794871794871795,0.07228481371574673,583,He's been using text speak in emails again.
1787,0,7,32,39,1.1794871794871795,0.062254049094039386,583,Forget to return the bathroom key again Doug?
1787,1,5,33,39,1.1794871794871795,0.07228481371574673,583,Insider trading punishment now fits the crime!
1787,1,5,33,39,1.1794871794871795,0.07228481371574673,583,"So, will this mean you won't be at the Christmas party?"
1787,1,5,33,39,1.1794871794871795,0.07228481371574673,583,The board decided that was a better stock option.
1787,1,5,33,39,1.1794871794871795,0.07228481371574673,583,A rather unique way to honor the Employee of the Month.
1787,0,7,32,39,1.1794871794871795,0.062254049094039386,583,Wasn't that the nice man who sold us our additional car insurance policy?
1787,2,3,34,39,1.1794871794871795,0.08108404256841999,583,I hear he didn't set up enough phony accounts last week!
1787,0,7,32,39,1.1794871794871795,0.062254049094039386,583,It was either that or back to telemarketing calls.
1787,1,5,33,39,1.1794871794871795,0.07228481371574673,583,So much for the Open Door policy.
1787,2,3,34,39,1.1794871794871795,0.08108404256841999,583,Chad? Oh he used to be into bondage - now he's in stocks.
1787,1,5,33,39,1.1794871794871795,0.07228481371574673,583,The painter is a great artist. That is such a lifelike capture of our president.
1787,0,7,32,39,1.1794871794871795,0.062254049094039386,583,Corporate's offering a new stock option plan.
1787,2,3,34,39,1.1794871794871795,0.08108404256841999,583,Is that the guy that wanted more stock options?
1787,2,3,34,39,1.1794871794871795,0.08108404256841999,583,"Like the handbook says, we recognize creativity and initiative."
1787,1,5,33,39,1.1794871794871795,0.07228481371574673,583,You'd better return that pencil sharpener
1787,1,5,33,39,1.1794871794871795,0.07228481371574673,583,Leakers are treated harshly here
1787,2,3,34,39,1.1794871794871795,0.08108404256841999,583,I guess my cubicle's not that bad after all
1787,1,5,33,39,1.1794871794871795,0.07228481371574673,583,Says he's going to remain there until there is world peace or the cafeteria adds a vegan option.
1787,2,3,34,39,1.1794871794871795,0.08108404256841999,583,Spicy tuna rolls are half-price--shall we grab you some?
1787,1,5,33,39,1.1794871794871795,0.07228481371574673,583,Looks like John won employee of the month again.
1787,1,5,33,39,1.1794871794871795,0.07228481371574673,583,And that's why I put all my money in bonds.
1787,2,3,34,39,1.1794871794871795,0.08108404256841999,583,Is that Art?
1787,0,7,32,39,1.1794871794871795,0.062254049094039386,583,He asked the boss for an ergonomic chair.
1787,0,7,32,39,1.1794871794871795,0.062254049094039386,583,All new associates start with researching stocks.
1787,1,5,33,39,1.1794871794871795,0.07228481371574673,583,My broker put me in mutual funds.
1787,2,3,34,39,1.1794871794871795,0.08108404256841999,583,He thought it was OK not to wear a tie on casual Friday. He won't make that mistake again.
1787,2,3,34,39,1.1794871794871795,0.08108404256841999,583,At least he doesn't need to be watered.
1787,0,7,32,39,1.1794871794871795,0.062254049094039386,583,He sold Tesla at $50.00.
1787,2,3,34,39,1.1794871794871795,0.08108404256841999,583,And you say that this is the Stock Exchange?
1787,1,5,33,39,1.1794871794871795,0.07228481371574673,583,It's the new stock option for employee of the month
1787,1,5,33,39,1.1794871794871795,0.07228481371574673,583,"Oh, him? That what we do with ALL whistleblowers."
1787,0,7,32,39,1.1794871794871795,0.062254049094039386,583,I guess he didn't foresee what would happen when he cashed in his stock options.
2007,2,3,35,40,1.175,0.07915823166939519,583,When I was asked if I thought he should be in stocks I thought they meant the market...
2007,1,5,34,40,1.175,0.07059726877843334,583,Glad I invested in stocks.
2007,0,7,33,40,1.175,0.060843430844447585,583,"Well, no, I don't have any tomatoes on me..."
2007,2,3,35,40,1.175,0.07915823166939519,583,I'm disappointed they used stock art.
2007,0,7,33,40,1.175,0.060843430844447585,583,That's Eric Mathison. He has consistently failed to use the Oxford comma.
2007,0,7,33,40,1.175,0.060843430844447585,583,Stocks? In this economy?
2007,0,7,33,40,1.175,0.060843430844447585,583,Damien Hirst is slipping.
2007,0,7,33,40,1.175,0.060843430844447585,583,I have a feeling we’ve come to the wrong stock exchange.
2007,2,3,35,40,1.175,0.07915823166939519,583,"Hey, that guy sold me my last mortgage!"
2007,0,7,33,40,1.175,0.060843430844447585,583,Not another office weight-loss challenge!
2007,2,3,35,40,1.175,0.07915823166939519,583,"That reminds me, who's hosting Thanksgiving this year?"
2007,1,5,34,40,1.175,0.07059726877843334,583,Management hasn't finalized its bullying policy yet.
2007,1,5,34,40,1.175,0.07059726877843334,583,That wood finish certainly doesn't fit this lobby.
2007,1,5,34,40,1.175,0.07059726877843334,583,THE DEATH KNELL OF THINKING OUTSIDE THE BOX
2007,2,3,35,40,1.175,0.07915823166939519,583,They say it relieves stress.
2022,1,5,35,41,1.170731707317073,0.06898602743283391,583,I hear it's HR's new second interview process.
2023,0,6,30,36,1.1666666666666667,0.06299407883487121,583,He was our CEO and made some bad investments. We handed him over to our company stockbroker who put him in stocks and bonds.
2023,2,2,32,36,1.1666666666666667,0.08451542547285165,583,There was a typo in the midlevel management memo.
2023,0,6,30,36,1.1666666666666667,0.06299407883487121,583,"Dear, isn't that your stock broker?"
2023,0,6,30,36,1.1666666666666667,0.06299407883487121,583,Welcome to the stock exchange.
2027,0,6,31,37,1.162162162162162,0.06143325088732366,583,It's the new Employee of the Month board.
2027,2,2,33,37,1.162162162162162,0.08232282379503182,583,Myles has a habit of saying 'ye' in every sentence.
2027,1,4,32,37,1.162162162162162,0.07263295268737431,583,Fridge Thief
2027,2,2,33,37,1.162162162162162,0.08232282379503182,583,"I dunno. Something about, ""All the planets are heating up, but there's no cars on Saturn."""
2027,1,4,32,37,1.162162162162162,0.07263295268737431,583,Live art.
2027,1,4,32,37,1.162162162162162,0.07263295268737431,583,It's the boss's broker. His stocks have been going down again.
2027,1,4,32,37,1.162162162162162,0.07263295268737431,583,Don't mess with H.R.
2027,1,4,32,37,1.162162162162162,0.07263295268737431,583,Our stocks has been performing quite well lately.
2027,0,6,31,37,1.162162162162162,0.06143325088732366,583,"Repent, troll."
2027,0,6,31,37,1.162162162162162,0.06143325088732366,583,He's in the stock market.
2027,1,4,32,37,1.162162162162162,0.07263295268737431,583,He's from new accounts at Wells Fargo.
2027,1,4,32,37,1.162162162162162,0.07263295268737431,583,He objected to the company's antiquated culture.
2027,1,4,32,37,1.162162162162162,0.07263295268737431,583,I hate Retro Thursday.
2027,1,4,32,37,1.162162162162162,0.07263295268737431,583,"So that's what he meant by ""getting into stocks"""
2027,1,4,32,37,1.162162162162162,0.07263295268737431,583,"Two days in a row, he wore white after Labor Day."
2027,1,4,32,37,1.162162162162162,0.07263295268737431,583,"Well, Jeff Sessions IS the Attorney General..."
2027,3,0,34,37,1.162162162162162,0.09098653097623492,583,"It's ""Send in the Clowns, not Clones."" Stupid!"
2027,2,2,33,37,1.162162162162162,0.08232282379503182,583,That tie he's wearing is so dated!
2027,1,4,32,37,1.162162162162162,0.07263295268737431,583,"Word to the wise, Gary... Don't eat anything in the break room fridge that is not clearly yours."
2027,1,4,32,37,1.162162162162162,0.07263295268737431,583,He didn't meet the sales quota.
2027,0,6,31,37,1.162162162162162,0.06143325088732366,583,We try to match every investors' individual needs with the stocks we put them into.
2027,1,4,32,37,1.162162162162162,0.07263295268737431,583,He's on hold.
2027,0,6,31,37,1.162162162162162,0.06143325088732366,583,He lifted another Sharpie.
2027,1,4,32,37,1.162162162162162,0.07263295268737431,583,He changed his email font to comic sans
2027,2,2,33,37,1.162162162162162,0.08232282379503182,583,He refuses to buy a cell phone or home computer so John can't reach him outside of business hours.
2027,1,4,32,37,1.162162162162162,0.07263295268737431,583,And that's why I avoid the office fridge.
2027,1,4,32,37,1.162162162162162,0.07263295268737431,583,Wait 'til you see how the bond trader was disciplined.
2027,2,2,33,37,1.162162162162162,0.08232282379503182,583,Wells Fargo has really improved their customer service.
2027,0,6,31,37,1.162162162162162,0.06143325088732366,583,Bill's our stocks guy
2027,1,4,32,37,1.162162162162162,0.07263295268737431,583,"Under the new leadership at the EPA, we have ways of dealing with recalcitrant climate change scientists."
2027,0,6,31,37,1.162162162162162,0.06143325088732366,583,"Mr. Froibrushier, mind if I take a selfie with you?"
2027,1,4,32,37,1.162162162162162,0.07263295268737431,583,Bob was the one who used comic sans on the new business cards.
2027,1,4,32,37,1.162162162162162,0.07263295268737431,583,Yes…and in the Bond Market they use ropes.
2027,0,6,31,37,1.162162162162162,0.06143325088732366,583,"Oh, he's just finishing up his internship here. Next week, he moves on to the bonds department."
2027,1,4,32,37,1.162162162162162,0.07263295268737431,583,The new head of HR used to be a performance artist.
2027,1,4,32,37,1.162162162162162,0.07263295268737431,583,"Okay, these overdraft fees have gone too far."
2027,2,2,33,37,1.162162162162162,0.08232282379503182,583,"You know the type -- stocks in the office, bonds in the bedroom."
2027,1,4,32,37,1.162162162162162,0.07263295268737431,583,He left out the Oxford comma.
2027,1,4,32,37,1.162162162162162,0.07263295268737431,583,Does corporate art imitate corporate life?
2027,2,2,33,37,1.162162162162162,0.08232282379503182,583,Maybe he'll think twice before microwaving chili without a lid.
2027,2,2,33,37,1.162162162162162,0.08232282379503182,583,He was caught sitting at his standing desk.
2027,1,4,32,37,1.162162162162162,0.07263295268737431,583,Don't pay any attention to him.He's just showing off his hole in one.
2027,0,6,31,37,1.162162162162162,0.06143325088732366,583,We also offer mandatory stock options.
2027,2,2,33,37,1.162162162162162,0.08232282379503182,583,He will do anything for attention.
2027,2,2,33,37,1.162162162162162,0.08232282379503182,583,He was too casual on Friday.
2027,0,6,31,37,1.162162162162162,0.06143325088732366,583,That reminds me to check my stocks.
2027,1,4,32,37,1.162162162162162,0.07263295268737431,583,Ed forgot to change his password again.
2027,0,6,31,37,1.162162162162162,0.06143325088732366,583,His tie does not match.
2027,0,6,31,37,1.162162162162162,0.06143325088732366,583,His sales were below expectation.
2027,1,4,32,37,1.162162162162162,0.07263295268737431,583,Here at Facebook we take unfriending seriously.
2027,0,6,31,37,1.162162162162162,0.06143325088732366,583,I am going to be late to the meeting.
2027,0,6,31,37,1.162162162162162,0.06143325088732366,583,He totally misinterpreted the part about stock options.
2027,0,6,31,37,1.162162162162162,0.06143325088732366,583,I thought O.T. was optional.
2027,1,4,32,37,1.162162162162162,0.07263295268737431,583,Now THAT's a different way to recognize the Employee of the Month.
2027,1,4,32,37,1.162162162162162,0.07263295268737431,583,That'll be the last time he uses the suggestion box.
2027,1,4,32,37,1.162162162162162,0.07263295268737431,583,It was either that or they were going to fire him.
2027,1,4,32,37,1.162162162162162,0.07263295268737431,583,"No, we want the Bonds guy."
2027,2,2,33,37,1.162162162162162,0.08232282379503182,583,He wanted to take down the statue of Trump.
2027,1,4,32,37,1.162162162162162,0.07263295268737431,583,He denies global warming.
2027,0,6,31,37,1.162162162162162,0.06143325088732366,583,The Suggestion Box was his idea.
2027,3,0,34,37,1.162162162162162,0.09098653097623492,583,Did I tell you my stock broker recommended this place?
2027,1,4,32,37,1.162162162162162,0.07263295268737431,583,He won't microwave fish in the lunchroom again.
2027,1,4,32,37,1.162162162162162,0.07263295268737431,583,"I suggested a good bond fund, but he was content staying in stocks."
2027,1,4,32,37,1.162162162162162,0.07263295268737431,583,It's kind of the opposite of the stock-broker-of-the-month award.
2027,2,2,33,37,1.162162162162162,0.08232282379503182,583,"He hit ""reply to all"" too many times."
2027,1,4,32,37,1.162162162162162,0.07263295268737431,583,HR said it was a position on Wall Street as a stock aide.
2027,1,4,32,37,1.162162162162162,0.07263295268737431,583,It's the lock up period after going public.
2027,0,6,31,37,1.162162162162162,0.06143325088732366,583,some things never go out of style.
2027,0,6,31,37,1.162162162162162,0.06143325088732366,583,"He hit ""Reply All""."
2027,1,4,32,37,1.162162162162162,0.07263295268737431,583,I hope his tie is not too tight.
2027,2,2,33,37,1.162162162162162,0.08232282379503182,583,"His ""golden parachute"" was the stockade option"
2027,1,4,32,37,1.162162162162162,0.07263295268737431,583,He refused to tweet
2027,2,2,33,37,1.162162162162162,0.08232282379503182,583,How else was I going to heat up the tuna casserole?
2027,1,4,32,37,1.162162162162162,0.07263295268737431,583,"On the other hand, there's free yogurt in the break room."
2027,1,4,32,37,1.162162162162162,0.07263295268737431,583,"""He complained about the service ""."
2027,1,4,32,37,1.162162162162162,0.07263295268737431,583,"Oh, him? He's an originalist."
2027,2,2,33,37,1.162162162162162,0.08232282379503182,583,The alternative was being dragged by the stagecoach.
2027,2,2,33,37,1.162162162162162,0.08232282379503182,583,...and that's our fitness center.
2027,2,2,33,37,1.162162162162162,0.08232282379503182,583,He didn't vote for Trump....
2027,2,2,33,37,1.162162162162162,0.08232282379503182,583,It's part of our new empathy initiative
2027,1,4,32,37,1.162162162162162,0.07263295268737431,583,Ed called one meeting too many.
2027,2,2,33,37,1.162162162162162,0.08232282379503182,583,We've been outsourcing our performance reviews to a firm in Salem.
2027,0,6,31,37,1.162162162162162,0.06143325088732366,583,He's lucky -- the last one got drowned as a witch
2027,2,2,33,37,1.162162162162162,0.08232282379503182,583,I don't think that was the stock he was planning on choosing.
2027,0,6,31,37,1.162162162162162,0.06143325088732366,583,"It must be ""Take Your Hostage To Work Day."""
2027,2,2,33,37,1.162162162162162,0.08232282379503182,583,I think they're shooting the third 50 Shades of Grey in this building.
2027,1,4,32,37,1.162162162162162,0.07263295268737431,583,Quarter-cubicle sales guy.
2027,1,4,32,37,1.162162162162162,0.07263295268737431,583,"It would be cartoonishly humorous had he committed a minor breach of office etiquette. But no, he really did steal cattle."
2027,2,2,33,37,1.162162162162162,0.08232282379503182,583,It's the latest model of the 'stand-up' desk.
2027,2,2,33,37,1.162162162162162,0.08232282379503182,583,"Oh, that's Howard. He couldn't sell enough bonds."
2027,1,4,32,37,1.162162162162162,0.07263295268737431,583,This is what happens when you are politically INcorrect !
2027,2,2,33,37,1.162162162162162,0.08232282379503182,583,Its a medieval stretching technique
2027,1,4,32,37,1.162162162162162,0.07263295268737431,583,The way backward is the new way forward.
2027,1,4,32,37,1.162162162162162,0.07263295268737431,583,Stop sending in the clones!
2027,1,4,32,37,1.162162162162162,0.07263295268737431,583,You only get one chance to make a first impression.
2027,1,4,32,37,1.162162162162162,0.07263295268737431,583,"He took out his phone during a meeting. The lock has a voice-activated password, but they think it's fun to just text message it to him all day."
2027,0,6,31,37,1.162162162162162,0.06143325088732366,583,This is our new remedy for sexual harassment.
2027,2,2,33,37,1.162162162162162,0.08232282379503182,583,Not sure that I care much for the new cubicle design.
2027,2,2,33,37,1.162162162162162,0.08232282379503182,583,It was only a matter of time.
2027,1,4,32,37,1.162162162162162,0.07263295268737431,583,The board of directors got golden parachutes. The tellers got five years in the stocks.
2027,2,2,33,37,1.162162162162162,0.08232282379503182,583,Freedom is for closers.
2027,1,4,32,37,1.162162162162162,0.07263295268737431,583,Apparently he believed that the employee satisfaction survey was anonymous.
2027,1,4,32,37,1.162162162162162,0.07263295268737431,583,"Poor Shaffery. After the whole derivatives debacle, they transferred him to stocks and bonds."
2027,1,4,32,37,1.162162162162162,0.07263295268737431,583,I'd prefer the dunk booth.
2027,2,2,33,37,1.162162162162162,0.08232282379503182,583,The Monday Blues
2027,1,4,32,37,1.162162162162162,0.07263295268737431,583,He wasn't being disruptive enough
2027,2,2,33,37,1.162162162162162,0.08232282379503182,583,All of these start-ups try to lure you with stock options.
2027,1,4,32,37,1.162162162162162,0.07263295268737431,583,"Yeah, we were all shocked he chose the stocks package over a raise."
2027,0,6,31,37,1.162162162162162,0.06143325088732366,583,Forget your key card again?
2027,2,2,33,37,1.162162162162162,0.08232282379503182,583,He used 'reply all'. He knew the risks.
2027,0,6,31,37,1.162162162162162,0.06143325088732366,583,I thought being moved to a cubicle was bad.
2027,2,2,33,37,1.162162162162162,0.08232282379503182,583,...and there's plenty of room to move up in this company.
2027,1,4,32,37,1.162162162162162,0.07263295268737431,583,We also offer investment packages in more traditional stocks.
2027,1,4,32,37,1.162162162162162,0.07263295268737431,583,Sparky's really into stocks.
2027,0,6,31,37,1.162162162162162,0.06143325088732366,583,Happy 20 years with the firm Teddy.
2027,2,2,33,37,1.162162162162162,0.08232282379503182,583,You may wish instead to go with bonds.
2027,0,6,31,37,1.162162162162162,0.06143325088732366,583,Fish tanks are so passé.
2027,0,6,31,37,1.162162162162162,0.06143325088732366,583,Didn't you say he was getting into bonds?
2027,0,6,31,37,1.162162162162162,0.06143325088732366,583,They really got serious about mid year reviews.
2027,2,2,33,37,1.162162162162162,0.08232282379503182,583,He must have won the raffle.
2027,2,2,33,37,1.162162162162162,0.08232282379503182,583,"I knew he was into stocks and bonds, but stocks?"
2027,0,6,31,37,1.162162162162162,0.06143325088732366,583,"Apparently, you can't vape either."
2027,2,2,33,37,1.162162162162162,0.08232282379503182,583,But he works from home on Fridays.
2027,0,6,31,37,1.162162162162162,0.06143325088732366,583,It was his choice. This or post the details to twitter.
2027,0,6,31,37,1.162162162162162,0.06143325088732366,583,Maybe we should reconsider our stock options.
2027,0,6,31,37,1.162162162162162,0.06143325088732366,583,Entre nous... decline the stock options.
2027,0,6,31,37,1.162162162162162,0.06143325088732366,583,Is this your first time to Puritan Industries?
2027,1,4,32,37,1.162162162162162,0.07263295268737431,583,"Personally, I prefer bonds over stocks."
2027,0,6,31,37,1.162162162162162,0.06143325088732366,583,The company president does this every year on the day he is supposed to sign our bonus checks.
2027,2,2,33,37,1.162162162162162,0.08232282379503182,583,"Hit ""Reply All"" too many times"
2027,2,2,33,37,1.162162162162162,0.08232282379503182,583,He was just way too happy on a Monday.
2027,2,2,33,37,1.162162162162162,0.08232282379503182,583,We recommend stocks.
2027,0,6,31,37,1.162162162162162,0.06143325088732366,583,Don't judge.
2027,1,4,32,37,1.162162162162162,0.07263295268737431,583,That's the new campus free speech zone.
2027,0,6,31,37,1.162162162162162,0.06143325088732366,583,"Look, the bottom line is that he ate someone's lunch. I say let him rot."
2027,2,2,33,37,1.162162162162162,0.08232282379503182,583,"Oh, him? He's the new decorator."
2027,1,4,32,37,1.162162162162162,0.07263295268737431,583,We warned you not to microwave fish in the office.
2027,1,4,32,37,1.162162162162162,0.07263295268737431,583,"""Verbal counseling"" just isn't effective anymore."
2027,2,2,33,37,1.162162162162162,0.08232282379503182,583,That's Al. He works in Stocks and Bonds.
2027,1,4,32,37,1.162162162162162,0.07263295268737431,583,He's the company scapegoat.
2027,2,2,33,37,1.162162162162162,0.08232282379503182,583,Employee Performance Art
2027,2,2,33,37,1.162162162162162,0.08232282379503182,583,It's the next iteration of the standing desk.
2027,0,6,31,37,1.162162162162162,0.06143325088732366,583,This hotel doesn't mess around if you try to take a towel
2027,1,4,32,37,1.162162162162162,0.07263295268737431,583,He spoke to his boss when he could have texted.
2027,0,6,31,37,1.162162162162162,0.06143325088732366,583,People always forget the risks of the stock option
2027,2,2,33,37,1.162162162162162,0.08232282379503182,583,I don't like our new guidelines for peaceful protests
2027,1,4,32,37,1.162162162162162,0.07263295268737431,583,"As employee of the week, he won't have to go to his cubicle."
2027,1,4,32,37,1.162162162162162,0.07263295268737431,583,"No more guillotine, it created more problems than it helped."
2027,1,4,32,37,1.162162162162162,0.07263295268737431,583,"As I said, we don't do layoffs here."
2027,1,4,32,37,1.162162162162162,0.07263295268737431,583,I guess they meant it when they asked us to turn off our phones.
2027,1,4,32,37,1.162162162162162,0.07263295268737431,583,Trump supporter or Hillary fan?
2027,0,6,31,37,1.162162162162162,0.06143325088732366,583,He's from the stocks and bondage department.
2027,0,6,31,37,1.162162162162162,0.06143325088732366,583,Wouldn't use gender-neutral pronouns.
2027,0,6,31,37,1.162162162162162,0.06143325088732366,583,Damn that Oxford comma.
2027,2,2,33,37,1.162162162162162,0.08232282379503182,583,Looks like the company's stock is up.
2027,2,2,33,37,1.162162162162162,0.08232282379503182,583,Maybe next time you'll think twice about hitting 'Reply All' on a firmwide email.
2027,1,4,32,37,1.162162162162162,0.07263295268737431,583,Too much time at the copier machine.
2027,1,4,32,37,1.162162162162162,0.07263295268737431,583,Excuse me! Is my tie on straight?
2027,2,2,33,37,1.162162162162162,0.08232282379503182,583,That's our company's latest execution strategy!
2027,2,2,33,37,1.162162162162162,0.08232282379503182,583,Are you sure this is the right address?
2027,2,2,33,37,1.162162162162162,0.08232282379503182,583,I liked the old suggestion box.
2027,1,4,32,37,1.162162162162162,0.07263295268737431,583,He mentioned Harvard too many times.
2027,1,4,32,37,1.162162162162162,0.07263295268737431,583,It's the toughest part of peer review.
2027,2,2,33,37,1.162162162162162,0.08232282379503182,583,He was transferred to the Texas office and wouldn't go.
2027,0,6,31,37,1.162162162162162,0.06143325088732366,583,He's just back from Burning Man
2027,1,4,32,37,1.162162162162162,0.07263295268737431,583,The head of the company is a Progressive Puritan.
2027,0,6,31,37,1.162162162162162,0.06143325088732366,583,"Things haven't changed much in Salem, have they?"
2027,2,2,33,37,1.162162162162162,0.08232282379503182,583,Cornell people...
2027,1,4,32,37,1.162162162162162,0.07263295268737431,583,He doesn't think our New Yorker cartoons are funny.
2027,2,2,33,37,1.162162162162162,0.08232282379503182,583,Now I´ll show you what ´bonds´ means.
2027,0,6,31,37,1.162162162162162,0.06143325088732366,583,Our salary and benefit package includes a unique stock option plan.
2027,1,4,32,37,1.162162162162162,0.07263295268737431,583,And that's why you should read the small print...
2027,2,2,33,37,1.162162162162162,0.08232282379503182,583,He said something negative about Jeff Sessions.
2027,0,6,31,37,1.162162162162162,0.06143325088732366,583,I guess he went against the grain. That tie certainly does.
2027,2,2,33,37,1.162162162162162,0.08232282379503182,583,So much for truth to power
2027,1,4,32,37,1.162162162162162,0.07263295268737431,583,I tried to go in without an appointment.
2027,1,4,32,37,1.162162162162162,0.07263295268737431,583,"Tomatoes, remind me to get tomatoes."
2027,2,2,33,37,1.162162162162162,0.08232282379503182,583,looks like the stocks went up
2027,0,6,31,37,1.162162162162162,0.06143325088732366,583,"Oh look, the stocks are up. I wonder if that's the only demo model."
2027,1,4,32,37,1.162162162162162,0.07263295268737431,583,He must have made the boss mad.
2027,1,4,32,37,1.162162162162162,0.07263295268737431,583,His specialty is stocks and bondage.
2027,2,2,33,37,1.162162162162162,0.08232282379503182,583,They call that art??
2027,1,4,32,37,1.162162162162162,0.07263295268737431,583,This isn't what I imagined when Ted said he worked in stocks.
2027,2,2,33,37,1.162162162162162,0.08232282379503182,583,Make sure you read that memo about using the Oxford comma.
2027,1,4,32,37,1.162162162162162,0.07263295268737431,583,He should have opted for the preferred stock.
2027,1,4,32,37,1.162162162162162,0.07263295268737431,583,You'll find the golden handcuffs here very comfortable.
2027,1,4,32,37,1.162162162162162,0.07263295268737431,583,McNulty again.
2027,2,2,33,37,1.162162162162162,0.08232282379503182,583,Gives 'Stocks & Bonds' a whole new meaning...
2027,2,2,33,37,1.162162162162162,0.08232282379503182,583,HR is pretty strict in this company.
2027,2,2,33,37,1.162162162162162,0.08232282379503182,583,He asked out the boss' daughter.
2027,2,2,33,37,1.162162162162162,0.08232282379503182,583,"Ugh, what an ugly tie."
2027,0,6,31,37,1.162162162162162,0.06143325088732366,583,He's our stocks broker.
2027,1,4,32,37,1.162162162162162,0.07263295268737431,583,It's part of our new employee stock option plan.
2027,1,4,32,37,1.162162162162162,0.07263295268737431,583,And they call that 'art'.
2027,1,4,32,37,1.162162162162162,0.07263295268737431,583,He should've stayed in bonds.
2027,1,4,32,37,1.162162162162162,0.07263295268737431,583,He'll never ask the V.P. to bring him coffee again.
2027,2,2,33,37,1.162162162162162,0.08232282379503182,583,"Hmmm, what's the Chiropractor's husband doing here in the lobby?"
2027,1,4,32,37,1.162162162162162,0.07263295268737431,583,Your welcome packet will spell out company policies. Just the usual stuff.
2027,1,4,32,37,1.162162162162162,0.07263295268737431,583,don't look now but i think he's the head hunter who recommended us
2027,1,4,32,37,1.162162162162162,0.07263295268737431,583,It looks like Harvey was caught stealing pencils again.
2027,2,2,33,37,1.162162162162162,0.08232282379503182,583,I've never seen a public offering of stocks quite like that before.
2027,0,6,31,37,1.162162162162162,0.06143325088732366,583,"Oh, he's our employee for the month."
2027,1,4,32,37,1.162162162162162,0.07263295268737431,583,So what's his stock in trade?
2027,1,4,32,37,1.162162162162162,0.07263295268737431,583,Man they don't fool around with late fees here at all..........
2027,0,6,31,37,1.162162162162162,0.06143325088732366,583,He voted for Trump.
2027,1,4,32,37,1.162162162162162,0.07263295268737431,583,"Seems like the ""in or out"" question of the tie has been settled -- out looks better."
2027,1,4,32,37,1.162162162162162,0.07263295268737431,583,He used his birthday as his password.
2027,0,6,31,37,1.162162162162162,0.06143325088732366,583,They're sure hard on puns here.
2027,1,4,32,37,1.162162162162162,0.07263295268737431,583,Performance art of just blatant attention-grabbing?
2027,1,4,32,37,1.162162162162162,0.07263295268737431,583,Be careful. That can happen to you if you don't go through the new security check point
2027,0,6,31,37,1.162162162162162,0.06143325088732366,583,"Sorry Tom, but you did put curry in the office microwave."
2027,0,6,31,37,1.162162162162162,0.06143325088732366,583,He was employee of the month before this.
2027,1,4,32,37,1.162162162162162,0.07263295268737431,583,He said he wanted to be in stocks. It's a lesson in 'be careful what you wish for.'
2027,2,2,33,37,1.162162162162162,0.08232282379503182,583,Our very own DACA.
2027,1,4,32,37,1.162162162162162,0.07263295268737431,583,He never started the next pot of coffee.
2027,1,4,32,37,1.162162162162162,0.07263295268737431,583,"Frank, we can't stay for the finale if we want to beat the traffic."
2027,1,4,32,37,1.162162162162162,0.07263295268737431,583,Their products sure are revolutionary.
2027,0,6,31,37,1.162162162162162,0.06143325088732366,583,"I thought we were the ""stock"" market...."
2027,1,4,32,37,1.162162162162162,0.07263295268737431,583,I told him that tie was hideous.
2027,1,4,32,37,1.162162162162162,0.07263295268737431,583,That's Paul - he opened more new accounts than anyone last month.
2027,1,4,32,37,1.162162162162162,0.07263295268737431,583,Isn't that your stocks broker?
2027,2,2,33,37,1.162162162162162,0.08232282379503182,583,He said he wanted stock options.
2027,0,6,31,37,1.162162162162162,0.06143325088732366,583,He forgot to lower the seat.
2027,0,6,31,37,1.162162162162162,0.06143325088732366,583,"HR calls it ""Making America Great Again""."
2027,1,4,32,37,1.162162162162162,0.07263295268737431,583,That's NOT public humiliation. This is a private club.
2027,2,2,33,37,1.162162162162162,0.08232282379503182,583,I thought he had more of a future in bonds.
2027,0,6,31,37,1.162162162162162,0.06143325088732366,583,That's our stock boy.
2027,1,4,32,37,1.162162162162162,0.07263295268737431,583,He claims he didn't choose to be named Bob Lee
2027,2,2,33,37,1.162162162162162,0.08232282379503182,583,Hmm... I thought Charlie only dealt in bonds.
2027,0,6,31,37,1.162162162162162,0.06143325088732366,583,"He mishandled the accounts: lock, stock, and barrel."
2027,0,6,31,37,1.162162162162162,0.06143325088732366,583,That's why I'm in bonds.
2027,1,4,32,37,1.162162162162162,0.07263295268737431,583,It's the latest of Fox News' penalties for employee sexual harassment.
2027,1,4,32,37,1.162162162162162,0.07263295268737431,583,Dexter had mentioned he dabbled in stocks.
2027,1,4,32,37,1.162162162162162,0.07263295268737431,583,"I don't think this is what they meant by, ""Outside the box."""
2027,1,4,32,37,1.162162162162162,0.07263295268737431,583,"Trouble adjusting your standing desk again, Jim?"
2027,0,6,31,37,1.162162162162162,0.06143325088732366,583,Nice mahogany.
2027,0,6,31,37,1.162162162162162,0.06143325088732366,583,"Maybe they misunderstood him to say ""I choose stocks over bondage""."
2027,1,4,32,37,1.162162162162162,0.07263295268737431,583,"He used ""privilege"" as a verb."
2027,1,4,32,37,1.162162162162162,0.07263295268737431,583,He forgot the coffee.
2027,3,0,34,37,1.162162162162162,0.09098653097623492,583,"The firm is installing new organic, environmentally friendly, locally sourced, vertical work spaces"
2027,2,2,33,37,1.162162162162162,0.08232282379503182,583,"Who in HR sent out that email? The policy change was about employee retention, not detention."
2027,1,4,32,37,1.162162162162162,0.07263295268737431,583,"I told him, they take ""Tie Dye Friday"" very seriously."
2027,1,4,32,37,1.162162162162162,0.07263295268737431,583,The CEO is kind of Puritanical
2027,1,4,32,37,1.162162162162162,0.07263295268737431,583,He put fish in the microwave.
2027,2,2,33,37,1.162162162162162,0.08232282379503182,583,"Yes, Mr. Trump thought he was a leaker."
2027,1,4,32,37,1.162162162162162,0.07263295268737431,583,"When he said he was in stocks, that's not what I pictured."
2027,0,6,31,37,1.162162162162162,0.06143325088732366,583,He apparently didn't put one of the new coversheets on his TPS reports.
2027,0,6,31,37,1.162162162162162,0.06143325088732366,583,He took the last cup and didn't make a new pot.
2027,2,2,33,37,1.162162162162162,0.08232282379503182,583,Microwaved fish then ate his desk.
2027,0,6,31,37,1.162162162162162,0.06143325088732366,583,"Oh look, there is the new stock option . . ."
2027,1,4,32,37,1.162162162162162,0.07263295268737431,583,I'm really anxious about team meeting Monday.
2027,1,4,32,37,1.162162162162162,0.07263295268737431,583,He' trying out a standing desk.
2027,0,6,31,37,1.162162162162162,0.06143325088732366,583,It's payback for the glass ceiling.
2027,1,4,32,37,1.162162162162162,0.07263295268737431,583,He didn't double check before he hit send.
2027,1,4,32,37,1.162162162162162,0.07263295268737431,583,Looks like someone accidentally replied all.
2027,0,6,31,37,1.162162162162162,0.06143325088732366,583,I'm betting it's not the employee of the month...
2027,1,4,32,37,1.162162162162162,0.07263295268737431,583,Last week he was a senior advisor to Trump. He just can't shed that abused demeanor.
2027,1,4,32,37,1.162162162162162,0.07263295268737431,583,"He was playing computer games, on company time."
2027,0,6,31,37,1.162162162162162,0.06143325088732366,583,Performance art... I just don't get it!
2027,2,2,33,37,1.162162162162162,0.08232282379503182,583,"Yeah, company stocks is one of our employee benefits . . ."
2027,0,6,31,37,1.162162162162162,0.06143325088732366,583,We recommend stocks.
2027,1,4,32,37,1.162162162162162,0.07263295268737431,583,Corporate couldn't terminate Fred until the lawsuit was settled.
2027,1,4,32,37,1.162162162162162,0.07263295268737431,583,His exit package included a stock option.
2027,2,2,33,37,1.162162162162162,0.08232282379503182,583,I could never work in stocks.
2027,0,6,31,37,1.162162162162162,0.06143325088732366,583,Hester got off easy!
2027,1,4,32,37,1.162162162162162,0.07263295268737431,583,He was taking too many selfies at work.
2027,0,6,31,37,1.162162162162162,0.06143325088732366,583,"Trump claims it increases productivity,"
2027,0,6,31,37,1.162162162162162,0.06143325088732366,583,"Must have missed HR's memo describing the new ""stock option"" plan."
2027,2,2,33,37,1.162162162162162,0.08232282379503182,583,That's how stockbrokers meditate.
2027,1,4,32,37,1.162162162162162,0.07263295268737431,583,Apparently he misunderstood what was meant by stock options.
2027,1,4,32,37,1.162162162162162,0.07263295268737431,583,Standing desks are so last year.
2027,1,4,32,37,1.162162162162162,0.07263295268737431,583,"We used to date, but there was always a wall between us."
2027,0,6,31,37,1.162162162162162,0.06143325088732366,583,They charged him with being puritanically still.
2027,1,4,32,37,1.162162162162162,0.07263295268737431,583,Looks like Steve's contract included stockade options.
2027,1,4,32,37,1.162162162162162,0.07263295268737431,583,The employee of the week gets a parking space.
2302,0,7,37,44,1.1590909090909092,0.055778005112363215,583,He was caught leaving the office early.
2303,0,6,32,38,1.1578947368421053,0.05994682078436837,583,Psst! I think he got bagged for opening the door for a woman.
2303,0,6,32,38,1.1578947368421053,0.05994682078436837,583,Looks like Higgins left his dirty mug in the sink again.
2303,2,2,34,38,1.1578947368421053,0.08024070996398552,583,Speakerphone.
2303,0,6,32,38,1.1578947368421053,0.05994682078436837,583,After we installed this we received fewer complaints about the waiting room
2303,1,4,33,38,1.1578947368421053,0.07082440560173317,583,"In today's world, it will take more than that to call attention to yourself."
2303,1,4,33,38,1.1578947368421053,0.07082440560173317,583,He's auditioning for Trump's cabinet.
2303,0,6,32,38,1.1578947368421053,0.05994682078436837,583,I guess you could say the stocks are back to what they used to be.
2303,0,6,32,38,1.1578947368421053,0.05994682078436837,583,Keurig mooching.
2303,2,2,34,38,1.1578947368421053,0.08024070996398552,583,The boss has been watching too much Game of Thrones
2303,2,2,34,38,1.1578947368421053,0.08024070996398552,583,Hacker penalty! Try to crack that.
2303,1,4,33,38,1.1578947368421053,0.07082440560173317,583,I'm told he called the receptionist a 'cunt'
2303,1,4,33,38,1.1578947368421053,0.07082440560173317,583,"It's our new CEO's twist on ""Employee of The Month."""
2303,2,2,34,38,1.1578947368421053,0.08024070996398552,583,Honey look pillory is not dead...
2303,0,6,32,38,1.1578947368421053,0.05994682078436837,583,I hear he's moving into bonds next week.
2303,2,2,34,38,1.1578947368421053,0.08024070996398552,583,I told him that was an ugly tie
2303,1,4,33,38,1.1578947368421053,0.07082440560173317,583,I'm applying for a position with HR.
2303,1,4,33,38,1.1578947368421053,0.07082440560173317,583,Well I see the stock market is back.
2303,0,6,32,38,1.1578947368421053,0.05994682078436837,583,"Well, it looks like a nice day for hangin' in."
2303,2,2,34,38,1.1578947368421053,0.08024070996398552,583,"I told you, they specialize in business stocks."
2303,0,6,32,38,1.1578947368421053,0.05994682078436837,583,"It's a new rule. Instead of saying ""you're fired"", the boss now says ""You're humiliated."" Albert has to stay there until someone else is relegated to that punishment."
2303,0,6,32,38,1.1578947368421053,0.05994682078436837,583,"Ted, just hit Ctrl+Alt+Delete."
2303,2,2,34,38,1.1578947368421053,0.08024070996398552,583,The office whistler... Cher was the last straw.
2303,2,2,34,38,1.1578947368421053,0.08024070996398552,583,THAT naughty doggy is ripe for a good fucking.
2326,0,5,27,32,1.15625,0.06521328221627366,583,Another boundary-setting workshop gone wrong.
2326,0,5,27,32,1.15625,0.06521328221627366,583,In-house performance artist
2326,0,5,27,32,1.15625,0.06521328221627366,583,I've still interviewed at stranger places.
2326,1,3,28,32,1.15625,0.07917639300749574,583,What a shame! Did you see the holes they carved into that gorgeous wood?
2326,1,3,28,32,1.15625,0.07917639300749574,583,"Was it Warhol who said, ""art is whatever you can get away with""?"
2326,1,3,28,32,1.15625,0.07917639300749574,583,They are a good company but their HR Department is a little behind the times.
2332,2,2,35,39,1.1538461538461537,0.07826096986449653,583,That's the one who laughed at the meeting when the CEO's cabinet appointment was announced.
2333,1,5,40,46,1.1521739130434783,0.061913070618242964,583,It's from the company's performance art collection.
2334,0,6,34,40,1.15,0.057177187489686566,583,That's Glen. Should've read the fine print before buying company stock.
2334,1,4,35,40,1.15,0.0674631903431942,583,The new standing desks are supposed to be great for carpal tunnel.
2334,1,4,35,40,1.15,0.0674631903431942,583,"He had it coming, all his e-mails were written in comic sans."
2334,1,4,35,40,1.15,0.0674631903431942,583,Turns out he's an immigrant.
2338,0,5,29,34,1.1470588235294117,0.06165213406602946,583,He refused the voluntary biochip implant
2338,0,5,29,34,1.1470588235294117,0.06165213406602946,583,That's why no one complains to HR.
2338,1,3,30,34,1.1470588235294117,0.07472293375658888,583,"He used ""which"" when he should have used ""that""."
2338,1,3,30,34,1.1470588235294117,0.07472293375658888,583,Looks like there running out of cells
2338,1,3,30,34,1.1470588235294117,0.07472293375658888,583,"They aren't kidding around about the ""no cellphones while in line"""
2338,1,3,30,34,1.1470588235294117,0.07472293375658888,583,"And, here is one of our board directors."
2338,1,3,30,34,1.1470588235294117,0.07472293375658888,583,We've now fused H.R. and Marketing.
2338,1,3,30,34,1.1470588235294117,0.07472293375658888,583,"We can't pay much, but offer stock options"
2338,1,3,30,34,1.1470588235294117,0.07472293375658888,583,Are you sure we have an appointment? I don't see any chairs...
2338,1,3,30,34,1.1470588235294117,0.07472293375658888,583,They've started taking Sarbanes Oxley pretty seriously around here.
2338,0,5,29,34,1.1470588235294117,0.06165213406602946,583,Do you think the office obsession with Game of Thrones has gone a bit too far.
2338,0,5,29,34,1.1470588235294117,0.06165213406602946,583,He forgot to put up the toilet seat
2338,1,3,30,34,1.1470588235294117,0.07472293375658888,583,"It's a promising treatment for those addicted to taking ""selfies."""
2338,0,5,29,34,1.1470588235294117,0.06165213406602946,583,As you know this is a conservative company and it uses colonial methods to achieve its goals.
2338,0,5,29,34,1.1470588235294117,0.06165213406602946,583,"Oh, that's John. He asked his boss for a raise."
2338,1,3,30,34,1.1470588235294117,0.07472293375658888,583,"That's a very unfortunate necktie."""
2338,1,3,30,34,1.1470588235294117,0.07472293375658888,583,They say you should spend at least 5 minutes out of every hour being pilloried.
2338,1,3,30,34,1.1470588235294117,0.07472293375658888,583,"You're in a tow-away zone, Ned."
2338,0,5,29,34,1.1470588235294117,0.06165213406602946,583,Got caught stealing snacks.
2338,0,5,29,34,1.1470588235294117,0.06165213406602946,583,Substantial penalty for early withdrawal.
2338,0,5,29,34,1.1470588235294117,0.06165213406602946,583,That scared me! For a second I thought it was a TV-screen.
2338,1,3,30,34,1.1470588235294117,0.07472293375658888,583,Medieval Management wants to reduce sitting time.
2338,1,3,30,34,1.1470588235294117,0.07472293375658888,583,He usually lunches at his desk.
2338,2,1,31,34,1.1470588235294117,0.0858256839383612,583,Pruitt's Pillory? Oh it's been a game changer...
2338,1,3,30,34,1.1470588235294117,0.07472293375658888,583,I liked it a lot better when it was just hanging on the wall.
2338,1,3,30,34,1.1470588235294117,0.07472293375658888,583,He should get into bonds.
2338,0,5,29,34,1.1470588235294117,0.06165213406602946,583,I see he's out of bonds.
2338,2,1,31,34,1.1470588235294117,0.0858256839383612,583,Not exactly what I had in mind when I think of stocks investments
2338,2,1,31,34,1.1470588235294117,0.0858256839383612,583,He clicked reply all.
2338,1,3,30,34,1.1470588235294117,0.07472293375658888,583,He forgot to reply all.
2338,1,3,30,34,1.1470588235294117,0.07472293375658888,583,Pillory performance art or actual pillory? I'm never really sure anymore.
2338,1,3,30,34,1.1470588235294117,0.07472293375658888,583,Trump Tower looks a lot different the last time I was here.
2338,1,3,30,34,1.1470588235294117,0.07472293375658888,583,I hear it was built into the Wells Fargo settlement.
2338,1,3,30,34,1.1470588235294117,0.07472293375658888,583,And this is what happens at this firm when you make a bad stock deal. Don’t you just love the irony?
2338,1,3,30,34,1.1470588235294117,0.07472293375658888,583,It looks like our company's stocks are up!
2338,1,3,30,34,1.1470588235294117,0.07472293375658888,583,"If you come to work here, you DON'T want to be late to meetings...."
2338,1,3,30,34,1.1470588235294117,0.07472293375658888,583,Our company has a different take on stock options.
2338,0,5,29,34,1.1470588235294117,0.06165213406602946,583,"Oh, how the mighty fall from 'Employee of the Month'."
2338,2,1,31,34,1.1470588235294117,0.0858256839383612,583,"Maybe now he'll stop hitting ""reply all."""
2338,1,3,30,34,1.1470588235294117,0.07472293375658888,583,Wanted to be closer to his stock.
2338,0,5,29,34,1.1470588235294117,0.06165213406602946,583,"Damn, I applied for that position last week"
2338,0,5,29,34,1.1470588235294117,0.06165213406602946,583,"Well, at least stocks are up."
2338,1,3,30,34,1.1470588235294117,0.07472293375658888,583,"""Oh, that's just Nick on his afternoon break. He relaxes his neck by stretching with this home-made medieval set up."
2338,1,3,30,34,1.1470588235294117,0.07472293375658888,583,He missed his sales quota.
2338,2,1,31,34,1.1470588235294117,0.0858256839383612,583,He thought America 'was' great.
2338,1,3,30,34,1.1470588235294117,0.07472293375658888,583,Prison overcrowding is worse than I thought.
2338,1,3,30,34,1.1470588235294117,0.07472293375658888,583,They love to show off their latest products in the waiting room.
2338,1,3,30,34,1.1470588235294117,0.07472293375658888,583,He was caught stealing pencils.
2338,0,5,29,34,1.1470588235294117,0.06165213406602946,583,(Sigh) Did he eat Linda's sandwich again?
2338,1,3,30,34,1.1470588235294117,0.07472293375658888,583,"He still uses ""his instead of ""their"""
2338,0,5,29,34,1.1470588235294117,0.06165213406602946,583,"Locked up, not Linkedin."""
2338,2,1,31,34,1.1470588235294117,0.0858256839383612,583,He used to work at Google.
2338,1,3,30,34,1.1470588235294117,0.07472293375658888,583,That's just for a late fee. The bounce checks go to the dungeon.
2338,2,1,31,34,1.1470588235294117,0.0858256839383612,583,"If people don't start treating me better around here, more of THIS will happen."
2338,0,5,29,34,1.1470588235294117,0.06165213406602946,583,They are trying to make the workplace a little more traditional.
2338,0,5,29,34,1.1470588235294117,0.06165213406602946,583,I knew it was a bad idea to take the stock option!
2338,1,3,30,34,1.1470588235294117,0.07472293375658888,583,Severence packages aren't what they used to be.
2338,1,3,30,34,1.1470588235294117,0.07472293375658888,583,He's considered a security risk but we didn't want to fire him.
2338,2,1,31,34,1.1470588235294117,0.0858256839383612,583,The microwave still smells of fish.
2338,1,3,30,34,1.1470588235294117,0.07472293375658888,583,It's part of our effort to stay true to our founder's ideals.
2338,0,5,29,34,1.1470588235294117,0.06165213406602946,583,He refuses to eat kale.
2338,0,5,29,34,1.1470588235294117,0.06165213406602946,583,"He's supposed to be running a bond fund, but he was 100% in stocks."
2338,1,3,30,34,1.1470588235294117,0.07472293375658888,583,We have a very aggressive incentive program.
2338,2,1,31,34,1.1470588235294117,0.0858256839383612,583,"Yes, but is it art?"
2338,1,3,30,34,1.1470588235294117,0.07472293375658888,583,It cuts down on the office hijinks.
2338,1,3,30,34,1.1470588235294117,0.07472293375658888,583,Bonds are looking better these days.
2338,1,3,30,34,1.1470588235294117,0.07472293375658888,583,He came into complain about being placed on hold all the time.
2338,1,3,30,34,1.1470588235294117,0.07472293375658888,583,"His choice, either this or wear a large B for Breitbart supporter on his suit!"
2338,2,1,31,34,1.1470588235294117,0.0858256839383612,583,I don't think that is what he meant when he asked his broker to put him some good stocks.
2338,1,3,30,34,1.1470588235294117,0.07472293375658888,583,It's just a new way of holding our employees accountable.
2338,0,5,29,34,1.1470588235294117,0.06165213406602946,583,Don't ever put fish in the office microwave.
2338,1,3,30,34,1.1470588235294117,0.07472293375658888,583,Looks like their stocks are doing well.
2338,0,5,29,34,1.1470588235294117,0.06165213406602946,583,"More cost reductions! I mean come on, we cant't afford toothpicks to keep his eyelids open"
2338,0,5,29,34,1.1470588235294117,0.06165213406602946,583,They're really tough on stock options here.
2338,1,3,30,34,1.1470588235294117,0.07472293375658888,583,"He is politically incoherent, tweets too much, and wears too long a tie."
2338,1,3,30,34,1.1470588235294117,0.07472293375658888,583,He couldn't stop tweeting.
2338,0,5,29,34,1.1470588235294117,0.06165213406602946,583,"Well, it's not like they haven't established any order here."
2338,0,5,29,34,1.1470588235294117,0.06165213406602946,583,Bob's new diet is really working.
2338,1,3,30,34,1.1470588235294117,0.07472293375658888,583,"Now that the government is cost-cutting, all economic criminals are under “house arrest”."
2338,1,3,30,34,1.1470588235294117,0.07472293375658888,583,"We can talk bonds, IRAs or just get you right into some stocks."
2338,1,3,30,34,1.1470588235294117,0.07472293375658888,583,Mandatory break.
2338,1,3,30,34,1.1470588235294117,0.07472293375658888,583,"Our ""no spoilers"" policy is fairly strict."
2338,1,3,30,34,1.1470588235294117,0.07472293375658888,583,"He responded with ""Reply All"" on the boss's email thread."
2338,1,3,30,34,1.1470588235294117,0.07472293375658888,583,We don't have the square footage for a perp walk.
2338,1,3,30,34,1.1470588235294117,0.07472293375658888,583,Working in stocks hasn't been the same since 2008.
2338,1,3,30,34,1.1470588235294117,0.07472293375658888,583,He didn't return the bathroom key.
2338,2,1,31,34,1.1470588235294117,0.0858256839383612,583,They say that the new boss has a tendency to stifle initiative.
2338,1,3,30,34,1.1470588235294117,0.07472293375658888,583,Someday Sven will learn not to microwave fish in the office.
2338,0,5,29,34,1.1470588235294117,0.06165213406602946,583,It's a very Puritanical company.
2338,0,5,29,34,1.1470588235294117,0.06165213406602946,583,"For the Management performance survey, he accidently clicked on “reply to All”"
2338,0,5,29,34,1.1470588235294117,0.06165213406602946,583,"We don't tolerate irony here at Shackle, Shackle and Shackle."
2338,1,3,30,34,1.1470588235294117,0.07472293375658888,583,They were going to get a Damien Hirst for the lobby. Guess they decided employee performance art was cheaper.
2338,0,5,29,34,1.1470588235294117,0.06165213406602946,583,"Hi, Joe"
2338,0,5,29,34,1.1470588235294117,0.06165213406602946,583,They re-purposed his stand up desk.
2338,1,3,30,34,1.1470588235294117,0.07472293375658888,583,He was our sole dissenting stockholder until corporate decided to pillory him.
2338,0,5,29,34,1.1470588235294117,0.06165213406602946,583,He's worked his way up from the stock room!
2338,1,3,30,34,1.1470588235294117,0.07472293375658888,583,So now we know who burnt the popcorn in the microwave!
2338,1,3,30,34,1.1470588235294117,0.07472293375658888,583,Don't cross HR.
2338,0,5,29,34,1.1470588235294117,0.06165213406602946,583,He's always complaining that nobody likes him around here.
2338,1,3,30,34,1.1470588235294117,0.07472293375658888,583,I would have taken the community service option.....
2338,1,3,30,34,1.1470588235294117,0.07472293375658888,583,He was seen eating his boogers.
2338,1,3,30,34,1.1470588235294117,0.07472293375658888,583,He was desperate for a spot on the board.
2338,1,3,30,34,1.1470588235294117,0.07472293375658888,583,That's Bob. He put trash in the recycling bin.
2338,1,3,30,34,1.1470588235294117,0.07472293375658888,583,He preferred the stocks; is like bondage.
2338,1,3,30,34,1.1470588235294117,0.07472293375658888,583,Too bad we didn't bring any tomatoes.
2338,1,3,30,34,1.1470588235294117,0.07472293375658888,583,He said 'please.'
2338,1,3,30,34,1.1470588235294117,0.07472293375658888,583,Looks like somebody got caught speaking truth to power again.
2338,0,5,29,34,1.1470588235294117,0.06165213406602946,583,He refused to think outside the box.
2338,0,5,29,34,1.1470588235294117,0.06165213406602946,583,"Don't stare, it's not polite."
2338,2,1,31,34,1.1470588235294117,0.0858256839383612,583,He kept bugging the boss for a standing desk.
2338,1,3,30,34,1.1470588235294117,0.07472293375658888,583,It's some type of corporate art therapy.
2338,1,3,30,34,1.1470588235294117,0.07472293375658888,583,Everything's retro these days.
2338,0,5,29,34,1.1470588235294117,0.06165213406602946,583,So then the SEC has manipulated his stocks.
2338,1,3,30,34,1.1470588235294117,0.07472293375658888,583,He wore white after Labor Day
2338,2,1,31,34,1.1470588235294117,0.0858256839383612,583,Didn't have enough billable hours
2338,2,1,31,34,1.1470588235294117,0.0858256839383612,583,He used to think stocks were so great.
2338,1,3,30,34,1.1470588235294117,0.07472293375658888,583,He left a used K-cup in the Keurig
2338,0,5,29,34,1.1470588235294117,0.06165213406602946,583,He's having a Middle Ages crisis...
2338,1,3,30,34,1.1470588235294117,0.07472293375658888,583,This is one work place that you have the chance to see what is behind door #3.
2338,1,3,30,34,1.1470588235294117,0.07472293375658888,583,This month's art installation isn't working for me.
2338,0,5,29,34,1.1470588235294117,0.06165213406602946,583,He didn't read the fine print when he took our company's stock options
2338,1,3,30,34,1.1470588235294117,0.07472293375658888,583,That'll teach him not to heat fish in the staff microwave.
2338,1,3,30,34,1.1470588235294117,0.07472293375658888,583,"Personally, I prefer mutuals!"
2338,2,1,31,34,1.1470588235294117,0.0858256839383612,583,He took the CEO’s request for honest feedback at face value.
2338,1,3,30,34,1.1470588235294117,0.07472293375658888,583,Bad employee of the month.
2338,1,3,30,34,1.1470588235294117,0.07472293375658888,583,"Gee, that's great. I'd heard he'd been whacked!"
2338,0,5,29,34,1.1470588235294117,0.06165213406602946,583,Our new corporate curator comes from the Whitney.
2338,1,3,30,34,1.1470588235294117,0.07472293375658888,583,The building owner's a collector.
2338,1,3,30,34,1.1470588235294117,0.07472293375658888,583,"He wouldn't stop talking about Bitcoin, so they put him in shackles."
2338,0,5,29,34,1.1470588235294117,0.06165213406602946,583,New employees have limited stock options.
2338,0,5,29,34,1.1470588235294117,0.06165213406602946,583,"We do ""Employee of the Month"" a little differently here."
2338,0,5,29,34,1.1470588235294117,0.06165213406602946,583,Stocks and bondage has a nice ring to it.
2338,0,5,29,34,1.1470588235294117,0.06165213406602946,583,Sometimes old techniques are still effective.
2338,1,3,30,34,1.1470588235294117,0.07472293375658888,583,He never really understood the stock option
2338,1,3,30,34,1.1470588235294117,0.07472293375658888,583,His necktie clashes with his stocks!
2338,1,3,30,34,1.1470588235294117,0.07472293375658888,583,He pushed all the buttons in the elevator.
2338,0,5,29,34,1.1470588235294117,0.06165213406602946,583,"...and of course, our compensation package includes stock options."
2338,2,1,31,34,1.1470588235294117,0.0858256839383612,583,That's the new art piece? or No Guillotine? or It's part of the new fed regulations. or He thinks he's Marie Antoinette. or Larry needed a time out. or I didn't believe him when he said his hands were tied.
2338,2,1,31,34,1.1470588235294117,0.0858256839383612,583,"I think I'd just prefer the boss to say, ""You're fired!"""
2338,0,5,29,34,1.1470588235294117,0.06165213406602946,583,This art keeps getting more violent. I've heard that next week they are hanging a painting.
2338,1,3,30,34,1.1470588235294117,0.07472293375658888,583,At least it's better than the guillotine.
2338,1,3,30,34,1.1470588235294117,0.07472293375658888,583,He complained about his cubicle being too confining.
2338,0,5,29,34,1.1470588235294117,0.06165213406602946,583,Him? He kept cooking fish in the microwave.
2338,0,5,29,34,1.1470588235294117,0.06165213406602946,583,Bet he won't use the executive wash room again.
2338,2,1,31,34,1.1470588235294117,0.0858256839383612,583,He pinned up a New Yorker cartoon in his cubicle without the express written permission of Condé Nast.
2338,0,5,29,34,1.1470588235294117,0.06165213406602946,583,"Wells Fargo, ""Employee of the Week."""
2338,1,3,30,34,1.1470588235294117,0.07472293375658888,583,It looks like Jim just LOCKED into a fixed rate Pillory loan this morning.
2338,0,5,29,34,1.1470588235294117,0.06165213406602946,583,The boss is from Pilgrim stock
2338,1,3,30,34,1.1470588235294117,0.07472293375658888,583,His memo went viral.
2338,1,3,30,34,1.1470588235294117,0.07472293375658888,583,He must be the new guy.
2338,1,3,30,34,1.1470588235294117,0.07472293375658888,583,I still think the water feature worked better there.
2338,0,5,29,34,1.1470588235294117,0.06165213406602946,583,He got caught watching 'Game of Thrones' during a staff meeting
2338,1,3,30,34,1.1470588235294117,0.07472293375658888,583,Misogynistic rant again?
2338,2,1,31,34,1.1470588235294117,0.0858256839383612,583,"Oh that's just Bill, the head of the board."
2338,0,5,29,34,1.1470588235294117,0.06165213406602946,583,"He ""Replied to all"" too many times"
2338,1,3,30,34,1.1470588235294117,0.07472293375658888,583,Some sort of misunderstand about wanting more company stock.
2338,0,5,29,34,1.1470588235294117,0.06165213406602946,583,You can never be too careful with stocks options.
2338,2,1,31,34,1.1470588235294117,0.0858256839383612,583,He just got transferred from the Middle Ages.
2338,1,3,30,34,1.1470588235294117,0.07472293375658888,583,"It's art, but is it nice?"
2338,1,3,30,34,1.1470588235294117,0.07472293375658888,583,looks like their stock isn't going anywhere
2338,0,5,29,34,1.1470588235294117,0.06165213406602946,583,Now I see why on the phone he always tells me his hands are tied.
2338,1,3,30,34,1.1470588235294117,0.07472293375658888,583,They are really serious about your not taking long lunch hours.
2338,0,5,29,34,1.1470588235294117,0.06165213406602946,583,Last week he was bullish on bonds.
2338,0,5,29,34,1.1470588235294117,0.06165213406602946,583,He missed the team building session.
2338,1,3,30,34,1.1470588235294117,0.07472293375658888,583,"I'm glad we started publicly shaming all of our coworkers who still start conversations with ""I hate Mondays"""
2338,0,5,29,34,1.1470588235294117,0.06165213406602946,583,Technology rendered him ineffectual.
2338,1,3,30,34,1.1470588235294117,0.07472293375658888,583,"As you can see to your left, our company is very committed to empowering women in the workplace."
2338,0,5,29,34,1.1470588235294117,0.06165213406602946,583,"With a generous benefits package, our employees can take a lot of abuse."
2338,1,3,30,34,1.1470588235294117,0.07472293375658888,583,Today is the board meeting.
2338,1,3,30,34,1.1470588235294117,0.07472293375658888,583,"Caught leaking info., public shaming and no Starbucks for two weeks."
2338,0,5,29,34,1.1470588235294117,0.06165213406602946,583,Lesson learned. Don't disagree with our President.
2338,1,3,30,34,1.1470588235294117,0.07472293375658888,583,Republican management.
2338,0,5,29,34,1.1470588235294117,0.06165213406602946,583,It's the one unforgivable sin for a bank teller: Sock puppetry.
2338,1,3,30,34,1.1470588235294117,0.07472293375658888,583,He missed his sales quota.
2338,2,1,31,34,1.1470588235294117,0.0858256839383612,583,"Boss said we needed to get our stock up. People misunderstood, but it's turned out to be great for productivity."
2338,0,5,29,34,1.1470588235294117,0.06165213406602946,583,"When they said their stock would go up, but this wasn't what I visualized."
2338,0,5,29,34,1.1470588235294117,0.06165213406602946,583,They take raiding the lunch room fridge very seriously!
2338,0,5,29,34,1.1470588235294117,0.06165213406602946,583,He wore a suit on Friday.
2338,1,3,30,34,1.1470588235294117,0.07472293375658888,583,...and there you see our Employee of the Month.
2338,1,3,30,34,1.1470588235294117,0.07472293375658888,583,He thought the conference room booking policy was a joke.
2338,0,5,29,34,1.1470588235294117,0.06165213406602946,583,These street artists are so creative.
2338,0,5,29,34,1.1470588235294117,0.06165213406602946,583,His stocks are holding up.
2338,0,5,29,34,1.1470588235294117,0.06165213406602946,583,He once was a great stock picker.
2338,1,3,30,34,1.1470588235294117,0.07472293375658888,583,I think he questioned building the wall.
2338,1,3,30,34,1.1470588235294117,0.07472293375658888,583,I told him to stay in bonds.
2338,1,3,30,34,1.1470588235294117,0.07472293375658888,583,"Hey, it's better then the HR meetings they used to make you have when you had too many compliance violations."
2338,0,5,29,34,1.1470588235294117,0.06165213406602946,583,It's the third time he's come in under quota.
2338,0,5,29,34,1.1470588235294117,0.06165213406602946,583,You'll find we shame our underperforming stockbrokers literally here.
2338,0,5,29,34,1.1470588235294117,0.06165213406602946,583,He brought his kids to work.
2338,0,5,29,34,1.1470588235294117,0.06165213406602946,583,"He ""replied all"" to an everyone group e-mail."
2338,1,3,30,34,1.1470588235294117,0.07472293375658888,583,"He's been fiddling with the company stock, so we thought it was an appropriate punishment."
2338,1,3,30,34,1.1470588235294117,0.07472293375658888,583,"Yes, our company stock sharing program is quite unique."
2338,0,5,29,34,1.1470588235294117,0.06165213406602946,583,Jim Replied All again.
2338,1,3,30,34,1.1470588235294117,0.07472293375658888,583,He believed in diplomacy first.
2338,0,5,29,34,1.1470588235294117,0.06165213406602946,583,It’s instead of ‘Employee of the Month’.
2338,1,3,30,34,1.1470588235294117,0.07472293375658888,583,He told the boss his ideas were obsolete.
2338,1,3,30,34,1.1470588235294117,0.07472293375658888,583,"He refused to ""like"" the CEO's new puppy pics."
2338,0,5,29,34,1.1470588235294117,0.06165213406602946,583,He insisted on being invested in a public stock.
2338,2,1,31,34,1.1470588235294117,0.0858256839383612,583,I'm surprised he took the stock option.
2338,1,3,30,34,1.1470588235294117,0.07472293375658888,583,Yep . . . stockbroker.
2338,1,3,30,34,1.1470588235294117,0.07472293375658888,583,Why can't they just disable your password before your exit interview.
2338,1,3,30,34,1.1470588235294117,0.07472293375658888,583,He made another one of his 'suggestions'.....
2338,1,3,30,34,1.1470588235294117,0.07472293375658888,583,It's Bring Your Fetish to Work Day.
2338,0,5,29,34,1.1470588235294117,0.06165213406602946,583,We're not real big on thinking outside the box here.
2338,1,3,30,34,1.1470588235294117,0.07472293375658888,583,No collared shirt last casual Friday.
2338,1,3,30,34,1.1470588235294117,0.07472293375658888,583,He shouldn't be hanging out in the lobby.
2338,1,3,30,34,1.1470588235294117,0.07472293375658888,583,He's locked out of his fantasy football picks.
2338,1,3,30,34,1.1470588235294117,0.07472293375658888,583,"You said George worked in stocks and bonds, but..."
2338,1,3,30,34,1.1470588235294117,0.07472293375658888,583,"Here at the Tower there is a standing order to ""Pillory Hillary"" and the receptionist called security when he signed in as the son of that British mountain climber."
2338,1,3,30,34,1.1470588235294117,0.07472293375658888,583,So he's the one who put the juicer in the break room.
2338,1,3,30,34,1.1470588235294117,0.07472293375658888,583,It's the company punishment for making air quotes.
2338,1,3,30,34,1.1470588235294117,0.07472293375658888,583,I have reservations about management's new performance improvement program.
2338,1,3,30,34,1.1470588235294117,0.07472293375658888,583,He thought they were referring to their IPO. He was wrong.
2338,0,5,29,34,1.1470588235294117,0.06165213406602946,583,A pending execution always sharpens one's mind.
2338,0,5,29,34,1.1470588235294117,0.06165213406602946,583,He's in the old retirement plan.
2338,2,1,31,34,1.1470588235294117,0.0858256839383612,583,Someone had to take the rap.
2338,1,3,30,34,1.1470588235294117,0.07472293375658888,583,He must of had a different idea.
2338,0,5,29,34,1.1470588235294117,0.06165213406602946,583,He said that he wanted to get into stocks.
2338,1,3,30,34,1.1470588235294117,0.07472293375658888,583,"He said he had a lot of experience in stocks, so HR thought that would be funny."
2338,1,3,30,34,1.1470588235294117,0.07472293375658888,583,He should've taken the buyout.
2338,0,5,29,34,1.1470588235294117,0.06165213406602946,583,Touched the thermostat
2338,0,5,29,34,1.1470588235294117,0.06165213406602946,583,"Oh, he's my stock analyst."
2338,1,3,30,34,1.1470588235294117,0.07472293375658888,583,His team found out he voted for Trump.
2338,0,5,29,34,1.1470588235294117,0.06165213406602946,583,And that's Bob from the Salem office.
2338,0,5,29,34,1.1470588235294117,0.06165213406602946,583,We have an extremely diversified stock portfolio.
2338,0,5,29,34,1.1470588235294117,0.06165213406602946,583,"""remind to add that stock to my portfolio""."
2338,0,5,29,34,1.1470588235294117,0.06165213406602946,583,I think he fraudulently selling bonds.
2338,1,3,30,34,1.1470588235294117,0.07472293375658888,583,"Picked the wrong stocks, I guess."
2338,0,5,29,34,1.1470588235294117,0.06165213406602946,583,He is still on probation.
2338,1,3,30,34,1.1470588235294117,0.07472293375658888,583,"He probably forgot his badge , again."
2338,2,1,31,34,1.1470588235294117,0.0858256839383612,583,Modern art is getting out of hands
2338,1,3,30,34,1.1470588235294117,0.07472293375658888,583,"I hear the CEO suffers from a real ""persecution complex."
2338,0,5,29,34,1.1470588235294117,0.06165213406602946,583,"Well, he's finished at this company, but he's as good as any Walmart greeter I've ever seen."
2338,1,3,30,34,1.1470588235294117,0.07472293375658888,583,"Our president calls it the ""crooked pillory."""
2338,0,5,29,34,1.1470588235294117,0.06165213406602946,583,He made inappropriate comments to his treadmill desk.
2338,1,3,30,34,1.1470588235294117,0.07472293375658888,583,It may not be art but we know what we like
2338,1,3,30,34,1.1470588235294117,0.07472293375658888,583,"To answer your question, yes, we do have penalties for early withdrawal."
2338,1,3,30,34,1.1470588235294117,0.07472293375658888,583,They're very strict here. No ties with dots.
2338,1,3,30,34,1.1470588235294117,0.07472293375658888,583,I guess that's what the memo meant about getting public stock.
2338,0,5,29,34,1.1470588235294117,0.06165213406602946,583,"The benefits package may be good, but the stock options are constrained"
2338,0,5,29,34,1.1470588235294117,0.06165213406602946,583,"Yeah, our stock's down today. Usually it's up in the cafeteria."
2338,2,1,31,34,1.1470588235294117,0.0858256839383612,583,"As our new intern, don't tell the brokers getting into stocks is easy."
2338,0,5,29,34,1.1470588235294117,0.06165213406602946,583,I miss the bucket of ripe tomatoes.
2338,1,3,30,34,1.1470588235294117,0.07472293375658888,583,He wore white after Labor Day
2338,2,1,31,34,1.1470588235294117,0.0858256839383612,583,They can't test the guillotine.
2338,1,3,30,34,1.1470588235294117,0.07472293375658888,583,"I know sitting is the new smoking, but that's ridiculous."
2338,1,3,30,34,1.1470588235294117,0.07472293375658888,583,HR will explain our creative stock options packages for new employees.
2338,1,3,30,34,1.1470588235294117,0.07472293375658888,583,"That's what happens sometimes when you hit ""Reply All."""
2338,0,5,29,34,1.1470588235294117,0.06165213406602946,583,He microwaved fish.
2338,0,5,29,34,1.1470588235294117,0.06165213406602946,583,Best not to ask about stock options..
2338,2,1,31,34,1.1470588235294117,0.0858256839383612,583,That brings a whole new look to tie die.
2338,0,5,29,34,1.1470588235294117,0.06165213406602946,583,That's the CEO's timeout.
2338,1,3,30,34,1.1470588235294117,0.07472293375658888,583,Fred’s the last guy I’d think of as being into stocks and bondage.
2338,1,3,30,34,1.1470588235294117,0.07472293375658888,583,If you lie on your tax return you pay the consequences.
2338,2,1,31,34,1.1470588235294117,0.0858256839383612,583,He punched his time card a minute early.
2338,0,5,29,34,1.1470588235294117,0.06165213406602946,583,'--- but he persisted'
2338,0,5,29,34,1.1470588235294117,0.06165213406602946,583,"It's the quaint old fashioned little touches that I like about this place,"
2338,1,3,30,34,1.1470588235294117,0.07472293375658888,583,He used his personal email for work.
2338,1,3,30,34,1.1470588235294117,0.07472293375658888,583,"He just won't stop hitting ""Reply All""."
2338,1,3,30,34,1.1470588235294117,0.07472293375658888,583,"Oh good, you made it through that yellow light."
2338,1,3,30,34,1.1470588235294117,0.07472293375658888,583,Touched the thermostat
2338,1,3,30,34,1.1470588235294117,0.07472293375658888,583,I see Eric's won the employee of the month again.
2338,2,1,31,34,1.1470588235294117,0.0858256839383612,583,It's a penalty for early withdrawal.
2338,1,3,30,34,1.1470588235294117,0.07472293375658888,583,Just don't ask for a raise and you'll be fine.
2338,0,5,29,34,1.1470588235294117,0.06165213406602946,583,Don't pity him. He's got a 401(k) and full health care.
2338,1,3,30,34,1.1470588235294117,0.07472293375658888,583,They used to just encourage people to find another job.
2338,1,3,30,34,1.1470588235294117,0.07472293375658888,583,The Attorney General does not like to be laughed at.
2338,1,3,30,34,1.1470588235294117,0.07472293375658888,583,No cell phones allowed I see!
2338,1,3,30,34,1.1470588235294117,0.07472293375658888,583,"It's the ""Think Again"" tank."
2338,0,5,29,34,1.1470588235294117,0.06165213406602946,583,"Forget modern art, medieval art is the latest craze."
2338,1,3,30,34,1.1470588235294117,0.07472293375658888,583,I warned him not to get into stocks.
2338,1,3,30,34,1.1470588235294117,0.07472293375658888,583,"Oh, him? He's serving a micro-punishment for violating multiple trigger warnings."
2338,2,1,31,34,1.1470588235294117,0.0858256839383612,583,His 'hands-off' approach got to his head.
2338,2,1,31,34,1.1470588235294117,0.0858256839383612,583,This office fantasy football league has gone too far.
2338,2,1,31,34,1.1470588235294117,0.0858256839383612,583,The firm is very proud of its long tradition.
2338,0,5,29,34,1.1470588235294117,0.06165213406602946,583,"He forgot to update the security software, and 140 million customers got hacked."
2338,0,5,29,34,1.1470588235294117,0.06165213406602946,583,Maybe I won't ask if they validate parking.
2338,1,3,30,34,1.1470588235294117,0.07472293375658888,583,He won't be drawing this week's New Yorker cartoon.
2338,2,1,31,34,1.1470588235294117,0.0858256839383612,583,They've replaced 'verbal warning' in the progressive discipline process.
2338,0,5,29,34,1.1470588235294117,0.06165213406602946,583,He wore that tie on business casual Friday!
2338,1,3,30,34,1.1470588235294117,0.07472293375658888,583,"Hows that for a plunge, 80th floor senior partner to this."
2338,1,3,30,34,1.1470588235294117,0.07472293375658888,583,And here is our unemployee of the month.
2338,1,3,30,34,1.1470588235294117,0.07472293375658888,583,He sent an email that should have been a pointless meeting.
2338,1,3,30,34,1.1470588235294117,0.07472293375658888,583,This company is so Puritanical!
2338,1,3,30,34,1.1470588235294117,0.07472293375658888,583,Remember what your Mom said. 'It's not polite to stare.'
2338,1,3,30,34,1.1470588235294117,0.07472293375658888,583,It was that or bonds.
2338,1,3,30,34,1.1470588235294117,0.07472293375658888,583,I guess it is better than getting your pay docked...
2338,2,1,31,34,1.1470588235294117,0.0858256839383612,583,I heard he microwaved fish in the break room last week.
2338,0,5,29,34,1.1470588235294117,0.06165213406602946,583,Can't wait to see what they've been doing with our bonds...
2338,1,3,30,34,1.1470588235294117,0.07472293375658888,583,You cannot go wrong with a skinny tie!
2338,0,5,29,34,1.1470588235294117,0.06165213406602946,583,What are you staring at?
2338,1,3,30,34,1.1470588235294117,0.07472293375658888,583,"""You're in luck, there's only one in front of you""!"
2338,1,3,30,34,1.1470588235294117,0.07472293375658888,583,Oh him? He's our new stock analyst.
2338,1,3,30,34,1.1470588235294117,0.07472293375658888,583,I know where I can find some rotten apples .
2338,2,1,31,34,1.1470588235294117,0.0858256839383612,583,It's our 3-D printed downtown jacket. Catalog only.
2338,2,1,31,34,1.1470588235294117,0.0858256839383612,583,I see the company's stock is up.
2338,1,3,30,34,1.1470588235294117,0.07472293375658888,583,He left a voicemail
2338,1,3,30,34,1.1470588235294117,0.07472293375658888,583,"This is Stocks, we should be in the Bonds dept."
2338,2,1,31,34,1.1470588235294117,0.0858256839383612,583,I'm glad to see we're getting back to our old fashioned values.
2338,0,5,29,34,1.1470588235294117,0.06165213406602946,583,He's our stock picker.
2338,2,1,31,34,1.1470588235294117,0.0858256839383612,583,"Oh, is that one of your stockholders?"
2338,2,1,31,34,1.1470588235294117,0.0858256839383612,583,Stocks are up again.
2338,1,3,30,34,1.1470588235294117,0.07472293375658888,583,He failed his Ethics Retraining. Our HR department is pretty strict.
2338,1,3,30,34,1.1470588235294117,0.07472293375658888,583,It's to make it easy for our head hunter.
2338,0,5,29,34,1.1470588235294117,0.06165213406602946,583,Gives new meaning to stock options.
2338,2,1,31,34,1.1470588235294117,0.0858256839383612,583,"Well, he did say he wanted to have a major stock in the company."
2338,2,1,31,34,1.1470588235294117,0.0858256839383612,583,He's awaiting his disciplinary hearing with H.R. tomorrow.
2338,1,3,30,34,1.1470588235294117,0.07472293375658888,583,"Well, he WAS warned not to text while in board meetings....."
2338,1,3,30,34,1.1470588235294117,0.07472293375658888,583,Lockup period.
2338,0,5,29,34,1.1470588235294117,0.06165213406602946,583,My broker advised us to stay away from those stocks..
2338,0,5,29,34,1.1470588235294117,0.06165213406602946,583,"Fidget spinner violation, third offense."
2338,1,3,30,34,1.1470588235294117,0.07472293375658888,583,He stole a toaster.
2338,2,1,31,34,1.1470588235294117,0.0858256839383612,583,I still think they should have put him in bonds.
2338,1,3,30,34,1.1470588235294117,0.07472293375658888,583,"At Puritan Hardware, we take missed sales quota seriously."
2338,1,3,30,34,1.1470588235294117,0.07472293375658888,583,That wall decor would fit perfectly into some stupid cartoon.
2338,1,3,30,34,1.1470588235294117,0.07472293375658888,583,He used to be in bonds.
2338,0,5,29,34,1.1470588235294117,0.06165213406602946,583,He pushed all of the elevator buttons.
2338,1,3,30,34,1.1470588235294117,0.07472293375658888,583,"Performance art? No I don't think so, Ed. Remember who's in the White House."
2338,1,3,30,34,1.1470588235294117,0.07472293375658888,583,He took the severence package.
2338,1,3,30,34,1.1470588235294117,0.07472293375658888,583,"He forgot his PIN, again."
2338,1,3,30,34,1.1470588235294117,0.07472293375658888,583,Intersting... he's normally wearing a bow-tie
2338,0,5,29,34,1.1470588235294117,0.06165213406602946,583,Employee of the month ain't what it used to be
2338,1,3,30,34,1.1470588235294117,0.07472293375658888,583,We take the weekly football pool pretty seriously around here.
2338,0,5,29,34,1.1470588235294117,0.06165213406602946,583,Good thing we taught our kids not to text too much.
2338,0,5,29,34,1.1470588235294117,0.06165213406602946,583,I think you have crossed over the event horizon.
2338,0,5,29,34,1.1470588235294117,0.06165213406602946,583,I believe he was caught eating someone else's lunch.
2338,0,5,29,34,1.1470588235294117,0.06165213406602946,583,Jeez!! I told Tim to stay out of stocks.
2338,0,5,29,34,1.1470588235294117,0.06165213406602946,583,There's a matching one in the conference room.
2338,0,5,29,34,1.1470588235294117,0.06165213406602946,583,"To be fair, George, you're the one who demanded a more transparent corporate culture."
2338,0,5,29,34,1.1470588235294117,0.06165213406602946,583,Quite a demonstration in this suicide prevention clinic.
2338,1,3,30,34,1.1470588235294117,0.07472293375658888,583,You'd think he'd learn already.
2338,0,5,29,34,1.1470588235294117,0.06165213406602946,583,"Well, if I were management I wouldn't have handled it like that, but his hands really were too small for the job."
2338,0,5,29,34,1.1470588235294117,0.06165213406602946,583,Did I mention that microwaving leftover fish is a no-no?
2338,0,5,29,34,1.1470588235294117,0.06165213406602946,583,Another reality show applicant.
2338,0,5,29,34,1.1470588235294117,0.06165213406602946,583,I'm still not sure about these new ergonomic work-desks
2338,0,5,29,34,1.1470588235294117,0.06165213406602946,583,I told him to stay away from Stocks
2674,1,4,36,41,1.146341463414634,0.0658988101761283,583,This is what happens when you don't diversify and go completely into stocks!
2675,1,3,31,35,1.1428571428571428,0.07267814558130975,583,"Jeez, this place is tough on their interns!"
2675,2,1,32,35,1.1428571428571428,0.08344330478861452,583,It's nice to see a financial advisor who actually researches stocks.
2675,1,3,31,35,1.1428571428571428,0.07267814558130975,583,Classic Bill: always the kidder around bonus time.
2675,1,4,37,42,1.1428571428571428,0.0644049739048166,583,"He's the Head of the Social Media Department, he's in the stocks because he didn't get enough shares."
2675,1,4,37,42,1.1428571428571428,0.0644049739048166,583,So much for political correctness in the Trump era
2675,0,5,30,35,1.1428571428571428,0.06001200360120041,583,Should I pull on his tie so he will know what's he's in for?
2675,1,3,31,35,1.1428571428571428,0.07267814558130975,583,"Well, if you can think of a better way to get people to stop using ""reply all"" I'd love to hear it."
2675,0,5,30,35,1.1428571428571428,0.06001200360120041,583,I should tell you that we do have strict sales quotas.
2675,1,3,31,35,1.1428571428571428,0.07267814558130975,583,He was encouraged to speak openly
2675,1,3,31,35,1.1428571428571428,0.07267814558130975,583,It's new policy when you don't hit your numbers.
2675,1,3,31,35,1.1428571428571428,0.07267814558130975,583,That's not art. That's Art.
2675,1,3,31,35,1.1428571428571428,0.07267814558130975,583,I heard that stocks were going to go up.
2675,0,5,30,35,1.1428571428571428,0.06001200360120041,583,I see the company's stock is up.
2675,1,3,31,35,1.1428571428571428,0.07267814558130975,583,These are the real stocks and bonds guys.
2675,0,5,30,35,1.1428571428571428,0.06001200360120041,583,My headache doesn't require a second opinion anymore.
2675,1,3,31,35,1.1428571428571428,0.07267814558130975,583,"Oh, Ted there's just really into stocks and bonds."
2675,1,3,31,35,1.1428571428571428,0.07267814558130975,583,threw out his receipt ticket.
2675,0,5,30,35,1.1428571428571428,0.06001200360120041,583,He thought the Alt-Right was a type of country music so he liked their Facebook page.
2675,1,3,31,35,1.1428571428571428,0.07267814558130975,583,The stock market can be confining for some investors....
2675,0,5,30,35,1.1428571428571428,0.06001200360120041,583,"Oh, I'm not sure it captures enough reality to make it really work for me."
2675,0,5,30,35,1.1428571428571428,0.06001200360120041,583,At least he's not tarred and feathered.
2675,0,5,30,35,1.1428571428571428,0.06001200360120041,583,Not what I expected when I read they were leaders in the stock market.
2675,1,3,31,35,1.1428571428571428,0.07267814558130975,583,We've been exploring new stock options.
2675,1,3,31,35,1.1428571428571428,0.07267814558130975,583,Here we're old school.
2675,0,5,30,35,1.1428571428571428,0.06001200360120041,583,I see Jeanine is on a power trip again.
2675,1,3,31,35,1.1428571428571428,0.07267814558130975,583,He's been quite successful investing in stocks.
2701,0,5,31,36,1.1388888888888888,0.05845603120101682,583,Jones was never astute in choosing stock options.
2701,0,5,31,36,1.1388888888888888,0.05845603120101682,583,"Poor guy. He used ""reply all"" one too many times."
2701,1,3,32,36,1.1388888888888888,0.07074184879599797,583,That's Jim from corporate. He wanted to disrupt the industry a little too much.
2701,0,5,31,36,1.1388888888888888,0.05845603120101682,583,That gives a whole new meaning to 'employee of the month'.
2701,1,3,32,36,1.1388888888888888,0.07074184879599797,583,"he's, like, a centrist? i don't know, who cares"
2701,0,5,31,36,1.1388888888888888,0.05845603120101682,583,I guess that promotion request didn't quite work out for him.
2701,1,3,32,36,1.1388888888888888,0.07074184879599797,583,Poetic justice for crashing the stock exchange.
2701,1,3,32,36,1.1388888888888888,0.07074184879599797,583,Thank God the higher ups have done away with being drawn and quartered!
2709,0,5,32,37,1.135135135135135,0.05697797585888971,583,He was hired as a greeter but kept wandering off.
2709,0,5,32,37,1.135135135135135,0.05697797585888971,583,He wasn't kidding when he said he was getting into stocks.
2709,1,3,33,37,1.135135135135135,0.06890566910260519,583,He claimed white privilege again.
2709,1,3,33,37,1.135135135135135,0.06890566910260519,583,He's the entertainment for lunchtime.
2713,0,5,33,38,1.131578947368421,0.05557219020090345,583,"The artist calls it Pillory Clinton. It's a real covfefe, if you ask me."
2713,1,3,34,38,1.131578947368421,0.06716206838991055,583,Don't feed the underachievers.
2713,1,3,34,38,1.131578947368421,0.06716206838991055,583,"Frank, I told you what happens at home stays at home!"
2713,0,5,33,38,1.131578947368421,0.05557219020090345,583,I'd rather die than be seen in that
2717,0,4,27,31,1.1290322580645162,0.06120537406777509,583,I guess he brought up paternal leave again.
2717,0,4,27,31,1.1290322580645162,0.06120537406777509,583,The trick is to not make eye contact.
2717,0,4,27,31,1.1290322580645162,0.06120537406777509,583,For some reason I don't think he's going to do well in stocks.
2717,1,2,28,31,1.1290322580645162,0.07678955299508441,583,I told him not to take more paper clips.
2717,0,4,27,31,1.1290322580645162,0.06120537406777509,583,"We're doing our part, making America great again."
2717,0,4,27,31,1.1290322580645162,0.06120537406777509,583,So there's the stocks. Now where are the bonds?
2723,0,4,28,32,1.125,0.05939887041393643,583,It looks like Bradly forgot his password again.
2723,0,4,28,32,1.125,0.05939887041393643,583,Having health insurance really does have it's advantages.
2723,0,4,28,32,1.125,0.05939887041393643,583,"I told you not to hit ""Reply all"" on an email"
2723,0,4,28,32,1.125,0.05939887041393643,583,He provides stock aid.
2723,1,2,29,32,1.125,0.07446042464765883,583,Jimmy used the wrong pronoun.
2723,0,4,28,32,1.125,0.05939887041393643,583,Rents received after the 10th are subject to a $100 late fee or........
2723,1,2,29,32,1.125,0.07446042464765883,583,"just so you know, don't ask for stock aide options"
2723,1,2,29,32,1.125,0.07446042464765883,583,I'm sure you'll have some questions about our employee stock program.
2723,1,2,29,32,1.125,0.07446042464765883,583,I don't think that's helping make our lobby look any less nondescript.
2723,0,4,28,32,1.125,0.05939887041393643,583,He didn't tape all 4 sides of his receipts to his expense report.
2723,0,4,28,32,1.125,0.05939887041393643,583,The pitch is to get retirees into stocks.
2723,0,4,28,32,1.125,0.05939887041393643,583,That's the result of leaving the lid up in our gender neutral bathrooms.
2723,0,4,28,32,1.125,0.05939887041393643,583,"He paid the rack rate, but he'll save on transportation."
2723,1,2,29,32,1.125,0.07446042464765883,583,Another reply all and he gets the rack
2723,1,2,29,32,1.125,0.07446042464765883,583,He's the guy that sent the 'Reply All' to the company-wide email.
2723,0,4,28,32,1.125,0.05939887041393643,583,It's the corporate art rotation program. This month's is called Stocks and Bondage.
2723,1,2,29,32,1.125,0.07446042464765883,583,Ted didn't submit timecards on time.
2723,0,4,28,32,1.125,0.05939887041393643,583,"He got tired of saying ""You're fired!""."
2723,0,4,28,32,1.125,0.05939887041393643,583,"Wagner. Twelfth floor. Accounting. Asked the summer intern to drive his daughter's soccer carpool while he went to ""Hamilton."""
2723,0,4,28,32,1.125,0.05939887041393643,583,It's not so bad. There's plenty of potential for upward mobility.
2723,1,2,29,32,1.125,0.07446042464765883,583,I thought it was Corporal NOT Corporate Punishment!
2723,0,4,28,32,1.125,0.05939887041393643,583,They failed to use the preferred gender pronoun.
2723,0,4,28,32,1.125,0.05939887041393643,583,"Yeah, right now he's in stocks, but he used to be in bonds."
2723,1,2,29,32,1.125,0.07446042464765883,583,It's a pun. Bonds are one floor up.
2723,0,4,28,32,1.125,0.05939887041393643,583,"If you'd witnessed his behavior at the office party, you'd understand."
2723,1,2,29,32,1.125,0.07446042464765883,583,Employee of the Month Not.
2723,1,2,29,32,1.125,0.07446042464765883,583,That reminds me. Be sure to make your sales quota.
2723,0,4,28,32,1.125,0.05939887041393643,583,He must've said the news was real
2723,1,2,29,32,1.125,0.07446042464765883,583,"So, that's the penalty for early withdrawal."
2723,1,2,29,32,1.125,0.07446042464765883,583,He's just letting his hands rest from the computer use.
2723,1,2,29,32,1.125,0.07446042464765883,583,Pant suits suck.
2723,1,2,29,32,1.125,0.07446042464765883,583,They've diversified into stocks and bondage.
2723,0,4,28,32,1.125,0.05939887041393643,583,The new 'employee of the month'!
2723,0,4,28,32,1.125,0.05939887041393643,583,We have a very empathetic CEO.
2723,0,4,28,32,1.125,0.05939887041393643,583,Caught using Android.
2723,0,4,28,32,1.125,0.05939887041393643,583,He started in the board room.
2723,1,2,29,32,1.125,0.07446042464765883,583,"An accurate representation of todays life, very few people worry about others in their times of need."
2723,1,2,29,32,1.125,0.07446042464765883,583,"After his bad experience, it's sad to see Fred back into stocks!"
2723,0,4,28,32,1.125,0.05939887041393643,583,He forgot to water the plants.
2723,0,4,28,32,1.125,0.05939887041393643,583,He was caught watching Renaissance porn on the internet
2723,1,2,29,32,1.125,0.07446042464765883,583,Oh that? That's a promotion.
2723,1,2,29,32,1.125,0.07446042464765883,583,Looks like the newest candidate for their stocks portfolio
2723,0,4,28,32,1.125,0.05939887041393643,583,Just because his tie is too long?
2723,0,4,28,32,1.125,0.05939887041393643,583,he's in Stocks and Bonds..
2723,1,2,29,32,1.125,0.07446042464765883,583,Guess it is true that Rob got out of bonds and into stocks.
2723,1,2,29,32,1.125,0.07446042464765883,583,Picked the wrong stock.
2723,1,2,29,32,1.125,0.07446042464765883,583,I hear mixed reviews about the stock options.
2723,0,4,28,32,1.125,0.05939887041393643,583,are you still thinking about the employee stock option?
2723,0,4,28,32,1.125,0.05939887041393643,583,"The next time he's late, he gets branded with an L."
2723,1,2,29,32,1.125,0.07446042464765883,583,"What do you think he's in for?"" ""Going over the caption limitation"
2723,0,4,28,32,1.125,0.05939887041393643,583,The new HR administrator believes in old school punishment.
2723,0,4,28,32,1.125,0.05939887041393643,583,He's on digital detox.
2723,0,4,28,32,1.125,0.05939887041393643,583,Looks like he got really stuck at this job.
2723,1,2,29,32,1.125,0.07446042464765883,583,Poor James. He must have offended Donald.
2723,0,4,28,32,1.125,0.05939887041393643,583,Clearly our new investment chief places greater value on stocks and bonds.
2723,0,4,28,32,1.125,0.05939887041393643,583,Go with bonds
2723,0,4,28,32,1.125,0.05939887041393643,583,"I heard he called the company ""literally medieval"" one too many times."
2723,1,2,29,32,1.125,0.07446042464765883,583,He just went in to ask for a raise.
2723,0,4,28,32,1.125,0.05939887041393643,583,Too bad about Roy... the lengths we have to go to these days to keep people off Twitter at work.
2723,1,2,29,32,1.125,0.07446042464765883,583,Looks like stocks are up.
2723,2,0,30,32,1.125,0.08695104295503155,583,MOMA has officially run out of ideas.
2723,1,2,29,32,1.125,0.07446042464765883,583,It's called Public Display of Affliction.
2723,1,2,29,32,1.125,0.07446042464765883,583,Just another fad diet
2723,1,2,29,32,1.125,0.07446042464765883,583,He's the one responsible for losing our top account.
2723,1,2,29,32,1.125,0.07446042464765883,583,He micro-aggressed the custodian
2723,1,2,29,32,1.125,0.07446042464765883,583,The boss does not like puppet shows.
2723,0,4,28,32,1.125,0.05939887041393643,583,Google him.
2723,0,4,28,32,1.125,0.05939887041393643,583,Looks like that fella's in trouble. He probably farted piss out of his ass.
2723,0,4,28,32,1.125,0.05939887041393643,583,We're in the wrong store. This is Stocks and Barrel.
2723,1,2,29,32,1.125,0.07446042464765883,583,"Oh, he's not being punished... he's being celebrated for being for late."
2723,1,2,29,32,1.125,0.07446042464765883,583,Did they run out of pink slips?
2723,1,2,29,32,1.125,0.07446042464765883,583,Customer survey favored no banking fees.
2723,1,2,29,32,1.125,0.07446042464765883,583,I believe he messed up the boss's lunch order.
2723,1,2,29,32,1.125,0.07446042464765883,583,Ponzi scheme.
2723,0,4,28,32,1.125,0.05939887041393643,583,"As you can see, employee stock ownership is taken quite seriously here"
2723,0,4,28,32,1.125,0.05939887041393643,583,When stocks become bonds. . .
2723,0,4,28,32,1.125,0.05939887041393643,583,I wonder if he used too much toilet paper ?
2723,1,2,29,32,1.125,0.07446042464765883,583,They specialize in stocks and bondage.
2723,1,2,29,32,1.125,0.07446042464765883,583,I don't think we should get our loan here--I hear they have a rough collection group.
2723,1,2,29,32,1.125,0.07446042464765883,583,I warned him about saying anything bad about Trump
2723,1,2,29,32,1.125,0.07446042464765883,583,Are you coming or are you just going to stand there?
2723,1,2,29,32,1.125,0.07446042464765883,583,HR is now in charge of stock options.
2723,0,4,28,32,1.125,0.05939887041393643,583,"Don't mind him. He's taking puns to a new level. Say, are you into stocks?"
2723,0,4,28,32,1.125,0.05939887041393643,583,"At the very least, he could at least ask us how our day is going."
2723,1,2,29,32,1.125,0.07446042464765883,583,They say he'll speak if you pull his tie.
2723,2,0,30,32,1.125,0.08695104295503155,583,I heard they have some pretty serious penalties for early withdrawal.
2723,1,2,29,32,1.125,0.07446042464765883,583,wow... they'll call anything art these days...
2723,0,4,28,32,1.125,0.05939887041393643,583,"As you may have surmised, we run a tight corporate culture here."
2723,0,4,28,32,1.125,0.05939887041393643,583,It was that or lose a week's pay.
2723,0,4,28,32,1.125,0.05939887041393643,583,"What do I do? Oh, I'm in stocks."
2723,0,4,28,32,1.125,0.05939887041393643,583,Stock art is everywhere these days.
2723,0,4,28,32,1.125,0.05939887041393643,583,Trump's latest invention. He's planning on installing more of them on the White House lawn.
2723,0,4,28,32,1.125,0.05939887041393643,583,Looks like the boss got himself a whipping boy.
2723,0,4,28,32,1.125,0.05939887041393643,583,HR said he declined the sensitivity training course.
2723,0,4,28,32,1.125,0.05939887041393643,583,I say let's go with the junk bonds rather than the secure stocks.
2723,0,4,28,32,1.125,0.05939887041393643,583,"On second thought, let's stick with the bonds market."
2723,1,2,29,32,1.125,0.07446042464765883,583,"Hey buddy, can you spare a sawbuck for a mocha latte?"
2723,0,4,28,32,1.125,0.05939887041393643,583,How many 'likes' do you suppose he'll get?
2723,1,2,29,32,1.125,0.07446042464765883,583,Why would CNN send a spokesperson to Trump Towers?
2723,1,2,29,32,1.125,0.07446042464765883,583,"Don't worry, he'll still be there later."
2723,0,4,28,32,1.125,0.05939887041393643,583,"Which reminds me, have you noticed the company's stock hasn't moved much lately?"
2723,1,2,29,32,1.125,0.07446042464765883,583,Looks like they've rolled out the stocks option performance incentive program.
2723,1,2,29,32,1.125,0.07446042464765883,583,"Honey, I think he's suffering from Stock Home Syndrome."
2723,1,2,29,32,1.125,0.07446042464765883,583,Remind me to clean up my microwave spills in the staff room.
2723,0,4,28,32,1.125,0.05939887041393643,583,We're still trying to decide if having small hands is a crime.
2723,1,2,29,32,1.125,0.07446042464765883,583,This is what we do to the whistleblowers
2723,0,4,28,32,1.125,0.05939887041393643,583,"One more thing, never park in someone else's spot."
2723,1,2,29,32,1.125,0.07446042464765883,583,told you no sex during working hours
2723,1,2,29,32,1.125,0.07446042464765883,583,I'm short TOM stock.
2723,1,2,29,32,1.125,0.07446042464765883,583,I heard Jones is on his way out.
2723,0,4,28,32,1.125,0.05939887041393643,583,It was his choice. He could've worn a scarlet letter.
2723,0,4,28,32,1.125,0.05939887041393643,583,You just don't microwave fish at the workplace.
2723,0,4,28,32,1.125,0.05939887041393643,583,He used to be president of the 'stocks' exchange.
2723,0,4,28,32,1.125,0.05939887041393643,583,He simply refuses to diversify.
2723,1,2,29,32,1.125,0.07446042464765883,583,Individualized incentives really increased participation in the employee wellness program.
2723,0,4,28,32,1.125,0.05939887041393643,583,I guess we're supposed to think of some humiliating and inhumane acts to impose on him.
2723,1,2,29,32,1.125,0.07446042464765883,583,And try not to be late-they're very strict.
2723,1,2,29,32,1.125,0.07446042464765883,583,He wore a tie last casual Friday.
2723,1,2,29,32,1.125,0.07446042464765883,583,"""The security is really tight in this condo""."
2723,1,2,29,32,1.125,0.07446042464765883,583,That's his fifteen minutes.
2723,0,4,28,32,1.125,0.05939887041393643,583,"Ah, I see another morale improvement initiative is underway."
2723,0,4,28,32,1.125,0.05939887041393643,583,We never tell them that they have to press *9#82*# to get out.
2723,1,2,29,32,1.125,0.07446042464765883,583,I'm thinking about getting one of those standing desks
2723,0,4,28,32,1.125,0.05939887041393643,583,"Look, isn't that Art?"
2723,1,2,29,32,1.125,0.07446042464765883,583,"Dunno, but maybe it's a warning for Dodd-Frank supporters!"
2723,2,0,30,32,1.125,0.08695104295503155,583,It's a new approach to Mindfulness
2723,1,2,29,32,1.125,0.07446042464765883,583,That Shia LaBeouf guy needs a new agent.
2723,1,2,29,32,1.125,0.07446042464765883,583,This is one company where stocks are more secure than bonds.
2723,0,4,28,32,1.125,0.05939887041393643,583,He feels he should have gotten off with a just a warning.
2723,0,4,28,32,1.125,0.05939887041393643,583,We take lunch theft very seriously!
2723,0,4,28,32,1.125,0.05939887041393643,583,Remember when forced vacation wasn't a thing?
2723,0,4,28,32,1.125,0.05939887041393643,583,"Sad, he doesn't even look surprised that he is next."
2723,1,2,29,32,1.125,0.07446042464765883,583,He responded to a Trump tweet.
2723,2,0,30,32,1.125,0.08695104295503155,583,He kept asking HR for a standing desk.
2723,0,4,28,32,1.125,0.05939887041393643,583,I might do that too for a point off my mortgage rate.
2723,0,4,28,32,1.125,0.05939887041393643,583,He got caught playing Galaga again.
2723,1,2,29,32,1.125,0.07446042464765883,583,Must've called the boss Tyrion again.
2723,1,2,29,32,1.125,0.07446042464765883,583,I see Harris took the stock option.
2723,1,2,29,32,1.125,0.07446042464765883,583,I see Harry's been leaking documents again.
2723,0,4,28,32,1.125,0.05939887041393643,583,Guess I misunderstood when Ed said that stocks would be the death of him yet.
2723,0,4,28,32,1.125,0.05939887041393643,583,It's actually more ergonomic than being chained to your desk.
2723,0,4,28,32,1.125,0.05939887041393643,583,We believe in putting Lobbyists in their place
2723,0,4,28,32,1.125,0.05939887041393643,583,Now that's retro
2723,1,2,29,32,1.125,0.07446042464765883,583,Hard way to earn your golden parachute.
2723,0,4,28,32,1.125,0.05939887041393643,583,New hire; next week he is tar and feathered
2723,0,4,28,32,1.125,0.05939887041393643,583,Corporate hazing...the new CEO was a Penn State fraternity member.
2723,1,2,29,32,1.125,0.07446042464765883,583,Our company stock options here are a bit different.
2723,1,2,29,32,1.125,0.07446042464765883,583,It must be their stock in trade.
2723,0,4,28,32,1.125,0.05939887041393643,583,He's applying for a position in the stockroom.
2723,0,4,28,32,1.125,0.05939887041393643,583,Gallows humor is healthy for our core competency.
2723,1,2,29,32,1.125,0.07446042464765883,583,Looks like Perkins didn't make a new pot of coffee again...
2723,1,2,29,32,1.125,0.07446042464765883,583,He voted for Trump.
2723,0,4,28,32,1.125,0.05939887041393643,583,It's for millennials to learn how to tie a tie.
2723,0,4,28,32,1.125,0.05939887041393643,583,Our new CEO is into servile leadership.
2723,0,4,28,32,1.125,0.05939887041393643,583,It's the penalty for poor performance art.
2723,0,4,28,32,1.125,0.05939887041393643,583,It's a metaphor that got carried away.
2723,1,2,29,32,1.125,0.07446042464765883,583,"Lousy way to fire somebody, huh?"
2723,1,2,29,32,1.125,0.07446042464765883,583,I told him to stick to bonds
2723,0,4,28,32,1.125,0.05939887041393643,583,"If stockade is not your thing, we've got lemonade in the cafe."
2723,0,4,28,32,1.125,0.05939887041393643,583,Our new standing workstations...it's supposed to he healthier.
2723,0,4,28,32,1.125,0.05939887041393643,583,He's from Stockton.
2723,0,4,28,32,1.125,0.05939887041393643,583,You say Hilary; I say pillory.'
2723,0,4,28,32,1.125,0.05939887041393643,583,He left the cover sheet off his TPS report.
2723,0,4,28,32,1.125,0.05939887041393643,583,We do things a little differently here.
2723,0,4,28,32,1.125,0.05939887041393643,583,It has cut down on sexual harassment immensely.
2723,1,2,29,32,1.125,0.07446042464765883,583,He's lucky he's still got a job.
2723,1,2,29,32,1.125,0.07446042464765883,583,We offer a competitive stockade purchase plan.
2723,1,2,29,32,1.125,0.07446042464765883,583,That's a shame.
2723,1,2,29,32,1.125,0.07446042464765883,583,Serves him right! ...caught quoting Breitbart again ...and look at that gawdawful tie!
2723,1,2,29,32,1.125,0.07446042464765883,583,Him? He took our stock option.
2723,0,4,28,32,1.125,0.05939887041393643,583,I hear he hit Reply All.
2723,0,4,28,32,1.125,0.05939887041393643,583,The things people will do to get out of doing work...
2723,1,2,29,32,1.125,0.07446042464765883,583,It's part of our new program of incentivization.
2723,0,4,28,32,1.125,0.05939887041393643,583,We're kinda an old fashioned company.
2723,0,4,28,32,1.125,0.05939887041393643,583,"Ted said he dabbled in stocks on the side, but this is ridiculous."
2723,0,4,28,32,1.125,0.05939887041393643,583,I think I like the Banking Commission's new penalties for Wells Fargo.
2723,1,2,29,32,1.125,0.07446042464765883,583,It's the company's one percent for the arts.
2723,1,2,29,32,1.125,0.07446042464765883,583,He always was a pain in the neck !
2723,0,4,28,32,1.125,0.05939887041393643,583,How about a tie rack for your birthday?
2723,1,2,29,32,1.125,0.07446042464765883,583,Looks like stocks are up again today
2723,2,0,30,32,1.125,0.08695104295503155,583,"Yeah, it's part of our new stocks and bondage program."
2723,0,4,28,32,1.125,0.05939887041393643,583,It's HR's new integrated workplace accountability and transparency initiative.
2723,2,0,30,32,1.125,0.08695104295503155,583,We're finally taking the diversity policy seriously around here.
2723,2,0,30,32,1.125,0.08695104295503155,583,"If you want to torture your husband, you've come to the right place. Teach him a lesson. Sign up here. Give me his credit card to start with. Squeeze him in his wallet."
2723,0,4,28,32,1.125,0.05939887041393643,583,I think he needs better advice when it comes to stocks.
2723,1,2,29,32,1.125,0.07446042464765883,583,Want to see if he's ticklish?
2723,1,2,29,32,1.125,0.07446042464765883,583,He was caught sexting on company time.
2723,1,2,29,32,1.125,0.07446042464765883,583,He mistakenly CC'ed the whole company this week's New Yorker cartoon.
2723,0,4,28,32,1.125,0.05939887041393643,583,He's overdrawn again.
2723,0,4,28,32,1.125,0.05939887041393643,583,Is this the stocks exchange?
2723,0,4,28,32,1.125,0.05939887041393643,583,I forgot the tomatoes.
2723,0,4,28,32,1.125,0.05939887041393643,583,Employee of the month ain't what it used to be
2723,1,2,29,32,1.125,0.07446042464765883,583,He slept with the boss's wife.
2723,0,4,28,32,1.125,0.05939887041393643,583,It's about time they did something about the people that come in late!
2723,1,2,29,32,1.125,0.07446042464765883,583,He's the new stocks and bonds expert.
2723,0,4,28,32,1.125,0.05939887041393643,583,"Looks like Tim didn't read the fine print on that ""stock options"" email from Human Resources."
2723,0,4,28,32,1.125,0.05939887041393643,583,Guess who was caught stealing lunches?
2723,0,4,28,32,1.125,0.05939887041393643,583,The company is unforgiving about being sold short.
2723,1,2,29,32,1.125,0.07446042464765883,583,You don't see stock options like that anymore.
2723,1,2,29,32,1.125,0.07446042464765883,583,"Well, his LinkedIn page does say ""Interests include stocks and bondage"", but I just assumed that it was a typo."
2723,0,4,28,32,1.125,0.05939887041393643,583,The irony is he was hoping for a pay raise.
2723,0,4,28,32,1.125,0.05939887041393643,583,inventor of the suggestion box
2723,1,2,29,32,1.125,0.07446042464765883,583,You mind picking me up an espresso macchiato? And a straw.
2723,0,4,28,32,1.125,0.05939887041393643,583,Looks like the boss's 'get tough' policy went into effect.
2723,1,2,29,32,1.125,0.07446042464765883,583,What did Howie do to get the first standing desk?
2723,1,2,29,32,1.125,0.07446042464765883,583,Maybe now he'll get the NSFW concept.
2723,1,2,29,32,1.125,0.07446042464765883,583,Bob was caught printing out his emails.
2723,1,2,29,32,1.125,0.07446042464765883,583,Guess it wasn't his stock-in-trade
2723,1,2,29,32,1.125,0.07446042464765883,583,He's the last holdout with an email signature quote.
2723,0,4,28,32,1.125,0.05939887041393643,583,I told Todd not to ask about his stock options.
2723,1,2,29,32,1.125,0.07446042464765883,583,"Yep, he left the seat up in the unisex bathroom"
2723,1,2,29,32,1.125,0.07446042464765883,583,I like his tie
2723,0,4,28,32,1.125,0.05939887041393643,583,That's why I stick with bonds.
2723,0,4,28,32,1.125,0.05939887041393643,583,Earnings season.
2723,1,2,29,32,1.125,0.07446042464765883,583,I see they already invested the new guy in the stock and bonds.
2723,1,2,29,32,1.125,0.07446042464765883,583,He had one job to do ....
2723,0,4,28,32,1.125,0.05939887041393643,583,He has to stay there until he thinks up a better decorating scheme for the reception area.
2723,1,2,29,32,1.125,0.07446042464765883,583,This is a minimalist hotel. He asked for extra towels.
2723,1,2,29,32,1.125,0.07446042464765883,583,That's our head of legal.
2723,0,4,28,32,1.125,0.05939887041393643,583,Wow! This place must have really stiff penalties for overdrafts!
2723,1,2,29,32,1.125,0.07446042464765883,583,Millennials will do anything for attention.
2723,1,2,29,32,1.125,0.07446042464765883,583,"That's right - stocks are on this floor, bonds are on 11."
2723,0,4,28,32,1.125,0.05939887041393643,583,Dare I ask him where he got his tie?
2723,1,2,29,32,1.125,0.07446042464765883,583,"...Stole the boss's lunch. Well, at least he didn't get the scarlet 'L' like the last guy..."
2723,0,4,28,32,1.125,0.05939887041393643,583,He has such small hands.
2723,1,2,29,32,1.125,0.07446042464765883,583,New policy - if you get a bad review you have to do a low-performance art installation for a week.
2723,1,2,29,32,1.125,0.07446042464765883,583,I guess they're trying to discourage loitering around here.
2723,0,4,28,32,1.125,0.05939887041393643,583,He forgot to ask about stock options.
2723,0,4,28,32,1.125,0.05939887041393643,583,"We're very relaxed here, whatWEEKLY Rod does during his coffee break is his own business."
2723,1,2,29,32,1.125,0.07446042464765883,583,He made the mistake of asking about our stock option plan.
2723,0,4,28,32,1.125,0.05939887041393643,583,"Oh, that's Jenkins. He's being incentivized to move the needle, think outside the box, and recognize the new paradigm."
2723,0,4,28,32,1.125,0.05939887041393643,583,Did he sell low and buy high?
2723,0,4,28,32,1.125,0.05939887041393643,583,Maybe we should cancel our IRS hearing.
2723,1,2,29,32,1.125,0.07446042464765883,583,That's David. Head of our new Stocks and Bondage Department.
2723,0,4,28,32,1.125,0.05939887041393643,583,"Oh I see, when you came to work for a Stocks company you thought it was the other kind."
2723,2,0,30,32,1.125,0.08695104295503155,583,Have you met the head of the board?
2723,0,4,28,32,1.125,0.05939887041393643,583,'Shame on him.'
2723,2,0,30,32,1.125,0.08695104295503155,583,It's one of Bannon's new loyalty initiatives. I guess Chris failed the litmus test.
2723,1,2,29,32,1.125,0.07446042464765883,583,"Ah, the employee of the month."
2723,0,4,28,32,1.125,0.05939887041393643,583,He took the elevator up one floor.
2723,0,4,28,32,1.125,0.05939887041393643,583,He really should have thought twice before taking paternity leave.
2723,1,2,29,32,1.125,0.07446042464765883,583,At least he has a standing desk.
2723,0,4,28,32,1.125,0.05939887041393643,583,Rumor is the parking attendent got a tip that he's actually not 'employee of the month'
2723,0,4,28,32,1.125,0.05939887041393643,583,This is what happens if your tie is longer than his.
2723,1,2,29,32,1.125,0.07446042464765883,583,And that's only for stealing pencils.
2723,2,0,30,32,1.125,0.08695104295503155,583,"When the boss said ""stocks are going up,"" I thought he was referring to the market."
2723,1,2,29,32,1.125,0.07446042464765883,583,He really takes working in stocks to a whole other level.
2723,0,4,28,32,1.125,0.05939887041393643,583,I prefer the old stock options
2723,0,4,28,32,1.125,0.05939887041393643,583,He wanted to get rid of casual Friday.
2723,0,4,28,32,1.125,0.05939887041393643,583,He didn't put a cover sheet on his TPS Report.
2723,0,4,28,32,1.125,0.05939887041393643,583,Our security team has a thing for medieval tactics.
2723,0,4,28,32,1.125,0.05939887041393643,583,Guess they finally figured out who stole the lunches from the break room frig...
2723,0,4,28,32,1.125,0.05939887041393643,583,I hear it's supposed to be a counterbalance to the Employee of the Month program.
2723,0,4,28,32,1.125,0.05939887041393643,583,Just be sure to turn your timesheets in on time.
2723,0,4,28,32,1.125,0.05939887041393643,583,It's my low tech idea for our high tech job seekers.
2723,0,4,28,32,1.125,0.05939887041393643,583,Resistance is futile.
2723,1,2,29,32,1.125,0.07446042464765883,583,He invested in Snapchat.
2723,1,2,29,32,1.125,0.07446042464765883,583,Don't mind Bob. He's just really into stocks.
2723,1,2,29,32,1.125,0.07446042464765883,583,I don't know. That tie IS pretty bad...
2723,0,4,28,32,1.125,0.05939887041393643,583,"Remember that when you're thinking ""early withdrawal""."
2723,1,2,29,32,1.125,0.07446042464765883,583,We're doing upward reviews this week.
2723,0,4,28,32,1.125,0.05939887041393643,583,"Don't ask. No, seriously. Don't ask! Asking is out!"
2723,0,4,28,32,1.125,0.05939887041393643,583,I see Smedley missed his quota again this month.
2723,0,4,28,32,1.125,0.05939887041393643,583,He supports the border wall.
2723,0,4,28,32,1.125,0.05939887041393643,583,"'Jeremy's in the ""Reply All"" stocks again."""
2723,0,4,28,32,1.125,0.05939887041393643,583,"Oh, right...and don't be late to meetings."
2723,0,4,28,32,1.125,0.05939887041393643,583,Did you prepay for the room?
2723,0,4,28,32,1.125,0.05939887041393643,583,It's like a time out chair for recidivists. Trump's idea.
2723,0,4,28,32,1.125,0.05939887041393643,583,I tried to switch to another cellphone service provider before my agreement expired...
2723,0,4,28,32,1.125,0.05939887041393643,583,Ed staged a sit-down strike at his stand-up desk.
2723,0,4,28,32,1.125,0.05939887041393643,583,"The stock options aren't great, but the employee cafeteria is free."
2723,1,2,29,32,1.125,0.07446042464765883,583,Bonds is one floor up.
2723,0,4,28,32,1.125,0.05939887041393643,583,Actually Fred's lucky. He could've easily have lost his job!
2723,2,0,30,32,1.125,0.08695104295503155,583,I don't pity him. I'm sick of people jamming the copier and just walking away.
2723,0,4,28,32,1.125,0.05939887041393643,583,He wouldn't go paperless.
2723,1,2,29,32,1.125,0.07446042464765883,583,Stocks are up.
2723,0,4,28,32,1.125,0.05939887041393643,583,I knew he would figure out a way to get out of paying for lunch this week.
2723,1,2,29,32,1.125,0.07446042464765883,583,Since when can you hang out in the lobby?
2723,1,2,29,32,1.125,0.07446042464765883,583,You might want to rethink your job interview.
2723,1,2,29,32,1.125,0.07446042464765883,583,Personnel used to handle disciplinary actions confidentially.
2723,1,2,29,32,1.125,0.07446042464765883,583,That's a new program to motivate the sales team...
2723,0,4,28,32,1.125,0.05939887041393643,583,Must be a clip on
2723,1,2,29,32,1.125,0.07446042464765883,583,Looks like Bob qualified for the stock options plan.
2723,0,4,28,32,1.125,0.05939887041393643,583,That shirt looks so uncomfortable but the tie makes it work.
2723,1,2,29,32,1.125,0.07446042464765883,583,Our CEO finally found who moved his cheese ...
2723,1,2,29,32,1.125,0.07446042464765883,583,"Don't worry, it's just my new standing desk. My back feels great."
2723,0,4,28,32,1.125,0.05939887041393643,583,Disgusting? I agree. Less than 6% of pilloried employees are women.
2723,1,2,29,32,1.125,0.07446042464765883,583,It was an all Salem jury pool.
2723,0,4,28,32,1.125,0.05939887041393643,583,"""Oh, him, he's just waiting for his veteran's, 'VA' loan approval""!"
2723,1,2,29,32,1.125,0.07446042464765883,583,Just added a seventh Sigma.
2723,1,2,29,32,1.125,0.07446042464765883,583,I wonder where the bucket of stones has been moved.
2723,1,2,29,32,1.125,0.07446042464765883,583,"Morning, John"
2723,1,2,29,32,1.125,0.07446042464765883,583,It lacks a human element.
2723,0,4,28,32,1.125,0.05939887041393643,583,He complained about his cubicle.
2723,0,4,28,32,1.125,0.05939887041393643,583,He pilfered too many office supplies.
2723,0,4,28,32,1.125,0.05939887041393643,583,It's for those who don't have the discipline for a standing desk
2723,1,2,29,32,1.125,0.07446042464765883,583,Gary's in stocks and bonds.
2723,0,4,28,32,1.125,0.05939887041393643,583,But we're in bonds.
2723,1,2,29,32,1.125,0.07446042464765883,583,He's pitching the employee stock plan.
2723,1,2,29,32,1.125,0.07446042464765883,583,"Wow, so that's really Sheriff Joe?"
2723,1,2,29,32,1.125,0.07446042464765883,583,"It's to stop him scratching , he's got poison ivy"
2723,1,2,29,32,1.125,0.07446042464765883,583,He sold his bonds and said he was going into stocks.
2723,0,4,28,32,1.125,0.05939887041393643,583,It comes with a standing desk.
2723,0,4,28,32,1.125,0.05939887041393643,583,I remember MY first unpaid internship.
2723,0,4,28,32,1.125,0.05939887041393643,583,He wore a tie on 'Casual Friday.
2723,0,4,28,32,1.125,0.05939887041393643,583,Some people think that's a bonus.
2723,0,4,28,32,1.125,0.05939887041393643,583,First infraction.
2723,1,2,29,32,1.125,0.07446042464765883,583,I don't like these stock options.
2723,0,4,28,32,1.125,0.05939887041393643,583,He trashed all of our stocks!
2723,1,2,29,32,1.125,0.07446042464765883,583,I thought he was in bonds.
2723,0,4,28,32,1.125,0.05939887041393643,583,Glick used a flip phone in the executive conference room.
2723,0,4,28,32,1.125,0.05939887041393643,583,He's in stocks.
2723,0,4,28,32,1.125,0.05939887041393643,583,"If you think the stocks guy is kinky, you should see the bonds guy!"
2723,1,2,29,32,1.125,0.07446042464765883,583,Charles is our stock expert.
2723,1,2,29,32,1.125,0.07446042464765883,583,He suggested we show tolerance for opposing ideas.
2723,1,2,29,32,1.125,0.07446042464765883,583,"Hmm, future me obviously came back in time to warn present me about something, but I'm gonna choose to ignore it."
2723,0,4,28,32,1.125,0.05939887041393643,583,It's pre-internet technology.
2723,0,4,28,32,1.125,0.05939887041393643,583,Everyone's a Critic.
2723,0,4,28,32,1.125,0.05939887041393643,583,Poor old Fueqsnog. Refused to do the Myers-Briggs again. HR Director did say it was his last chance.
2723,0,4,28,32,1.125,0.05939887041393643,583,Maybe next time he'll think twice before replying to all
2723,0,4,28,32,1.125,0.05939887041393643,583,This is what happens when you win the boss' fantasy football league
2723,1,2,29,32,1.125,0.07446042464765883,583,Left yogurt in the fridge too long.... You should see the punishment for leaving open Chinese food containers.
2723,0,4,28,32,1.125,0.05939887041393643,583,The stockade is a bit much for not silencing your phone in the office.
2723,0,4,28,32,1.125,0.05939887041393643,583,If he manages to get free it'll make him a stockbroker.
2723,1,2,29,32,1.125,0.07446042464765883,583,His tweets were becoming a liability
2723,0,4,28,32,1.125,0.05939887041393643,583,Still a stockbroker. Never an investment banker.
2723,1,2,29,32,1.125,0.07446042464765883,583,"Well, you know. He kept using reply all."
2723,0,4,28,32,1.125,0.05939887041393643,583,We found it's much more effective than sending out mass memo's from HR.
2723,1,2,29,32,1.125,0.07446042464765883,583,Smart board presentations sure have evolved!
2723,1,2,29,32,1.125,0.07446042464765883,583,He's just there so the boss can show us that it COULD be worse.
2723,0,4,28,32,1.125,0.05939887041393643,583,"It's the firm of Lock, Stock, and Barrel ."
2723,1,2,29,32,1.125,0.07446042464765883,583,There's just so many times that you can tell someone not to put back an empty creamer in the office fridge
2723,1,2,29,32,1.125,0.07446042464765883,583,I told you they have security cameras on the suggestion box.
2723,1,2,29,32,1.125,0.07446042464765883,583,We have a pretty strict Reply All policy here.
2723,0,4,28,32,1.125,0.05939887041393643,583,He bet on the wrong stocks
2723,0,4,28,32,1.125,0.05939887041393643,583,Frank lost his brief case again.
2723,0,4,28,32,1.125,0.05939887041393643,583,We devote 10% of our time to passion projects. This guy likes to dabble in stocks.
2723,0,4,28,32,1.125,0.05939887041393643,583,That's Bill. He works in stocks.
2723,1,2,29,32,1.125,0.07446042464765883,583,I hate performance art.
2723,1,2,29,32,1.125,0.07446042464765883,583,HR decided to cut back on 'employee of the month' picture frames
2723,0,4,28,32,1.125,0.05939887041393643,583,He chose the stock option.
2723,1,2,29,32,1.125,0.07446042464765883,583,Boo hoo; standing at work is healthier than sitting.
2723,0,4,28,32,1.125,0.05939887041393643,583,I heard it's the latest in the company benefits.
2723,1,2,29,32,1.125,0.07446042464765883,583,Looks like someone has a bad case of the Monday's.
2723,0,4,28,32,1.125,0.05939887041393643,583,He took fifteen minute too long on his lunch break.
2723,0,4,28,32,1.125,0.05939887041393643,583,"And then he said, 'But her emails.'"
2723,1,2,29,32,1.125,0.07446042464765883,583,"Our CEO really is a queen...when she says "" off with their heads... they really roll!"""
2723,0,4,28,32,1.125,0.05939887041393643,583,What happens in Vegas - stays in Vegas
2723,0,4,28,32,1.125,0.05939887041393643,583,They say it's better than the standing desk.
2723,0,4,28,32,1.125,0.05939887041393643,583,It's a show-me stock.
2723,0,4,28,32,1.125,0.05939887041393643,583,He's our stock analyst
2723,2,0,30,32,1.125,0.08695104295503155,583,"He used ""HERS""."
2723,0,4,28,32,1.125,0.05939887041393643,583,"Oh look, the Iron Maidens are on sale."
2723,1,2,29,32,1.125,0.07446042464765883,583,"""...subject to penalty for early withdrawal."" - Joe will ask about the fine print next time."
2723,0,4,28,32,1.125,0.05939887041393643,583,He's the new guy in Stocks and Bonds.
2723,0,4,28,32,1.125,0.05939887041393643,583,We finally found a way to stop employees from using Reply-All.
2723,0,4,28,32,1.125,0.05939887041393643,583,We're bullish on stocks. Bearish on bonds.
2723,1,2,29,32,1.125,0.07446042464765883,583,I guess he's in stocks...
2723,0,4,28,32,1.125,0.05939887041393643,583,"Boy, they really take this recycling thing seriously here."
2723,1,2,29,32,1.125,0.07446042464765883,583,"Is that mahogany?"" ""Nope, i'm pretty sure it's Steve from Corporate Affairs."
2723,1,2,29,32,1.125,0.07446042464765883,583,Congress must be in recess.
2723,0,4,28,32,1.125,0.05939887041393643,583,That's Giles for you. All about the stock options.
2723,0,4,28,32,1.125,0.05939887041393643,583,It's different from the Hobby Lobby back home.
2723,1,2,29,32,1.125,0.07446042464765883,583,"""He's currently in stocks""."
2723,1,2,29,32,1.125,0.07446042464765883,583,Whistling in the elevator.
2723,0,4,28,32,1.125,0.05939887041393643,583,The wood is just something for people to knock on.
2723,1,2,29,32,1.125,0.07446042464765883,583,He didn't sign in.
2723,0,4,28,32,1.125,0.05939887041393643,583,Oh dear! Do you know if it was stocks or bonds?
2723,0,4,28,32,1.125,0.05939887041393643,583,It's the only way we can get people to stop texting!
2723,0,4,28,32,1.125,0.05939887041393643,583,Stocks and Bonds. Glad we picked Bonds.
2723,1,2,29,32,1.125,0.07446042464765883,583,We do demand some sacrifices from our retiring employees.
2723,1,2,29,32,1.125,0.07446042464765883,583,He wouldn't get on the same page.
2723,1,2,29,32,1.125,0.07446042464765883,583,I heard this sperm bank added overdraft protection!
2723,0,4,28,32,1.125,0.05939887041393643,583,It was that or lead the software conversion.
2723,0,4,28,32,1.125,0.05939887041393643,583,He picked the wrong stock again.
2723,0,4,28,32,1.125,0.05939887041393643,583,Last place in the office fantasy football league.
2723,0,4,28,32,1.125,0.05939887041393643,583,Management does not encourage opposing views.
2723,0,4,28,32,1.125,0.05939887041393643,583,Any new initiative is being punished here the old fashioned way.
2723,0,4,28,32,1.125,0.05939887041393643,583,His missed his numbers.
2723,1,2,29,32,1.125,0.07446042464765883,583,Poor slob went for the stocks option.
2723,1,2,29,32,1.125,0.07446042464765883,583,Stocks must have hit a record low.
2723,1,2,29,32,1.125,0.07446042464765883,583,"OSHA said no beheadings, so maintenance took off the blades. Go figure."
2723,0,4,28,32,1.125,0.05939887041393643,583,HR is giving Torture Fridays a try.
2723,1,2,29,32,1.125,0.07446042464765883,583,Just wait till you see the people in bonds.
2723,1,2,29,32,1.125,0.07446042464765883,583,We have a tenacious collection department.
2723,1,4,43,48,1.125,0.056689086094851654,583,I see why “Stronger Together” was chosen for the pillory slogan.
2723,0,4,28,32,1.125,0.05939887041393643,583,Managements new policy for reporting fake news
2723,0,4,28,32,1.125,0.05939887041393643,583,Meanwhile at Charlie Hebdo Headquarters.
2723,0,4,28,32,1.125,0.05939887041393643,583,That's part of the company's stocks incentive plan.
2723,1,2,29,32,1.125,0.07446042464765883,583,As you can see they have a very strict sexual harassment policy here.
2723,0,4,28,32,1.125,0.05939887041393643,583,"Ouch, looks like Arnold was late to the War Room Meeting again."
2723,1,2,29,32,1.125,0.07446042464765883,583,His cartoon wasn't accepted.
2723,1,2,29,32,1.125,0.07446042464765883,583,Bob just couldn't take the stock option like the rest of us.
2723,0,4,28,32,1.125,0.05939887041393643,583,"Ross, would you like a cough drop?"
2723,1,2,29,32,1.125,0.07446042464765883,583,He's trying to quit Twitter and wants to be a role model.
2723,1,2,29,32,1.125,0.07446042464765883,583,He wanted a person to answer our phones.
2723,1,2,29,32,1.125,0.07446042464765883,583,It's voluntary.
2723,0,4,28,32,1.125,0.05939887041393643,583,He threatened to use online banking.
2723,1,2,29,32,1.125,0.07446042464765883,583,Bad stock pick.
2723,0,4,28,32,1.125,0.05939887041393643,583,He's been there for eight months. Surely by now he regrets voting for Trump?
2723,1,2,29,32,1.125,0.07446042464765883,583,"For telling the truth, first offense."
2723,1,2,29,32,1.125,0.07446042464765883,583,I guess the tellers are taking part in the Wells Fargo new PR campaign.
2723,0,4,28,32,1.125,0.05939887041393643,583,He's a stockholder. The bondholders are in strait-jackets.
2723,0,4,28,32,1.125,0.05939887041393643,583,"No, he's being punished for 'leaking' on the President not leaking on him."
2723,0,4,28,32,1.125,0.05939887041393643,583,"Quick, lend him your phone for a selfie."
2723,0,4,28,32,1.125,0.05939887041393643,583,"If he had taken stock of his underperforming stocks, he wouldn't be in that stock."
2723,1,2,29,32,1.125,0.07446042464765883,583,He's the new intern in Stocks and Bonds.
2723,0,4,28,32,1.125,0.05939887041393643,583,That's just the HR guy who recommended that we all switch over to standing desks.
2723,0,4,28,32,1.125,0.05939887041393643,583,"Oh, that's just his new stand up desk"
2723,1,2,29,32,1.125,0.07446042464765883,583,He should have tried Bonds.
2723,1,2,29,32,1.125,0.07446042464765883,583,The company stocks are doing well!
2723,1,2,29,32,1.125,0.07446042464765883,583,It was an early withdrawal.
2723,0,4,28,32,1.125,0.05939887041393643,583,"Well, that new CEO did say heads were gonna roll."
2723,0,4,28,32,1.125,0.05939887041393643,583,He's a reminder of our old culture.
2723,1,2,29,32,1.125,0.07446042464765883,583,The judge gave him stock options: a fine or stocks.
2723,0,4,28,32,1.125,0.05939887041393643,583,We take suspensions literally here.
2723,0,4,28,32,1.125,0.05939887041393643,583,He's being literally pilloried.
2723,1,2,29,32,1.125,0.07446042464765883,583,"Dunno, but think it has something to do with him not being 'Agile' enough."
2723,1,2,29,32,1.125,0.07446042464765883,583,"Seems appropriate, since his stocks have plummeted three times in the last month."
2723,2,0,30,32,1.125,0.08695104295503155,583,So what is it this time? More positive remarks about Trump?
2723,0,4,28,32,1.125,0.05939887041393643,583,I only hope he has the keys when 5:00 rolls around.
2723,1,2,29,32,1.125,0.07446042464765883,583,Looks like Mike won't have any bandwidth for that project.
3145,0,4,29,33,1.121212121212121,0.05769525080199931,583,Overdraft fees.
3145,2,0,31,33,1.121212121212121,0.08436006610348519,583,I am terrible with first names but the Clones are here.
3145,0,4,29,33,1.121212121212121,0.05769525080199931,583,It's our new employee of the month program.
3145,1,2,30,33,1.121212121212121,0.07226812131946558,583,"While I don't approve of punishing people for what they wear, that really is an awful tie."
3145,1,2,30,33,1.121212121212121,0.07226812131946558,583,He is under investigation for pencil theft.
3145,0,4,29,33,1.121212121212121,0.05769525080199931,583,I tried to tell him not to take anyone's lunch.
3145,0,4,29,33,1.121212121212121,0.05769525080199931,583,Got all our receipts?
3145,0,4,29,33,1.121212121212121,0.05769525080199931,583,A diverse portfolio always includes stocks.
3145,0,4,29,33,1.121212121212121,0.05769525080199931,583,"IT""S PART OF OUR SEXUAL HARASSMENT PROGRAM"
3145,0,4,29,33,1.121212121212121,0.05769525080199931,583,Sometimes I think they're just doing it for the attention.
3145,1,2,30,33,1.121212121212121,0.07226812131946558,583,"Morning, John"
3145,1,2,30,33,1.121212121212121,0.07226812131946558,583,Our stocks' up today.
3145,1,2,30,33,1.121212121212121,0.07226812131946558,583,"Late lunches won't cost your job, but they can lead to embarrassment."
3145,0,4,29,33,1.121212121212121,0.05769525080199931,583,I bet he wishes he was more in bonds.
3159,1,2,32,35,1.1142857142857143,0.0682485395100738,583,That certainly looks bad. But remember what our boss taught us here: both sides can be blamed.
3159,1,2,32,35,1.1142857142857143,0.0682485395100738,583,Don't forget the new company policy. Organic vegetables only.
3159,1,2,32,35,1.1142857142857143,0.0682485395100738,583,He wouldn't duplex
3159,1,2,32,35,1.1142857142857143,0.0682485395100738,583,He chose public humiliation over indictment.
3163,1,2,33,36,1.1111111111111112,0.06640158940746632,583,"Our corporate culture may not be as liberal as some, but I actually think you'll enjoy the ducking stool."
3164,1,2,34,37,1.1081081081081081,0.06465180222706,583,OOOOO look at him. I think he speculated on the wrong stock.
3165,0,4,34,38,1.105263157894737,0.050452767712569575,583,The stock market isn't what it used to be.
3166,1,1,27,29,1.103448275862069,0.0759962986233572,583,At least his internal memo didn't get him fired
3166,0,3,26,29,1.103448275862069,0.057553307613536574,583,That's what happens when you're against minimum wage.
3166,0,3,26,29,1.103448275862069,0.057553307613536574,583,A perp stand! Our forefathers had it right!
3166,1,1,27,29,1.103448275862069,0.0759962986233572,583,"That's Donaldson, he parked in the CEO reserved parking space."
3166,0,3,26,29,1.103448275862069,0.057553307613536574,583,Better he failed to know our stock price quiz than our branding strategy.
3166,0,3,26,29,1.103448275862069,0.057553307613536574,583,We're between H.R. managers at the moment.
3166,0,3,26,29,1.103448275862069,0.057553307613536574,583,He was given a time-out.
3166,0,3,26,29,1.103448275862069,0.057553307613536574,583,"Thankfully, the SEC let us commission a performance artist."
3166,0,3,26,29,1.103448275862069,0.057553307613536574,583,"This is our best recent version, completely replacing the original Salem model."
3166,0,3,26,29,1.103448275862069,0.057553307613536574,583,He failed to make his sales quota last quarter
3166,0,3,26,29,1.103448275862069,0.057553307613536574,583,So much for the Tolerant Left.
3166,1,1,27,29,1.103448275862069,0.0759962986233572,583,"Finally got him: blasphemy, treason, witchcraft and parking overtime"
3166,1,1,27,29,1.103448275862069,0.0759962986233572,583,Looks like James forgot to cc Carol again.
3166,0,3,26,29,1.103448275862069,0.057553307613536574,583,"They really are cracking down on the male programmers, eh?"
3166,0,3,26,29,1.103448275862069,0.057553307613536574,583,He misspelled the word pillory in a press release.
3166,0,3,26,29,1.103448275862069,0.057553307613536574,583,"Oh, he wrote the last Lucky Strike commercial"
3166,0,3,26,29,1.103448275862069,0.057553307613536574,583,The boss found out he voted for Trump
3166,0,3,26,29,1.103448275862069,0.057553307613536574,583,They're very serious about 'Use Other Door'.
3166,0,3,26,29,1.103448275862069,0.057553307613536574,583,New guy. Into stocks and bondage.
3166,0,3,26,29,1.103448275862069,0.057553307613536574,583,"""He was heard in the main gallery criticizing the paintings of Jackson Pollock""."
3166,0,3,26,29,1.103448275862069,0.057553307613536574,583,He's been told three times to cool it on the kids' pictures.
3166,0,3,26,29,1.103448275862069,0.057553307613536574,583,He works in stocks.
3166,0,3,26,29,1.103448275862069,0.057553307613536574,583,His start-up's stock went public today.
3166,1,1,27,29,1.103448275862069,0.0759962986233572,583,Looks like someone didn't leverage stakeholder buy-in.
3166,1,1,27,29,1.103448275862069,0.0759962986233572,583,He said he was cornering the stock market.
3166,0,3,26,29,1.103448275862069,0.057553307613536574,583,He paid his bill in Bit Coin
3166,1,1,27,29,1.103448275862069,0.0759962986233572,583,He parked in the wrong spot.
3166,1,1,27,29,1.103448275862069,0.0759962986233572,583,"Johnson was late. And boss watches a lot of ""Game of Thrones.'"
3166,0,3,26,29,1.103448275862069,0.057553307613536574,583,HR frowns upon heating up leftover fish in the break room microwave.
3166,0,3,26,29,1.103448275862069,0.057553307613536574,583,"After lunch, Marty will run through our stock options program with you."
3166,0,3,26,29,1.103448275862069,0.057553307613536574,583,HR has way too much power.
3166,1,1,27,29,1.103448275862069,0.0759962986233572,583,He left the toilet seat up.
3166,1,1,27,29,1.103448275862069,0.0759962986233572,583,Headquarters is really cracking down on political ties.
3166,0,3,26,29,1.103448275862069,0.057553307613536574,583,Looks like somebody forgot to do their time-tracking again last week.
3166,0,3,26,29,1.103448275862069,0.057553307613536574,583,He must have forgotten to unplug the coffee maker.
3166,0,3,26,29,1.103448275862069,0.057553307613536574,583,He must have forgotten to unplug the coffee maker.
3166,0,3,26,29,1.103448275862069,0.057553307613536574,583,I don’t think he understood when they offered him the stock option.
3166,0,3,26,29,1.103448275862069,0.057553307613536574,583,He said something good about Trump.
3166,0,3,26,29,1.103448275862069,0.057553307613536574,583,They have a proven disincentives program.
3166,1,1,27,29,1.103448275862069,0.0759962986233572,583,We better use American Express.
3166,0,3,26,29,1.103448275862069,0.057553307613536574,583,Fred! I heard you got promoted up from branding.
3166,1,1,27,29,1.103448275862069,0.0759962986233572,583,The company uses its common stocks as an employee incentive. It's a shame you don't work here.
3166,0,3,26,29,1.103448275862069,0.057553307613536574,583,Stocks are not looking good today.
3166,0,3,26,29,1.103448275862069,0.057553307613536574,583,Accounting is getting serious. He stapled his receipts to his expense report instead of clipping them.
3166,0,3,26,29,1.103448275862069,0.057553307613536574,583,"The ad said ""Be heavily invested in stocks!"""
3166,0,3,26,29,1.103448275862069,0.057553307613536574,583,"He is the one. ""Employee of the week""."
3166,1,1,27,29,1.103448275862069,0.0759962986233572,583,"I guess HIS broker, didn't give him. good news about his stocks."
3166,0,3,26,29,1.103448275862069,0.057553307613536574,583,"Our CEO just came back from a ""Ren Faire"" management workshop"
3166,0,3,26,29,1.103448275862069,0.057553307613536574,583,Kim shouldn't have threatened to launch a subsidiary.
3166,0,3,26,29,1.103448275862069,0.057553307613536574,583,"Passive aggressive bull, and that tie!"
3166,0,3,26,29,1.103448275862069,0.057553307613536574,583,Don't come back late from lunch.
3166,0,3,26,29,1.103448275862069,0.057553307613536574,583,"Tomorrow, a solid tie, okay?"
3166,0,3,26,29,1.103448275862069,0.057553307613536574,583,He's into stocks and bondage.
3166,0,3,26,29,1.103448275862069,0.057553307613536574,583,His initial public offering of stocks has been underwhelming.
3166,1,1,27,29,1.103448275862069,0.0759962986233572,583,It's one of these new yoga treatments
3166,1,1,27,29,1.103448275862069,0.0759962986233572,583,"Well if that doesn't teach them to stop manspreading during rush hour, then it's just hopeless."
3166,0,3,26,29,1.103448275862069,0.057553307613536574,583,It's a very effective way of discouraging selfies.
3166,1,1,27,29,1.103448275862069,0.0759962986233572,583,"If you think that's bad, you should see what they do to guys in the bonds office."
3166,1,1,27,29,1.103448275862069,0.0759962986233572,583,We put this in our lobby to make it easier to check our stocks...
3166,0,3,26,29,1.103448275862069,0.057553307613536574,583,McConnell forgot to turn his timesheet in.
3166,1,1,27,29,1.103448275862069,0.0759962986233572,583,Bonds let me sleep better.
3166,1,1,27,29,1.103448275862069,0.0759962986233572,583,He got caught up with some risky stocks.
3166,0,3,26,29,1.103448275862069,0.057553307613536574,583,I guess we ran out of hanging space.
3166,0,3,26,29,1.103448275862069,0.057553307613536574,583,We take our brand reputation very seriously.
3166,0,3,26,29,1.103448275862069,0.057553307613536574,583,"We are very serious about anyone saying ""hot mess""."
3166,0,3,26,29,1.103448275862069,0.057553307613536574,583,My mother keeps telling me to find a stand up kind of guy.
3166,0,3,26,29,1.103448275862069,0.057553307613536574,583,"It just arrived from Corporate. They call it ""radical transparency"" now."
3166,0,3,26,29,1.103448275862069,0.057553307613536574,583,He microwaved fish I the lunch room.
3166,1,1,27,29,1.103448275862069,0.0759962986233572,583,"Obviously, Trump couldn't really fire Jared, so this was the next best option."
3166,0,3,26,29,1.103448275862069,0.057553307613536574,583,"""People around here get upset if you forget to contribute to the coffee fund."
3166,0,3,26,29,1.103448275862069,0.057553307613536574,583,He must be a stock broker.
3166,0,3,26,29,1.103448275862069,0.057553307613536574,583,This standing desk trend is going too far.
3166,0,3,26,29,1.103448275862069,0.057553307613536574,583,So glad I got out of day trading.
3166,0,3,26,29,1.103448275862069,0.057553307613536574,583,Looks like Frank upset the Duke of Advertising again...
3166,1,1,27,29,1.103448275862069,0.0759962986233572,583,"When demanding stock options on your first day, management obliges."
3166,1,1,27,29,1.103448275862069,0.0759962986233572,583,You wouldn't catch me wearing that tie.
3166,1,1,27,29,1.103448275862069,0.0759962986233572,583,Do you still want to be interviewed for the job?
3166,0,3,26,29,1.103448275862069,0.057553307613536574,583,"At a startup, many employees choose to get paid in ""stocks."""
3166,0,3,26,29,1.103448275862069,0.057553307613536574,583,It's a reminder not to go against company policy !
3166,1,1,27,29,1.103448275862069,0.0759962986233572,583,He's a new stockholder.
3166,1,1,27,29,1.103448275862069,0.0759962986233572,583,He dressed for casual Friday on Thursday...
3166,0,3,26,29,1.103448275862069,0.057553307613536574,583,He was against investing in bonds.
3166,0,3,26,29,1.103448275862069,0.057553307613536574,583,He complained about the boss on Facebook.
3166,1,1,27,29,1.103448275862069,0.0759962986233572,583,"The new boss is proud of his Puritan heritage, apparently."
3166,0,3,26,29,1.103448275862069,0.057553307613536574,583,Is that Art?
3166,0,3,26,29,1.103448275862069,0.057553307613536574,583,It appears that Rod's efforts to promote telecommuting at today's Senior Staff meeting weren't appreciated.
3166,0,3,26,29,1.103448275862069,0.057553307613536574,583,He's our stock analyst
3166,0,3,26,29,1.103448275862069,0.057553307613536574,583,"Yeah its sad, bur at least it isn't wood veneer."
3166,0,3,26,29,1.103448275862069,0.057553307613536574,583,I have no sympathy. Did you see the killer parking space he had last month?
3166,1,1,27,29,1.103448275862069,0.0759962986233572,583,I see Richard's stock is up.
3166,0,3,26,29,1.103448275862069,0.057553307613536574,583,I hear that being put in the bonds is a whole lot more fun.
3166,0,3,26,29,1.103448275862069,0.057553307613536574,583,You should've seen what happened to the loser of the hangman game.
3166,0,3,26,29,1.103448275862069,0.057553307613536574,583,Ignore him. It's the worst punishment.
3166,0,3,26,29,1.103448275862069,0.057553307613536574,583,That's Begley. They moved Stocks and Bonds department to this floor last week.
3166,0,3,26,29,1.103448275862069,0.057553307613536574,583,Standing desks sure are getting popular.
3166,1,1,27,29,1.103448275862069,0.0759962986233572,583,That's what you get for going to H.R.
3166,1,1,27,29,1.103448275862069,0.0759962986233572,583,There's stocks. Now where's bonds?
3166,0,3,26,29,1.103448275862069,0.057553307613536574,583,He's in training to see if he qualifies for a stand-up desk.
3166,0,3,26,29,1.103448275862069,0.057553307613536574,583,He cooked fish in the microwave.
3166,0,3,26,29,1.103448275862069,0.057553307613536574,583,Management's new approach to curb twittering.
3166,0,3,26,29,1.103448275862069,0.057553307613536574,583,We take PC violations at our firm very seriously.
3166,1,1,27,29,1.103448275862069,0.0759962986233572,583,We offer a generous stock option.
3166,0,3,26,29,1.103448275862069,0.057553307613536574,583,Stock options! You never know what you're getting into.
3166,0,3,26,29,1.103448275862069,0.057553307613536574,583,"Witch hunt, believe me"
3166,1,1,27,29,1.103448275862069,0.0759962986233572,583,He's on probation.
3166,0,3,26,29,1.103448275862069,0.057553307613536574,583,"We'd better say ""Yes."""
3166,0,3,26,29,1.103448275862069,0.057553307613536574,583,He was asked to take stock of himself.
3166,0,3,26,29,1.103448275862069,0.057553307613536574,583,Had the nerve to ask for a raise.
3166,1,1,27,29,1.103448275862069,0.0759962986233572,583,"Actually, he belongs in bonds."
3166,0,3,26,29,1.103448275862069,0.057553307613536574,583,He prefers to be called 'Arthur'.
3166,0,3,26,29,1.103448275862069,0.057553307613536574,583,Our new employee orientation program is pure torture.
3166,1,1,27,29,1.103448275862069,0.0759962986233572,583,The Post-it did say to clean up your dishes—or else!
3166,1,1,27,29,1.103448275862069,0.0759962986233572,583,Work in the stock market was not what Johnathan had expected.
3166,0,3,26,29,1.103448275862069,0.057553307613536574,583,"Seriously Jane, I dont think I will ever understand modern art..."
3166,0,3,26,29,1.103448275862069,0.057553307613536574,583,- He is our CEO. He is waiting for the Board members!
3166,0,3,26,29,1.103448275862069,0.057553307613536574,583,That's what you get for being late for your appointment!
3166,0,3,26,29,1.103448275862069,0.057553307613536574,583,He was caught sexting on company time.
3166,0,3,26,29,1.103448275862069,0.057553307613536574,583,Worst staycation ever.
3166,0,3,26,29,1.103448275862069,0.057553307613536574,583,Late again.
3166,0,3,26,29,1.103448275862069,0.057553307613536574,583,"Obviously, don't forget your ID."
3166,0,3,26,29,1.103448275862069,0.057553307613536574,583,That carries a captive message.
3166,0,3,26,29,1.103448275862069,0.057553307613536574,583,He always said he wanted to work in stocks.
3166,0,3,26,29,1.103448275862069,0.057553307613536574,583,"They said that they were changing our stock option, but REALLY?"
3166,0,3,26,29,1.103448275862069,0.057553307613536574,583,Ohh that's just Bill Board.
3166,0,3,26,29,1.103448275862069,0.057553307613536574,583,We try to respect tradition.
3166,0,3,26,29,1.103448275862069,0.057553307613536574,583,"Yes, it is Art. Art from accounting. He parked in the boss' spot one too many times."
3166,0,3,26,29,1.103448275862069,0.057553307613536574,583,I was tired of employees asking for stock options.
3166,0,3,26,29,1.103448275862069,0.057553307613536574,583,"It's been like this ever since the C.E.O. read, ""The Art of War""."
3166,1,1,27,29,1.103448275862069,0.0759962986233572,583,Which comes first the stock or the stockade?
3166,1,1,27,29,1.103448275862069,0.0759962986233572,583,I heard the new director is a bit on the puritanical side.
3166,0,3,26,29,1.103448275862069,0.057553307613536574,583,He got his bonus in stock.
3166,1,1,27,29,1.103448275862069,0.0759962986233572,583,He moved the cheese.
3166,1,1,27,29,1.103448275862069,0.0759962986233572,583,He asked for a raise.
3166,1,1,27,29,1.103448275862069,0.0759962986233572,583,Looks like stocks are up again.
3166,0,3,26,29,1.103448275862069,0.057553307613536574,583,Bonds are always safer
3166,0,3,26,29,1.103448275862069,0.057553307613536574,583,Parked in Mr. Carlson's parking spot.
3166,1,1,27,29,1.103448275862069,0.0759962986233572,583,I'm not certain I like HR's newest modification of the standup desk.
3166,0,3,26,29,1.103448275862069,0.057553307613536574,583,He tried to sneak past the receptionist.
3166,0,3,26,29,1.103448275862069,0.057553307613536574,583,He said he'd rather be thrown into the stocks than go through that Excel spreadsheet.
3166,0,3,26,29,1.103448275862069,0.057553307613536574,583,Looks like Tom forgot to punch in again.
3166,0,3,26,29,1.103448275862069,0.057553307613536574,583,There's a bug on my neck?
3166,0,3,26,29,1.103448275862069,0.057553307613536574,583,He's the head of the stock lobby.
3166,1,1,27,29,1.103448275862069,0.0759962986233572,583,I warned him that the Silicon Valley stuff wouldn't fly around here.
3166,0,3,26,29,1.103448275862069,0.057553307613536574,583,He's a bond man no more.
3166,0,3,26,29,1.103448275862069,0.057553307613536574,583,He lacked synergy
3166,0,3,26,29,1.103448275862069,0.057553307613536574,583,Take heed to the no cell phone zones. They take breaches seriously here.
3166,0,3,26,29,1.103448275862069,0.057553307613536574,583,"Whatever you do, don't ask about stock options."
3166,0,3,26,29,1.103448275862069,0.057553307613536574,583,He gave bad advice on stocks.
3166,1,1,27,29,1.103448275862069,0.0759962986233572,583,"Well, better than paying the extra fees, I guess...."
3166,0,3,26,29,1.103448275862069,0.057553307613536574,583,Burning Man is so tight.
3166,1,1,27,29,1.103448275862069,0.0759962986233572,583,Hey Jerry....sharp tie!
3166,0,3,26,29,1.103448275862069,0.057553307613536574,583,They say he didn't check his spam folder for a whole month
3166,0,3,26,29,1.103448275862069,0.057553307613536574,583,"Folding, spindling, and mutilating is still a crime in these parts."
3166,1,1,27,29,1.103448275862069,0.0759962986233572,583,He was on our right side yesterday.
3166,0,3,26,29,1.103448275862069,0.057553307613536574,583,It's part of the new selection process for CEO personal assistant. The rack comes next...
3166,0,3,26,29,1.103448275862069,0.057553307613536574,583,Modern art is rubbish.
3166,0,3,26,29,1.103448275862069,0.057553307613536574,583,George had a personal server.
3166,0,3,26,29,1.103448275862069,0.057553307613536574,583,He must have failed to meet his monthly quota.
3166,0,3,26,29,1.103448275862069,0.057553307613536574,583,"Cruel, yes, but he'll never microwave fish in the break room again."
3166,0,3,26,29,1.103448275862069,0.057553307613536574,583,Bob's really shackled to his work.
3166,0,3,26,29,1.103448275862069,0.057553307613536574,583,"We offer all our miscreants the traditional stocks or bonds, but he plumped for the pillory."
3166,0,3,26,29,1.103448275862069,0.057553307613536574,583,"Before we went paperless, HR would've just put a letter of warning in his file."
3166,1,1,27,29,1.103448275862069,0.0759962986233572,583,"It's part of the bond trading association's new marketing campaign. ""No one wants to be in stocks."""
3166,0,3,26,29,1.103448275862069,0.057553307613536574,583,I'm guessing he's on for the day.
3166,1,1,27,29,1.103448275862069,0.0759962986233572,583,Late for work three days in a row
3166,0,3,26,29,1.103448275862069,0.057553307613536574,583,You're going to love working here. Just don't wear jeans on Wednesday.
3166,0,3,26,29,1.103448275862069,0.057553307613536574,583,Stocks and bonds. Who knew?
3166,0,3,26,29,1.103448275862069,0.057553307613536574,583,Jeff's our stocks and bondage consultant.
3166,0,3,26,29,1.103448275862069,0.057553307613536574,583,Does this mean he's not still the Employee of the Month?
3166,0,3,26,29,1.103448275862069,0.057553307613536574,583,He didn't clean out the lunchroom microwave after use.
3166,0,3,26,29,1.103448275862069,0.057553307613536574,583,You should see his legacy bonds account.
3166,0,3,26,29,1.103448275862069,0.057553307613536574,583,He requested a standing desk.
3166,0,3,26,29,1.103448275862069,0.057553307613536574,583,"He was their poster child of the 90's, but he just wouldn't stay on the wall."
3166,0,3,26,29,1.103448275862069,0.057553307613536574,583,I guess he forgot to water the plants.
3166,1,1,27,29,1.103448275862069,0.0759962986233572,583,Well this is the STOCK market!
3166,0,3,26,29,1.103448275862069,0.057553307613536574,583,"He should have said ""I want to start investing"" not ""I want to get in to the stocks"""
3166,0,3,26,29,1.103448275862069,0.057553307613536574,583,"The fashion police are really taking this ""tie-below-the-belt"" thing seriously."
3166,0,3,26,29,1.103448275862069,0.057553307613536574,583,It's my turn on Friday.
3166,1,1,27,29,1.103448275862069,0.0759962986233572,583,He's been showing Black & Mexican couples houses for sale in white neighborhoods; and offering them the same interest & downpayment rates that their credit & annual income white counterparts get offered! Bad Realtor!
3166,1,1,27,29,1.103448275862069,0.0759962986233572,583,He always wanted to be in Stocks and Bonds.
3166,0,3,26,29,1.103448275862069,0.057553307613536574,583,Our department is real strict on spoilers.
3166,1,1,27,29,1.103448275862069,0.0759962986233572,583,"Believe it or not , he's very good at selling stocks."
3166,1,1,27,29,1.103448275862069,0.0759962986233572,583,"OK Ken, we all know your company's stock is really hot right now."
3166,0,3,26,29,1.103448275862069,0.057553307613536574,583,They got him for wearing a tie longer than Trump's.
3166,0,3,26,29,1.103448275862069,0.057553307613536574,583,"Darling, I think we should read the fine print one more time."
3166,0,3,26,29,1.103448275862069,0.057553307613536574,583,"Oh, he is our current performance artist."
3166,0,3,26,29,1.103448275862069,0.057553307613536574,583,He assumed that the new position was in Sales and Marketing.
3166,0,3,26,29,1.103448275862069,0.057553307613536574,583,It is the Company's way of telling Fred he's no longer upwardly mobile here.
3166,0,3,26,29,1.103448275862069,0.057553307613536574,583,"All I said was, ""Would it kill you to wear a tie?"""
3166,0,3,26,29,1.103448275862069,0.057553307613536574,583,Someone told him he should take stock of himself.
3166,0,3,26,29,1.103448275862069,0.057553307613536574,583,He asked for a stock option.
3166,1,1,27,29,1.103448275862069,0.0759962986233572,583,Robert's only crime? His last name is Lee.
3166,0,3,26,29,1.103448275862069,0.057553307613536574,583,He really thinks that he is being cute.
3166,1,1,27,29,1.103448275862069,0.0759962986233572,583,Take stock.
3166,0,3,26,29,1.103448275862069,0.057553307613536574,583,He said he admires Ray Dalio.
3166,0,3,26,29,1.103448275862069,0.057553307613536574,583,He heads our workplace ethics task force.
3166,0,3,26,29,1.103448275862069,0.057553307613536574,583,He's over-leveraged in stocks.
3166,0,3,26,29,1.103448275862069,0.057553307613536574,583,Looks like Wilson's sales numbers are down again.
3166,1,1,27,29,1.103448275862069,0.0759962986233572,583,"Hi, John. He used to work for President Trump."
3166,0,3,26,29,1.103448275862069,0.057553307613536574,583,You still back there?
3166,0,3,26,29,1.103448275862069,0.057553307613536574,583,THis is what happens if you say something good about Trump.
3166,0,3,26,29,1.103448275862069,0.057553307613536574,583,WOW-imagine what they do if you take home a pen AND a pencil !
3166,0,3,26,29,1.103448275862069,0.057553307613536574,583,He should have known better than to park in his boss's parking spot.
3166,0,3,26,29,1.103448275862069,0.057553307613536574,583,"Corporate art is getting a little too up-close-and-personal, don't you think?"
3166,0,3,26,29,1.103448275862069,0.057553307613536574,583,Management had lobbied for an iron maiden until HR referenced Uday Hussein.
3166,0,3,26,29,1.103448275862069,0.057553307613536574,583,"He did not ""like"" the boss' tweets"
3166,0,3,26,29,1.103448275862069,0.057553307613536574,583,He's our first practicing masochist.
3166,0,3,26,29,1.103448275862069,0.057553307613536574,583,It's the CEO's little joke for anyone who mentions the stock price.
3166,1,1,27,29,1.103448275862069,0.0759962986233572,583,Even the CEO gets his privilege checked here.
3166,0,3,26,29,1.103448275862069,0.057553307613536574,583,It's called wearable art.
3166,0,3,26,29,1.103448275862069,0.057553307613536574,583,He got caught doing insider stockade trading.
3166,1,1,27,29,1.103448275862069,0.0759962986233572,583,"Oh, and here's my stock market advisor."
3166,0,3,26,29,1.103448275862069,0.057553307613536574,583,He kept asking for more stock options
3166,0,3,26,29,1.103448275862069,0.057553307613536574,583,Hey put a sock in it buster...you know what happens when you sneak s chat on your smartphone!
3166,1,1,27,29,1.103448275862069,0.0759962986233572,583,Looks like they outsourced the HR department.
3166,1,1,27,29,1.103448275862069,0.0759962986233572,583,"These days, freedom of expression has become quite the sensitive matter."
3166,0,3,26,29,1.103448275862069,0.057553307613536574,583,"It's part of the ""PHIB initiative"".... Public Humiliation Is Brutal"
3166,1,1,27,29,1.103448275862069,0.0759962986233572,583,The WSJ was right. The company's stock is in the toilet AND the lobby.
3166,0,3,26,29,1.103448275862069,0.057553307613536574,583,He forgot his password once again.
3166,1,1,27,29,1.103448275862069,0.0759962986233572,583,This company offers a large variety of stock options.
3166,1,1,27,29,1.103448275862069,0.0759962986233572,583,"""But on the upside he says it's keeping his monthly fees under $3.00""."
3166,0,3,26,29,1.103448275862069,0.057553307613536574,583,Our internships are quite rigorous.
3166,1,1,27,29,1.103448275862069,0.0759962986233572,583,He should have been in bonds.
3166,1,1,27,29,1.103448275862069,0.0759962986233572,583,Management left out the carrot and misread the stick.
3166,1,1,27,29,1.103448275862069,0.0759962986233572,583,I told him to get out of stocks.
3166,0,3,26,29,1.103448275862069,0.057553307613536574,583,That's because his time sheet was late again.
3166,0,3,26,29,1.103448275862069,0.057553307613536574,583,"Oh, that's the firms new stock option for those who miss their quota."
3166,0,3,26,29,1.103448275862069,0.057553307613536574,583,They say he watered the air fern.
3166,1,1,27,29,1.103448275862069,0.0759962986233572,583,We're taking stock of our employees.
3166,1,1,27,29,1.103448275862069,0.0759962986233572,583,"They tell me, he's going to get the chop."
3166,0,3,26,29,1.103448275862069,0.057553307613536574,583,"When I asked how are stocks were doing, I as referring to the Dow."
3166,1,1,27,29,1.103448275862069,0.0759962986233572,583,He wasn't politically correct.
3166,1,1,27,29,1.103448275862069,0.0759962986233572,583,Looks like Johnson got Employee of the Month again!
3166,0,3,26,29,1.103448275862069,0.057553307613536574,583,"It's a piece of performance art called ""I'm Into Stocks""."
3166,0,3,26,29,1.103448275862069,0.057553307613536574,583,And I thought my purse was an encumbering accessory...
3166,0,3,26,29,1.103448275862069,0.057553307613536574,583,Interior design has gone hard core.
3166,1,1,27,29,1.103448275862069,0.0759962986233572,583,The new CEO.... trying so hard to relate to the regular workers.
3166,1,1,27,29,1.103448275862069,0.0759962986233572,583,I don't like his tie.
3166,1,1,27,29,1.103448275862069,0.0759962986233572,583,Looks like Jerry is the first winner of Bad Employee of the Month
3166,0,3,26,29,1.103448275862069,0.057553307613536574,583,"Dammit, Jeff. Not the copier, again!"
3166,0,3,26,29,1.103448275862069,0.057553307613536574,583,"I don't love the stock options here."" ""I don't love the stock options here."
3166,0,3,26,29,1.103448275862069,0.057553307613536574,583,He's a protester...Banker's Lives Matter.
3166,1,1,27,29,1.103448275862069,0.0759962986233572,583,He steals office supplies.
3166,1,1,27,29,1.103448275862069,0.0759962986233572,583,"It's part of the city's new interviewing process for lawyers ... it's called public ""defender"" humiliation."
3166,0,3,26,29,1.103448275862069,0.057553307613536574,583,"It's a new job security thing, I think."
3166,0,3,26,29,1.103448275862069,0.057553307613536574,583,He defied the ban on polka-dot ties.
3166,0,3,26,29,1.103448275862069,0.057553307613536574,583,Looks like Bob forgot to mute his line... again...
3166,0,3,26,29,1.103448275862069,0.057553307613536574,583,The executives here are into stocks.
3166,0,3,26,29,1.103448275862069,0.057553307613536574,583,"time in the stock is the penalty for stock fraud, don't even think of hanging bad paper"
3166,0,3,26,29,1.103448275862069,0.057553307613536574,583,"They sure are taking the, no pens, paperclips, and legal pads home policy seriously, these days."
3166,1,1,27,29,1.103448275862069,0.0759962986233572,583,The boss hates to fire people.
3166,0,3,26,29,1.103448275862069,0.057553307613536574,583,It's a new acquisition for the corporation's art collection.
3166,0,3,26,29,1.103448275862069,0.057553307613536574,583,"Poor guy, stuck at work again."
3166,0,3,26,29,1.103448275862069,0.057553307613536574,583,"I think you'll like working here.... Oh, and don't ever forget when it's your turn to bring donuts in on Fridays."
3166,0,3,26,29,1.103448275862069,0.057553307613536574,583,The artist gets very involved in every piece he creates.
3166,0,3,26,29,1.103448275862069,0.057553307613536574,583,It's the new rules. He sold low and bought high.
3166,1,1,27,29,1.103448275862069,0.0759962986233572,583,Really?! My farts are that bad?
3166,1,1,27,29,1.103448275862069,0.0759962986233572,583,Refused to hold the door for the boss.
3166,0,3,26,29,1.103448275862069,0.057553307613536574,583,This doubles as a lobby
3166,0,3,26,29,1.103448275862069,0.057553307613536574,583,I warned him that necktie is too narrow.
3166,0,3,26,29,1.103448275862069,0.057553307613536574,583,I guess HR is following through with its plan to get back to basics.
3166,0,3,26,29,1.103448275862069,0.057553307613536574,583,"Well, next time get a divorce!"
3166,0,3,26,29,1.103448275862069,0.057553307613536574,583,They're not cruel...they just have a zero tolerance on typos.
3166,0,3,26,29,1.103448275862069,0.057553307613536574,583,I'll trade you my Ball & Chain.
3166,1,1,27,29,1.103448275862069,0.0759962986233572,583,"Oh, him? He's one of our company's board members."
3166,0,3,26,29,1.103448275862069,0.057553307613536574,583,He 'liked' a competitor's Facebook post.
3166,0,3,26,29,1.103448275862069,0.057553307613536574,583,I warned him that stealing food from the lunchroom fridge was risky business
3166,0,3,26,29,1.103448275862069,0.057553307613536574,583,"Well, traders shouldn't ask for stock aids."
3166,0,3,26,29,1.103448275862069,0.057553307613536574,583,Now that's a portfolio I don't want to invest in
3166,1,1,27,29,1.103448275862069,0.0759962986233572,583,It's one of our many stock options.
3166,0,3,26,29,1.103448275862069,0.057553307613536574,583,Yeah--he used to be into bonds. But the market has been so strong . . .
3166,0,3,26,29,1.103448275862069,0.057553307613536574,583,Our stock options are merit based.
3166,0,3,26,29,1.103448275862069,0.057553307613536574,583,We try to recommend stocks that meet our clients' needs.
3166,1,1,27,29,1.103448275862069,0.0759962986233572,583,I bet he won't try selling stocks and bonds here again.
3166,1,1,27,29,1.103448275862069,0.0759962986233572,583,"And remember, it's really important that you read all the fine print in the contract!"
3166,1,1,27,29,1.103448275862069,0.0759962986233572,583,We're interviewing for CEO.
3166,1,1,27,29,1.103448275862069,0.0759962986233572,583,That is where we keep extra management in stock.
3166,0,3,26,29,1.103448275862069,0.057553307613536574,583,"That's Jonesy, he's our stock market analyst"
3166,0,3,26,29,1.103448275862069,0.057553307613536574,583,There's a stockade broker conference scheduled for today.
3166,1,1,27,29,1.103448275862069,0.0759962986233572,583,Hell never ignore the 'no soliciting' sign again!
3166,1,1,27,29,1.103448275862069,0.0759962986233572,583,Stocks are up.
3166,0,3,26,29,1.103448275862069,0.057553307613536574,583,He stole the boss' lunch from the fridge!
3166,1,1,27,29,1.103448275862069,0.0759962986233572,583,The trip to Tahiti for best sales wasn't working so we're trying a different approach.
3166,1,1,27,29,1.103448275862069,0.0759962986233572,583,That's just Art being art!
3166,0,3,26,29,1.103448275862069,0.057553307613536574,583,Chad burnt microwave popcorn one too many times!
3166,0,3,26,29,1.103448275862069,0.057553307613536574,583,He wants the overtime pay.
3166,0,3,26,29,1.103448275862069,0.057553307613536574,583,I don't like their late fee policy.
3166,1,1,27,29,1.103448275862069,0.0759962986233572,583,I think he left before 5:00 one day.
3166,1,1,27,29,1.103448275862069,0.0759962986233572,583,That there is our top seller; the DOJ just put in an order for a million!
3166,0,3,26,29,1.103448275862069,0.057553307613536574,583,Satan's vestibule
3166,0,3,26,29,1.103448275862069,0.057553307613536574,583,Guessing this bank is too big to flail...
3166,1,1,27,29,1.103448275862069,0.0759962986233572,583,His continuous 'Reply To All' behavior could not go unchecked.
3166,1,1,27,29,1.103448275862069,0.0759962986233572,583,This stock offer makes me want to buy bonds.
3166,0,3,26,29,1.103448275862069,0.057553307613536574,583,Ignore him. He's just selling tickets to a production of THE CRUCIBLE his daughter is in.
3166,1,1,27,29,1.103448275862069,0.0759962986233572,583,"After lunch, remind to put my plastic container in the recycling. I'd like to paint later."
3166,0,3,26,29,1.103448275862069,0.057553307613536574,583,"Apparently, it's hilarious on You-Tube"
3166,0,3,26,29,1.103448275862069,0.057553307613536574,583,Isn't it fun when old tradition looks like modern art?
3166,0,3,26,29,1.103448275862069,0.057553307613536574,583,Yesterday he wore white pants and the boss is a strong believer in that post Labor Day thingee.
3166,0,3,26,29,1.103448275862069,0.057553307613536574,583,The copy machine's acting up again.
3166,0,3,26,29,1.103448275862069,0.057553307613536574,583,Don't ever joke about our stock price.
3166,0,3,26,29,1.103448275862069,0.057553307613536574,583,I didn't believe him when he said he felt pilloried at work.
3166,0,3,26,29,1.103448275862069,0.057553307613536574,583,Just don't dress up on casual Fridays- he was here all weekend.
3166,1,1,27,29,1.103448275862069,0.0759962986233572,583,Stan failed diversity training.
3166,0,3,26,29,1.103448275862069,0.057553307613536574,583,It's part of the company's greater transparency policy.
3166,1,1,27,29,1.103448275862069,0.0759962986233572,583,I don't think the standing lobby chair is going to catch on.
3166,0,3,26,29,1.103448275862069,0.057553307613536574,583,"Well, it beats being laid off."
3166,0,3,26,29,1.103448275862069,0.057553307613536574,583,We caught him alternative faxing.
3166,0,3,26,29,1.103448275862069,0.057553307613536574,583,"Well, yes, I had heard that the Firm's stocks had risen."
3166,0,3,26,29,1.103448275862069,0.057553307613536574,583,"I wish they'd told us this was ""bring your own rotten tomatoes"" day"
3166,0,3,26,29,1.103448275862069,0.057553307613536574,583,It looks like Spencer was tardy again.
3166,0,3,26,29,1.103448275862069,0.057553307613536574,583,Public shaming never gets old!
3166,0,3,26,29,1.103448275862069,0.057553307613536574,583,"Lawyers, trying to fill every loophole in a contract."
3166,0,3,26,29,1.103448275862069,0.057553307613536574,583,Fox News's anti-sexual harassment program seems to be working out well.
3166,0,3,26,29,1.103448275862069,0.057553307613536574,583,"No big changes, really. The new corporate owners take a traditional approach to HR issues."
3166,0,3,26,29,1.103448275862069,0.057553307613536574,583,"Oh look, remember, we saw this on our trip to the ashram leaving Karachi."
3166,1,1,27,29,1.103448275862069,0.0759962986233572,583,Our management really takes the customer service follow up surveys seriously.
3166,0,3,26,29,1.103448275862069,0.057553307613536574,583,We don't know whether to feed him or put a frame around him.
3166,0,3,26,29,1.103448275862069,0.057553307613536574,583,He used the microwave to re-heat fish.
3166,0,3,26,29,1.103448275862069,0.057553307613536574,583,Amazing! This is what passes for art these days.
3166,0,3,26,29,1.103448275862069,0.057553307613536574,583,Don't encourage him.
3166,1,1,27,29,1.103448275862069,0.0759962986233572,583,They have trouble holding on to greeters.
3166,0,3,26,29,1.103448275862069,0.057553307613536574,583,Nothing in particular—the boss just got fed up with entitled millenials.
3166,0,3,26,29,1.103448275862069,0.057553307613536574,583,When you work on the Editorial Board of The New Yorker you should know better than to say anything positive about Trump.
3166,1,1,27,29,1.103448275862069,0.0759962986233572,583,He told the H.R. manager she had a nice butt.
3166,0,3,26,29,1.103448275862069,0.057553307613536574,583,"Unnecessary ""reply all."" Sad case."
3166,0,3,26,29,1.103448275862069,0.057553307613536574,583,He didn't vote.
3166,1,1,27,29,1.103448275862069,0.0759962986233572,583,He was just voted the unemployee of the month.
3166,0,3,26,29,1.103448275862069,0.057553307613536574,583,It's our version of everybody's 15 minutes of fame.
3166,1,1,27,29,1.103448275862069,0.0759962986233572,583,It's performance art. Pretend like you're not disturbed.
3166,0,3,26,29,1.103448275862069,0.057553307613536574,583,The stocks are up today
3166,0,3,26,29,1.103448275862069,0.057553307613536574,583,He's hoping for a raise.
3166,0,3,26,29,1.103448275862069,0.057553307613536574,583,It's our new employee stock bonus program.
3166,1,1,27,29,1.103448275862069,0.0759962986233572,583,It's the latest in complaint departments.
3166,0,3,26,29,1.103448275862069,0.057553307613536574,583,Gave the boss the usual stock answers.
3166,1,1,27,29,1.103448275862069,0.0759962986233572,583,He addressed one of the cashiers as Honey Bunch.
3166,0,3,26,29,1.103448275862069,0.057553307613536574,583,"They said they had an employee stock plan, but I was expecting something else."
3166,0,3,26,29,1.103448275862069,0.057553307613536574,583,That's why I didn't ask for stock options
3166,0,3,26,29,1.103448275862069,0.057553307613536574,583,He told Trump there's noway we can build the border wall.
3166,0,3,26,29,1.103448275862069,0.057553307613536574,583,Harold was selected to participate in the company's stocks option program.
3166,0,3,26,29,1.103448275862069,0.057553307613536574,583,"It costs less than a cubicle, and doesn't require nearly as much space!"
3166,1,1,27,29,1.103448275862069,0.0759962986233572,583,"If you think the pillory is bad, you should see the ponald prump."
3166,1,1,27,29,1.103448275862069,0.0759962986233572,583,He kept revealing spoilers--so we're throwing rotten tomatoes at him.
3166,1,1,27,29,1.103448275862069,0.0759962986233572,583,I've always felt bonds were a safer investment.
3166,0,3,26,29,1.103448275862069,0.057553307613536574,583,I heard he came to work late.
3166,0,3,26,29,1.103448275862069,0.057553307613536574,583,Employee stock options.
3166,0,3,26,29,1.103448275862069,0.057553307613536574,583,He Was Late To Our Last Meeting.
3166,0,3,26,29,1.103448275862069,0.057553307613536574,583,"When our newsletter said “stocks were up”, I didn’t take it literally."
3166,1,1,27,29,1.103448275862069,0.0759962986233572,583,"Earned less than $1,000,000 in bonuses last year"
3166,0,3,26,29,1.103448275862069,0.057553307613536574,583,Bob's our Motivational Coach.
3166,0,3,26,29,1.103448275862069,0.057553307613536574,583,"That's a pillory, Hilary"
3166,0,3,26,29,1.103448275862069,0.057553307613536574,583,It's the latest technique for dealing with white collar crimes.
3166,0,3,26,29,1.103448275862069,0.057553307613536574,583,He's their Stocks and Bondage Representative.
3166,0,3,26,29,1.103448275862069,0.057553307613536574,583,Insider stocks trader.
3166,0,3,26,29,1.103448275862069,0.057553307613536574,583,That has to be the 'my bad' of the year.
3166,0,3,26,29,1.103448275862069,0.057553307613536574,583,Sales targets were a bit short.
3166,0,3,26,29,1.103448275862069,0.057553307613536574,583,This here is Jeff that will happen to you if you get 3 bad reports in a month.
3166,0,3,26,29,1.103448275862069,0.057553307613536574,583,You have to read the fine print on the stock options.
3166,1,1,27,29,1.103448275862069,0.0759962986233572,583,I'd like to add you to my professional network on LinkedIn
3166,0,3,26,29,1.103448275862069,0.057553307613536574,583,He did say he was going to buy some stocks.
3166,1,1,27,29,1.103448275862069,0.0759962986233572,583,"What did he do?"" ""He stole a stapler from accounting for the last time"
3166,0,3,26,29,1.103448275862069,0.057553307613536574,583,He's a stocks trader.
3166,0,3,26,29,1.103448275862069,0.057553307613536574,583,"Yes, we sell those stocks and bonds."
3166,0,3,26,29,1.103448275862069,0.057553307613536574,583,"They put him in corporate ""time out."""
3166,0,3,26,29,1.103448275862069,0.057553307613536574,583,Employee Of The Month -- good going. Two months in a row -- o.k.. Three times -- no.
3166,0,3,26,29,1.103448275862069,0.057553307613536574,583,He traded bonds for stocks.
3166,1,1,27,29,1.103448275862069,0.0759962986233572,583,His tie was too short.
3166,1,1,27,29,1.103448275862069,0.0759962986233572,583,Is there an emoji for that?
3166,1,1,27,29,1.103448275862069,0.0759962986233572,583,"They told him this was a new treatment for carpal tunnel syndrome, but I heard the boss wants his head."
3166,0,3,26,29,1.103448275862069,0.057553307613536574,583,He got caught not enjoying his work.
3166,0,3,26,29,1.103448275862069,0.057553307613536574,583,He tried to take a lunch break.
3166,1,1,27,29,1.103448275862069,0.0759962986233572,583,I hear the new compliance guy is a real stickler.
3166,0,3,26,29,1.103448275862069,0.057553307613536574,583,Hmm... he must have gone to the stock market before work.
3166,1,1,27,29,1.103448275862069,0.0759962986233572,583,That's Ned. He's almost done with his Performance Improvement Plan.
3166,0,3,26,29,1.103448275862069,0.057553307613536574,583,That's the new art piece they just purchased last week.
3166,0,3,26,29,1.103448275862069,0.057553307613536574,583,Jim always said he wanted to get into stocks.
3166,0,3,26,29,1.103448275862069,0.057553307613536574,583,"Hyping his new book, '50 Shades of Stocks and Bondage.'"
3166,1,1,27,29,1.103448275862069,0.0759962986233572,583,This is our most popular model. It's a favorite with hipsters looking for a more retro style of public shaming.
3166,0,3,26,29,1.103448275862069,0.057553307613536574,583,They take stocks very seriously at this brokerage.
3166,0,3,26,29,1.103448275862069,0.057553307613536574,583,I guess stocks are still a good investment.
3166,0,3,26,29,1.103448275862069,0.057553307613536574,583,"It was probably the ""Loyalty Question."""
3166,0,3,26,29,1.103448275862069,0.057553307613536574,583,We may have an opening in stocks and bondage.
3166,0,3,26,29,1.103448275862069,0.057553307613536574,583,I hope we don't have a long wait.
3166,0,3,26,29,1.103448275862069,0.057553307613536574,583,"I guess ""employee of the month"" is out of the questionn for him."
3166,0,3,26,29,1.103448275862069,0.057553307613536574,583,We take turns just in case we may have offended someone.
3166,0,3,26,29,1.103448275862069,0.057553307613536574,583,"For us plebs, the elevator only goes to pillory floor, not the penthouse floor."
3166,0,3,26,29,1.103448275862069,0.057553307613536574,583,"He clicked on ""reply all"" one time too many."
3166,1,1,27,29,1.103448275862069,0.0759962986233572,583,"But, you, of course, will be working over here, in bonds."
3166,0,3,26,29,1.103448275862069,0.057553307613536574,583,He led a failed hostile takeover bid.
3166,1,1,27,29,1.103448275862069,0.0759962986233572,583,Well of course he deserves it. He was overheard muttering something that was politically incorrect.
3166,0,3,26,29,1.103448275862069,0.057553307613536574,583,I hate coming to the DMV.
3166,0,3,26,29,1.103448275862069,0.057553307613536574,583,"You know, the latest studies show that if he were woman, he'd only be making 80% of what he makes now for standing in those stocks!"
3166,0,3,26,29,1.103448275862069,0.057553307613536574,583,That's how we adjust interns to corporate america.
3166,0,3,26,29,1.103448275862069,0.057553307613536574,583,That's just a demo model. The one for Suzie would be smaller.
3166,0,3,26,29,1.103448275862069,0.057553307613536574,583,He's in stocks. Bonds are this way
3166,0,3,26,29,1.103448275862069,0.057553307613536574,583,Must be a dress down Friday kinda’ thing.
3166,0,3,26,29,1.103448275862069,0.057553307613536574,583,"the new fashion police are in town, I see..."
3166,0,3,26,29,1.103448275862069,0.057553307613536574,583,"Its a Pillory for Hillary supporters, what else do you expect in a Trump building?"
3166,1,1,27,29,1.103448275862069,0.0759962986233572,583,He was offered stock options.
3166,0,3,26,29,1.103448275862069,0.057553307613536574,583,It's the last one in stock.
3166,1,1,27,29,1.103448275862069,0.0759962986233572,583,"Oh, that...while you were away, our corporate Art Bank merged with HR."
3166,1,1,27,29,1.103448275862069,0.0759962986233572,583,"Executives here get stock options, but for employees they're mandatory."
3166,0,3,26,29,1.103448275862069,0.057553307613536574,583,I tried to tell him to stick to bonds and stay out of stocks.
3166,0,3,26,29,1.103448275862069,0.057553307613536574,583,He wanted more focus on stocks.
3166,0,3,26,29,1.103448275862069,0.057553307613536574,583,Looks like Jenkins missed his sales quota for the month.
3166,0,3,26,29,1.103448275862069,0.057553307613536574,583,"Call me a snowflake, but I prefer employee of the month."
3166,0,3,26,29,1.103448275862069,0.057553307613536574,583,The new CEO is into artisanal torture.
3166,0,3,26,29,1.103448275862069,0.057553307613536574,583,He's really getting into stocks
3166,1,1,27,29,1.103448275862069,0.0759962986233572,583,He took someone else's yogurt from the fridge and ate it.
3166,0,3,26,29,1.103448275862069,0.057553307613536574,583,Guess he didn't lean in.
3166,0,3,26,29,1.103448275862069,0.057553307613536574,583,I chose this over the chain of command.
3166,0,3,26,29,1.103448275862069,0.057553307613536574,583,Maybe we should look into bonds.
3166,0,3,26,29,1.103448275862069,0.057553307613536574,583,Well I guess poor Tom won't be watching any more porn on company time.
3166,0,3,26,29,1.103448275862069,0.057553307613536574,583,He forgot to refill the printer paper.
3166,1,1,27,29,1.103448275862069,0.0759962986233572,583,"'Trump promised sticks would go up"""
3166,0,3,26,29,1.103448275862069,0.057553307613536574,583,That's the new Intern. He asked where the Break Room was.
3166,0,3,26,29,1.103448275862069,0.057553307613536574,583,"It's the HR Director's Game of Thrones version of ""Time Out."""
3166,0,3,26,29,1.103448275862069,0.057553307613536574,583,"We're focused on capital here: monetary, letters, and punishment."
3166,1,1,27,29,1.103448275862069,0.0759962986233572,583,"Oh, that's Smith. He put a surströmming salad in the break room fridge."
3166,0,3,26,29,1.103448275862069,0.057553307613536574,583,Very little movement in his stocks.
3166,0,3,26,29,1.103448275862069,0.057553307613536574,583,"Well, they said stocks were going up."
3166,1,1,27,29,1.103448275862069,0.0759962986233572,583,Its about time they cracked down on hobbyists.
3166,1,1,27,29,1.103448275862069,0.0759962986233572,583,Looks like Johnson is trapped in the pillory again.
3166,1,1,27,29,1.103448275862069,0.0759962986233572,583,Stocks ... You never know.
3166,0,3,26,29,1.103448275862069,0.057553307613536574,583,"Oh, him. He got caught with his hand in the Coffee Kitty."
3166,1,1,27,29,1.103448275862069,0.0759962986233572,583,His stocks tanked and the boss likes puns.
3166,0,3,26,29,1.103448275862069,0.057553307613536574,583,Free torture device when you enroll in direct deposit.
3166,1,1,27,29,1.103448275862069,0.0759962986233572,583,He said wanted all the company's stocks.
3166,0,3,26,29,1.103448275862069,0.057553307613536574,583,Networking is so over.
3166,0,3,26,29,1.103448275862069,0.057553307613536574,583,It appeared right after we banned Twitter.
3166,0,3,26,29,1.103448275862069,0.057553307613536574,583,"Yes, follow me. Also that man is our CEO. He's been a bad boy!!"
3166,1,1,27,29,1.103448275862069,0.0759962986233572,583,Fantasy football during office hours
3166,0,3,26,29,1.103448275862069,0.057553307613536574,583,No jokes about stock options.
3166,0,3,26,29,1.103448275862069,0.057553307613536574,583,I know Coal is back in fashion but public shaming too?
3166,0,3,26,29,1.103448275862069,0.057553307613536574,583,He was warned not to demand stock options.
3166,0,3,26,29,1.103448275862069,0.057553307613536574,583,Fifty shades of grey gone terribly wrong... or right?
3166,0,3,26,29,1.103448275862069,0.057553307613536574,583,We have a great internship program for future CEOs.
3166,0,3,26,29,1.103448275862069,0.057553307613536574,583,"If you can't sell the stocks, you get the stocks. Get it?"
3166,1,1,27,29,1.103448275862069,0.0759962986233572,583,"Serves him right.He laughed when Clemnza said, ""LEAVE THE GUN;TAKE THE CANNOLI""."
3166,0,3,26,29,1.103448275862069,0.057553307613536574,583,They're still working out the kinks in the 'stocks' bonus plan.
3166,0,3,26,29,1.103448275862069,0.057553307613536574,583,He missed the deadline on his last project.
3166,0,3,26,29,1.103448275862069,0.057553307613536574,583,Fingers crossed he goes with Workers' Comp.
3166,0,3,26,29,1.103448275862069,0.057553307613536574,583,"Before you start the job, there’s one more thing you need to know. The company strictly adheres to the Friday afternoon deadline of cleaning out old food from the employee refrigerator."
3166,0,3,26,29,1.103448275862069,0.057553307613536574,583,He did not start a new pot of coffee when he took the last cup.
3166,0,3,26,29,1.103448275862069,0.057553307613536574,583,I think I prefer the days when the Employee of the Month award was a gift certificate to Appleby's.
3166,0,3,26,29,1.103448275862069,0.057553307613536574,583,That's a rotten way to get people to buy stocks in the company.
3166,0,3,26,29,1.103448275862069,0.057553307613536574,583,I miss pink slips.
3166,0,3,26,29,1.103448275862069,0.057553307613536574,583,Part of the corporate Wellness Program to shake caffeine.
3166,0,3,26,29,1.103448275862069,0.057553307613536574,583,He left the seat UP on the toilet.
3166,0,3,26,29,1.103448275862069,0.057553307613536574,583,I've changed my mind about your choice of marriage counselor.
3166,1,1,27,29,1.103448275862069,0.0759962986233572,583,He snuck in a Galaxy Note 7.
3166,1,1,27,29,1.103448275862069,0.0759962986233572,583,"I warned him not to microwave his leftover fish, but he wouldn't listen"
3166,1,1,27,29,1.103448275862069,0.0759962986233572,583,"Teak, instead of pine, is good positioning for us."
3166,0,3,26,29,1.103448275862069,0.057553307613536574,583,It looks like Bob didn't meet his sales target again.
3166,0,3,26,29,1.103448275862069,0.057553307613536574,583,He wanted to be fully-vested in stocks
3166,0,3,26,29,1.103448275862069,0.057553307613536574,583,Her family has a long New England history
3166,1,1,27,29,1.103448275862069,0.0759962986233572,583,He was disloyal and tweeted about it.
3166,1,1,27,29,1.103448275862069,0.0759962986233572,583,He's the Wiccan of Wall Street
3166,0,3,26,29,1.103448275862069,0.057553307613536574,583,Last week it was bonds.
3166,1,1,27,29,1.103448275862069,0.0759962986233572,583,"His tie is to die for, so it must have been something he said."
3166,1,1,27,29,1.103448275862069,0.0759962986233572,583,He was caught in the restroom without a gender ID.
3166,0,3,26,29,1.103448275862069,0.057553307613536574,583,Looks like he bought the wrong stocks.
3166,0,3,26,29,1.103448275862069,0.057553307613536574,583,He put his money in the wrong stocks.
3166,1,1,27,29,1.103448275862069,0.0759962986233572,583,Stocks are going up!
3166,0,3,26,29,1.103448275862069,0.057553307613536574,583,We lob tomatoes on Tuesdays. Don't wear white.
3166,0,3,26,29,1.103448275862069,0.057553307613536574,583,He'll think twice before eating someone else's lunch.
3166,0,3,26,29,1.103448275862069,0.057553307613536574,583,Frank lost The Game of Boardroom.
3166,0,3,26,29,1.103448275862069,0.057553307613536574,583,I'm glad they went with the reclaimed cedar for the stocks this time - conveys good corporate citizenship.
3166,1,1,27,29,1.103448275862069,0.0759962986233572,583,Worst stock picker of the month.
3166,0,3,26,29,1.103448275862069,0.057553307613536574,583,We combine probation and team building here . You will find a shaving cream pie on your desk for later.
3166,1,1,27,29,1.103448275862069,0.0759962986233572,583,Better than deportation.
3166,0,3,26,29,1.103448275862069,0.057553307613536574,583,Have you met the new security guard? He identifies as a T-Rex.
3166,1,1,27,29,1.103448275862069,0.0759962986233572,583,The new Sears stocks
3166,1,1,27,29,1.103448275862069,0.0759962986233572,583,The new boss thinks it deters workers from going on Facebook.
3166,0,3,26,29,1.103448275862069,0.057553307613536574,583,He misunderstood investing in stocks.
3166,1,1,27,29,1.103448275862069,0.0759962986233572,583,He complained about the coffee in the break room.
3166,0,3,26,29,1.103448275862069,0.057553307613536574,583,test
3166,0,3,26,29,1.103448275862069,0.057553307613536574,583,It's a millennial retention strategy.
3166,0,3,26,29,1.103448275862069,0.057553307613536574,583,He crossed Trump.
3166,0,3,26,29,1.103448275862069,0.057553307613536574,583,That's more embarrassing than a time out
3166,0,3,26,29,1.103448275862069,0.057553307613536574,583,He's training to be a stocks broker.
3166,0,3,26,29,1.103448275862069,0.057553307613536574,583,Politically incorrect!
3166,0,3,26,29,1.103448275862069,0.057553307613536574,583,"I know we're cutting back, but that's a pretty lame replacement for the massage chair."
3166,0,3,26,29,1.103448275862069,0.057553307613536574,583,He had an attitude
3166,0,3,26,29,1.103448275862069,0.057553307613536574,583,It's just a new stand up desk.
3166,0,3,26,29,1.103448275862069,0.057553307613536574,583,Oh yea and remember not to mention the bosses weight problem.
3166,0,3,26,29,1.103448275862069,0.057553307613536574,583,He showed up late today.
3166,0,3,26,29,1.103448275862069,0.057553307613536574,583,Is that your firm's stock analyst?
3166,0,3,26,29,1.103448275862069,0.057553307613536574,583,"He is on the board, and he asked for the stocks - but they gave him the pillory instead."
3166,0,3,26,29,1.103448275862069,0.057553307613536574,583,It's that new Dimmesdale Diet.
3166,0,3,26,29,1.103448275862069,0.057553307613536574,583,"Do you think at this point in his life, he should be 100% in stocks?"
3166,1,1,27,29,1.103448275862069,0.0759962986233572,583,"Sorry, Gary, but you knew the company's policy when you hit ""reply all."""
3166,1,1,27,29,1.103448275862069,0.0759962986233572,583,What an awful tie
3166,1,1,27,29,1.103448275862069,0.0759962986233572,583,"Just wait till lunch, we get to hurl tomatoes and insults at him."
3166,0,3,26,29,1.103448275862069,0.057553307613536574,583,"The ""back to the old values"" policy seems to have gone a step too far."
3166,0,3,26,29,1.103448275862069,0.057553307613536574,583,"Sorry John, but you shouldn't have eaten the last donut at the meeting."
3166,1,1,27,29,1.103448275862069,0.0759962986233572,583,I think that standing desk suits him....
3166,0,3,26,29,1.103448275862069,0.057553307613536574,583,I think it's a new overdraft system
3166,1,1,27,29,1.103448275862069,0.0759962986233572,583,Are you sure we should be heading back?
3166,1,1,27,29,1.103448275862069,0.0759962986233572,583,He was into stocks. I think we better get out of bonds.
3166,1,1,27,29,1.103448275862069,0.0759962986233572,583,They specialize in stocks and bondage.
3166,1,1,27,29,1.103448275862069,0.0759962986233572,583,This is what happens when you close the elevator on the boss.
3166,1,1,27,29,1.103448275862069,0.0759962986233572,583,He's left over from torture Fridays.
3166,0,3,26,29,1.103448275862069,0.057553307613536574,583,I thought he was going to get a new tie for the Shaming.
3166,0,3,26,29,1.103448275862069,0.057553307613536574,583,I'm here for the board meeting
3166,0,3,26,29,1.103448275862069,0.057553307613536574,583,"He's starting a wedge fund,something to do with stocks."
3166,0,3,26,29,1.103448275862069,0.057553307613536574,583,Dave from accounting was drawn and quartered last week.
3166,1,1,27,29,1.103448275862069,0.0759962986233572,583,It's only a matter of time before Tom from accounting get the ax
3166,0,3,26,29,1.103448275862069,0.057553307613536574,583,He didn't use the new report cover.
3166,1,1,27,29,1.103448275862069,0.0759962986233572,583,"Our new CEO goes to a few too many motivational seminars, if you want my opinion."
3166,1,1,27,29,1.103448275862069,0.0759962986233572,583,He was caught texting during work hours again.
3166,0,3,26,29,1.103448275862069,0.057553307613536574,583,His expense reports were late again.
3166,0,3,26,29,1.103448275862069,0.057553307613536574,583,He always gets the bagel and lox.
3166,0,3,26,29,1.103448275862069,0.057553307613536574,583,He got caught on Facebook during work hours.
3166,0,3,26,29,1.103448275862069,0.057553307613536574,583,It's a formal stock exchange.
3166,0,3,26,29,1.103448275862069,0.057553307613536574,583,Bill puts the HR department stockade in the reception area if the boss schedules too many new lawyer interviews.
3166,1,1,27,29,1.103448275862069,0.0759962986233572,583,This floor is all investments; stocks and bonds.
3166,1,1,27,29,1.103448275862069,0.0759962986233572,583,My name is Mary Warren and I'm here to read for the part of 'Mary Warren.'
3166,0,3,26,29,1.103448275862069,0.057553307613536574,583,They thought he asked for stocks and bondage!
3166,0,3,26,29,1.103448275862069,0.057553307613536574,583,Looks like his stock isn't moving today...
3166,0,3,26,29,1.103448275862069,0.057553307613536574,583,That's Houdini's kid - he's new in town
3166,0,3,26,29,1.103448275862069,0.057553307613536574,583,It's to ease his conscience when he says his hands are tied.
3166,0,3,26,29,1.103448275862069,0.057553307613536574,583,Human Resources didn’t like his last Facebook post.
3166,0,3,26,29,1.103448275862069,0.057553307613536574,583,It's a performance art project of our Customer Service Department.
3166,0,3,26,29,1.103448275862069,0.057553307613536574,583,Bonds are down the hall.
3166,0,3,26,29,1.103448275862069,0.057553307613536574,583,He never would agree with me.
3166,1,1,27,29,1.103448275862069,0.0759962986233572,583,They say the new guy asked for a corner office.
3166,0,3,26,29,1.103448275862069,0.057553307613536574,583,I heard he wouldn't dress casual on Fridays.
3166,0,3,26,29,1.103448275862069,0.057553307613536574,583,Some advice? Don't exercise your stock option.
3166,0,3,26,29,1.103448275862069,0.057553307613536574,583,I'd go for bonds instead of stocks.
3166,0,3,26,29,1.103448275862069,0.057553307613536574,583,He was installing Bathroom Video equipment!
3166,0,3,26,29,1.103448275862069,0.057553307613536574,583,I see the new CEO has made manifest her latest edict: No more getting handsy in the elevator.
3166,1,1,27,29,1.103448275862069,0.0759962986233572,583,I prefer private stocks.
3166,1,1,27,29,1.103448275862069,0.0759962986233572,583,"Public humiliation instead of being fired, it was his call."
3166,1,1,27,29,1.103448275862069,0.0759962986233572,583,"Didn't refill the copier with paper, hmm!"
3166,1,1,27,29,1.103448275862069,0.0759962986233572,583,It was either that or take minutes at the staff meeting.
3166,0,3,26,29,1.103448275862069,0.057553307613536574,583,They view company stocks as incentives.
3166,0,3,26,29,1.103448275862069,0.057553307613536574,583,He undertipped.
3166,0,3,26,29,1.103448275862069,0.057553307613536574,583,It's kind of like employee of the week in reverse.
3166,0,3,26,29,1.103448275862069,0.057553307613536574,583,It's a the latest most effective diet craze.
3166,0,3,26,29,1.103448275862069,0.057553307613536574,583,It has lowered the error rate.
3166,0,3,26,29,1.103448275862069,0.057553307613536574,583,Missed his WIG (Wildly Improbable Goals) twice in a row!
3166,1,1,27,29,1.103448275862069,0.0759962986233572,583,Business and art can be in sync. This one is called First Quartered Results
3166,1,1,27,29,1.103448275862069,0.0759962986233572,583,He ignored a LinkedIn request.
3166,0,3,26,29,1.103448275862069,0.057553307613536574,583,"Personally, I think firing Bannon was enough."
3166,0,3,26,29,1.103448275862069,0.057553307613536574,583,"Our corporate value to ""Care for the Person"" is going a bit far."
3166,0,3,26,29,1.103448275862069,0.057553307613536574,583,"Ed's self-shaming again."" ""Yeah, he thinks its poetic justice, when his stocks do poorly."
3166,0,3,26,29,1.103448275862069,0.057553307613536574,583,It's a prototype of the new dress code.
3166,0,3,26,29,1.103448275862069,0.057553307613536574,583,"He took a personal call, AGAIN."
3166,1,1,27,29,1.103448275862069,0.0759962986233572,583,"Honey, maybe we should invest money in stocks"
3166,1,1,27,29,1.103448275862069,0.0759962986233572,583,Typical corporate stock answer.
3166,1,1,27,29,1.103448275862069,0.0759962986233572,583,Microwaved his manicotti in the breakroom without a lid--again.
3166,1,1,27,29,1.103448275862069,0.0759962986233572,583,Is Art Mr Deco's first name?
3166,0,3,26,29,1.103448275862069,0.057553307613536574,583,I dont' think that's what he meant when he tweeted 'increase your stock options'.
3166,0,3,26,29,1.103448275862069,0.057553307613536574,583,"His fault? At Obama Times he was the ""Employer ot the month!"""
3166,0,3,26,29,1.103448275862069,0.057553307613536574,583,How's the standing desk training coming?
3166,1,1,27,29,1.103448275862069,0.0759962986233572,583,I don't think I like our new corporate punishment initiative!
3166,0,3,26,29,1.103448275862069,0.057553307613536574,583,"Geez, Lumburgh is getting serious about those TPS reports."
3166,0,3,26,29,1.103448275862069,0.057553307613536574,583,I told you that this was a very old stocks and bonds establishment.
3166,1,1,27,29,1.103448275862069,0.0759962986233572,583,"I know we're not supposed to be late for work, but jeez."
3166,0,3,26,29,1.103448275862069,0.057553307613536574,583,Real art is not so approachable by the average human.
3166,1,1,27,29,1.103448275862069,0.0759962986233572,583,Wait until you see the guys who're into suspension.
3166,1,1,27,29,1.103448275862069,0.0759962986233572,583,Forget this. Let's try bonds.
3166,1,1,27,29,1.103448275862069,0.0759962986233572,583,"Look at the bright side, at least they don't provide rotting veggies..."
3166,0,3,26,29,1.103448275862069,0.057553307613536574,583,Ed sure knows how to pick stocks.
3166,0,3,26,29,1.103448275862069,0.057553307613536574,583,All he did was to flunk out of the TEAM making group!
3166,0,3,26,29,1.103448275862069,0.057553307613536574,583,"This is a new program by the Economic Crime Authority, which allows our CEO to have work-jail balance."
3166,1,1,27,29,1.103448275862069,0.0759962986233572,583,"Trump U graduate, signed up for stocks."
3166,0,3,26,29,1.103448275862069,0.057553307613536574,583,He hired someone through LinkedIn.
3166,1,1,27,29,1.103448275862069,0.0759962986233572,583,To promote wellness the company went to a standing stockade.
3166,0,3,26,29,1.103448275862069,0.057553307613536574,583,The company does pride itself on stand-up stocks.
3166,0,3,26,29,1.103448275862069,0.057553307613536574,583,Welcome to Stocks & Bondage Tuesdays!
3166,0,3,26,29,1.103448275862069,0.057553307613536574,583,He thought he was buying stocks and bonds. He didn't realize we only sell stocks.
3166,0,3,26,29,1.103448275862069,0.057553307613536574,583,We handle insider trading a bit differently here at Mikado Securities.
3166,0,3,26,29,1.103448275862069,0.057553307613536574,583,"""Never, never ask for a raise""."
3166,0,3,26,29,1.103448275862069,0.057553307613536574,583,He made a remark that was politically incorrect.
3166,0,3,26,29,1.103448275862069,0.057553307613536574,583,The White House finally plugged that leak...
3166,0,3,26,29,1.103448275862069,0.057553307613536574,583,"If you think that's something, wait until you see our bonds department."
3166,0,3,26,29,1.103448275862069,0.057553307613536574,583,These are not the stock options I was looking for!
3166,0,3,26,29,1.103448275862069,0.057553307613536574,583,We don't have much of an insider trading problem anymore.
3166,0,3,26,29,1.103448275862069,0.057553307613536574,583,"Why, that's Jones in accounting. Where are the rotten tomatoes when we need them?"
3166,1,1,27,29,1.103448275862069,0.0759962986233572,583,Bill has been transferred to stocks and bonds
3166,0,3,26,29,1.103448275862069,0.057553307613536574,583,...and that's Art. No one talks to him because he's a square.
3166,1,1,27,29,1.103448275862069,0.0759962986233572,583,Wells Fargo used to be such a great place to work.
3166,0,3,26,29,1.103448275862069,0.057553307613536574,583,Caught sneaking home a few office supplies.
3166,0,3,26,29,1.103448275862069,0.057553307613536574,583,"Gotta feel bad for Wilson. He makes one rookie mistake on junk bonds, and they reassign him to stocks."
3166,1,1,27,29,1.103448275862069,0.0759962986233572,583,He thought the company stock option was an employee investment strategy.
3166,1,1,27,29,1.103448275862069,0.0759962986233572,583,Our corporate stocks. You should see our bonds.
3166,0,3,26,29,1.103448275862069,0.057553307613536574,583,"Joe, used the last drop of coffee and walked out of the breakroom."
3166,0,3,26,29,1.103448275862069,0.057553307613536574,583,Apparently he didn't understand stocks and bonds.
3166,0,3,26,29,1.103448275862069,0.057553307613536574,583,He's the latest to burn the popcorn in the microwave.
3166,1,1,27,29,1.103448275862069,0.0759962986233572,583,He floated to the top too quickly.
3166,0,3,26,29,1.103448275862069,0.057553307613536574,583,"Stocks are down today, I see!"
3166,0,3,26,29,1.103448275862069,0.057553307613536574,583,More cutbacks in H.R.
3166,0,3,26,29,1.103448275862069,0.057553307613536574,583,His stocks aren't moving.
3760,0,4,35,39,1.1025641025641026,0.04921614717627658,583,He requested a stock-in-trade.
3761,0,3,27,30,1.1,0.05570860145311559,583,Fish in microwave -while humming 'Livin' on a Prayer'
3761,0,3,27,30,1.1,0.05570860145311559,583,The stocks are down again.
3761,0,3,27,30,1.1,0.05570860145311559,583,We also deal on the UK stock exchange.
3761,1,1,28,30,1.1,0.07350033231608355,583,That's Tom. He was being mean to Beth.
3761,0,3,27,30,1.1,0.05570860145311559,583,Lunch thief.
3761,0,3,27,30,1.1,0.05570860145311559,583,I'm told they specialise in insider stocks trading.
3761,0,3,27,30,1.1,0.05570860145311559,583,Oh he's being punished for insider trading
3761,0,3,27,30,1.1,0.05570860145311559,583,He's always been into stocks and bonds
3761,0,3,27,30,1.1,0.05570860145311559,583,The new corporate punishment policy must have taken effect. I warned Steve about replying all. Shame.
3761,1,1,28,30,1.1,0.07350033231608355,583,Hank is heavily into stocks.
3761,0,3,27,30,1.1,0.05570860145311559,583,Our Disciplinary Policies are a bit archaic. Jerry forgot to change the toner.
3761,1,1,28,30,1.1,0.07350033231608355,583,"I know what you're thinking, but he's got on a short sleeved shirt."
3761,0,3,27,30,1.1,0.05570860145311559,583,See what happens when you steal the pens?
3761,0,3,27,30,1.1,0.05570860145311559,583,This is what you get when you engage in insider trading.
3761,1,1,28,30,1.1,0.07350033231608355,583,He failed to meet his monthly quota.
3761,0,3,27,30,1.1,0.05570860145311559,583,He was caught telling the truth.
3761,1,1,28,30,1.1,0.07350033231608355,583,"I said""stocks and bonds"" not "" bound in the stocks"" ."
3761,0,3,27,30,1.1,0.05570860145311559,583,"It seems a bit barbaric, but I'll have to admit that it's more effective than the stanandard ticker."
3761,0,3,27,30,1.1,0.05570860145311559,583,"Yes, we do have a rather strict IT policy."
3761,1,2,37,40,1.1,0.05991446895152781,583,I heard the interest rate makes it totally worth it.
3761,1,1,28,30,1.1,0.07350033231608355,583,"Yes, he's employee of the month!"
3761,0,3,27,30,1.1,0.05570860145311559,583,I warned to wait until he was 59 and-a-half.
3761,0,3,27,30,1.1,0.05570860145311559,583,...it's meant to discourage walking slowly while texting.
3761,1,1,28,30,1.1,0.07350033231608355,583,I know how he feels. Everything I have is tied up in stocks.
3761,0,3,27,30,1.1,0.05570860145311559,583,Next time he steals from the lunch room it'll be tar and post-its.
3761,0,3,27,30,1.1,0.05570860145311559,583,Maybe we should just accept the high interest rate and monthly fees.
3761,0,3,27,30,1.1,0.05570860145311559,583,This bank has a very personal touch with their customers who have overdrafts with their accounts.
3761,1,1,28,30,1.1,0.07350033231608355,583,He asked for the weekend off.
3761,1,1,28,30,1.1,0.07350033231608355,583,I only dated him because he said he was in stocks.
3761,1,1,28,30,1.1,0.07350033231608355,583,"He didn't put the new cover sheets on his TPS reports."" ""Did he not see the memo?"
3761,0,3,27,30,1.1,0.05570860145311559,583,The stock market must be doing better.
3761,0,3,27,30,1.1,0.05570860145311559,583,I now know we came to the right place for stock photos.
3761,0,3,27,30,1.1,0.05570860145311559,583,He was late for work three days in a row.
3761,0,3,27,30,1.1,0.05570860145311559,583,Things didn't work out for Larry on Wall Street... still he was determined to get into stocks.
3761,0,3,27,30,1.1,0.05570860145311559,583,I thought he meant we would be discussing our stocks.
3761,1,1,28,30,1.1,0.07350033231608355,583,He refuses to flaunt his executive status.
3761,0,3,27,30,1.1,0.05570860145311559,583,"""Turns out he's a closet Luddite""."
3761,1,1,28,30,1.1,0.07350033231608355,583,"Well, that's what happens when you fail IT's phishing test"
3761,0,3,27,30,1.1,0.05570860145311559,583,I heard he forgot the password
3761,0,3,27,30,1.1,0.05570860145311559,583,That's why I'm sticking with bonds.
3761,0,3,27,30,1.1,0.05570860145311559,583,He's performing cutbacks.
3761,1,1,28,30,1.1,0.07350033231608355,583,"Is this what they mean by a ""standing workstation""?"
3761,0,3,27,30,1.1,0.05570860145311559,583,I thought he wasn't into stocks.
3761,1,1,28,30,1.1,0.07350033231608355,583,Texting while occupying stall in men's bathroom.
3761,0,3,27,30,1.1,0.05570860145311559,583,He did mention that he wanted to get into stocks
3761,0,3,27,30,1.1,0.05570860145311559,583,Poor fellow - he chose the stock option.
3761,0,3,27,30,1.1,0.05570860145311559,583,"Apparently, Ned's been a naughty, naughty boy."
3761,1,1,28,30,1.1,0.07350033231608355,583,Gallow from the other sidddddeee
3809,0,3,28,31,1.096774193548387,0.053978066228004884,583,Be sure not to ask for the restroom.
3809,0,3,28,31,1.096774193548387,0.053978066228004884,583,I thought this was the Bonds Department.
3809,0,3,28,31,1.096774193548387,0.053978066228004884,583,It was the last standing desk we had.
3809,0,3,28,31,1.096774193548387,0.053978066228004884,583,"Our research shows, the most advanced technology addiction therapy draws on techniques pioneered by the early Puritans."
3809,0,3,28,31,1.096774193548387,0.053978066228004884,583,We gave him stock options. He misunderstood.
3809,0,3,28,31,1.096774193548387,0.053978066228004884,583,That's Bob. He wore khakis on Jeans Day.
3809,1,1,29,31,1.096774193548387,0.0711629768076314,583,He got caught stealing someone's lunch in the break room.
3809,0,3,28,31,1.096774193548387,0.053978066228004884,583,"Clearly, the corporate *cult*ure here is very strong!"
3809,0,3,28,31,1.096774193548387,0.053978066228004884,583,Let's not go with the Marie Antoinette plan.
3809,1,1,29,31,1.096774193548387,0.0711629768076314,583,He forgot his donut day
3809,0,3,28,31,1.096774193548387,0.053978066228004884,583,Can you believe anyone would microwave fish at work?
3820,0,3,29,32,1.09375,0.052351460373382196,583,This new administration is really bringing back the spirit of the Early Republic
3820,1,1,30,32,1.09375,0.0689695906576505,583,"Ted tried to convince me he was a stock broker. I said to him, ""prove it!"""
3820,1,1,30,32,1.09375,0.0689695906576505,583,Will you take my picture already? I'm getting tired of standing this way.
3820,0,3,29,32,1.09375,0.052351460373382196,583,That will teach him a lesson or two about insider trading.
3820,0,3,29,32,1.09375,0.052351460373382196,583,He played a little game of 'grab-ass'and lost.
3825,0,3,30,33,1.0909090909090908,0.05081972676135885,583,He can really work within limits.
3825,0,3,30,33,1.0909090909090908,0.05081972676135885,583,You call that torture? Try the Shark Tank.
3825,0,3,30,33,1.0909090909090908,0.05081972676135885,583,I've heard Joe in accounting is sporting a red letter A.
3828,0,3,31,34,1.088235294117647,0.04937482703908927,583,"""He refused to go paperless""."
3829,0,2,24,26,1.0769230769230769,0.05329387100211931,583,There's a rumor that the new CEO leans conservative.
3829,1,0,25,26,1.0769230769230769,0.07692307692307693,583,"If he doesn't work out in stocks, we'll try him in the bond department."
3829,0,2,24,26,1.0769230769230769,0.05329387100211931,583,Next week Barry Bonds will be here.
3829,1,0,25,26,1.0769230769230769,0.07692307692307693,583,"I'm not into stocks, myself."
3829,0,2,24,26,1.0769230769230769,0.05329387100211931,583,Below the bottom rung of the Corporate Ladder.
3829,0,2,24,26,1.0769230769230769,0.05329387100211931,583,Clipping his fingernails.
3829,0,2,24,26,1.0769230769230769,0.05329387100211931,583,Maybe I should have put more money into stocks. I never thought they would make such a strong come back.
3829,0,2,24,26,1.0769230769230769,0.05329387100211931,583,It's Throwback Thursday; he wore a tie on Casual Friday.
3829,0,2,24,26,1.0769230769230769,0.05329387100211931,583,I told you stocks were going up.
3829,1,0,25,26,1.0769230769230769,0.07692307692307693,583,He watched 'Game of Thrones' at his desk again.
3829,0,2,24,26,1.0769230769230769,0.05329387100211931,583,He said he wanted to be in stocks.
3829,0,2,24,26,1.0769230769230769,0.05329387100211931,583,The times they are a 'changing
3829,0,2,24,26,1.0769230769230769,0.05329387100211931,583,It is the new punishment for stealing office supplies. He was caught with a ball point pen.
3829,0,2,24,26,1.0769230769230769,0.05329387100211931,583,The corporation is making an example of employees who surf the internet on company time.
3829,0,2,24,26,1.0769230769230769,0.05329387100211931,583,At least it's an improvement over the dunking.
3829,0,2,24,26,1.0769230769230769,0.05329387100211931,583,It' one of our companies employee benefits - Stockdale options.
3829,0,2,24,26,1.0769230769230769,0.05329387100211931,583,Someone must have leaked his memo about our diversity policy.
3829,0,2,24,26,1.0769230769230769,0.05329387100211931,583,Our employee stocks incentive plan has been a standout success.
3829,0,2,24,26,1.0769230769230769,0.05329387100211931,583,"I knew Fred got out of bonds, but I didn't know he was into stocks."
3829,0,2,24,26,1.0769230769230769,0.05329387100211931,583,Make sure you read the fine print on YOUR stock option.
3829,0,2,24,26,1.0769230769230769,0.05329387100211931,583,Stock Broker.
3829,1,0,25,26,1.0769230769230769,0.07692307692307693,583,"On second thought, maybe bonds or gold would be better."
3829,1,0,25,26,1.0769230769230769,0.07692307692307693,583,He used the wrong bathroom.
3829,0,2,24,26,1.0769230769230769,0.05329387100211931,583,That's a shame.
3829,1,0,25,26,1.0769230769230769,0.07692307692307693,583,A leaker.
3829,0,2,24,26,1.0769230769230769,0.05329387100211931,583,That's why you stay on task here
3829,0,2,24,26,1.0769230769230769,0.05329387100211931,583,That's Al from Marketing. His slogan didn't bring in the Millennials like he promised!
3829,0,2,24,26,1.0769230769230769,0.05329387100211931,583,I told him not to tweet.
3829,1,0,25,26,1.0769230769230769,0.07692307692307693,583,"""That is now the penalty for early withdrawal""."
3829,0,2,24,26,1.0769230769230769,0.05329387100211931,583,He didn't meet his billing hours requirement again.
3829,0,2,24,26,1.0769230769230769,0.05329387100211931,583,"Historically, that stock has performed well."
3829,0,2,24,26,1.0769230769230769,0.05329387100211931,583,I see corporate is serious about us being late.
3829,0,2,24,26,1.0769230769230769,0.05329387100211931,583,He told the boss that we should return to casual Fridays.
3829,0,2,24,26,1.0769230769230769,0.05329387100211931,583,"Why yes, we do have a strict attendance policy, why do you ask?"
3829,0,2,24,26,1.0769230769230769,0.05329387100211931,583,I guess I misinterpreted the Board's interest in stock aid...
3829,0,2,24,26,1.0769230769230769,0.05329387100211931,583,Finally someone figured out what to do with millennials.
3829,0,2,24,26,1.0769230769230769,0.05329387100211931,583,It's called The Mooch. It's for employees who... never mind...
3829,1,0,25,26,1.0769230769230769,0.07692307692307693,583,Just a week. It was only a positive comment about a Trump policy rather than the guy himself
3829,0,2,24,26,1.0769230769230769,0.05329387100211931,583,corporate guillotine
3829,0,2,24,26,1.0769230769230769,0.05329387100211931,583,"Here at Puritan Insurance, we believe that shaming has a role to play."
3829,0,2,24,26,1.0769230769230769,0.05329387100211931,583,"Being in the stocks is embarrassing, but you should see what you have to do if you screw up trading bonds."
3829,1,0,25,26,1.0769230769230769,0.07692307692307693,583,He was caught with Windows XP on his computer.
3829,0,2,24,26,1.0769230769230769,0.05329387100211931,583,Is it just me or is HR out of control? All he did was leave his coffee cup in the sink.
3829,0,2,24,26,1.0769230769230769,0.05329387100211931,583,Who's doing the marketing for employee of the week?
3829,0,2,24,26,1.0769230769230769,0.05329387100211931,583,"""That's what happens when you're overleveraged in the stocks""."
3829,1,0,25,26,1.0769230769230769,0.07692307692307693,583,He thinks it's casual Friday.
3829,0,2,24,26,1.0769230769230769,0.05329387100211931,583,I heard he wore a suit on casual Friday.
3829,0,2,24,26,1.0769230769230769,0.05329387100211931,583,They caught him talking to a headhunter.
3829,0,2,24,26,1.0769230769230769,0.05329387100211931,583,Check out the Trump tie!
3829,0,2,24,26,1.0769230769230769,0.05329387100211931,583,He tried to outsource our production to China.
3829,0,2,24,26,1.0769230769230769,0.05329387100211931,583,Jim should have read the fine print before accepting the stock option.
3829,0,2,24,26,1.0769230769230769,0.05329387100211931,583,"He voted for Pillory, not Hillary."
3829,0,2,24,26,1.0769230769230769,0.05329387100211931,583,"Ah, the employee of the month."
3829,0,2,24,26,1.0769230769230769,0.05329387100211931,583,But why aren't we throwing cake?
3829,1,0,25,26,1.0769230769230769,0.07692307692307693,583,That's what happens when you get caught at work posting in public.
3829,0,2,24,26,1.0769230769230769,0.05329387100211931,583,He decided to exercise his stock options early.
3829,1,0,25,26,1.0769230769230769,0.07692307692307693,583,So much for stocks.
3829,0,2,24,26,1.0769230769230769,0.05329387100211931,583,He was pilloried for choosing the wrong stocks.
3829,0,2,24,26,1.0769230769230769,0.05329387100211931,583,I hear this type of PIP is pretty effective.
3829,0,2,24,26,1.0769230769230769,0.05329387100211931,583,"Good gracious, is that a genuine Nakashima pillory?"
3829,0,2,24,26,1.0769230769230769,0.05329387100211931,583,"At our company, employees with unpopular opinions are handled in ways that honor tradition."
3829,0,2,24,26,1.0769230769230769,0.05329387100211931,583,He told his family he's working in stocks.
3829,0,2,24,26,1.0769230769230769,0.05329387100211931,583,I could never pull that look off.
3829,0,2,24,26,1.0769230769230769,0.05329387100211931,583,"Since they killed Dodd-Frank, that's the worst punishment we can get."
3829,0,2,24,26,1.0769230769230769,0.05329387100211931,583,"He talks the talk, but can't walk the walk!"
3829,0,2,24,26,1.0769230769230769,0.05329387100211931,583,That'll teach him not to wear his tie below his belt!
3829,0,2,24,26,1.0769230769230769,0.05329387100211931,583,Is he in stocks or bonds?
3829,0,2,24,26,1.0769230769230769,0.05329387100211931,583,That's our Director of Compliance.
3829,0,2,24,26,1.0769230769230769,0.05329387100211931,583,He warmed up his fish sticks in the break room microwave.
3829,0,2,24,26,1.0769230769230769,0.05329387100211931,583,"Looks like the ladies in engineering were able to contain your biological superiority, Alan."
3829,0,2,24,26,1.0769230769230769,0.05329387100211931,583,He's our stocks and bonds analyst.
3829,0,2,24,26,1.0769230769230769,0.05329387100211931,583,It's just temporary until we sublease space for a more comfortable waiting room.
3829,0,2,24,26,1.0769230769230769,0.05329387100211931,583,I'm guessing his annual review didn't go very well.
3829,0,2,24,26,1.0769230769230769,0.05329387100211931,583,"Good stocks, bad stocks, it's different every day"
3829,0,2,24,26,1.0769230769230769,0.05329387100211931,583,He criticized Google again.
3829,0,2,24,26,1.0769230769230769,0.05329387100211931,583,He should've asked for clarification about his stock options.
3829,0,2,24,26,1.0769230769230769,0.05329387100211931,583,He complained about the low interest
3829,0,2,24,26,1.0769230769230769,0.05329387100211931,583,Fortune Five Hundred Stocks
3829,0,2,24,26,1.0769230769230769,0.05329387100211931,583,That one way to enforce a restraining order.
3829,1,0,25,26,1.0769230769230769,0.07692307692307693,583,He thought it would provide a higher yield than stocks.
3829,0,2,24,26,1.0769230769230769,0.05329387100211931,583,"Ignore him. He's an English major, not a broker."
3829,0,2,24,26,1.0769230769230769,0.05329387100211931,583,the stocks weren't looking so well that day.
3829,1,0,25,26,1.0769230769230769,0.07692307692307693,583,"That's ""Stocks."" You should see ""Bonds."""
3829,0,2,24,26,1.0769230769230769,0.05329387100211931,583,I've narrowed it down to undocumented immigrant or NEA grant recipient.
3829,0,2,24,26,1.0769230769230769,0.05329387100211931,583,I see stocks are going up.
3829,0,2,24,26,1.0769230769230769,0.05329387100211931,583,'No one chooses to work in stocks'
3829,0,2,24,26,1.0769230769230769,0.05329387100211931,583,I told him that tie would get him in trouble.
3829,0,2,24,26,1.0769230769230769,0.05329387100211931,583,"When he said he was going into stocks, I thought he was becoming a broker!"
3829,0,2,24,26,1.0769230769230769,0.05329387100211931,583,Looks like the product team saw Dave's bug report.
3829,0,2,24,26,1.0769230769230769,0.05329387100211931,583,"Call me old fashioned, but I like what they've done with their pundits here."
3829,0,2,24,26,1.0769230769230769,0.05329387100211931,583,"Dammit Dave, again?!"
3829,0,2,24,26,1.0769230769230769,0.05329387100211931,583,"A little old to be a stock boy, don't you think?"
3829,0,2,24,26,1.0769230769230769,0.05329387100211931,583,I just need to feel like you're not always looking over my shoulder.
3829,0,2,24,26,1.0769230769230769,0.05329387100211931,583,It really pays to double-check your work in this company.
3829,0,2,24,26,1.0769230769230769,0.05329387100211931,583,"Some days I regret not taking the stock option. Other days, meh."
3829,0,2,24,26,1.0769230769230769,0.05329387100211931,583,I did it last week and got two points off my home loan.
3829,0,2,24,26,1.0769230769230769,0.05329387100211931,583,It's a special exercise machine for your shoulders. You can get on the schedule to use it at the desk over there where the other lady is.
3829,0,2,24,26,1.0769230769230769,0.05329387100211931,583,He never had any trouble with bonds
3829,0,2,24,26,1.0769230769230769,0.05329387100211931,583,HE GOT CAUGHT SMOKING IN THE BATHROOM!
3829,0,2,24,26,1.0769230769230769,0.05329387100211931,583,"When the stocks are down, he gets the pillory."
3829,0,2,24,26,1.0769230769230769,0.05329387100211931,583,When we were dating I should have believed him when he said he was in stocks.
3829,0,2,24,26,1.0769230769230769,0.05329387100211931,583,I don't put much stock in these neo-medieval art installations.
3829,0,2,24,26,1.0769230769230769,0.05329387100211931,583,He's on loan from HR.
3829,0,2,24,26,1.0769230769230769,0.05329387100211931,583,"Yeah, when he took the job he thought it was in Stocks and Bonds."
3829,0,2,24,26,1.0769230769230769,0.05329387100211931,583,Our newest policy to enforce INSURANCE CO-PAYS ARE DUE AT TIME OF VISIT.
3829,0,2,24,26,1.0769230769230769,0.05329387100211931,583,"Maybe I'll try Bonds, instead."
3829,0,2,24,26,1.0769230769230769,0.05329387100211931,583,"Yikes, what a difference a month makes."
3829,0,2,24,26,1.0769230769230769,0.05329387100211931,583,Is that Jared Kushner's new post?
3829,0,2,24,26,1.0769230769230769,0.05329387100211931,583,His lawyer demanded a stock option in the contract.
3829,0,2,24,26,1.0769230769230769,0.05329387100211931,583,"Time for bonds and bow ties, I see."
3829,0,2,24,26,1.0769230769230769,0.05329387100211931,583,That's not as embarrassing as his bonds.
3829,0,2,24,26,1.0769230769230769,0.05329387100211931,583,We're trying out a new stocks option.
3829,0,2,24,26,1.0769230769230769,0.05329387100211931,583,He tried to use a MAC.
3829,0,2,24,26,1.0769230769230769,0.05329387100211931,583,Failure in your work place will equals embarrassment.
3829,0,2,24,26,1.0769230769230769,0.05329387100211931,583,Boss said he'd go medieval on him; then came the paperclip zip gun incident...
3829,0,2,24,26,1.0769230769230769,0.05329387100211931,583,That tie? I think I have to side with the judge on this one.
3829,0,2,24,26,1.0769230769230769,0.05329387100211931,583,Mort tried to use the ladies room again.
3829,0,2,24,26,1.0769230769230769,0.05329387100211931,583,Man-employee of the month sure isn't what it used it used to be.
3829,0,2,24,26,1.0769230769230769,0.05329387100211931,583,"Suddenly, they were less interested in buying stocks."
3829,0,2,24,26,1.0769230769230769,0.05329387100211931,583,The guy got caught with an old flip phone. He deserves it!
3829,0,2,24,26,1.0769230769230769,0.05329387100211931,583,Hi John. Nice tie!
3829,0,2,24,26,1.0769230769230769,0.05329387100211931,583,There is a no-hands-free policy at the office.
3829,0,2,24,26,1.0769230769230769,0.05329387100211931,583,I heard he asked for paid paternity leave.
3829,0,2,24,26,1.0769230769230769,0.05329387100211931,583,Looks like he got the job.
3829,0,2,24,26,1.0769230769230769,0.05329387100211931,583,Thats Lloyd from marketing; IT is cracking down on people who try to change their company password.
3829,0,2,24,26,1.0769230769230769,0.05329387100211931,583,Be wary of the company stocks option.
3829,0,2,24,26,1.0769230769230769,0.05329387100211931,583,The Boss's PowerPoint presentations are getting out of hand.
3829,0,2,24,26,1.0769230769230769,0.05329387100211931,583,He kept insisting that his boss give him a stock option plan.
3829,0,2,24,26,1.0769230769230769,0.05329387100211931,583,"But you've got to admit--our revised ""Employee of the Month"" program goes hand-in-hand with helping us meet the new quotas."
3829,0,2,24,26,1.0769230769230769,0.05329387100211931,583,He got hypnotized and quit smoking immediately but is having the hardest time quitting sitting.
3829,1,0,25,26,1.0769230769230769,0.07692307692307693,583,You should wear your ties longer too.
3829,0,2,24,26,1.0769230769230769,0.05329387100211931,583,I told you the HR manual needed updating
3829,0,2,24,26,1.0769230769230769,0.05329387100211931,583,"I like that, is it a Trump?"
3829,0,2,24,26,1.0769230769230769,0.05329387100211931,583,He was tired of being in bonds.
3829,0,2,24,26,1.0769230769230769,0.05329387100211931,583,So that's what they mean by whistleblower protection!
3829,0,2,24,26,1.0769230769230769,0.05329387100211931,583,I had always heard he was locked into stocks and bonds!
3829,0,2,24,26,1.0769230769230769,0.05329387100211931,583,Management thought he might be a black swan.
3829,0,2,24,26,1.0769230769230769,0.05329387100211931,583,He insists wearing his necktie exposed
3829,1,0,25,26,1.0769230769230769,0.07692307692307693,583,I didn't wake up thirty minutes early just so he could enjoy my tuna fish sandwich.
3829,0,2,24,26,1.0769230769230769,0.05329387100211931,583,we asked him to find an alternative to stocks !
3829,0,2,24,26,1.0769230769230769,0.05329387100211931,583,Thank God it's Friday.
3829,0,2,24,26,1.0769230769230769,0.05329387100211931,583,Retro is so now.
3829,0,2,24,26,1.0769230769230769,0.05329387100211931,583,I heard George complain about his new stock option
3829,0,2,24,26,1.0769230769230769,0.05329387100211931,583,I heard his customer survey result was not satisfactory
3829,0,2,24,26,1.0769230769230769,0.05329387100211931,583,"""Weird, right? His hands just have one big finger and a thumb""."
3829,0,2,24,26,1.0769230769230769,0.05329387100211931,583,Is this how the new boss interprets modern conservatism?
3829,0,2,24,26,1.0769230769230769,0.05329387100211931,583,Looks like people are getting used our new culture of extreme personal accountability.
3829,0,2,24,26,1.0769230769230769,0.05329387100211931,583,It is the only way they can keep employees from shopping online during work hours
3829,1,0,25,26,1.0769230769230769,0.07692307692307693,583,I guess Bob's idea didn' t fly
3829,0,2,24,26,1.0769230769230769,0.05329387100211931,583,Is that what this brokerage meant when they touted getting into stocks?
3829,0,2,24,26,1.0769230769230769,0.05329387100211931,583,Don't let our advisor talk us into stocks.
3829,0,2,24,26,1.0769230769230769,0.05329387100211931,583,Too bad. He wouldn't suck up.
3829,0,2,24,26,1.0769230769230769,0.05329387100211931,583,Not exactly what I had in mind when the company announced it was 'going public.'
3829,0,2,24,26,1.0769230769230769,0.05329387100211931,583,It is the CEO's version of being in his Dog House.
3829,0,2,24,26,1.0769230769230769,0.05329387100211931,583,"Here in the Valley, we're always trying to push the boundaries of the workplace."
3829,0,2,24,26,1.0769230769230769,0.05329387100211931,583,"Gives new meaning to the term ""Just hanging around"" !"
3829,0,2,24,26,1.0769230769230769,0.05329387100211931,583,"""Nice Tie""."
3829,0,2,24,26,1.0769230769230769,0.05329387100211931,583,A few years ago they would have just hung him.
3829,0,2,24,26,1.0769230769230769,0.05329387100211931,583,Never admit you're drinking pumpkin spice.
3829,0,2,24,26,1.0769230769230769,0.05329387100211931,583,He brought tuna into the lunch room.
3829,0,2,24,26,1.0769230769230769,0.05329387100211931,583,You would think they'd at least let him have casual Fridays.
3829,0,2,24,26,1.0769230769230769,0.05329387100211931,583,Hey! Stocks and bonds...It's what we do here.
3829,0,2,24,26,1.0769230769230769,0.05329387100211931,583,I seem to have entered Hyperspace!
3829,0,2,24,26,1.0769230769230769,0.05329387100211931,583,I don't get modern art.
3829,0,2,24,26,1.0769230769230769,0.05329387100211931,583,Just don't be late more than twice.
3829,0,2,24,26,1.0769230769230769,0.05329387100211931,583,It's part of the new stock incentive plan.
3829,0,2,24,26,1.0769230769230769,0.05329387100211931,583,A failed unicorn; stuff happens.
3829,0,2,24,26,1.0769230769230769,0.05329387100211931,583,Again and again I will suffer; again and again I will get back on my feet...therapists' plan wasn't working so we're trying this..back on my feet finally!
3829,0,2,24,26,1.0769230769230769,0.05329387100211931,583,"Yea, I got his ""out of office"" reply."
3829,0,2,24,26,1.0769230769230769,0.05329387100211931,583,"Where's Pence's office, again?"
3829,1,0,25,26,1.0769230769230769,0.07692307692307693,583,"We told him, for the Mannequin Challenge you stand stock still."
3829,0,2,24,26,1.0769230769230769,0.05329387100211931,583,A monopoly in a technology field gives one some latitude in dealing with the customer.
3829,0,2,24,26,1.0769230769230769,0.05329387100211931,583,It's our high efficiency stand-up work station.
3829,0,2,24,26,1.0769230769230769,0.05329387100211931,583,That's the new employees resting area. Good for the back and smartphone free.
3829,0,2,24,26,1.0769230769230769,0.05329387100211931,583,Living sculture from Pilgrim’s Progress.
3829,0,2,24,26,1.0769230769230769,0.05329387100211931,583,Stock options.
3829,0,2,24,26,1.0769230769230769,0.05329387100211931,583,He put all his money in bonds.
3829,0,2,24,26,1.0769230769230769,0.05329387100211931,583,That's the ex CEO. They pilloried him when the company's stocks fell.
3829,1,0,25,26,1.0769230769230769,0.07692307692307693,583,They just gave him the head office
3829,0,2,24,26,1.0769230769230769,0.05329387100211931,583,I can see that Fred finally decided to get into stocks.
3829,0,2,24,26,1.0769230769230769,0.05329387100211931,583,Our precious metals department is testing subliminal messages that one should avoid stocks
3829,0,2,24,26,1.0769230769230769,0.05329387100211931,583,They caught him retweeting The Scarlet Letter.
3829,0,2,24,26,1.0769230769230769,0.05329387100211931,583,That's Carl. He used to be in banking. Now he's in stocks and bonds.
3829,0,2,24,26,1.0769230769230769,0.05329387100211931,583,I guess the 360 degree review has a very litterally meeting here
3829,0,2,24,26,1.0769230769230769,0.05329387100211931,583,"OK, there's Stocks and Bonds. Now where is the loan officer?"
3829,0,2,24,26,1.0769230769230769,0.05329387100211931,583,"So, that's what they meant by stock options."
3829,0,2,24,26,1.0769230769230769,0.05329387100211931,583,They took him literally when he said he was into stocks.
3829,0,2,24,26,1.0769230769230769,0.05329387100211931,583,Did you ever notice that you meet the same people on the way in as you do on the way out?
3829,0,2,24,26,1.0769230769230769,0.05329387100211931,583,He's probably on his way out.
3829,0,2,24,26,1.0769230769230769,0.05329387100211931,583,"The new ""stock option plan"" is supposed to improve morale."
3829,0,2,24,26,1.0769230769230769,0.05329387100211931,583,"Is this what they call the stock exchange, dear?"
3829,0,2,24,26,1.0769230769230769,0.05329387100211931,583,Our stock options aren't as good as they used to be.
3829,0,2,24,26,1.0769230769230769,0.05329387100211931,583,He made an early withdrawal.
3829,0,2,24,26,1.0769230769230769,0.05329387100211931,583,This used to be the Village Green.
3829,0,2,24,26,1.0769230769230769,0.05329387100211931,583,"Well, what did you think they do in the stock market?"
3829,0,2,24,26,1.0769230769230769,0.05329387100211931,583,He didn't receive stock options.
3829,0,2,24,26,1.0769230769230769,0.05329387100211931,583,It was either stocks or bonds.
3829,0,2,24,26,1.0769230769230769,0.05329387100211931,583,He's not likely to park in my space again.
3829,0,2,24,26,1.0769230769230769,0.05329387100211931,583,I'm told he bought high and sold low!
3829,1,0,25,26,1.0769230769230769,0.07692307692307693,583,He was caught trying to sell confidential corporate information to a competitor.
3829,0,2,24,26,1.0769230769230769,0.05329387100211931,583,'That's Mike from Corporate. He manages the stocks.'
3829,0,2,24,26,1.0769230769230769,0.05329387100211931,583,In this market I thought we should buy bonds but this office looks as if its still in stocks.
3829,0,2,24,26,1.0769230769230769,0.05329387100211931,583,He said he always wanted to be in stocks.
3829,0,2,24,26,1.0769230769230769,0.05329387100211931,583,Bill was told to to keep his cube clean
3829,0,2,24,26,1.0769230769230769,0.05329387100211931,583,Too much cowbell.
3829,0,2,24,26,1.0769230769230769,0.05329387100211931,583,The firm has a new dressing-down Friday policy.
3829,0,2,24,26,1.0769230769230769,0.05329387100211931,583,His mindfulness score showed resistance.
3829,0,2,24,26,1.0769230769230769,0.05329387100211931,583,No worry. He's our Employee of the Month.
3829,0,2,24,26,1.0769230769230769,0.05329387100211931,583,And our working from home policy is is very flexible. On your left you can see Larry; he is of proud French heritage.
3829,0,2,24,26,1.0769230769230769,0.05329387100211931,583,"most likely, he's a whistle blower"
3829,0,2,24,26,1.0769230769230769,0.05329387100211931,583,... and you'll find that our stock option package is second to none.
3829,0,2,24,26,1.0769230769230769,0.05329387100211931,583,He asked Human Resources about a retention plan.
3829,1,0,25,26,1.0769230769230769,0.07692307692307693,583,This is what happens if you try to enter without an appointment.
3829,0,2,24,26,1.0769230769230769,0.05329387100211931,583,"that? oh, that's one of our stock options"
3829,0,2,24,26,1.0769230769230769,0.05329387100211931,583,Looks like he forgot about the meeting.
3829,0,2,24,26,1.0769230769230769,0.05329387100211931,583,He gave up his job in accounting to become an escape artist.
3829,0,2,24,26,1.0769230769230769,0.05329387100211931,583,It's a fad. Tomorrow he'll be in bonds.
3829,0,2,24,26,1.0769230769230769,0.05329387100211931,583,I told him not to criticize the President.
3829,0,2,24,26,1.0769230769230769,0.05329387100211931,583,Wouldn't sign up for Bill Pay.
3829,0,2,24,26,1.0769230769230769,0.05329387100211931,583,"Oh that reminds me, customer retention meeting at 3 o'clock."
3829,0,2,24,26,1.0769230769230769,0.05329387100211931,583,He's pining for a position on the Board.
3829,0,2,24,26,1.0769230769230769,0.05329387100211931,583,The bank is warning us about investing in stocks
3829,0,2,24,26,1.0769230769230769,0.05329387100211931,583,We couldn't afford the actual mindfulness workshop.
3829,0,2,24,26,1.0769230769230769,0.05329387100211931,583,He tweet-dissed the boss's girlfriend.
3829,0,2,24,26,1.0769230769230769,0.05329387100211931,583,Until his non-compete expires
3829,1,0,25,26,1.0769230769230769,0.07692307692307693,583,Chained to his desk wasn't good enough for his manager.
3829,0,2,24,26,1.0769230769230769,0.05329387100211931,583,"Hey, I advised him to accept his buy out."
3829,0,2,24,26,1.0769230769230769,0.05329387100211931,583,Stocks?
3829,1,0,25,26,1.0769230769230769,0.07692307692307693,583,I heard he stole a stapler.
3829,0,2,24,26,1.0769230769230769,0.05329387100211931,583,And don't get caught leaving early on Fridays.
3829,0,2,24,26,1.0769230769230769,0.05329387100211931,583,My broker only allows me to put my money in stocks.
3829,0,2,24,26,1.0769230769230769,0.05329387100211931,583,"When you said, ""You'll be starting 'in stocks',"" I envisioned something very different."
3829,0,2,24,26,1.0769230769230769,0.05329387100211931,583,"Starting at the bottom, our newest intern."
3829,0,2,24,26,1.0769230769230769,0.05329387100211931,583,Finally cracking down on sexual harassment here at Fox.
3829,0,2,24,26,1.0769230769230769,0.05329387100211931,583,"When they said stocks are back, I thought they meant the market."
3829,0,2,24,26,1.0769230769230769,0.05329387100211931,583,It has a nice Feng Sui vibe.
3829,0,2,24,26,1.0769230769230769,0.05329387100211931,583,Slacker of the month.
3829,1,0,25,26,1.0769230769230769,0.07692307692307693,583,"Oh, that's Vaughn from accounting. Our CEO is an artist who likes to create a new living installation every day using our staff."
3829,0,2,24,26,1.0769230769230769,0.05329387100211931,583,We think of him as the stocks traitor.
3829,0,2,24,26,1.0769230769230769,0.05329387100211931,583,His name is Jefferson Davis.
3829,0,2,24,26,1.0769230769230769,0.05329387100211931,583,At least I wasn't hung in effigy.
3829,1,0,25,26,1.0769230769230769,0.07692307692307693,583,Hey! These EPA employees are getting pretty vocal about Climate Change...
3829,0,2,24,26,1.0769230769230769,0.05329387100211931,583,You'll find him there most Monday mornings.
3829,0,2,24,26,1.0769230769230769,0.05329387100211931,583,He microwaved fish in the office.
3829,0,2,24,26,1.0769230769230769,0.05329387100211931,583,Bonds are much less volatile.
3829,0,2,24,26,1.0769230769230769,0.05329387100211931,583,He has stock options
3829,0,2,24,26,1.0769230769230769,0.05329387100211931,583,"This cannot be what the new boss means by, ""take stock of everyone."""
3829,0,2,24,26,1.0769230769230769,0.05329387100211931,583,I believe it's and Instagram thing.
3829,0,2,24,26,1.0769230769230769,0.05329387100211931,583,He's something of a stock character
3829,0,2,24,26,1.0769230769230769,0.05329387100211931,583,I just don't get these new Silicon Valley amenities...
3829,0,2,24,26,1.0769230769230769,0.05329387100211931,583,They're looking to re-image the greeter function.
3829,0,2,24,26,1.0769230769230769,0.05329387100211931,583,That's your stock department?
3829,0,2,24,26,1.0769230769230769,0.05329387100211931,583,"As I've said before, minimum billable hours are more important than watching Real Housewives."
3829,0,2,24,26,1.0769230769230769,0.05329387100211931,583,It's all we could do to stop the PR disasters.
3829,0,2,24,26,1.0769230769230769,0.05329387100211931,583,Our stocks and bonds department.
3829,0,2,24,26,1.0769230769230769,0.05329387100211931,583,Probably those smug snobs on thirty-eight are gonna make puns about the stocks.
3829,0,2,24,26,1.0769230769230769,0.05329387100211931,583,"Old school punishment is lobby. effective,"
3829,0,2,24,26,1.0769230769230769,0.05329387100211931,583,"it,s our new stock option."
3829,0,2,24,26,1.0769230769230769,0.05329387100211931,583,Welcome to Guillotine & Sons!
3829,0,2,24,26,1.0769230769230769,0.05329387100211931,583,He only got four stars.
3829,0,2,24,26,1.0769230769230769,0.05329387100211931,583,Ted's working in stocks now
3829,0,2,24,26,1.0769230769230769,0.05329387100211931,583,I chose profit-sharing. Jerry went with the stocks option.
3829,0,2,24,26,1.0769230769230769,0.05329387100211931,583,A puritanical faction in HR assumed power last week.
3829,0,2,24,26,1.0769230769230769,0.05329387100211931,583,"He's lucky, management originally wanted to return to the guillotine."
3829,0,2,24,26,1.0769230769230769,0.05329387100211931,583,This piece of art is a bit too realistic for my taste.
3829,1,0,25,26,1.0769230769230769,0.07692307692307693,583,Good old Phil - I see he's back in stocks.
3829,0,2,24,26,1.0769230769230769,0.05329387100211931,583,He's in charge of the stock portfolio
3829,0,2,24,26,1.0769230769230769,0.05329387100211931,583,They have a strict late arrival policy.
3829,0,2,24,26,1.0769230769230769,0.05329387100211931,583,It's better than being pilloried in the press.
3829,0,2,24,26,1.0769230769230769,0.05329387100211931,583,"I heard he was into the stock market -- as an insider, it appears."
3829,0,2,24,26,1.0769230769230769,0.05329387100211931,583,He chose stocks over bonds.
3829,0,2,24,26,1.0769230769230769,0.05329387100211931,583,I guess he didn't get any stock options.
4101,0,2,25,27,1.0740740740740742,0.0513611292801138,583,This is why you need to diversify your portfolio. Need I explain further?
4101,1,0,26,27,1.0740740740740742,0.07407407407407407,583,He used one too many vacation days
4101,0,2,25,27,1.0740740740740742,0.0513611292801138,583,That's what lobbying in the lobby gets you.
4101,0,2,25,27,1.0740740740740742,0.0513611292801138,583,You should see their bonds.
4101,1,0,26,27,1.0740740740740742,0.07407407407407407,583,Our company deals in stock and trade items
4101,0,2,25,27,1.0740740740740742,0.0513611292801138,583,There's a men here to see you.
4101,0,2,25,27,1.0740740740740742,0.0513611292801138,583,He asked for it.
4101,0,2,25,27,1.0740740740740742,0.0513611292801138,583,Phil's retail stocker experience helps us in corporate.
4101,0,2,25,27,1.0740740740740742,0.0513611292801138,583,"Don't be scared, Robert, it's better than couples therapy."
4101,0,2,25,27,1.0740740740740742,0.0513611292801138,583,And Our stock market analyst Harold is available 24-7.
4101,0,2,25,27,1.0740740740740742,0.0513611292801138,583,He cancelled his appointment for a physical twice.
4101,0,2,25,27,1.0740740740740742,0.0513611292801138,583,"I told him to buy some stock, but he's from the old school."
4101,0,2,25,27,1.0740740740740742,0.0513611292801138,583,Some of our staff are becoming increasingly dependent.
4101,0,2,25,27,1.0740740740740742,0.0513611292801138,583,"Yes, he owns stock in the company, why do you ask?"
4101,0,2,25,27,1.0740740740740742,0.0513611292801138,583,My broker advised me to get out of stocks.
4101,0,2,25,27,1.0740740740740742,0.0513611292801138,583,You can nuke your rigatoni without a lid only so many times before that happens.
4101,0,2,25,27,1.0740740740740742,0.0513611292801138,583,I think I'll wait to get fully into stocks.
4101,0,2,25,27,1.0740740740740742,0.0513611292801138,583,I'll bet people have been making jokes about stock options all day.
4101,0,2,25,27,1.0740740740740742,0.0513611292801138,583,Maybe it's time to start investing in stocks.
4101,0,2,25,27,1.0740740740740742,0.0513611292801138,583,Serves him right for indiscriminatingly hitting 'reply all.'
4101,0,2,25,27,1.0740740740740742,0.0513611292801138,583,Can you direct me to the waterboard room
4101,0,2,25,27,1.0740740740740742,0.0513611292801138,583,It's the latest in standing desk technology.
4101,0,2,25,27,1.0740740740740742,0.0513611292801138,583,The bond market is down so he's staying in stocks.
4101,0,2,25,27,1.0740740740740742,0.0513611292801138,583,I got out of the stock market.
4101,0,2,25,27,1.0740740740740742,0.0513611292801138,583,"Yesterday, he was caught leaking information."
4101,0,2,25,27,1.0740740740740742,0.0513611292801138,583,A public display of necking. Where's the etiquette?
4101,0,2,25,27,1.0740740740740742,0.0513611292801138,583,Most of us are in stocks and bonds. Abernathy is just in stocks.
4101,0,2,25,27,1.0740740740740742,0.0513611292801138,583,They've really tightened up security.
4101,0,2,25,27,1.0740740740740742,0.0513611292801138,583,Another starving artist. Notice there's no tip jar?
4101,1,0,26,27,1.0740740740740742,0.07407407407407407,583,Stock options.
4101,0,2,25,27,1.0740740740740742,0.0513611292801138,583,Obamacare!
4101,0,2,25,27,1.0740740740740742,0.0513611292801138,583,At least stocks are up.
4101,0,2,25,27,1.0740740740740742,0.0513611292801138,583,He came five minutes late for work this morning.
4101,0,2,25,27,1.0740740740740742,0.0513611292801138,583,They really take their earnings forecasts seriously.
4101,1,0,26,27,1.0740740740740742,0.07407407407407407,583,Poor Floyd-- he got caught stealing pens again.
4101,0,2,25,27,1.0740740740740742,0.0513611292801138,583,Can you grab me a sandwich? Today I'm jam-packed.
4101,0,2,25,27,1.0740740740740742,0.0513611292801138,583,The employee stock options aren't that great here.
4101,1,0,26,27,1.0740740740740742,0.07407407407407407,583,HR is curating a bad performance art show for new employees.
4101,0,2,25,27,1.0740740740740742,0.0513611292801138,583,Stock options aren't what they used to be.
4101,0,2,25,27,1.0740740740740742,0.0513611292801138,583,That's Fred. Talk about a glutton for punishment.
4101,0,2,25,27,1.0740740740740742,0.0513611292801138,583,That's Carlton. He ignored the memo about TPS report cover sheets.
4101,0,2,25,27,1.0740740740740742,0.0513611292801138,583,Don't ever be late for the staff meeting.
4101,0,2,25,27,1.0740740740740742,0.0513611292801138,583,You'll want to pass on the stock options.
4101,0,2,25,27,1.0740740740740742,0.0513611292801138,583,I don't know. Something about a standup desk.
4101,0,2,25,27,1.0740740740740742,0.0513611292801138,583,I'm sticking with bonds.
4101,0,2,25,27,1.0740740740740742,0.0513611292801138,583,He's an intern in the stock room.
4101,0,2,25,27,1.0740740740740742,0.0513611292801138,583,He voted for Pillory but Trump won.
4101,0,2,25,27,1.0740740740740742,0.0513611292801138,583,He smiles when the stocks up.
4101,0,2,25,27,1.0740740740740742,0.0513611292801138,583,It's been downhill since we got rid of HR.
4150,0,2,26,28,1.0714285714285714,0.04956347617776502,583,You should have seen what he posted.
4150,0,2,26,28,1.0714285714285714,0.04956347617776502,583,"The CEO read a new book that went the other direction from ""Employee of the Month"" parking spaces."
4150,0,2,26,28,1.0714285714285714,0.04956347617776502,583,Trump has inspired hellish bosses everywhere to go too far.
4150,0,2,26,28,1.0714285714285714,0.04956347617776502,583,"Yep, stock market."
4150,0,2,26,28,1.0714285714285714,0.04956347617776502,583,We pride ourselves in building a workplace that's... transparent.
4150,0,2,26,28,1.0714285714285714,0.04956347617776502,583,He wanted a bisex washroom.
4150,0,2,26,28,1.0714285714285714,0.04956347617776502,583,He sent an email about the lack of diversity in the tech industry.
4150,0,2,26,28,1.0714285714285714,0.04956347617776502,583,"Lock, stock and bond trader..."
4150,0,2,26,28,1.0714285714285714,0.04956347617776502,583,I heard it was a Hostile Takeover.
4150,0,2,26,28,1.0714285714285714,0.04956347617776502,583,He'll be released once he recites our mission statement.
4150,0,2,26,28,1.0714285714285714,0.04956347617776502,583,De-regulation fallout.
4150,0,2,26,28,1.0714285714285714,0.04956347617776502,583,"Is this what corporate meant by a ""pinned Tweet""?"
4150,0,2,26,28,1.0714285714285714,0.04956347617776502,583,"Though your question seems a little judge-y, allow me to explain-- this device tests office collar/cuff wear and tear. On a separate, non-related note... he ate my lunch."
4150,0,2,26,28,1.0714285714285714,0.04956347617776502,583,There used to be a basket of rotten fruit. but the housekeeping staff complained.
4150,0,2,26,28,1.0714285714285714,0.04956347617776502,583,"OK, I get it. But what ""stock"" are supposed to ''lock'' into?"
4165,0,2,27,29,1.0689655172413792,0.04788724653995952,583,"Daisy, Daisy, give me your answer do."
4165,0,2,27,29,1.0689655172413792,0.04788724653995952,583,Is that what they meant by 'paycuts?'
4165,0,2,27,29,1.0689655172413792,0.04788724653995952,583,Latest board member.
4165,0,2,27,29,1.0689655172413792,0.04788724653995952,583,He covets his assets.
4165,0,2,27,29,1.0689655172413792,0.04788724653995952,583,It's probably why no one else ran for Chairman of the Board.
4165,0,2,27,29,1.0689655172413792,0.04788724653995952,583,He's the CEO. He thinks he's a plant.
4165,1,0,28,29,1.0689655172413792,0.06896551724137928,583,It's a new cost-saving measure: Do it yourself security.
4172,0,2,28,30,1.0666666666666667,0.046320555585310084,583,"To combat our elitist reputation, we're encouraging our employees to have bad posture."
4172,0,2,28,30,1.0666666666666667,0.046320555585310084,583,He's waiting for his stocks to rise and free him from bankruptcy.
4174,0,2,29,31,1.064516129032258,0.04485301852605202,583,He needs to work on his negotiation skills
4174,0,2,29,31,1.064516129032258,0.04485301852605202,583,We hold fast to our principals at Thomas & Rymer. His stocks smell like burnt popcorn.
4176,0,2,30,32,1.0625,0.04347552147751577,583,Our incentive program has both perks and punishments.
4177,1,0,33,34,1.0588235294117647,0.05882352941176471,583,"When I said we must stretch our means, I didn't mean our transportation means."
4178,0,1,21,22,1.0454545454545454,0.046524210519923545,583,"ignore him, he's just the stock room guy."
4178,0,1,21,22,1.0454545454545454,0.046524210519923545,583,"He voted against five daily breaks, ninety day paid maternity leave, one month vacation, and Millennials being a protected class."
4178,0,1,21,22,1.0454545454545454,0.046524210519923545,583,Management found out Jamie's actually a woman.
4178,0,1,21,22,1.0454545454545454,0.046524210519923545,583,He's our expert in stocks.
4178,0,1,21,22,1.0454545454545454,0.046524210519923545,583,"Umm honey, are you sure we are at the right place?"
4178,0,1,21,22,1.0454545454545454,0.046524210519923545,583,One of his perks was laughing stock.
4178,0,1,21,22,1.0454545454545454,0.046524210519923545,583,That's what management does to Trump supporters.
4178,0,1,21,22,1.0454545454545454,0.046524210519923545,583,This company certainly has unique stock options!
4178,0,1,21,22,1.0454545454545454,0.046524210519923545,583,See you at lunch?
4178,0,1,21,22,1.0454545454545454,0.046524210519923545,583,"As promised, the lobby is getting an eye catching face lift"
4178,0,1,21,22,1.0454545454545454,0.046524210519923545,583,Notice the small hands? Nuff said.
4178,0,1,21,22,1.0454545454545454,0.046524210519923545,583,It must have been the bad tie.
4178,0,1,21,22,1.0454545454545454,0.046524210519923545,583,The new owners are getting rid of casual Friday also.
4178,0,1,21,22,1.0454545454545454,0.046524210519923545,583,He's waiting to see his stock broker.
4178,0,1,21,22,1.0454545454545454,0.046524210519923545,583,"Poor Bill, this is his third accounting mistake this quarter."
4178,0,1,21,22,1.0454545454545454,0.046524210519923545,583,This is our SOP (Standard Operating Procedure) for an employee missing a deadline.
4178,0,1,21,22,1.0454545454545454,0.046524210519923545,583,I guess he chose the stock option
4178,0,1,21,22,1.0454545454545454,0.046524210519923545,583,Bill's new standing desk has worked wonders for his humility.
4178,0,1,21,22,1.0454545454545454,0.046524210519923545,583,"The Stock group is feeling the pain this quarter, and the Bond team's been moved to the basement."
4178,0,1,21,22,1.0454545454545454,0.046524210519923545,583,He must have came out as a Trump supporter.
4178,0,1,21,22,1.0454545454545454,0.046524210519923545,583,He rolls that thing out for all the new hires
4178,0,1,21,22,1.0454545454545454,0.046524210519923545,583,Not that kind of stock.
4178,0,1,21,22,1.0454545454545454,0.046524210519923545,583,"All the ad said was ""Lateral move, less complicated."""
4178,0,1,21,22,1.0454545454545454,0.046524210519923545,583,It's a performance piece honoring those who bravely fell in plea-bargains with the Feds.
4178,0,1,21,22,1.0454545454545454,0.046524210519923545,583,That's what you get for not reading the fine print on your stock option agreement.
4178,0,1,21,22,1.0454545454545454,0.046524210519923545,583,The boss finally invested in stocks.
4178,0,1,21,22,1.0454545454545454,0.046524210519923545,583,Testing While Driving!
4178,0,1,21,22,1.0454545454545454,0.046524210519923545,583,I guess the boss hated his idea.
4178,0,1,21,22,1.0454545454545454,0.046524210519923545,583,Ye olde sensitivity training.
4178,0,1,21,22,1.0454545454545454,0.046524210519923545,583,He did say he was selling his bonds and getting into stocks.
4178,0,1,21,22,1.0454545454545454,0.046524210519923545,583,H.R. adopted a new performance review system from Guantanamo
4178,0,1,21,22,1.0454545454545454,0.046524210519923545,583,He is just a salesman who refuses to leave.
4178,0,1,21,22,1.0454545454545454,0.046524210519923545,583,Who's that good looking Who's that good looking guy in the stockade ?
4178,0,1,21,22,1.0454545454545454,0.046524210519923545,583,He got caught trading bonds.
4178,0,1,21,22,1.0454545454545454,0.046524210519923545,583,Big mistake. Didn't floss before his checkup.
4178,0,1,21,22,1.0454545454545454,0.046524210519923545,583,He didn't think outside the box.
4178,0,1,21,22,1.0454545454545454,0.046524210519923545,583,I didn't know the Stock Exchange was in this building.
4178,0,1,21,22,1.0454545454545454,0.046524210519923545,583,"This is what happens when you shake the toner, Carl."
4178,0,1,21,22,1.0454545454545454,0.046524210519923545,583,He lost the Davidson account.
4178,0,1,21,22,1.0454545454545454,0.046524210519923545,583,It's too bad. He's a great shadow puppet artist.
4178,0,1,21,22,1.0454545454545454,0.046524210519923545,583,He was caught handling insider stocks.
4178,0,1,21,22,1.0454545454545454,0.046524210519923545,583,This new non-invasive form of bariatric surgery seems to be catching on.
4178,0,1,21,22,1.0454545454545454,0.046524210519923545,583,it's the next great thing after standing desks.
4178,0,1,21,22,1.0454545454545454,0.046524210519923545,583,I think Medieval Friday is getting a bit out of hand.
4178,0,1,21,22,1.0454545454545454,0.046524210519923545,583,Overstock sale! All items come 'as is'. No exchanges or returns.
4178,0,1,21,22,1.0454545454545454,0.046524210519923545,583,We caught him trying to raid the refrigerator.
4178,0,1,21,22,1.0454545454545454,0.046524210519923545,583,Have you considered using the blockchain?
4178,0,1,21,22,1.0454545454545454,0.046524210519923545,583,This bank has strict rules about bouncing checks
4178,0,1,21,22,1.0454545454545454,0.046524210519923545,583,Maybe he missed his deadline.
4178,0,1,21,22,1.0454545454545454,0.046524210519923545,583,"When the boss said, ""any suggestions?"""
4178,0,1,21,22,1.0454545454545454,0.046524210519923545,583,Cutbacks.
4178,0,1,21,22,1.0454545454545454,0.046524210519923545,583,Jeff's gimmicks are getting a little old.
4178,0,1,21,22,1.0454545454545454,0.046524210519923545,583,"Yeah, polka dots. But its not a clip-on."
4178,0,1,21,22,1.0454545454545454,0.046524210519923545,583,He demanded a callback to his landline voicemail.
4178,0,1,21,22,1.0454545454545454,0.046524210519923545,583,Do you ever think the feds have gone a bit too far backwards with rolling back penalties?
4178,0,1,21,22,1.0454545454545454,0.046524210519923545,583,"Training for a standing desk, Bob?"
4178,0,1,21,22,1.0454545454545454,0.046524210519923545,583,He's serving 30 years. Fixed.
4178,0,1,21,22,1.0454545454545454,0.046524210519923545,583,"It's Employee of the Month, Trump style."
4178,0,1,21,22,1.0454545454545454,0.046524210519923545,583,The CEO wants us to focus more on Stocks.
4178,0,1,21,22,1.0454545454545454,0.046524210519923545,583,He was caught in a hotel room with his wife.
4178,0,1,21,22,1.0454545454545454,0.046524210519923545,583,Him? He's captive to his ideals.
4178,0,1,21,22,1.0454545454545454,0.046524210519923545,583,Wouldn't you say that is a fitting punishment for Dr Pillory? He was caught overprescribing pain-killer pills.
4178,0,1,21,22,1.0454545454545454,0.046524210519923545,583,A mistake in bonds is even more humiliating than in stocks!
4178,0,1,21,22,1.0454545454545454,0.046524210519923545,583,Next time I bet he remembers his ID badge.
4178,0,1,21,22,1.0454545454545454,0.046524210519923545,583,Finally! Those Wall Street delinquents are getting put in the stocks.
4178,0,1,21,22,1.0454545454545454,0.046524210519923545,583,It's part of the new policy about accidentally leaving with company pens in your pocket.
4178,0,1,21,22,1.0454545454545454,0.046524210519923545,583,Looks like Dave received his NEA grant.
4178,0,1,21,22,1.0454545454545454,0.046524210519923545,583,"Lock, stock and barrel he's all in now!"
4178,0,1,21,22,1.0454545454545454,0.046524210519923545,583,He fell asleep during the president's speech at an executive training program meeting!
4178,0,1,21,22,1.0454545454545454,0.046524210519923545,583,That tie looks like it came from the Stone Age.
4178,0,1,21,22,1.0454545454545454,0.046524210519923545,583,Don't ever bully the receptionist.
4178,0,1,21,22,1.0454545454545454,0.046524210519923545,583,He is renowned for his performance art
4178,0,1,21,22,1.0454545454545454,0.046524210519923545,583,"Ergonomically though, it's not unhealthy."
4178,0,1,21,22,1.0454545454545454,0.046524210519923545,583,I could have designed a better desk with one eye closed
4178,0,1,21,22,1.0454545454545454,0.046524210519923545,583,Bad check?
4178,0,1,21,22,1.0454545454545454,0.046524210519923545,583,Some employees choose the stock option.
4178,0,1,21,22,1.0454545454545454,0.046524210519923545,583,His company has decided to go public.
4178,0,1,21,22,1.0454545454545454,0.046524210519923545,583,He was responsible for data security.
4178,0,1,21,22,1.0454545454545454,0.046524210519923545,583,He was caught buying something on Amazon during the CEO's staff meeting.
4178,0,1,21,22,1.0454545454545454,0.046524210519923545,583,Looks like Golden Boy burned the microwave popcorn.
4178,0,1,21,22,1.0454545454545454,0.046524210519923545,583,I guess he's in there for Second Degree Break Room Fridge Larceny.
4178,0,1,21,22,1.0454545454545454,0.046524210519923545,583,I see the unpaid intern is back in stock.
4178,0,1,21,22,1.0454545454545454,0.046524210519923545,583,He kept clicking Reply All.
4178,0,1,21,22,1.0454545454545454,0.046524210519923545,583,Apparently he was not enthusiastic enough about being in the President's Cabinet
4178,0,1,21,22,1.0454545454545454,0.046524210519923545,583,He's with the face-painting convention.
4178,0,1,21,22,1.0454545454545454,0.046524210519923545,583,Some people like it better then the ATM
4178,0,1,21,22,1.0454545454545454,0.046524210519923545,583,He used all caps in a memo. We call this the Caps Lockade.
4178,0,1,21,22,1.0454545454545454,0.046524210519923545,583,Joe's trying a new dating app. E-humiliation.com.
4178,0,1,21,22,1.0454545454545454,0.046524210519923545,583,So much for his Maximum Wage campaign for CEOS...
4178,0,1,21,22,1.0454545454545454,0.046524210519923545,583,He must've missed hitting his numbers again.
4178,0,1,21,22,1.0454545454545454,0.046524210519923545,583,It was the only way to stop his tweeting habit.
4178,0,1,21,22,1.0454545454545454,0.046524210519923545,583,I bet this will be the last time Bob asks for more visibility.
4178,0,1,21,22,1.0454545454545454,0.046524210519923545,583,They're serious about meeting timelines.
4178,0,1,21,22,1.0454545454545454,0.046524210519923545,583,...and that's when the company's stocks went up.
4178,0,1,21,22,1.0454545454545454,0.046524210519923545,583,That's the stock options manager.
4178,0,1,21,22,1.0454545454545454,0.046524210519923545,583,He couldn't pay the overdraft fees
4178,0,1,21,22,1.0454545454545454,0.046524210519923545,583,I started as an intern also.
4178,0,1,21,22,1.0454545454545454,0.046524210519923545,583,Ten-year man..... he asked for a raise.
4178,0,1,21,22,1.0454545454545454,0.046524210519923545,583,He needs to call H.R.
4178,0,1,21,22,1.0454545454545454,0.046524210519923545,583,He's our stocks and bondage man.
4178,0,1,21,22,1.0454545454545454,0.046524210519923545,583,That's the punishment for taking someone else's food from the fridge.
4178,0,1,21,22,1.0454545454545454,0.046524210519923545,583,"Oh, that’s our CEO’s wrinkle on the employee stock option."
4178,0,1,21,22,1.0454545454545454,0.046524210519923545,583,I heard he was short stocks.
4178,0,1,21,22,1.0454545454545454,0.046524210519923545,583,It's about time this company offered a stocks option.
4178,0,1,21,22,1.0454545454545454,0.046524210519923545,583,"He demanded ""stock"" options !!"
4178,0,1,21,22,1.0454545454545454,0.046524210519923545,583,"He should know by now, that just because the CEO tweets, it isn't a good idea for the rest of us..."
4178,0,1,21,22,1.0454545454545454,0.046524210519923545,583,He's looking for advice on how to manage his stocks
4178,0,1,21,22,1.0454545454545454,0.046524210519923545,583,He denies global warming.
4178,0,1,21,22,1.0454545454545454,0.046524210519923545,583,New penalty for shorting stock options.
4178,0,1,21,22,1.0454545454545454,0.046524210519923545,583,I'll bet he's late to the meeting again.
4178,0,1,21,22,1.0454545454545454,0.046524210519923545,583,Toughest overdraft policy in town
4178,0,1,21,22,1.0454545454545454,0.046524210519923545,583,Stocks are up this quarter.
4178,0,1,21,22,1.0454545454545454,0.046524210519923545,583,That's our biggest stockholder.
4178,0,1,21,22,1.0454545454545454,0.046524210519923545,583,Apparently they don't use PowerPoint here?
4178,0,1,21,22,1.0454545454545454,0.046524210519923545,583,Think of it as a cost-cutting incentives program.
4178,0,1,21,22,1.0454545454545454,0.046524210519923545,583,"And the benefits package is second to none – full medical, 401k, stockade options . . ."
4178,0,1,21,22,1.0454545454545454,0.046524210519923545,583,It's part of our new customer loyalty program.
4178,0,1,21,22,1.0454545454545454,0.046524210519923545,583,"Poor Guy, I heard his sales numbers were way down in August."
4178,0,1,21,22,1.0454545454545454,0.046524210519923545,583,"Poor Charlie, third bathroom key offense"
4178,0,1,21,22,1.0454545454545454,0.046524210519923545,583,Company Leaker!
4178,0,1,21,22,1.0454545454545454,0.046524210519923545,583,"Oh yeah, whatever you do, don't piss off the boss."
4178,0,1,21,22,1.0454545454545454,0.046524210519923545,583,I told him there was less risk in bonds.
4178,0,1,21,22,1.0454545454545454,0.046524210519923545,583,I heard he asked for the Friday before Labor Day off
4178,0,1,21,22,1.0454545454545454,0.046524210519923545,583,George has always been heavily weighted in stocks.
4178,0,1,21,22,1.0454545454545454,0.046524210519923545,583,And after one year you'll be eligible to participate in our stockade option plan.
4178,0,1,21,22,1.0454545454545454,0.046524210519923545,583,The coffee wasn't strong enough.
4178,0,1,21,22,1.0454545454545454,0.046524210519923545,583,The company is on the blockchain now.
4178,0,1,21,22,1.0454545454545454,0.046524210519923545,583,He forgot it was his turn to bring the donuts.
4178,0,1,21,22,1.0454545454545454,0.046524210519923545,583,I guess they finally caught the guy who has been stealing everyone's lunch from the fridge.
4178,0,1,21,22,1.0454545454545454,0.046524210519923545,583,I guess he works in stocks.
4178,0,1,21,22,1.0454545454545454,0.046524210519923545,583,Do you suppose he's in outplacement?
4178,0,1,21,22,1.0454545454545454,0.046524210519923545,583,"Oh, I didn't realize Jerry was on the board."
4178,0,1,21,22,1.0454545454545454,0.046524210519923545,583,"Oh, Ernie's a DACA child. He's prepping for deportation to his homeland."
4178,0,1,21,22,1.0454545454545454,0.046524210519923545,583,I see that stocks really went up today.
4178,0,1,21,22,1.0454545454545454,0.046524210519923545,583,That's what happens when you group reply before...
4178,0,1,21,22,1.0454545454545454,0.046524210519923545,583,Pledging is just a much better predictor of loyalty than interviews are.
4178,0,1,21,22,1.0454545454545454,0.046524210519923545,583,That's Roger. He's in charge of stocks.
4178,0,1,21,22,1.0454545454545454,0.046524210519923545,583,Oops -- Another poor sap who asked the boss for a promotion.
4178,0,1,21,22,1.0454545454545454,0.046524210519923545,583,The new employee retention plan seems to be working.
4178,0,1,21,22,1.0454545454545454,0.046524210519923545,583,He asked for aid with his stock and this is their idea of stockade.
4178,0,1,21,22,1.0454545454545454,0.046524210519923545,583,I voted to just fire him.
4178,0,1,21,22,1.0454545454545454,0.046524210519923545,583,that's how we remind people to turn in work on time.
4178,0,1,21,22,1.0454545454545454,0.046524210519923545,583,We needed something after ending the Employee of the Month program
4178,0,1,21,22,1.0454545454545454,0.046524210519923545,583,It looks like we need to stop selling stocks.
4178,0,1,21,22,1.0454545454545454,0.046524210519923545,583,"It's his own fault. He signed up for stocks & bonds."""
4178,0,1,21,22,1.0454545454545454,0.046524210519923545,583,He wouldn't fit in any categories in HR's office aptitude test.
4178,0,1,21,22,1.0454545454545454,0.046524210519923545,583,At least their stocks are up.
4178,0,1,21,22,1.0454545454545454,0.046524210519923545,583,Is it a broker in the stocks or is it art?
4178,0,1,21,22,1.0454545454545454,0.046524210519923545,583,Why is he there! Are you kidding me? You don't see that tie he's wearing?
4178,0,1,21,22,1.0454545454545454,0.046524210519923545,583,Stocks and bondage.
4178,0,1,21,22,1.0454545454545454,0.046524210519923545,583,"He is protesting against wearing a tie on ""Casual Friday""."
4178,0,1,21,22,1.0454545454545454,0.046524210519923545,583,He got caught with a bean bag in his office. Millenials.
4178,0,1,21,22,1.0454545454545454,0.046524210519923545,583,Mortgage bonds don't look so bad anymore
4178,0,1,21,22,1.0454545454545454,0.046524210519923545,583,Disciplinary action? Maybe. I kinda thought it was performance art.
4178,0,1,21,22,1.0454545454545454,0.046524210519923545,583,His stock plummeted.
4178,0,1,21,22,1.0454545454545454,0.046524210519923545,583,He's a part of our newest division here at Goldman-Sachs: Stocks and Bondage.
4178,0,1,21,22,1.0454545454545454,0.046524210519923545,583,Talk about bad stock options.
4178,0,1,21,22,1.0454545454545454,0.046524210519923545,583,He never picks the right tie.
4178,0,1,21,22,1.0454545454545454,0.046524210519923545,583,Donald Trump is a jackass.
4178,0,1,21,22,1.0454545454545454,0.046524210519923545,583,He didn't follow the doctor's orders.
4178,0,1,21,22,1.0454545454545454,0.046524210519923545,583,Senior Brown crept out the building with Jones locked up Again!. Those plant pots would make jolly good toilets thought Jones as his trouser began to dampen.
4178,0,1,21,22,1.0454545454545454,0.046524210519923545,583,Hmm...seems like he's the desktop specialist over here.
4178,0,1,21,22,1.0454545454545454,0.046524210519923545,583,Oh that- today is take a Puritan to work day.
4178,0,1,21,22,1.0454545454545454,0.046524210519923545,583,It's Non Performance art.
4178,0,1,21,22,1.0454545454545454,0.046524210519923545,583,"They have their possibilities, but I'm not getting the financial upside of stocks."
4178,0,1,21,22,1.0454545454545454,0.046524210519923545,583,Gary imitates art.
4178,0,1,21,22,1.0454545454545454,0.046524210519923545,583,They have certain rules at this office for standing in line.
4178,0,1,21,22,1.0454545454545454,0.046524210519923545,583,It's the company's new stocks option plan
4178,0,1,21,22,1.0454545454545454,0.046524210519923545,583,It's just a sign.
4178,0,1,21,22,1.0454545454545454,0.046524210519923545,583,Oh him? Jim lost a bet with our bond guys on relative downside risk versus stocks.
4178,0,1,21,22,1.0454545454545454,0.046524210519923545,583,Apparently Steve went to the Renaissance Festival and thought this would be great for here!
4178,0,1,21,22,1.0454545454545454,0.046524210519923545,583,that stock never pays dividends.
4178,0,1,21,22,1.0454545454545454,0.046524210519923545,583,The rotten tomatoes won't be ready until tomorrow. Hope he's still here.
4178,0,1,21,22,1.0454545454545454,0.046524210519923545,583,He's vested.
4178,0,1,21,22,1.0454545454545454,0.046524210519923545,583,His contract is up at the end of the month.
4178,0,1,21,22,1.0454545454545454,0.046524210519923545,583,Do we have a drop dead date?
4178,0,1,21,22,1.0454545454545454,0.046524210519923545,583,I guess he won't be joining us for happy hour at the saloon.
4178,0,1,21,22,1.0454545454545454,0.046524210519923545,583,Glad I'm in accounting. I'm not cut out for stocks and bondage.
4178,0,1,21,22,1.0454545454545454,0.046524210519923545,583,The Cajun Zoning Commission caught him trying to develop on a flood plain.
4178,0,1,21,22,1.0454545454545454,0.046524210519923545,583,"So Helen, what do you think about the comany's new concept for a Billboard"
4178,0,1,21,22,1.0454545454545454,0.046524210519923545,583,Must be a bad day on the stock market
4178,0,1,21,22,1.0454545454545454,0.046524210519923545,583,It's chastising Tuesday
4178,0,1,21,22,1.0454545454545454,0.046524210519923545,583,Looks like Jack forgot to label his food in the office fridge again.
4178,0,1,21,22,1.0454545454545454,0.046524210519923545,583,"they mentioned stock options, but..."
4178,0,1,21,22,1.0454545454545454,0.046524210519923545,583,John prefers stocks to bonds.
4178,0,1,21,22,1.0454545454545454,0.046524210519923545,583,I didn't know we'd gone public with our stocks.
4178,0,1,21,22,1.0454545454545454,0.046524210519923545,583,Phil shouldn't have put all he had into stocks.
4178,0,1,21,22,1.0454545454545454,0.046524210519923545,583,His hedge fund missed its goal a second time.
4178,0,1,21,22,1.0454545454545454,0.046524210519923545,583,They're great for your posture.
4178,0,1,21,22,1.0454545454545454,0.046524210519923545,583,He was too heavily invested in stocks.
4178,0,1,21,22,1.0454545454545454,0.046524210519923545,583,Another employee stock option plan gone bad.
4178,0,1,21,22,1.0454545454545454,0.046524210519923545,583,"I told Ted, that they are watching time cards now."
4178,0,1,21,22,1.0454545454545454,0.046524210519923545,583,He should have tucked the tie in.
4178,0,1,21,22,1.0454545454545454,0.046524210519923545,583,Never forget your expense reports.
4178,0,1,21,22,1.0454545454545454,0.046524210519923545,583,"If you ask me, the punishment should be even more severe for microwaving fish in the lunchroom."
4178,0,1,21,22,1.0454545454545454,0.046524210519923545,583,Boss didn't like his tie.
4178,0,1,21,22,1.0454545454545454,0.046524210519923545,583,He had opted for the lesser of three evils
4178,0,1,21,22,1.0454545454545454,0.046524210519923545,583,"That's Ted, our stocks and bondage guy."
4178,0,1,21,22,1.0454545454545454,0.046524210519923545,583,I told him to quit texting during meetings!
4178,0,1,21,22,1.0454545454545454,0.046524210519923545,583,It's getting harder and harder to land a job these days.
4178,0,1,21,22,1.0454545454545454,0.046524210519923545,583,New head of Stocks and Bonds.
4178,0,1,21,22,1.0454545454545454,0.046524210519923545,583,"Congratulations, Fred. You've got more than just your foot in the door."
4178,0,1,21,22,1.0454545454545454,0.046524210519923545,583,I prefer bonds.
4178,0,1,21,22,1.0454545454545454,0.046524210519923545,583,I've always said that Parkinson from accounts should be put in irons. The stocks are a bit disappointing.
4178,0,1,21,22,1.0454545454545454,0.046524210519923545,583,He's our stock picker.
4178,0,1,21,22,1.0454545454545454,0.046524210519923545,583,"Poor guy, he wanted bonds on the 17th floor and go off here by mistake."
4178,0,1,21,22,1.0454545454545454,0.046524210519923545,583,He must be working with a headhunter.
4178,0,1,21,22,1.0454545454545454,0.046524210519923545,583,That's what I mean right there. The next time you cross me. I mean the very next time...
4178,0,1,21,22,1.0454545454545454,0.046524210519923545,583,"Ted was just named 'last runner-up' for ""Employee of the Month."
4178,0,1,21,22,1.0454545454545454,0.046524210519923545,583,"A bit harsh for advocating the return of the three martini lunch, don't you think?"
4178,0,1,21,22,1.0454545454545454,0.046524210519923545,583,Polka-dot tie with woodgrain...bad form.
4178,0,1,21,22,1.0454545454545454,0.046524210519923545,583,I told him to invest in bonds.
4178,0,1,21,22,1.0454545454545454,0.046524210519923545,583,Glad I got to choose my stock options before the new VP of Compensation came on board...
4178,0,1,21,22,1.0454545454545454,0.046524210519923545,583,He didn't make his quota last month.
4178,0,1,21,22,1.0454545454545454,0.046524210519923545,583,He's our new stock advisor.
4178,0,1,21,22,1.0454545454545454,0.046524210519923545,583,"I guess that explains the sign on the door that says ""Stocks and Bonds""."
4178,0,1,21,22,1.0454545454545454,0.046524210519923545,583,Our Inventory Manager is overstocked.
4178,0,1,21,22,1.0454545454545454,0.046524210519923545,583,..and every other lunch break he detoxes and exfoliates
4178,0,1,21,22,1.0454545454545454,0.046524210519923545,583,He lied to his dentist here about flossing every day.
4178,0,1,21,22,1.0454545454545454,0.046524210519923545,583,We burn him at twelve.
4178,0,1,21,22,1.0454545454545454,0.046524210519923545,583,Do NOT negotiate for stock options.
4178,0,1,21,22,1.0454545454545454,0.046524210519923545,583,"He really, REALLY wants to understand stocks and bonds."
4178,0,1,21,22,1.0454545454545454,0.046524210519923545,583,"Missed the memo on putting leftover fish in the microwave fish, eh?"
4178,0,1,21,22,1.0454545454545454,0.046524210519923545,583,He refused to watch 'Game of Thrones.'
4178,0,1,21,22,1.0454545454545454,0.046524210519923545,583,Morning Mike! You forget to refill the Keurig again?
4178,0,1,21,22,1.0454545454545454,0.046524210519923545,583,Fred is such an attention hog!
4178,0,1,21,22,1.0454545454545454,0.046524210519923545,583,He's our stocks-in-trade.
4178,0,1,21,22,1.0454545454545454,0.046524210519923545,583,Looks like the new Chief of Staff!
4178,0,1,21,22,1.0454545454545454,0.046524210519923545,583,"It's his own fault. I told Sedgewick to go into bonds, not stocks."
4178,0,1,21,22,1.0454545454545454,0.046524210519923545,583,I guess they finally decided to take their stock public.
4178,0,1,21,22,1.0454545454545454,0.046524210519923545,583,He was caught tweeting in meetings.
4178,0,1,21,22,1.0454545454545454,0.046524210519923545,583,Our new installation art exhibit.
4178,0,1,21,22,1.0454545454545454,0.046524210519923545,583,Our employee stocks have no options.
4178,0,1,21,22,1.0454545454545454,0.046524210519923545,583,You should see what they did to Willoughby for eating someone else's lunch.
4178,0,1,21,22,1.0454545454545454,0.046524210519923545,583,He is the designated whipping boy this week!
4178,0,1,21,22,1.0454545454545454,0.046524210519923545,583,"The ""stocks"" option at this company just isn't what it used to be."
4178,0,1,21,22,1.0454545454545454,0.046524210519923545,583,Guess he's not Employee of the Month.
4178,0,1,21,22,1.0454545454545454,0.046524210519923545,583,Student loan forgiveness can be rough.
4178,0,1,21,22,1.0454545454545454,0.046524210519923545,583,John didn't read the fine print when he exercised his 'Stock Options'...
4178,0,1,21,22,1.0454545454545454,0.046524210519923545,583,He got three more days for stealing WiFi.
4178,0,1,21,22,1.0454545454545454,0.046524210519923545,583,"The stress of bond trading got to be too much, so he decided to try something more secure."
4178,0,1,21,22,1.0454545454545454,0.046524210519923545,583,There must be a better way to tell him he didn't make the partner cut.
4178,0,1,21,22,1.0454545454545454,0.046524210519923545,583,I'll bet a million dollars that he'll make quota next month.
4178,0,1,21,22,1.0454545454545454,0.046524210519923545,583,I think he's all tied up.
4178,0,1,21,22,1.0454545454545454,0.046524210519923545,583,Looks like management is starting to crack down on employees coming to work late.
4178,0,1,21,22,1.0454545454545454,0.046524210519923545,583,Didn't wash hands.
4178,0,1,21,22,1.0454545454545454,0.046524210519923545,583,"Wow! i guess ""the Donald"" really is ticked off at his son."
4178,0,1,21,22,1.0454545454545454,0.046524210519923545,583,"So, that's what they meant by stock options."
4178,0,1,21,22,1.0454545454545454,0.046524210519923545,583,"Oh, that's the penalty for early withdrawal of your CD"
4178,0,1,21,22,1.0454545454545454,0.046524210519923545,583,He is in training to learn how to stand at his desk instead of sitting at his desk.
4178,0,1,21,22,1.0454545454545454,0.046524210519923545,583,"It's always about the billables, isn't it?"
4178,0,1,21,22,1.0454545454545454,0.046524210519923545,583,"Morning, Vern. How'd the compliance review turn out?"
4178,0,1,21,22,1.0454545454545454,0.046524210519923545,583,"He's the brand new guy. When he said he was in stocks, I thought ""so's everybody on this floor.'"""
4178,0,1,21,22,1.0454545454545454,0.046524210519923545,583,The board did promise our stocks would go up...
4178,0,1,21,22,1.0454545454545454,0.046524210519923545,583,"That is, indeed, a severe penalty for early withdrawal."
4178,0,1,21,22,1.0454545454545454,0.046524210519923545,583,"Well, he hit the ""send"" button. And those ideas were awfully close to the bone."
4178,0,1,21,22,1.0454545454545454,0.046524210519923545,583,He sold Apple at 20.
4178,0,1,21,22,1.0454545454545454,0.046524210519923545,583,"At his age, wouldn't bonds be better than stocks?"
4178,0,1,21,22,1.0454545454545454,0.046524210519923545,583,He got caught. Disgusting.
4178,0,1,21,22,1.0454545454545454,0.046524210519923545,583,It's the new stock option plan
4178,0,1,21,22,1.0454545454545454,0.046524210519923545,583,. . . and his tie was a half inch too long.
4178,0,1,21,22,1.0454545454545454,0.046524210519923545,583,Management is trying to retain talent by putting high performers on display.
4178,0,1,21,22,1.0454545454545454,0.046524210519923545,583,Looks like HR was serious about not making fish in the microwave.
4178,0,1,21,22,1.0454545454545454,0.046524210519923545,583,Their stocks are not just on paper here.
4178,0,1,21,22,1.0454545454545454,0.046524210519923545,583,"I told him to consider stocks, bonds, and context."
4178,0,1,21,22,1.0454545454545454,0.046524210519923545,583,Glad I'm in the Bonds Investing.
4178,0,1,21,22,1.0454545454545454,0.046524210519923545,583,It's bring your cuckold to work day.
4178,0,1,21,22,1.0454545454545454,0.046524210519923545,583,All employees receive stock options as part if our incentives program.
4178,0,1,21,22,1.0454545454545454,0.046524210519923545,583,He's next in line.
4178,0,1,21,22,1.0454545454545454,0.046524210519923545,583,"""Phil was caught selling Stocks & Bonds Specials to to our Customers"". John Curliano, Alameda CA"
4178,0,1,21,22,1.0454545454545454,0.046524210519923545,583,They sure have an unorthodox way of reprimanding their employees.
4178,0,1,21,22,1.0454545454545454,0.046524210519923545,583,He just came back from the meeting with our investors.
4178,0,1,21,22,1.0454545454545454,0.046524210519923545,583,Its about time they cracked down on hobbyists.
4178,0,1,21,22,1.0454545454545454,0.046524210519923545,583,His broker put him into stocks.
4178,0,1,21,22,1.0454545454545454,0.046524210519923545,583,"Thats the new guy, George. He called in sick two Mondays in a row."
4178,0,1,21,22,1.0454545454545454,0.046524210519923545,583,Mel handles stocks and bondage.
4178,0,1,21,22,1.0454545454545454,0.046524210519923545,583,Who needs a pillory nowadays when we have Twitter?
4178,0,1,21,22,1.0454545454545454,0.046524210519923545,583,Missed his sales goals three weeks running!
4178,0,1,21,22,1.0454545454545454,0.046524210519923545,583,I Think his check bounced
4178,0,1,21,22,1.0454545454545454,0.046524210519923545,583,"No, he is a statistician."
4178,0,1,21,22,1.0454545454545454,0.046524210519923545,583,It's the new workplace approach to helping staff deal with the loss of their sheep dogs
4178,0,1,21,22,1.0454545454545454,0.046524210519923545,583,Obviously he's not doing well with his stocks.
4178,0,1,21,22,1.0454545454545454,0.046524210519923545,583,And that's our stock option.
4178,0,1,21,22,1.0454545454545454,0.046524210519923545,583,Looks like he took the boss’ PB&J again…
4178,0,1,21,22,1.0454545454545454,0.046524210519923545,583,"It's a common mistake people make. No, we don't sell equities"
4178,0,1,21,22,1.0454545454545454,0.046524210519923545,583,"WhiteHouse press release; ""pillory"" approved for leakers!"
4178,0,1,21,22,1.0454545454545454,0.046524210519923545,583,He's the Banks' new Chief Executive Hacker.
4178,0,1,21,22,1.0454545454545454,0.046524210519923545,583,"Roger isn't into bonds, only stocks."
4178,0,1,21,22,1.0454545454545454,0.046524210519923545,583,They've reverted to stockade decor.
4178,0,1,21,22,1.0454545454545454,0.046524210519923545,583,I see the company's new motivational coach has been hard at work....
4178,0,1,21,22,1.0454545454545454,0.046524210519923545,583,Looks like someone exercised their stock options.
4178,0,1,21,22,1.0454545454545454,0.046524210519923545,583,He's our employee of the week. Record stock sales.
4178,0,1,21,22,1.0454545454545454,0.046524210519923545,583,They still haven't hired Bob's replacement.
4178,0,1,21,22,1.0454545454545454,0.046524210519923545,583,It's now a requirement when applying applying for a Line of Credit
4178,0,1,21,22,1.0454545454545454,0.046524210519923545,583,I guess the stocks picks were down.
4178,0,1,21,22,1.0454545454545454,0.046524210519923545,583,He's our best stock broker.
4178,0,1,21,22,1.0454545454545454,0.046524210519923545,583,They always have the most unique decorations here!
4178,0,1,21,22,1.0454545454545454,0.046524210519923545,583,He's this month's Scarlett A**hole.
4178,0,1,21,22,1.0454545454545454,0.046524210519923545,583,It's just corporate cultural assimilation of the pillory.
4178,0,1,21,22,1.0454545454545454,0.046524210519923545,583,It's to teach millennials old school values
4178,0,1,21,22,1.0454545454545454,0.046524210519923545,583,Jenkins memoed his bright idea direct to the CEO.
4178,0,1,21,22,1.0454545454545454,0.046524210519923545,583,Beware the stock answer.
4178,0,1,21,22,1.0454545454545454,0.046524210519923545,583,They take this stock in trade thing a bit literally around here
4178,0,1,21,22,1.0454545454545454,0.046524210519923545,583,Uh oh. Looks like they're doing layoffs again.
4178,0,1,21,22,1.0454545454545454,0.046524210519923545,583,He won't be stealing anymore lunches.
4178,0,1,21,22,1.0454545454545454,0.046524210519923545,583,"You don't just walk down the hall and say to the passing CEO, ""Hi Jim""."
4178,0,1,21,22,1.0454545454545454,0.046524210519923545,583,"For our portfolio management discipline, we take a balanced approach between stocks and bondage."
4178,0,1,21,22,1.0454545454545454,0.046524210519923545,583,Title IX for the office.
4178,0,1,21,22,1.0454545454545454,0.046524210519923545,583,I heard they had to let Jack go.
4178,0,1,21,22,1.0454545454545454,0.046524210519923545,583,He missed the stock close by seconds.
4178,0,1,21,22,1.0454545454545454,0.046524210519923545,583,"Oh, him? He's the chairman of the board."
4178,0,1,21,22,1.0454545454545454,0.046524210519923545,583,He should have declined the company stock.
4178,0,1,21,22,1.0454545454545454,0.046524210519923545,583,He wrote a manifesto.
4178,0,1,21,22,1.0454545454545454,0.046524210519923545,583,I totally misread the Boss's tweet about putting employees into stocks.
4178,0,1,21,22,1.0454545454545454,0.046524210519923545,583,George's suggested stock options were a bust...ergo...his punishment.
4178,0,1,21,22,1.0454545454545454,0.046524210519923545,583,"No, Barry, it wasn't even technically true when you said you were 'in stocks'; technically, it's a pillory."
4178,0,1,21,22,1.0454545454545454,0.046524210519923545,583,Looks like they finally got medieval on his asset management strategy.
4178,0,1,21,22,1.0454545454545454,0.046524210519923545,583,Looks like the company stock does have some value.
4178,0,1,21,22,1.0454545454545454,0.046524210519923545,583,I hope their health plan is better than their stock options.
4178,0,1,21,22,1.0454545454545454,0.046524210519923545,583,We don't fire people anymore.
4178,0,1,21,22,1.0454545454545454,0.046524210519923545,583,We take our Yelp reviews really seriously.
4178,0,1,21,22,1.0454545454545454,0.046524210519923545,583,It's the new stocks and bonds incentive program.
4178,0,1,21,22,1.0454545454545454,0.046524210519923545,583,People aren't making as many copies nowadays so we developed a new service called Kinkosshaming.
4178,0,1,21,22,1.0454545454545454,0.046524210519923545,583,They're pretty old-school here when it comes to stockholder relationships.
4178,0,1,21,22,1.0454545454545454,0.046524210519923545,583,Have you noticed this liberates me from my cell phone dependence?
4178,0,1,21,22,1.0454545454545454,0.046524210519923545,583,It's the latest thing in stock art.
4178,0,1,21,22,1.0454545454545454,0.046524210519923545,583,The boss told Josh to invest in stocks.
4178,0,1,21,22,1.0454545454545454,0.046524210519923545,583,Failed to fulfill his self-appointed WIG (Wildly Imaginative Goals) for the second quarter.
4178,0,1,21,22,1.0454545454545454,0.046524210519923545,583,He refused a trial with Judge Gotcha.
4178,0,1,21,22,1.0454545454545454,0.046524210519923545,583,His wife chooses his tie.
4178,0,1,21,22,1.0454545454545454,0.046524210519923545,583,He wasn't here long enough for severance.
4178,0,1,21,22,1.0454545454545454,0.046524210519923545,583,his presentation didn't go well
4178,0,1,21,22,1.0454545454545454,0.046524210519923545,583,He erased a whiteboard that had 'Don't Erase' on it.
4178,0,1,21,22,1.0454545454545454,0.046524210519923545,583,yorker235er235orker235
4178,0,1,21,22,1.0454545454545454,0.046524210519923545,583,"He said, ""Women aren't interested in..."" and before he could finish his sentence--well, you know."
4178,0,1,21,22,1.0454545454545454,0.046524210519923545,583,He suggested we hire lawyers.
4178,0,1,21,22,1.0454545454545454,0.046524210519923545,583,"That's not what I thought they meant by ""stock options""..."
4178,0,1,21,22,1.0454545454545454,0.046524210519923545,583,"Yes, the tie absolutely should go inside after Labor Day."
4178,0,1,21,22,1.0454545454545454,0.046524210519923545,583,Dang! I left my tomatoes home again today.
4178,0,1,21,22,1.0454545454545454,0.046524210519923545,583,A very severe penalty for early withdrawal.
4178,0,1,21,22,1.0454545454545454,0.046524210519923545,583,"Oh look, Bob. It's the new Intern."
4178,0,1,21,22,1.0454545454545454,0.046524210519923545,583,Glad I read the sticky note on Linda's leftover lasagna...
4178,0,1,21,22,1.0454545454545454,0.046524210519923545,583,He did tell us that he was going into stocks after graduation.
4178,0,1,21,22,1.0454545454545454,0.046524210519923545,583,Stock fraud. It's an eye for an eye thing.
4178,0,1,21,22,1.0454545454545454,0.046524210519923545,583,I imagine this is the last time Frank will ask about the telework policy.
4178,0,1,21,22,1.0454545454545454,0.046524210519923545,583,"Love the retro look, Dave."
4178,0,1,21,22,1.0454545454545454,0.046524210519923545,583,The dungeon was booked.
4178,0,1,21,22,1.0454545454545454,0.046524210519923545,583,He was sending tweets at 3 am.
4178,0,1,21,22,1.0454545454545454,0.046524210519923545,583,I don't want to know what the bonds look like here.
4178,0,1,21,22,1.0454545454545454,0.046524210519923545,583,"""That'll teach him to hit 'reply all' ""."
4178,0,1,21,22,1.0454545454545454,0.046524210519923545,583,It's our new stock program.
4178,0,1,21,22,1.0454545454545454,0.046524210519923545,583,I warned him the boss hates triple spacing.
4178,0,1,21,22,1.0454545454545454,0.046524210519923545,583,He transferred from bonds to stocks
4178,0,1,21,22,1.0454545454545454,0.046524210519923545,583,I guess it was Tom who stole the sandwich from the break room fridge.
4178,0,1,21,22,1.0454545454545454,0.046524210519923545,583,Welcome aboard and try not to be like Chad. I specifically said almond milk.
4178,0,1,21,22,1.0454545454545454,0.046524210519923545,583,He wore that fake Donald J. Trump tie again
4178,0,1,21,22,1.0454545454545454,0.046524210519923545,583,"Ever since the Consumer Financial Protection Bureau eliminated the big fees, the bank has been trying to find a new way to discourage overdrafts."
4178,0,1,21,22,1.0454545454545454,0.046524210519923545,583,"He thinks he'll be getting that Presidential pardon any minute now, but I don't have the heart to tell him corporate punishments aren't eligible."
4178,0,1,21,22,1.0454545454545454,0.046524210519923545,583,Must be he's late on his mortgage.
4178,0,1,21,22,1.0454545454545454,0.046524210519923545,583,He misunderstood when management asked if he wanted to get into the company stocks
4178,0,1,21,22,1.0454545454545454,0.046524210519923545,583,He told his broker he wanted to get into more traditional stocks.
4178,0,1,21,22,1.0454545454545454,0.046524210519923545,583,Don't worry: next week we'll be moving him over from the stocks to bonds.
4178,0,1,21,22,1.0454545454545454,0.046524210519923545,583,He bet heavily on stocks.
4178,0,1,21,22,1.0454545454545454,0.046524210519923545,583,When was the last meaningful 8th amendment challenge case?
4178,0,1,21,22,1.0454545454545454,0.046524210519923545,583,Our new CEO is a Puritan.
4178,0,1,21,22,1.0454545454545454,0.046524210519923545,583,He's normally very hands on.
4178,0,1,21,22,1.0454545454545454,0.046524210519923545,583,Bonds will always outperform.
4178,0,1,21,22,1.0454545454545454,0.046524210519923545,583,You really have to be careful about what you stick your neck out for around here.
4178,0,1,21,22,1.0454545454545454,0.046524210519923545,583,We have a strict no Facebook-at-work policy.
4178,0,1,21,22,1.0454545454545454,0.046524210519923545,583,He drank the last of the lemon water.
4178,0,1,21,22,1.0454545454545454,0.046524210519923545,583,Trump found out that he did not vote for him after all
4178,0,1,21,22,1.0454545454545454,0.046524210519923545,583,"Well, he was warned not to steal any more paper clips."
4178,0,1,21,22,1.0454545454545454,0.046524210519923545,583,"You know, that's what happens when you go against the grain..."
4178,0,1,21,22,1.0454545454545454,0.046524210519923545,583,"How gauche, putting stock artwork in the lobby."
4178,0,1,21,22,1.0454545454545454,0.046524210519923545,583,"It's a bit harsh, but people are rarely late for work anymore."
4178,0,1,21,22,1.0454545454545454,0.046524210519923545,583,"The employee handbook says ""tow the line, or else.. """
4178,0,1,21,22,1.0454545454545454,0.046524210519923545,583,He must have been voted Worst Employee of the Month.
4178,0,1,21,22,1.0454545454545454,0.046524210519923545,583,Poor guy. Went to a bookstore.
4178,0,1,21,22,1.0454545454545454,0.046524210519923545,583,He's in stocks and commodities.
4178,0,1,21,22,1.0454545454545454,0.046524210519923545,583,Texting during a meeting.
4178,0,1,21,22,1.0454545454545454,0.046524210519923545,583,He was caught fat-shaming.
4178,0,1,21,22,1.0454545454545454,0.046524210519923545,583,He was given a choice - stocks or bonds.
4178,0,1,21,22,1.0454545454545454,0.046524210519923545,583,That reminds me. Stocks are going up again.
4178,0,1,21,22,1.0454545454545454,0.046524210519923545,583,My favorite is Trebuchet Thursdays.
4178,0,1,21,22,1.0454545454545454,0.046524210519923545,583,Used to be Trump's press secretary.
4178,0,1,21,22,1.0454545454545454,0.046524210519923545,583,We recognize our employees
4178,0,1,21,22,1.0454545454545454,0.046524210519923545,583,Wait until you see the bond department...
4178,0,1,21,22,1.0454545454545454,0.046524210519923545,583,There's a zero tolerance policy on pilfering office supplies.
4178,0,1,21,22,1.0454545454545454,0.046524210519923545,583,I guess he really is a stocks trader
4178,0,1,21,22,1.0454545454545454,0.046524210519923545,583,That pillory tie is a bit showy.
4178,0,1,21,22,1.0454545454545454,0.046524210519923545,583,"They call it the equities department, but it's really just stocks."
4178,0,1,21,22,1.0454545454545454,0.046524210519923545,583,He's a stand-in for Hester.
4178,0,1,21,22,1.0454545454545454,0.046524210519923545,583,It's the wisdom of the crowd
4178,0,1,21,22,1.0454545454545454,0.046524210519923545,583,I wonder if it was harassment or a dress code violation.
4178,0,1,21,22,1.0454545454545454,0.046524210519923545,583,Looks like Morty has found a new position.
4178,0,1,21,22,1.0454545454545454,0.046524210519923545,583,Take a left at the next corner.
4178,0,1,21,22,1.0454545454545454,0.046524210519923545,583,Poor guy. The angle isn't quite right; what do you think ?
4178,0,1,21,22,1.0454545454545454,0.046524210519923545,583,Apparently not an 'elite' member.
4178,0,1,21,22,1.0454545454545454,0.046524210519923545,583,It's crooked Pillory.
4178,0,1,21,22,1.0454545454545454,0.046524210519923545,583,Did they have to take a page from the Romans' playbook!
4178,0,1,21,22,1.0454545454545454,0.046524210519923545,583,This is John. He selected last week's caption finalists.
4178,0,1,21,22,1.0454545454545454,0.046524210519923545,583,He got his sentence converted to lunch hours.
4178,0,1,21,22,1.0454545454545454,0.046524210519923545,583,We recently switched to standing desks
4178,0,1,21,22,1.0454545454545454,0.046524210519923545,583,He's taking an enforced furlough.
4178,0,1,21,22,1.0454545454545454,0.046524210519923545,583,Think it's time to get into bonds?
4178,0,1,21,22,1.0454545454545454,0.046524210519923545,583,He dreamt he saw Joe Hill last night and HR found out.
4178,0,1,21,22,1.0454545454545454,0.046524210519923545,583,He brought bran muffins to the status meeting.
4178,0,1,21,22,1.0454545454545454,0.046524210519923545,583,He didn't turn in his timesheet last week.
4178,0,1,21,22,1.0454545454545454,0.046524210519923545,583,I heard he stole pens from the supply closet.
4178,0,1,21,22,1.0454545454545454,0.046524210519923545,583,Missed the July bump.
4178,0,1,21,22,1.0454545454545454,0.046524210519923545,583,Why not? It beats judicial re-training.
4178,0,1,21,22,1.0454545454545454,0.046524210519923545,583,a lot of guys start off in stocks
4178,0,1,21,22,1.0454545454545454,0.046524210519923545,583,"Yeah I told you- ever since our team bonding retreat to medieval times, he's just been really into guillotines."
4178,0,1,21,22,1.0454545454545454,0.046524210519923545,583,The fashion police got him for that awful tie .
4178,0,1,21,22,1.0454545454545454,0.046524210519923545,583,Jim's investments cost this company a bundle last month. He had his choice of punishments. He obviously chose the stocks option.
4178,0,1,21,22,1.0454545454545454,0.046524210519923545,583,Too much tweeting.
4178,0,1,21,22,1.0454545454545454,0.046524210519923545,583,He's been buying unconventional stocks lately.
4178,0,1,21,22,1.0454545454545454,0.046524210519923545,583,He has decided to stay in stocks until all is right with the bond market.
4178,0,1,21,22,1.0454545454545454,0.046524210519923545,583,That's Bill. He replied all.
4178,0,1,21,22,1.0454545454545454,0.046524210519923545,583,Looks like another shake-up in HR.
4178,0,1,21,22,1.0454545454545454,0.046524210519923545,583,He was having an affair with the adulteress from accounting..
4178,0,1,21,22,1.0454545454545454,0.046524210519923545,583,blah test 123
4178,0,1,21,22,1.0454545454545454,0.046524210519923545,583,And that's what happens when you microwave fish at the office.
4178,0,1,21,22,1.0454545454545454,0.046524210519923545,583,He shut his phone off after working hours.
4178,0,1,21,22,1.0454545454545454,0.046524210519923545,583,He claims the instructions were in Swedish.
4178,0,1,21,22,1.0454545454545454,0.046524210519923545,583,"My, my! From the corridors of power to the hall of infamy in a single, ""Thump!"""
4178,0,1,21,22,1.0454545454545454,0.046524210519923545,583,Wall Street's new stock exchange student program is too literal for my taste.
4178,0,1,21,22,1.0454545454545454,0.046524210519923545,583,He must have shorted the wrong stock.
4178,0,1,21,22,1.0454545454545454,0.046524210519923545,583,I don't know. The decorations in this condo building are drab. Just look at that ugly tie!
4178,0,1,21,22,1.0454545454545454,0.046524210519923545,583,"The first two times he replied all we understood, the third time, though..."
4178,0,1,21,22,1.0454545454545454,0.046524210519923545,583,Back to basics. I like it.
4178,0,1,21,22,1.0454545454545454,0.046524210519923545,583,Wow! And to think about this was for only an expense report error.
4178,0,1,21,22,1.0454545454545454,0.046524210519923545,583,That's what happens when you ask stupid questions.
4178,0,1,21,22,1.0454545454545454,0.046524210519923545,583,"I can't use my Yankee tickets tonight, you want them?"
4178,0,1,21,22,1.0454545454545454,0.046524210519923545,583,Another innovation from the HR team.
4178,0,1,21,22,1.0454545454545454,0.046524210519923545,583,I'm afraid trading stock is a little over his head.
4178,0,1,21,22,1.0454545454545454,0.046524210519923545,583,"They've been looking for an alternative to ""You're fired."""
4178,0,1,21,22,1.0454545454545454,0.046524210519923545,583,We streamlined HR to be cozier and approachable.
4178,0,1,21,22,1.0454545454545454,0.046524210519923545,583,This is what they meant by stock options.
4178,0,1,21,22,1.0454545454545454,0.046524210519923545,583,"The stocks for insider trading? I don't know, feels a bit on the nose."
4178,0,1,21,22,1.0454545454545454,0.046524210519923545,583,That's the tie you go with for pillory day?
4178,0,1,21,22,1.0454545454545454,0.046524210519923545,583,"""It's part of their 'Locked In Interest Program Promotion.' "" Every eeek they change the customer."
4178,0,1,21,22,1.0454545454545454,0.046524210519923545,583,I told you that someday he will be hanging on the wall of fame.
4178,0,1,21,22,1.0454545454545454,0.046524210519923545,583,And they say there's no finishing line.
4178,0,1,21,22,1.0454545454545454,0.046524210519923545,583,This company's stock plan has really gone downhill
4178,0,1,21,22,1.0454545454545454,0.046524210519923545,583,Our VP of Marketing is a big fan of the 14th Century.
4178,0,1,21,22,1.0454545454545454,0.046524210519923545,583,That's the fag who can't get the pronouns straight around here.
4178,0,1,21,22,1.0454545454545454,0.046524210519923545,583,"It's artisanal shaming. Distressed wood, antique hardware, heirloom tomatoes."
4178,0,1,21,22,1.0454545454545454,0.046524210519923545,583,It keeps him from biting his nails.
4178,0,1,21,22,1.0454545454545454,0.046524210519923545,583,Wrong tie.
4178,0,1,21,22,1.0454545454545454,0.046524210519923545,583,He got demoted to stocks and bondage.
4178,0,1,21,22,1.0454545454545454,0.046524210519923545,583,Parked the Bernice's Employee of the Month space.
4178,0,1,21,22,1.0454545454545454,0.046524210519923545,583,Apparently Williams didn't consider the consequences before telling the boos exactly what he thought of him.
4178,0,1,21,22,1.0454545454545454,0.046524210519923545,583,I think we should tell our broker that we want to buy bonds. We definitely don't want to get locked into stocks!
4178,0,1,21,22,1.0454545454545454,0.046524210519923545,583,He is our incentive to clean out the staff fridge.
4178,0,1,21,22,1.0454545454545454,0.046524210519923545,583,Our CEO is into performance art
4178,0,1,21,22,1.0454545454545454,0.046524210519923545,583,He's a Wall Street Journal feature in tomorrow's Stocks Page!
4178,0,1,21,22,1.0454545454545454,0.046524210519923545,583,Mom trusted him with the estate. Ha.
4178,0,1,21,22,1.0454545454545454,0.046524210519923545,583,Standing desks are available upon request.
4178,0,1,21,22,1.0454545454545454,0.046524210519923545,583,He must be a stock broker.
4178,0,1,21,22,1.0454545454545454,0.046524210519923545,583,new corporate discipline policy
4178,0,1,21,22,1.0454545454545454,0.046524210519923545,583,"Besides yoga and pilates, you can sign up for corporal punishment."
4178,0,1,21,22,1.0454545454545454,0.046524210519923545,583,he didn't smile when he was fired
4178,0,1,21,22,1.0454545454545454,0.046524210519923545,583,I guess the bonds desk is down the hall...
4178,0,1,21,22,1.0454545454545454,0.046524210519923545,583,He's really rocking that tie.
4178,0,1,21,22,1.0454545454545454,0.046524210519923545,583,Yeah...it's a new type of desk.
4178,0,1,21,22,1.0454545454545454,0.046524210519923545,583,HR said there would be stock options.
4178,0,1,21,22,1.0454545454545454,0.046524210519923545,583,He says he needs the barrel.
4178,0,1,21,22,1.0454545454545454,0.046524210519923545,583,He didn't do his timesheets again.
4178,0,1,21,22,1.0454545454545454,0.046524210519923545,583,It's office politics.
4178,0,1,21,22,1.0454545454545454,0.046524210519923545,583,Bob crashed the system this morning.
4178,0,1,21,22,1.0454545454545454,0.046524210519923545,583,Have you met our new CEO?
4178,0,1,21,22,1.0454545454545454,0.046524210519923545,583,I told him that he should be in bonds in this market. But would he listen?
4178,0,1,21,22,1.0454545454545454,0.046524210519923545,583,He's actually our security guard in disguise.
4178,0,1,21,22,1.0454545454545454,0.046524210519923545,583,All that just for not holding the elevator?
4178,0,1,21,22,1.0454545454545454,0.046524210519923545,583,I guess it was Smithers who got the corner office.
4178,0,1,21,22,1.0454545454545454,0.046524210519923545,583,Standard shaming practice we apply to conservatives in this town.
4178,0,1,21,22,1.0454545454545454,0.046524210519923545,583,"Yeah, he was caught in the executive bathroom."
4178,0,1,21,22,1.0454545454545454,0.046524210519923545,583,"Excuse me, is this the way to the Stock Exchange?"
4178,0,1,21,22,1.0454545454545454,0.046524210519923545,583,He parked in the president's spot.
4178,0,1,21,22,1.0454545454545454,0.046524210519923545,583,"Don't look at him- he cooks fish in the office microwave and worse, he uses speakerphone."
4178,0,1,21,22,1.0454545454545454,0.046524210519923545,583,The new standing stocks are so much healthier than using the sitting stocks all day.
4178,0,1,21,22,1.0454545454545454,0.046524210519923545,583,....heard Uber is still talking to him about the CEO thing.
4178,0,1,21,22,1.0454545454545454,0.046524210519923545,583,It's our new get acquainted initiative.
4178,0,1,21,22,1.0454545454545454,0.046524210519923545,583,He picked the wrong stocks.
4178,0,1,21,22,1.0454545454545454,0.046524210519923545,583,He made a late sale. Kinda feel bad for him.
4178,0,1,21,22,1.0454545454545454,0.046524210519923545,583,Oh yes - be sure to read page 28 of the Company Policies book very carefully.
4178,0,1,21,22,1.0454545454545454,0.046524210519923545,583,"Stocks, stocks, stocks. I told him he should diversify into bondage also."
4178,0,1,21,22,1.0454545454545454,0.046524210519923545,583,Kevin is such a company man.
4178,0,1,21,22,1.0454545454545454,0.046524210519923545,583,He invested everything in the wrong stocks.
4178,0,1,21,22,1.0454545454545454,0.046524210519923545,583,I heard he tweets too much on the job
4178,0,1,21,22,1.0454545454545454,0.046524210519923545,583,I thought he said something about updating his stock portfolio.
4178,0,1,21,22,1.0454545454545454,0.046524210519923545,583,The bonds department is one floor up.
4178,0,1,21,22,1.0454545454545454,0.046524210519923545,583,"If you're caught, the government now offers a stock option."
4178,0,1,21,22,1.0454545454545454,0.046524210519923545,583,"_""Someone really should straighten Mr Ryan's tie for him."""
4178,0,1,21,22,1.0454545454545454,0.046524210519923545,583,"Nice, tie, stock boy!"
4178,0,1,21,22,1.0454545454545454,0.046524210519923545,583,Stocks are passé - I prefer bonds.
4178,0,1,21,22,1.0454545454545454,0.046524210519923545,583,Management said to display him in the Town Public Square would be politically incorrect.
4178,0,1,21,22,1.0454545454545454,0.046524210519923545,583,Those Stein supporters can be so allegorical.
4178,0,1,21,22,1.0454545454545454,0.046524210519923545,583,Showoff Pilgrim reenactor. Built it himself.
4178,0,1,21,22,1.0454545454545454,0.046524210519923545,583,It's the only way to get ahead in this company.
4178,0,1,21,22,1.0454545454545454,0.046524210519923545,583,It's our new waiting room
4178,0,1,21,22,1.0454545454545454,0.046524210519923545,583,And this is the boss' other ex-husband.
4178,0,1,21,22,1.0454545454545454,0.046524210519923545,583,No wonder Bill is always our leading stock analyst.
4178,0,1,21,22,1.0454545454545454,0.046524210519923545,583,We borrowed this exhibit from the MOMA
4178,0,1,21,22,1.0454545454545454,0.046524210519923545,583,I thought by performance art they meant a marching band.
4178,0,1,21,22,1.0454545454545454,0.046524210519923545,583,That's Ted from our Stocks & Bondage Department.
4178,0,1,21,22,1.0454545454545454,0.046524210519923545,583,He always used to feel like he was hanging by a thread while working here...if only...
4178,0,1,21,22,1.0454545454545454,0.046524210519923545,583,The company's new Reply-All protocol is quite effective.
4178,0,1,21,22,1.0454545454545454,0.046524210519923545,583,He kept saying he wanted to move everything he had into stocks.
4178,0,1,21,22,1.0454545454545454,0.046524210519923545,583,Apparently he took the stock option.
4178,0,1,21,22,1.0454545454545454,0.046524210519923545,583,Our stock boy is dieting again.
4178,0,1,21,22,1.0454545454545454,0.046524210519923545,583,This happens when a colleague won't refrain from nonstop political talk.
4178,0,1,21,22,1.0454545454545454,0.046524210519923545,583,It's the ad department's latest idea for that tie we make which isn't selling.
4178,0,1,21,22,1.0454545454545454,0.046524210519923545,583,Look who's this month's ex-employee of the month.
4178,0,1,21,22,1.0454545454545454,0.046524210519923545,583,The artist calls it Vegan who eats office plants.
4178,0,1,21,22,1.0454545454545454,0.046524210519923545,583,He's the manager in charge of savings accounts.
4178,0,1,21,22,1.0454545454545454,0.046524210519923545,583,he asked that his interest rate be locked in.
4178,0,1,21,22,1.0454545454545454,0.046524210519923545,583,He's caught in Westworld....
4178,0,1,21,22,1.0454545454545454,0.046524210519923545,583,He sure bought those stocks at a bad time.
4178,0,1,21,22,1.0454545454545454,0.046524210519923545,583,No bonds. This is not the dark ages.
4178,0,1,21,22,1.0454545454545454,0.046524210519923545,583,He forgot to bring in his apple yesterday.
4178,0,1,21,22,1.0454545454545454,0.046524210519923545,583,Perhaps we should remove this Confederate Monument...
4178,0,1,21,22,1.0454545454545454,0.046524210519923545,583,I see Fred decided to take stock of the situation.
4178,0,1,21,22,1.0454545454545454,0.046524210519923545,583,The outside auditors have a very strict policy against wiggle room.
4178,0,1,21,22,1.0454545454545454,0.046524210519923545,583,That's the last time he'll miss his targets
4178,0,1,21,22,1.0454545454545454,0.046524210519923545,583,I think he's taking the new employee retention program a bit too far.
4178,0,1,21,22,1.0454545454545454,0.046524210519923545,583,The lesson here is to double check who you are sending the e-mail to before you hit send.
4178,0,1,21,22,1.0454545454545454,0.046524210519923545,583,They say sitting too long at your desk can kill you.
4178,0,1,21,22,1.0454545454545454,0.046524210519923545,583,"Oh, and don't take people's food from the fridge."
4178,0,1,21,22,1.0454545454545454,0.046524210519923545,583,"Oh, great, rotten tomatoes in the cafeteria again today"
4178,0,1,21,22,1.0454545454545454,0.046524210519923545,583,George forgot to bring the doughnuts and coffee again for the morning meeting.
4178,0,1,21,22,1.0454545454545454,0.046524210519923545,583,I guess he's not much of a pilgrim
4178,0,1,21,22,1.0454545454545454,0.046524210519923545,583,And you say there's no pressure on bureaucrats...
4178,0,1,21,22,1.0454545454545454,0.046524210519923545,583,The new CEO announced he was going to make the company great again--beginning with stock dividends.
4178,0,1,21,22,1.0454545454545454,0.046524210519923545,583,I see your stocks. Where are your bonds.
4178,0,1,21,22,1.0454545454545454,0.046524210519923545,583,Performance Art.
4178,0,1,21,22,1.0454545454545454,0.046524210519923545,583,He's the new face of the company.
4178,0,1,21,22,1.0454545454545454,0.046524210519923545,583,"Wow, this company really did go public."
4178,0,1,21,22,1.0454545454545454,0.046524210519923545,583,Nothing motivates the sales team like public shaming.
4178,0,1,21,22,1.0454545454545454,0.046524210519923545,583,"It's the ""Employee of the Month Award"" for masochists."
4178,0,1,21,22,1.0454545454545454,0.046524210519923545,583,That the guy busted for eating someone else's food from the fridge or the one who didn't return the bathroom key to the front desk?
4178,0,1,21,22,1.0454545454545454,0.046524210519923545,583,"I don't agree, but there should be consequences to voting for the opposition party."
4178,0,1,21,22,1.0454545454545454,0.046524210519923545,583,Looks like we're moving out of bonds into stocks.
4178,0,1,21,22,1.0454545454545454,0.046524210519923545,583,I think they took the word 'disrupt' literally.
4178,0,1,21,22,1.0454545454545454,0.046524210519923545,583,"Over here is Frank, he was caught stealing from the fridge on Tuesday."
4178,0,1,21,22,1.0454545454545454,0.046524210519923545,583,1-It's about time 2-Let's tickle his nose
4178,0,1,21,22,1.0454545454545454,0.046524210519923545,583,"I don't know Jim, this new corporate wellness program seems a little repressive to me."
4178,0,1,21,22,1.0454545454545454,0.046524210519923545,583,They've extended his probationary period.
4178,0,1,21,22,1.0454545454545454,0.046524210519923545,583,"It's just a PR gimmick! Wells Fargo employees taking turns receiving punishment, to cover up corporate mischief."
4178,0,1,21,22,1.0454545454545454,0.046524210519923545,583,The CEO did say the stock would be going up.
4178,0,1,21,22,1.0454545454545454,0.046524210519923545,583,I told him that last cartoon entry would rub management the wrong way...
4178,0,1,21,22,1.0454545454545454,0.046524210519923545,583,He was caught doodling in the margins.
4178,0,1,21,22,1.0454545454545454,0.046524210519923545,583,"He should have just paid the ""extra fees""."
4178,0,1,21,22,1.0454545454545454,0.046524210519923545,583,That's what happens when you get too invested in stocks
4178,0,1,21,22,1.0454545454545454,0.046524210519923545,583,That's just Willard from Accounting - third time this month.
4178,0,1,21,22,1.0454545454545454,0.046524210519923545,583,He forgot his briefcase.
4178,0,1,21,22,1.0454545454545454,0.046524210519923545,583,Those second chakra types are so disruptive.
4178,0,1,21,22,1.0454545454545454,0.046524210519923545,583,I think Bill will really benefit from this year's wellness retreat.
4178,0,1,21,22,1.0454545454545454,0.046524210519923545,583,"He must have got caught killing time, surfing online again..."
4178,0,1,21,22,1.0454545454545454,0.046524210519923545,583,Damn stock brokers are everywhere
4178,0,1,21,22,1.0454545454545454,0.046524210519923545,583,Millennials get the standing desks.
4178,0,1,21,22,1.0454545454545454,0.046524210519923545,583,He lost his money in stocks!
4178,0,1,21,22,1.0454545454545454,0.046524210519923545,583,I guess they don't validate here
4178,0,1,21,22,1.0454545454545454,0.046524210519923545,583,"He just got a bit too unhinged, is all."
4178,0,1,21,22,1.0454545454545454,0.046524210519923545,583,He was busted for selling stocks.
4178,0,1,21,22,1.0454545454545454,0.046524210519923545,583,He used to be in bonds.
4178,0,1,21,22,1.0454545454545454,0.046524210519923545,583,He sent an email in all caps. Then he claimed it was accidental.
4178,0,1,21,22,1.0454545454545454,0.046524210519923545,583,What's with the Walmart greeter?
4178,0,1,21,22,1.0454545454545454,0.046524210519923545,583,That's what I call progressive. They used to use a guillotine.
4178,0,1,21,22,1.0454545454545454,0.046524210519923545,583,He failed the phishing test.
4178,0,1,21,22,1.0454545454545454,0.046524210519923545,583,He came in because he was tired of always being placed on hold
4178,0,1,21,22,1.0454545454545454,0.046524210519923545,583,He's being weaned from technology overload.
4178,0,1,21,22,1.0454545454545454,0.046524210519923545,583,"After all, what are bonds without stocks."
4178,0,1,21,22,1.0454545454545454,0.046524210519923545,583,Investments intern asked for a rotation in stocks.
4178,0,1,21,22,1.0454545454545454,0.046524210519923545,583,He must want this job really bad.
4178,0,1,21,22,1.0454545454545454,0.046524210519923545,583,He was told he'd get The Pillory if he wore that tie again.
4178,0,1,21,22,1.0454545454545454,0.046524210519923545,583,It was that article criticizing Google...
4178,0,1,21,22,1.0454545454545454,0.046524210519923545,583,I’m guessing it either has something to do with flextime or buying company stock.
4178,0,1,21,22,1.0454545454545454,0.046524210519923545,583,Ugh... That's Jerry from Match.
4178,0,1,21,22,1.0454545454545454,0.046524210519923545,583,Great guy - holds a position in many top companies
4178,0,1,21,22,1.0454545454545454,0.046524210519923545,583,"Unfortunately, he's not a very good stock picker."
4178,0,1,21,22,1.0454545454545454,0.046524210519923545,583,That's the stocks trader.
4178,0,1,21,22,1.0454545454545454,0.046524210519923545,583,I'm actually glad HR brought back public shaming
4178,0,1,21,22,1.0454545454545454,0.046524210519923545,583,I heard he left the office at 5:00 every day last week.
4178,0,1,21,22,1.0454545454545454,0.046524210519923545,583,"When I told him to lock up the stock, I didn't think he would take me literally!"
4178,0,1,21,22,1.0454545454545454,0.046524210519923545,583,Every day we have to put a millennial in a timeout.
4178,0,1,21,22,1.0454545454545454,0.046524210519923545,583,"See what I mean, you don't want to be late for work here."
4178,0,1,21,22,1.0454545454545454,0.046524210519923545,583,"Well, he told me to sell his bonds and get him into stocks."
4178,0,1,21,22,1.0454545454545454,0.046524210519923545,583,"Wow. They weren't kidding when they said, ""Penalty for earlier withdrawals!"""
4178,0,1,21,22,1.0454545454545454,0.046524210519923545,583,Pillory for Hillary
4178,0,1,21,22,1.0454545454545454,0.046524210519923545,583,This company's sexual harassment policy is downright Puritanical.
4178,0,1,21,22,1.0454545454545454,0.046524210519923545,583,They're very strict on lunch break times here.
4178,0,1,21,22,1.0454545454545454,0.046524210519923545,583,"Oh, that's Edward. He is a work of art!"
4178,0,1,21,22,1.0454545454545454,0.046524210519923545,583,That's what he gets for watching porn on his work computer.
4178,0,1,21,22,1.0454545454545454,0.046524210519923545,583,He should have stuck with bonds.
4178,0,1,21,22,1.0454545454545454,0.046524210519923545,583,You don't want to steal paper clips from R&KK.
4178,0,1,21,22,1.0454545454545454,0.046524210519923545,583,He flaunted his white male privilege one too many times...
4178,0,1,21,22,1.0454545454545454,0.046524210519923545,583,It's what happens when you press Send too soon
4178,0,1,21,22,1.0454545454545454,0.046524210519923545,583,"I know, but just think if he'd made that same mistake in the White House."
4178,0,1,21,22,1.0454545454545454,0.046524210519923545,583,"By the end of this year, we hope to transition all our employees to these new standing desks."
4178,0,1,21,22,1.0454545454545454,0.046524210519923545,583,Breathing new life into something old.
4178,0,1,21,22,1.0454545454545454,0.046524210519923545,583,"When it comes to shaming, the boss is really old school."
4178,0,1,21,22,1.0454545454545454,0.046524210519923545,583,Disciplinary actions for touchie-feelie are explained in the company hand book.
4178,0,1,21,22,1.0454545454545454,0.046524210519923545,583,"Stocks are hot again, I see."
4178,0,1,21,22,1.0454545454545454,0.046524210519923545,583,"Mr. Bond is tied up in a meeting, so let's ask Mr. Stock."
4178,0,1,21,22,1.0454545454545454,0.046524210519923545,583,Anyone who leaves dirty dishes in the break room sink that many times deserves what they get.
4178,0,1,21,22,1.0454545454545454,0.046524210519923545,583,I understand he saved up enough by stealing his lunches from the break room refrigerator to to buy a new Lexus.
4178,0,1,21,22,1.0454545454545454,0.046524210519923545,583,It looks like stocks are standing up in heavy activity.
4178,0,1,21,22,1.0454545454545454,0.046524210519923545,583,That's what happens to a bureaucrat who wants to be efficient.
4178,0,1,21,22,1.0454545454545454,0.046524210519923545,583,"Look, they pilloried Clinton."
4178,0,1,21,22,1.0454545454545454,0.046524210519923545,583,It's the newest 'Stand At Work' design.
4178,0,1,21,22,1.0454545454545454,0.046524210519923545,583,I would not want to be in that stockholders position./
4178,0,1,21,22,1.0454545454545454,0.046524210519923545,583,Banks used to offer a reward for a minimum account balance.
4178,0,1,21,22,1.0454545454545454,0.046524210519923545,583,I like the Lost and Found service.
4178,0,1,21,22,1.0454545454545454,0.046524210519923545,583,Its a wandering Jew.
4178,0,1,21,22,1.0454545454545454,0.046524210519923545,583,"NYSE Department of Corrections ""Looks like the stocks are up again."" ""Someone isn't doing their job."""
4178,0,1,21,22,1.0454545454545454,0.046524210519923545,583,"Well, at least he's not facing a firing squad."""
4178,0,1,21,22,1.0454545454545454,0.046524210519923545,583,Now that is committing to a debt
4178,0,1,21,22,1.0454545454545454,0.046524210519923545,583,Customer Subscriptions is another ten flights of stairs up to your right.
4178,0,1,21,22,1.0454545454545454,0.046524210519923545,583,He sure picked the wrong day to ask the boss about stock options.
4178,0,1,21,22,1.0454545454545454,0.046524210519923545,583,I ate the boss's sandwich
4178,0,1,21,22,1.0454545454545454,0.046524210519923545,583,Guess he didn't keep up with his student loans.
4178,0,1,21,22,1.0454545454545454,0.046524210519923545,583,"That's Frank, our vice president in charge of stocks."
4178,0,1,21,22,1.0454545454545454,0.046524210519923545,583,"""Fake News"" journalist."
4178,0,1,21,22,1.0454545454545454,0.046524210519923545,583,I told him not to trade his salary for corporate stocks.
4178,0,1,21,22,1.0454545454545454,0.046524210519923545,583,It's just my Halloween costume. Trick or treat!
4178,0,1,21,22,1.0454545454545454,0.046524210519923545,583,We at Acme & Co. don't believe in the 8th Amendment.
4178,0,1,21,22,1.0454545454545454,0.046524210519923545,583,He was warned about those long lunches.
4178,0,1,21,22,1.0454545454545454,0.046524210519923545,583,Where's Dave?
4178,0,1,21,22,1.0454545454545454,0.046524210519923545,583,I see H.R. finally nabbed the fridge lunch thief.
4178,0,1,21,22,1.0454545454545454,0.046524210519923545,583,He refused to buy the office coffee
4178,0,1,21,22,1.0454545454545454,0.046524210519923545,583,I'd heard the company was investing in some new stocks.
4178,0,1,21,22,1.0454545454545454,0.046524210519923545,583,Welcome to the next business day after the sales team lost the office trivia challenge.
4178,0,1,21,22,1.0454545454545454,0.046524210519923545,583,"Well, I heard he was caught stealing yogurt from the staff lounge."
4178,0,1,21,22,1.0454545454545454,0.046524210519923545,583,Where do they sell the bonds?
4178,0,1,21,22,1.0454545454545454,0.046524210519923545,583,He pronounced GIF wrong.
4178,0,1,21,22,1.0454545454545454,0.046524210519923545,583,His stocks seem to be holding up quite well.
4178,0,1,21,22,1.0454545454545454,0.046524210519923545,583,Wasn't he just in employee of the month?
4178,0,1,21,22,1.0454545454545454,0.046524210519923545,583,"HE'S INTO STOCKS, NOT BONDS!"
4178,0,1,21,22,1.0454545454545454,0.046524210519923545,583,He's in the stock for illegal trade.
4178,0,1,21,22,1.0454545454545454,0.046524210519923545,583,He left the seat up in the unisex restroom
4178,0,1,21,22,1.0454545454545454,0.046524210519923545,583,He asked for a standing desk.
4178,0,1,21,22,1.0454545454545454,0.046524210519923545,583,"Well, he shouldn't have reheated his fish in the break room."
4178,0,1,21,22,1.0454545454545454,0.046524210519923545,583,Maybe we moved from that credit union a bit too hastily!
4178,0,1,21,22,1.0454545454545454,0.046524210519923545,583,So this is what our new millenial HR Executive came up with to boost morale?
4178,0,1,21,22,1.0454545454545454,0.046524210519923545,583,Bonds are easier to divest than stocks.
4178,0,1,21,22,1.0454545454545454,0.046524210519923545,583,He replied all to a mass email.
4178,0,1,21,22,1.0454545454545454,0.046524210519923545,583,Leftover fish in the microwave. Third violation.
4178,0,1,21,22,1.0454545454545454,0.046524210519923545,583,He took to many bathroom trips
4178,0,1,21,22,1.0454545454545454,0.046524210519923545,583,He's on Twitter restriction.
4178,0,1,21,22,1.0454545454545454,0.046524210519923545,583,"Oh, thats Headly our advertising honcho, he spent a million dollars on the Bakers Chocolate advertisement adds, he didn't catch the typo and the b became an f."""
4178,0,1,21,22,1.0454545454545454,0.046524210519923545,583,"Pay no attention, he's just looking for sympathy."
4178,0,1,21,22,1.0454545454545454,0.046524210519923545,583,Forgot your tie again?
4178,0,1,21,22,1.0454545454545454,0.046524210519923545,583,Our Human Resources Manager is so old-school.
4833,0,1,22,23,1.0434782608695652,0.044455422447438706,583,"He can't complain, he's making more than the minimum wage."
4833,0,1,22,23,1.0434782608695652,0.044455422447438706,583,"""One smart remark and here comes Title IX."
4833,0,1,22,23,1.0434782608695652,0.044455422447438706,583,He winked at Boss's wife.
4833,0,1,22,23,1.0434782608695652,0.044455422447438706,583,I hear he made a killing in bonds.
4833,0,1,22,23,1.0434782608695652,0.044455422447438706,583,I see the company stock price is down again.
4833,0,1,22,23,1.0434782608695652,0.044455422447438706,583,Somewhere out there an out of work robot is smiling.
4833,0,1,22,23,1.0434782608695652,0.044455422447438706,583,"Got caught opening numerous unauthorized accounts for our bank customers,"
4833,0,1,22,23,1.0434782608695652,0.044455422447438706,583,He was caught tweeting.
4833,0,1,22,23,1.0434782608695652,0.044455422447438706,583,"Can you grab me a sandwich, I'm stuck at work."
4833,0,1,22,23,1.0434782608695652,0.044455422447438706,583,I think they are giving us heads up on something here.
4833,0,1,22,23,1.0434782608695652,0.044455422447438706,583,He insisted on wearing pleated pants.
4833,0,1,22,23,1.0434782608695652,0.044455422447438706,583,He invests in stocks.
4833,0,1,22,23,1.0434782608695652,0.044455422447438706,583,"""Just my opinion, but I don't think the stock options are worth it""."
4833,0,1,22,23,1.0434782608695652,0.044455422447438706,583,Wall Street hasn't been the same since Trump instituted his insider trading penalties.
4833,0,1,22,23,1.0434782608695652,0.044455422447438706,583,"Say what you will about Trump, but stocks are doing great."
4833,0,1,22,23,1.0434782608695652,0.044455422447438706,583,I take it you've never worked at a holacracy before.
4833,0,1,22,23,1.0434782608695652,0.044455422447438706,583,He left his spaghetti sauce all over the microwave oven in the break room.
4833,0,1,22,23,1.0434782608695652,0.044455422447438706,583,"He does realize that fashion week is over, right?"
4833,0,1,22,23,1.0434782608695652,0.044455422447438706,583,"Refused to sign the HIPAA privacy agreement, I guess."
4833,0,1,22,23,1.0434782608695652,0.044455422447438706,583,It's only until he gets a smartphone.
4833,0,1,22,23,1.0434782608695652,0.044455422447438706,583,It appears the suits at Equifax are taking this breach pretty hard.
4833,0,1,22,23,1.0434782608695652,0.044455422447438706,583,"Didn't wash your hands after using the bathroom again, hey Larry?"
4833,0,1,22,23,1.0434782608695652,0.044455422447438706,583,He fat-shamed the Goudy Stout font.
4833,0,1,22,23,1.0434782608695652,0.044455422447438706,583,Standing desks were to mainstream for him
4833,0,1,22,23,1.0434782608695652,0.044455422447438706,583,Charlie doesn't own an iPhone.
4833,0,1,22,23,1.0434782608695652,0.044455422447438706,583,I think you are a perfect fit for our firm.
4833,0,1,22,23,1.0434782608695652,0.044455422447438706,583,"Oh, that kind of stock broker."
4833,0,1,22,23,1.0434782608695652,0.044455422447438706,583,Now that's what I call a self-executing business plan.
4833,0,1,22,23,1.0434782608695652,0.044455422447438706,583,It's the new 'employee of the month' incentive program here in Washington.
4833,0,1,22,23,1.0434782608695652,0.044455422447438706,583,He had the lowest sales last month.
4833,0,1,22,23,1.0434782608695652,0.044455422447438706,583,Guess he lost our Game of Thrones fantasy draft.
4833,0,1,22,23,1.0434782608695652,0.044455422447438706,583,"""I always wanted to work here, but I heard their Human Resources department is tough."
4833,0,1,22,23,1.0434782608695652,0.044455422447438706,583,"""I heard he took all of the recipes out of the this months magazines""."
4833,0,1,22,23,1.0434782608695652,0.044455422447438706,583,I guess they finally caught the lunch stealing bandit.
4833,0,1,22,23,1.0434782608695652,0.044455422447438706,583,For unlawful co worker knowledge.
4833,0,1,22,23,1.0434782608695652,0.044455422447438706,583,"He gives a whole new meaning to the ""stock"" market."
4833,0,1,22,23,1.0434782608695652,0.044455422447438706,583,Hope the Wite House also wasn't long-tie-friendly.
4833,0,1,22,23,1.0434782608695652,0.044455422447438706,583,For tweeting 'Hamilton' is way overrated.
4833,0,1,22,23,1.0434782608695652,0.044455422447438706,583,I'm enjoying HR's new sexual harassment policy.
4833,0,1,22,23,1.0434782608695652,0.044455422447438706,583,Harsh? Sure. But no one microwaves fish twice.
4833,0,1,22,23,1.0434782608695652,0.044455422447438706,583,"The offer said, ""Restriction apply, see store for details."""
4833,0,1,22,23,1.0434782608695652,0.044455422447438706,583,"When they said the company stock was going up, this wasn't what I had in mind"
4833,0,1,22,23,1.0434782608695652,0.044455422447438706,583,"He let his checking account balance fall below $1,000."
4833,0,1,22,23,1.0434782608695652,0.044455422447438706,583,Looks like Bill accidentally hit Reply All again.
4833,0,1,22,23,1.0434782608695652,0.044455422447438706,583,It was a Level 4 violation: Extending coffee break with prior authorization
4833,0,1,22,23,1.0434782608695652,0.044455422447438706,583,"No doubt about it, bonds are a safer pick than stocks in this environment"
4833,0,1,22,23,1.0434782608695652,0.044455422447438706,583,His neck tie is so out of fashion.
4833,0,1,22,23,1.0434782608695652,0.044455422447438706,583,So tell me again exactly what my husband did?
4833,0,1,22,23,1.0434782608695652,0.044455422447438706,583,I guess we're moving more towards stocks and bonds now...
4833,0,1,22,23,1.0434782608695652,0.044455422447438706,583,"Better than getting a pink slip, don't you think?"
4833,0,1,22,23,1.0434782608695652,0.044455422447438706,583,Our auditors are really tough!
4833,0,1,22,23,1.0434782608695652,0.044455422447438706,583,"Really, Dave? Everyone in the office already knows you're cheap."
4833,0,1,22,23,1.0434782608695652,0.044455422447438706,583,"Yea, he's taken his interest in stocks a little too far."
4833,0,1,22,23,1.0434782608695652,0.044455422447438706,583,Oh. That's Jim from the stockroom.
4833,0,1,22,23,1.0434782608695652,0.044455422447438706,583,Colonial decor is not to my liking.
4833,0,1,22,23,1.0434782608695652,0.044455422447438706,583,"""You think that's old-fashioned? We still use BlackBerrys."
4833,0,1,22,23,1.0434782608695652,0.044455422447438706,583,I told Josh that he should just go ahead and contribute to the company's B'day Cake Fund.
4833,0,1,22,23,1.0434782608695652,0.044455422447438706,583,He came in late again...
4833,0,1,22,23,1.0434782608695652,0.044455422447438706,583,Isn't this meeting 'business casual'?
4833,0,1,22,23,1.0434782608695652,0.044455422447438706,583,I see you took the stock option.
4833,0,1,22,23,1.0434782608695652,0.044455422447438706,583,Phil's mistress skipped town with the keys.
4833,0,1,22,23,1.0434782608695652,0.044455422447438706,583,"Huh, he's a man, so no scarlet A."
4833,0,1,22,23,1.0434782608695652,0.044455422447438706,583,He tried to use two years worth of sick days in one month.
4833,0,1,22,23,1.0434782608695652,0.044455422447438706,583,It's to encourage the others.
4833,0,1,22,23,1.0434782608695652,0.044455422447438706,583,He's the intern
4833,0,1,22,23,1.0434782608695652,0.044455422447438706,583,Looks like Jerry's salary negotiation didn't go well.
4833,0,1,22,23,1.0434782608695652,0.044455422447438706,583,The stock price has really hit this company hard. I remember when we used to have three of those.
4833,0,1,22,23,1.0434782608695652,0.044455422447438706,583,"Ughh, I hate getting stuck at work!"
4833,0,1,22,23,1.0434782608695652,0.044455422447438706,583,Apparently the lambada really is the forbidden dance.
4833,0,1,22,23,1.0434782608695652,0.044455422447438706,583,"Although it's technically a pillory, our stockes have gone public."
4833,0,1,22,23,1.0434782608695652,0.044455422447438706,583,He was caught wearing white after Labor Day...
4833,0,1,22,23,1.0434782608695652,0.044455422447438706,583,"Not saying he had it coming, but Reply All comes with consequences."
4833,0,1,22,23,1.0434782608695652,0.044455422447438706,583,Apt punishment for a dissident stockholder.
4833,0,1,22,23,1.0434782608695652,0.044455422447438706,583,Stocks must be down again.
4833,0,1,22,23,1.0434782608695652,0.044455422447438706,583,This is a posted Grope-free zone.
4833,0,1,22,23,1.0434782608695652,0.044455422447438706,583,At least he didn't shoot the messenger.
4833,0,1,22,23,1.0434782608695652,0.044455422447438706,583,He was hired because he is really into the stocks.
4833,0,1,22,23,1.0434782608695652,0.044455422447438706,583,"If you lose the stocks, you get the stocks."
4833,0,1,22,23,1.0434782608695652,0.044455422447438706,583,About the new copier repair service you found...
4833,0,1,22,23,1.0434782608695652,0.044455422447438706,583,What happened to the kennel?
4833,0,1,22,23,1.0434782608695652,0.044455422447438706,583,He's always gotta upstage my tie.
4833,0,1,22,23,1.0434782608695652,0.044455422447438706,583,"If you don't meet your sales goal within 90 days, you will be subject to termination."
4833,0,1,22,23,1.0434782608695652,0.044455422447438706,583,Poor Paul is stuck at the office again.
4833,0,1,22,23,1.0434782608695652,0.044455422447438706,583,Getting fired might be a better option.
4833,0,1,22,23,1.0434782608695652,0.044455422447438706,583,Looks like they finally caught the breakroom thief.
4833,0,1,22,23,1.0434782608695652,0.044455422447438706,583,It's our response to the corporate ladder.
4833,0,1,22,23,1.0434782608695652,0.044455422447438706,583,He's being pilloried for his egregious Trump tie.
4833,0,1,22,23,1.0434782608695652,0.044455422447438706,583,Poor guy. Corporate passes out the rotten eggs at 3:00.
4921,0,1,23,24,1.0416666666666667,0.04256282653793743,583,"Oh, THOSE kind of stocks and bonds."
4921,0,1,23,24,1.0416666666666667,0.04256282653793743,583,The iron lady was just too messy.
4921,0,1,23,24,1.0416666666666667,0.04256282653793743,583,He forgot his tie on friday.
4921,0,1,23,24,1.0416666666666667,0.04256282653793743,583,I'm thinking IRAs might be more our speed. I have some concerns about bonds.
4921,0,1,23,24,1.0416666666666667,0.04256282653793743,583,Just testing out the new standing desk!
4921,0,1,23,24,1.0416666666666667,0.04256282653793743,583,Employee of the month winner!
4921,0,1,23,24,1.0416666666666667,0.04256282653793743,583,We've just changed our business framework.
4921,0,1,23,24,1.0416666666666667,0.04256282653793743,583,That is the kind of stock option you don't want
4921,0,1,23,24,1.0416666666666667,0.04256282653793743,583,I see stocks are up.
4921,0,1,23,24,1.0416666666666667,0.04256282653793743,583,This new art really freaks me out.
4921,0,1,23,24,1.0416666666666667,0.04256282653793743,583,I tried to tell him that bonds were safer!
4921,0,1,23,24,1.0416666666666667,0.04256282653793743,583,He's stocks. Bonds is down the hall.
4921,0,1,23,24,1.0416666666666667,0.04256282653793743,583,"Confinement does concentrate the mind, but Human Resources is after us now."
4921,0,1,23,24,1.0416666666666667,0.04256282653793743,583,Hey look! It's your dopplegangster if you don't shape up.
4921,0,1,23,24,1.0416666666666667,0.04256282653793743,583,His tie ended two inches below his belt.
4921,0,1,23,24,1.0416666666666667,0.04256282653793743,583,"He says, ""what year is it?"" Then Laura Palmer screams and then the lights go out and that's the end. I always say this, but David Lynch really disappeared up his own ass this time."
4921,0,1,23,24,1.0416666666666667,0.04256282653793743,583,It lied about its pronouns.
4921,0,1,23,24,1.0416666666666667,0.04256282653793743,583,He should have known to keep his thoughts about the President to himself.
4921,0,1,23,24,1.0416666666666667,0.04256282653793743,583,His phone rang in a meeting.
4921,0,1,23,24,1.0416666666666667,0.04256282653793743,583,We trade in both stocks and bonds.
4921,0,1,23,24,1.0416666666666667,0.04256282653793743,583,It's a new division. Stocks and bonds.
4921,0,1,23,24,1.0416666666666667,0.04256282653793743,583,"Oh, that reminds me to check my stocks and bonds portfolio."
4921,0,1,23,24,1.0416666666666667,0.04256282653793743,583,Our new woman president runs a tight ship.
4921,0,1,23,24,1.0416666666666667,0.04256282653793743,583,These new standing desks are supposed to be great for improving your adulterousness.
4945,0,1,24,25,1.04,0.040824829046386304,583,Bob forgot to check in with the front desk.
4945,0,1,24,25,1.04,0.040824829046386304,583,Market punishment.
4945,0,1,24,25,1.04,0.040824829046386304,583,They're still a bit old fashioned
4945,0,1,24,25,1.04,0.040824829046386304,583,Ever since that meditation retreat our manager has insisted that to sell stocks we must get inside the stocks
4945,0,1,24,25,1.04,0.040824829046386304,583,"Yeah, that's what happens when you mess around with stocks."
4945,0,1,24,25,1.04,0.040824829046386304,583,personal e-mails were getting out of hand
4945,0,1,24,25,1.04,0.040824829046386304,583,"Well, he did vote for trump."
4945,0,1,24,25,1.04,0.040824829046386304,583,He refused to give up his keys when they let him go.
4945,0,1,24,25,1.04,0.040824829046386304,583,He runs the stocks counter.
4954,0,1,25,26,1.0384615384615385,0.03922322702763681,583,He should have asked for a toaster.
4954,0,1,25,26,1.0384615384615385,0.03922322702763681,583,Late expense report.
4956,0,1,27,28,1.0357142857142858,0.036369648372665396,583,Playing video games at work set in the middle ages is okay; just not winning.
4957,0,1,28,29,1.0344827586206897,0.03509312031717982,583,I'm starting to think it's not that much of an improvement over solitary confinement.
4958,0,1,29,30,1.0333333333333334,0.03390317518104052,583,I told him to sell the stocks!
4959,0,0,20,20,1.0,0.051298917604257706,583,Aren't you glad we're not on RyanAir too?
4959,0,0,18,18,1.0,0.05716619504750295,583,Pilloried On The NYCE
4959,0,0,18,18,1.0,0.05716619504750295,583,He was warned not to spoke in this place.
4959,0,0,19,19,1.0,0.05407380704358751,583,He wrote things down on paper one too many times.
4959,0,0,17,17,1.0,0.06063390625908324,583,"A personal taste of the product, helps employees develop an affinity with it."
4959,0,0,18,18,1.0,0.05716619504750295,583,He's working overtime tonight.
4959,0,0,18,18,1.0,0.05716619504750295,583,This all started with the Fancy Feast.
4959,0,0,18,18,1.0,0.05716619504750295,583,Is that the guy from Stockade Fire?
4959,0,0,17,17,1.0,0.06063390625908324,583,"Oh, that's Bob. He didn't turn in his expense reports on time."
4959,0,0,17,17,1.0,0.06063390625908324,583,I rather like this transformation from passive aggressive corporate culture to transparency.
4959,0,0,17,17,1.0,0.06063390625908324,583,And that's Art.
4959,0,0,17,17,1.0,0.06063390625908324,583,"When bonds didn't work for him, he switched to stocks."
4959,0,0,17,17,1.0,0.06063390625908324,583,He failed sex harassment prevention training
4959,0,0,18,18,1.0,0.05716619504750295,583,It was that or be whipped through the hallways.
4959,0,0,17,17,1.0,0.06063390625908324,583,The pillory is a reminder that we all must meet our monthly quotas.
4959,0,0,20,20,1.0,0.051298917604257706,583,He asked for stock shares.
4959,0,0,18,18,1.0,0.05716619504750295,583,"What, no bonus?"
4959,0,0,17,17,1.0,0.06063390625908324,583,He swiped left instead of right.
4959,0,0,17,17,1.0,0.06063390625908324,583,I guess he shouldn't have asked the boss for a promotion.
4959,0,0,17,17,1.0,0.06063390625908324,583,"I told him when he interviewed for the job that we used some archaic lie detectors. He said well I can beat those machines. I gave him a copy of our employment rules which he didn't read, he said their all the same."
4959,0,0,20,20,1.0,0.051298917604257706,583,I miss my cubicle.
4959,0,0,17,17,1.0,0.06063390625908324,583,We couldn't find an app.
4959,0,0,18,18,1.0,0.05716619504750295,583,"To be fair, he was warned about those extra long coffee breaks...."
4959,0,0,18,18,1.0,0.05716619504750295,583,Looks who's in the cat bird seat.
4959,0,0,17,17,1.0,0.06063390625908324,583,That's the guy who sent this morning's chain email
4959,0,0,18,18,1.0,0.05716619504750295,583,They say sitting is the new smoking.
4959,0,0,17,17,1.0,0.06063390625908324,583,Bad news. The stock market's up.
4959,0,0,17,17,1.0,0.06063390625908324,583,Nothing focuses the mind quite like office humiliation in the pillory.
4959,0,0,18,18,1.0,0.05716619504750295,583,He's delinquent on his mortgage.
4959,0,0,17,17,1.0,0.06063390625908324,583,He an example of 'living art' which is the new rage with millennials
4959,0,0,18,18,1.0,0.05716619504750295,583,I heard that he demanded a stock option
4959,0,0,17,17,1.0,0.06063390625908324,583,Under table games in the budget meeting. Sometimes they put the phone on the floor in front of him to watch people beating his score.
4959,0,0,17,17,1.0,0.06063390625908324,583,"I think the judge was pretty lenient on Ted's insider ""stock"" trading. Pretty ironic punishment though, don't ya think?"
4959,0,0,17,17,1.0,0.06063390625908324,583,These new 3D TVs are so realistic!
4959,0,0,18,18,1.0,0.05716619504750295,583,Ignore it. Stock market humor.
4959,0,0,17,17,1.0,0.06063390625908324,583,"What type of art do they call that today? Dunno, Hon, google it!"
4959,0,0,18,18,1.0,0.05716619504750295,583,I remember when being offered the stock option was a benefit.
4959,0,0,19,19,1.0,0.05407380704358751,583,He is just doing gym inside.
4959,0,0,17,17,1.0,0.06063390625908324,583,He was caught texting in the elevator.
4959,0,0,17,17,1.0,0.06063390625908324,583,When it said stocks and bonds I thought it meant something different
4959,0,0,18,18,1.0,0.05716619504750295,583,"Serves 'im right, damn mime."
4959,0,0,18,18,1.0,0.05716619504750295,583,Working his way up to the golden handcuffs.
4959,0,0,18,18,1.0,0.05716619504750295,583,That's the smartphone anonymous rehabilitation machine.
4959,0,0,19,19,1.0,0.05407380704358751,583,He tweeted the worst suggestion that management ever heard.
4959,0,0,18,18,1.0,0.05716619504750295,583,"He ""replied all"" to a company-wide email"
4959,0,0,18,18,1.0,0.05716619504750295,583,"Well, the executive editor said we needed a stock character in here."
4959,0,0,17,17,1.0,0.06063390625908324,583,he's responsible for the company's stocks plummeting.
4959,0,0,17,17,1.0,0.06063390625908324,583,Stock options just aren't what they used to be.
4959,0,0,17,17,1.0,0.06063390625908324,583,"'They decided he wasn't a team player when he didn't sign the Birthday card. """
4959,0,0,17,17,1.0,0.06063390625908324,583,"I think Rogers is overdoing the self-effacing act, but I like the tie."
4959,0,0,18,18,1.0,0.05716619504750295,583,"That's Joe, he was was 5 minutes late this morning - we are very keen on good timekeeping......."
4959,0,0,18,18,1.0,0.05716619504750295,583,Remember the refrigerator is gluten free.
4959,0,0,17,17,1.0,0.06063390625908324,583,Way too much starch.
4959,0,0,18,18,1.0,0.05716619504750295,583,"What a shame!...Always a necktie, even in the worst of circumstances."
4959,0,0,19,19,1.0,0.05407380704358751,583,"We're only you touring, right?!?"
4959,0,0,18,18,1.0,0.05716619504750295,583,He's so ungrateful.
4959,0,0,19,19,1.0,0.05407380704358751,583,Picked the wrong stock.
4959,0,0,18,18,1.0,0.05716619504750295,583,"Caught him drinking the wrong haf-caf cappuccino, one made without almond milk."
4959,0,0,17,17,1.0,0.06063390625908324,583,"I mean, it's company policy, no spoilers."
4959,0,0,18,18,1.0,0.05716619504750295,583,He cooked fish in the microwave.
4959,0,0,20,20,1.0,0.051298917604257706,583,It's self-loathing Friday.
4959,0,0,18,18,1.0,0.05716619504750295,583,"And here on the 47th floor, our associates specialize in stocks and bondage."
4959,0,0,17,17,1.0,0.06063390625908324,583,There are consequences for using your cell in meetings.
4959,0,0,18,18,1.0,0.05716619504750295,583,"""He represents a balanced portfolio: stocks and bonds""."
4959,0,0,18,18,1.0,0.05716619504750295,583,Maybe he'll finally learn not to reply-all to the whole company.
4959,0,0,17,17,1.0,0.06063390625908324,583,It's their entry for this year's Green Award for sustainable decor.
4959,0,0,18,18,1.0,0.05716619504750295,583,I told Ted it was a mistake to insist on stock options.
4959,0,0,18,18,1.0,0.05716619504750295,583,He shouldn't have opted for the stock options.
4959,0,0,18,18,1.0,0.05716619504750295,583,Lack of performance art
4959,0,0,17,17,1.0,0.06063390625908324,583,He is from Brussels. Welcome to the stock exchange.
4959,0,0,18,18,1.0,0.05716619504750295,583,Due to his accent he misunderstood the meaning of faux pas as your paw.
4959,0,0,17,17,1.0,0.06063390625908324,583,"HE CLAIMS TO BE A SPECIALIST IN TORTURE, AND CALLS HIMSELF AN AMERICAN ORIGINALIST."
4959,0,0,18,18,1.0,0.05716619504750295,583,"Poor guy, they still won't raise his debt ceiling."
4959,0,0,19,19,1.0,0.05407380704358751,583,He wouldn't sign Howard's Get Well card
4959,0,0,17,17,1.0,0.06063390625908324,583,sometimes I feel the lost keycard policy is a tad too strict
4959,0,0,17,17,1.0,0.06063390625908324,583,He asked for full-coverage insurance.
4959,0,0,17,17,1.0,0.06063390625908324,583,"Poor Bob, the boss is really into email etiquette."
4959,0,0,17,17,1.0,0.06063390625908324,583,He complained about our progressive discipline policy.
4959,0,0,17,17,1.0,0.06063390625908324,583,He must have changed his search engine again ......
4959,0,0,17,17,1.0,0.06063390625908324,583,I see Jenkins got tangled in his new stand-up workstation again.
4959,0,0,17,17,1.0,0.06063390625908324,583,I think the jury is still out on this feng shui.
4959,0,0,18,18,1.0,0.05716619504750295,583,"Yeah, our product works really good if you wanna endure something."
4959,0,0,17,17,1.0,0.06063390625908324,583,"His boss doesn't Twitter, so..."
4959,0,0,17,17,1.0,0.06063390625908324,583,Nice to see their stock's up.
4959,0,0,17,17,1.0,0.06063390625908324,583,I hear he voted for you-know-who.
4959,0,0,18,18,1.0,0.05716619504750295,583,"""looks like that unauthorized bank account scandal has come full circle""."
4959,0,0,18,18,1.0,0.05716619504750295,583,Maybe I'll use the husband parking next time.
4959,0,0,17,17,1.0,0.06063390625908324,583,And that's why you don't disturb me during work.
4959,0,0,18,18,1.0,0.05716619504750295,583,Intern abuse
4959,0,0,22,22,1.0,0.046524210519923545,583,Looks likes the stocks market is doing well.
4959,0,0,17,17,1.0,0.06063390625908324,583,New CEO thought Bill needed aid picking stocks.
4959,0,0,18,18,1.0,0.05716619504750295,583,Former Trump staffer....
4959,0,0,17,17,1.0,0.06063390625908324,583,They say its artisanal wood.
4959,0,0,18,18,1.0,0.05716619504750295,583,"""You look cute today, Dwight."" (Jim) ""Thanks girl."" (Dwight) -The Office"
4959,0,0,17,17,1.0,0.06063390625908324,583,Let's just say his lunch wasn't litterless.
4959,0,0,17,17,1.0,0.06063390625908324,583,I am never nominating myself for employee of the month again.
4959,0,0,18,18,1.0,0.05716619504750295,583,He forgot to put the cover sheet on his TPS reports.
4959,0,0,18,18,1.0,0.05716619504750295,583,Go right ahead; HR wants you to look.
4959,0,0,17,17,1.0,0.06063390625908324,583,"Nice guy, but he took this ""customer is always right"" thing way too seriously. He had to be made an example of."
4959,0,0,17,17,1.0,0.06063390625908324,583,Is this Trump Tower or the White House?
4959,0,0,20,20,1.0,0.051298917604257706,583,He's an example for rule breakers!!
4959,0,0,18,18,1.0,0.05716619504750295,583,I still prefer the Free-Speech Stocks to that stupid talking stick.
4959,0,0,17,17,1.0,0.06063390625908324,583,Amateurs--at least ours is linked to an anonymous account.
4959,0,0,18,18,1.0,0.05716619504750295,583,"It's the hottest digital cleansing trend in the city, you only pay $5K and you get to keep the wooden stock"
4959,0,0,17,17,1.0,0.06063390625908324,583,Its one of the remedies in his contract
4959,0,0,19,19,1.0,0.05407380704358751,583,"Katherine, this is getting a bit ridiculous"
4959,0,0,17,17,1.0,0.06063390625908324,583,"'Poor guy, it looks like he tried to escape the norm and got locked up for it.' 'Actually I just tried to leave my cell, but that works too.'"
4959,0,0,17,17,1.0,0.06063390625908324,583,That's taking bullish to a new level.
4959,0,0,17,17,1.0,0.06063390625908324,583,He blogged about our diversity program - a big mistake.
4959,0,0,18,18,1.0,0.05716619504750295,583,We've been in need of a Human Resources rep for a while now.
4959,0,0,18,18,1.0,0.05716619504750295,583,He didn't tweet the products enough.
4959,0,0,17,17,1.0,0.06063390625908324,583,THE BOSS JUST GOT BACK FROM A VACATION IN SALEM MASS.
4959,0,0,17,17,1.0,0.06063390625908324,583,Do you think he is tied up with the board?
4959,0,0,17,17,1.0,0.06063390625908324,583,He took a 61 lunch hour.
4959,0,0,23,23,1.0,0.044455422447438706,583,He came out as a conservative.
4959,0,0,18,18,1.0,0.05716619504750295,583,Is this what you meant when you suggested I diversify my portfolio into stocks?
4959,0,0,19,19,1.0,0.05407380704358751,583,I always wondered why the snack room has such a disproportionate amount of tomatoes.
4959,0,0,18,18,1.0,0.05716619504750295,583,This flipchart always seems to run out of paper
4959,0,0,18,18,1.0,0.05716619504750295,583,"That's punishment for flirting on company time. New boss says, ""I'm an Originalist."""
4959,0,0,19,19,1.0,0.05407380704358751,583,"Yeah, sorry, I got a little jealous of your ex, I thought you still loved him."
4959,0,0,17,17,1.0,0.06063390625908324,583,Jones has been transferred to stocks.
4959,0,0,19,19,1.0,0.05407380704358751,583,Late with his TPS reports again
4959,0,0,24,24,1.0,0.04256282653793743,583,"«Yeah, he couldn't keep up with all these changes, he's been shelved.»"
4959,0,0,18,18,1.0,0.05716619504750295,583,How the mighty have fallen: from stockbroker to stockjoker.
4959,0,0,18,18,1.0,0.05716619504750295,583,He's in the stocks for the stocks.....
4959,0,0,18,18,1.0,0.05716619504750295,583,He lost the legal department's winning lotto ticket.
4959,0,0,19,19,1.0,0.05407380704358751,583,"If you think the new stock options suck, wait till you see the bonds."
4959,0,0,18,18,1.0,0.05716619504750295,583,"Not only is your backseat driving annoying, it is also costing me minutes."
4959,0,0,17,17,1.0,0.06063390625908324,583,"As I told you, Frank, anyone in the call center allowing a service cancellation is severely disciplined!"
4959,0,0,18,18,1.0,0.05716619504750295,583,I heard that he was complaining about a lack of employee engagement.
4959,0,0,18,18,1.0,0.05716619504750295,583,"Just give one, more water then the other and this what happens!"
4959,0,0,17,17,1.0,0.06063390625908324,583,I think that the witch-hunt is over at least for women
4959,0,0,17,17,1.0,0.06063390625908324,583,Looks like stocks are up today!
4959,0,0,17,17,1.0,0.06063390625908324,583,"Whew, Steverino! Didn't see that coming."
4959,0,0,18,18,1.0,0.05716619504750295,583,I didn't know Beavis was a member of the Trump cabinet!
4959,0,0,18,18,1.0,0.05716619504750295,583,Stocks and bondage.
4959,0,0,21,21,1.0,0.048795003647426664,583,"Oh, that's nothing compared to what you have to go through to get your mitts on the new iPhone!"
4959,0,0,18,18,1.0,0.05716619504750295,583,Why don't we take advantage of him while he's sitting there.
4959,0,0,18,18,1.0,0.05716619504750295,583,He told the boss he didn't like his tie.
4959,0,0,18,18,1.0,0.05716619504750295,583,That's what you get when you take the last cup of office coffee and don't refill the pot!
4959,0,0,17,17,1.0,0.06063390625908324,583,He made a bad pick so they decided to punnish him.
4959,0,0,17,17,1.0,0.06063390625908324,583,"let every one take a vacation. enjoyed parties. animals. and laughter. and every one hug each other. and the food and drinks and let ""love shine"" like stars"
4959,0,0,19,19,1.0,0.05407380704358751,583,Another underdraft. Sad.
4959,0,0,18,18,1.0,0.05716619504750295,583,Looks like Smith didn't close his merger.
4959,0,0,18,18,1.0,0.05716619504750295,583,And don't let your coffee breaks run overly long.
4959,0,0,18,18,1.0,0.05716619504750295,583,Looks like the stocks are back up.
4959,0,0,18,18,1.0,0.05716619504750295,583,"Looks like they've started enforcing the new rule about starting sentences with the word ""so."""
4959,0,0,17,17,1.0,0.06063390625908324,583,"Since the world has gone green, future chieftains no longer start out in the mail room."
4959,0,0,19,19,1.0,0.05407380704358751,583,It's sort of a play on words. Blattner told the entire board they were prisoners of the stock market.
4959,0,0,19,19,1.0,0.05407380704358751,583,"Nothing is certain except death, taxes, and Jeff's April fools jokes."
4959,0,0,17,17,1.0,0.06063390625908324,583,They got rid of the tellers but brought back public shaming?
4959,0,0,18,18,1.0,0.05716619504750295,583,"He's trying out for that new tv show ""The Hand-Valets Tale""."
4959,0,0,18,18,1.0,0.05716619504750295,583,This installation is about what happens to those who don't cut costs.
4959,0,0,18,18,1.0,0.05716619504750295,583,This is nothing. Wait until you see the stockroom.
4959,0,0,18,18,1.0,0.05716619504750295,583,"Doesn't matter, Dan. No one wants Pillory Friday!"
4959,0,0,20,20,1.0,0.051298917604257706,583,Someone didn't have a credit card to hold for incidentals.
4959,0,0,17,17,1.0,0.06063390625908324,583,I didn't realize our CEO would take someone disagreeing with his ideas so seriously!
4959,0,0,17,17,1.0,0.06063390625908324,583,Have you heard the new policy for tardiness?
4959,0,0,17,17,1.0,0.06063390625908324,583,It's something his new Chief of Staff instituted
4959,0,0,18,18,1.0,0.05716619504750295,583,He was caught telling the truth.
4959,0,0,17,17,1.0,0.06063390625908324,583,What an odd necktie.
4959,0,0,18,18,1.0,0.05716619504750295,583,Intern hazing - he's waiting for the stock to split.
4959,0,0,18,18,1.0,0.05716619504750295,583,"I know, I'm also worried about we make a turn!"
4959,0,0,19,19,1.0,0.05407380704358751,583,I see Perlman got the stock option.
4959,0,0,18,18,1.0,0.05716619504750295,583,Stocks are down today!
4959,0,0,17,17,1.0,0.06063390625908324,583,Is that in the employee handbook?
4959,0,0,18,18,1.0,0.05716619504750295,583,It was either that or bondage…
4959,0,0,17,17,1.0,0.06063390625908324,583,Sexually harassed his manager.
4959,0,0,18,18,1.0,0.05716619504750295,583,3/4 inch marine ply.
4959,0,0,18,18,1.0,0.05716619504750295,583,He must have lost it when he was at the Information Desk.
4959,0,0,17,17,1.0,0.06063390625908324,583,He stayed in his office during the fire drill.
4959,0,0,17,17,1.0,0.06063390625908324,583,Title VII is so previous administrations. Higher heels and shorter hemlines...or you're next.
4959,0,0,17,17,1.0,0.06063390625908324,583,It's the new company policy for sexual harassment.
4959,0,0,18,18,1.0,0.05716619504750295,583,"Well, I heard that he's an actor, but I never knew he was this good."
4959,0,0,17,17,1.0,0.06063390625908324,583,"Oh, son. We'll let you run the company's social media page again as soon as the press dies down."
4959,0,0,17,17,1.0,0.06063390625908324,583,When is he going to figure out he can just walk out?
4959,0,0,18,18,1.0,0.05716619504750295,583,It's part of Corporates' new incentive program for meeting quotas
4959,0,0,17,17,1.0,0.06063390625908324,583,Caught bing watching Bewitched.
4959,0,0,17,17,1.0,0.06063390625908324,583,Stuck too much to the old work routine!
4959,0,0,18,18,1.0,0.05716619504750295,583,He really shouldn't have taken that stock option.
4959,0,0,19,19,1.0,0.05407380704358751,583,The irony is he voted for Pillory.
4959,0,0,18,18,1.0,0.05716619504750295,583,I see our temps are not yet out of stock.
4959,0,0,17,17,1.0,0.06063390625908324,583,Caught for 'insider trading'. Something to do with stocks!
4959,0,0,17,17,1.0,0.06063390625908324,583,"Oh, he is our stocks man."
4959,0,0,17,17,1.0,0.06063390625908324,583,He is our new lobbyist.
4959,0,0,17,17,1.0,0.06063390625908324,583,He recommended holding our stocks and the dyslexic copy room boy got confused
4959,0,0,18,18,1.0,0.05716619504750295,583,Bet that's the last time he steals office supplies
4959,0,0,17,17,1.0,0.06063390625908324,583,"It's ""Bring your transgressions to work day."""
4959,0,0,18,18,1.0,0.05716619504750295,583,'The CEO preparing for the Board Meeting.'
4959,0,0,17,17,1.0,0.06063390625908324,583,H.R. was given a mandate to change the company's culture!
4959,0,0,19,19,1.0,0.05407380704358751,583,"Oh, he's not being punished, he's being celebrated for being late."
4959,0,0,18,18,1.0,0.05716619504750295,583,We do business the old fashioned way. That's our compliance officer!
4959,0,0,18,18,1.0,0.05716619504750295,583,"Yeah, I think I'd like to stay of of stocks."
4959,0,0,17,17,1.0,0.06063390625908324,583,Is this what they meant by the indoor dunk tank.
4959,0,0,17,17,1.0,0.06063390625908324,583,It's an art piece that was constructed by Daniel Defoe in 1703.
4959,0,0,18,18,1.0,0.05716619504750295,583,"""If it's the town square, where's the village smithy?'"
4959,0,0,18,18,1.0,0.05716619504750295,583,"Well, it was the second time he reheated fish in the microwave."
4959,0,0,18,18,1.0,0.05716619504750295,583,One too many food posts on Facebook.
4959,0,0,18,18,1.0,0.05716619504750295,583,I think they are taking office art installations too far.
4959,0,0,17,17,1.0,0.06063390625908324,583,That's his wife planning to keep him in there overnight.
4959,0,0,18,18,1.0,0.05716619504750295,583,He complained about the wellness program.
4959,0,0,17,17,1.0,0.06063390625908324,583,"That's Kyle, our stocks intern."
4959,0,0,17,17,1.0,0.06063390625908324,583,Oh the Wells Fargo guy.
4959,0,0,18,18,1.0,0.05716619504750295,583,"I thought I heard him say ""stocks were up"""
4959,0,0,19,19,1.0,0.05407380704358751,583,"""He thought he was coming to vote."" -Chad McCain"
4959,0,0,17,17,1.0,0.06063390625908324,583,Don't feel too bad...we're putting you in his office.
4959,0,0,17,17,1.0,0.06063390625908324,583,He tried to leave with a hotel towel.
4959,0,0,17,17,1.0,0.06063390625908324,583,That reminds me we're out of chicken stock.
4959,0,0,17,17,1.0,0.06063390625908324,583,White guilotine.
4959,0,0,18,18,1.0,0.05716619504750295,583,"No, no he's fine. It's our standard HR strategy for expats until DACA gets ironed out by congress."
4959,0,0,18,18,1.0,0.05716619504750295,583,I thought you said these guys aren't just annuities peddlers.
4959,0,0,17,17,1.0,0.06063390625908324,583,Ugly tie.
4959,0,0,18,18,1.0,0.05716619504750295,583,It looks like Harold will offer another lame excuse for missing our dinner date.
4959,0,0,17,17,1.0,0.06063390625908324,583,I wonder what his interest rate was?
4959,0,0,17,17,1.0,0.06063390625908324,583,"Later, we going to pies at him."
4959,0,0,17,17,1.0,0.06063390625908324,583,HR just added a new piece of bad performance art.
4959,0,0,17,17,1.0,0.06063390625908324,583,He touched the painting.
4959,0,0,20,20,1.0,0.051298917604257706,583,"""Am I still eligible for the ""'Free""' upgrade?"
4959,0,0,18,18,1.0,0.05716619504750295,583,They caught him pushing all the elevator floor buttons.
4959,0,0,19,19,1.0,0.05407380704358751,583,I know it gets chilly up here.
4959,0,0,17,17,1.0,0.06063390625908324,583,Sales Projection failure.
4959,0,0,18,18,1.0,0.05716619504750295,583,He gave the wrong information three times in one day.
4959,0,0,17,17,1.0,0.06063390625908324,583,...and over there is our pun guillotine. Just stay away from office supply puns and you'll be fine.
4959,0,0,19,19,1.0,0.05407380704358751,583,He fed the birds.
4959,0,0,17,17,1.0,0.06063390625908324,583,He ordered anchovies on their delivered pizza.
4959,0,0,17,17,1.0,0.06063390625908324,583,"I know this is Wall Street......But, a stockade?"
4959,0,0,17,17,1.0,0.06063390625908324,583,"""Frank came in last for sales this month""."
4959,0,0,17,17,1.0,0.06063390625908324,583,"""Oh, that's just Metcalf...he's on loan this week from Wells as part of our quota-matching stimulus program""..."
4959,0,0,18,18,1.0,0.05716619504750295,583,Just the first warning.
4959,0,0,18,18,1.0,0.05716619504750295,583,"We recommended bonds, but he insisted."
4959,0,0,17,17,1.0,0.06063390625908324,583,He really is pushing stocks and bonds.
4959,0,0,17,17,1.0,0.06063390625908324,583,That's Fred--he used to be in Bonds.
4959,0,0,17,17,1.0,0.06063390625908324,583,Fo you think the tie is Hermes?
4959,0,0,17,17,1.0,0.06063390625908324,583,Just ousted as Hollywood Reporter for 'Rotten Tomatoes'
4959,0,0,18,18,1.0,0.05716619504750295,583,He forgot to pay his membership dues at Mar Largo Golf Club...
4959,0,0,17,17,1.0,0.06063390625908324,583,Strict rules about clean fingernails.
4959,0,0,18,18,1.0,0.05716619504750295,583,Stock trader in training.
4959,0,0,18,18,1.0,0.05716619504750295,583,"When Doug said he was in stocks, I guess I thought he was on Wall Street."
4959,0,0,17,17,1.0,0.06063390625908324,583,"He has a guilt complex"", ""The judge thought it was a good idea"", The boss thought it might raise morale"", ""Gotta follow the rules around here"", ""Wait till his wife finds out"", ""He screwed up big time but gets to keep his job"
4959,0,0,17,17,1.0,0.06063390625908324,583,He didn't opt in to paperless banking.
4959,0,0,17,17,1.0,0.06063390625908324,583,He has trouble thinking outside the stocks.
4959,0,0,17,17,1.0,0.06063390625908324,583,"There's stocks, wonder where they keep bonds?"
4959,0,0,18,18,1.0,0.05716619504750295,583,I just read humiliation is the latest in wellness.
4959,0,0,17,17,1.0,0.06063390625908324,583,He invested all of the pension funds in stocks and they're trying to teach him a lesson.
4959,0,0,17,17,1.0,0.06063390625908324,583,That's the new tie rack I was looking at.
4959,0,0,17,17,1.0,0.06063390625908324,583,Don't pay any attention. Last week he was juggling.
4959,0,0,17,17,1.0,0.06063390625908324,583,Our newest Board member.
4959,0,0,17,17,1.0,0.06063390625908324,583,Oh! I wonder if they do bonds as well!
4959,0,0,17,17,1.0,0.06063390625908324,583,You say cruelty we say performance art
4959,0,0,18,18,1.0,0.05716619504750295,583,This is exactly like my dream'
4959,0,0,17,17,1.0,0.06063390625908324,583,He is considered to be our lobbyist.
4959,0,0,17,17,1.0,0.06063390625908324,583,Burns has gotten into the stock market again.
4959,0,0,17,17,1.0,0.06063390625908324,583,Oh that's the new hire. He's going through orientation.
4959,0,0,18,18,1.0,0.05716619504750295,583,Ralph is demoted.
4959,0,0,18,18,1.0,0.05716619504750295,583,Misogyny
4959,0,0,18,18,1.0,0.05716619504750295,583,"He didn't realize that when management said, ""Think Outside the Box"" it wasn't to be taken literally."
4959,0,0,17,17,1.0,0.06063390625908324,583,Wow... Gary never wears a tie.
4959,0,0,18,18,1.0,0.05716619504750295,583,He's been 'replying all.'
4959,0,0,18,18,1.0,0.05716619504750295,583,He didn't forward the inter office chain email.
4959,0,0,17,17,1.0,0.06063390625908324,583,Bad stock advice around here is taken seriously.
4959,0,0,17,17,1.0,0.06063390625908324,583,Don't you think that the penalties for not using the company-issued standing desk are getting a bit ridiculous?
4959,0,0,17,17,1.0,0.06063390625908324,583,I don't know. I'm not terribly fond of the decor in here.
4959,0,0,17,17,1.0,0.06063390625908324,583,You shouldn't grab my lunch in the first place!
4959,0,0,17,17,1.0,0.06063390625908324,583,I warned him about using his real name on whistleblower.com.
4959,0,0,17,17,1.0,0.06063390625908324,583,He's not leaving today.
4959,0,0,18,18,1.0,0.05716619504750295,583,I don't feel too bad. The disciplinary policy was his idea.
4959,0,0,18,18,1.0,0.05716619504750295,583,One too many clapbacks.
4959,0,0,17,17,1.0,0.06063390625908324,583,They're testing out this alternative to simply firing every C-level executive who has behaved inappropriately with the other gender. The talent drain was just too great.
4959,0,0,17,17,1.0,0.06063390625908324,583,We handle harassment of co-workers internally
4959,0,0,17,17,1.0,0.06063390625908324,583,You need his PIN to unlock it.
4959,0,0,18,18,1.0,0.05716619504750295,583,"Here at Trump Towers, a tenth of our workforce spends one day in our ""Pillory for Supporting Hillary!"""
4959,0,0,18,18,1.0,0.05716619504750295,583,He's not your garden-variety.
4959,0,0,17,17,1.0,0.06063390625908324,583,Stocks and bonds just took on a whole new meaning.
4959,0,0,18,18,1.0,0.05716619504750295,583,"Good ole' Jenkins! Always the first one to come in in the morning, and the last one to go home at night."
4959,0,0,18,18,1.0,0.05716619504750295,583,"Looks like Gordon was caught using the CFO's toilet again. He's a wild cat, that Gordon."
4959,0,0,17,17,1.0,0.06063390625908324,583,Pushed all the elevator buttons.
4959,0,0,17,17,1.0,0.06063390625908324,583,He just switched his portfolio from bonds to stocks.
4959,0,0,18,18,1.0,0.05716619504750295,583,Well he didn't wash the coffee pot.
4959,0,0,18,18,1.0,0.05716619504750295,583,At least it is no longer Hillary being pilloried!
4959,0,0,17,17,1.0,0.06063390625908324,583,I didn't know the intern started this week.
4959,0,0,21,21,1.0,0.048795003647426664,583,Seafood in the office microwave again.
4959,0,0,18,18,1.0,0.05716619504750295,583,Sessions caught him tweeting.
4959,0,0,21,21,1.0,0.048795003647426664,583,Another perk. Zero tolerance for sexual harassment.
4959,0,0,17,17,1.0,0.06063390625908324,583,I'm glad our core values include freedom to say what you think.
4959,0,0,17,17,1.0,0.06063390625908324,583,"It may be old fashion, but it really cuts down on damaging leaks."
4959,0,0,17,17,1.0,0.06063390625908324,583,He used the people elevator for freight.
4959,0,0,17,17,1.0,0.06063390625908324,583,I would not recommend our stock options.
4959,0,0,17,17,1.0,0.06063390625908324,583,"By now, I would have expected people to know enough not to say ""I want to work in stocks"" during their performance review."
4959,0,0,17,17,1.0,0.06063390625908324,583,Whistle blowers can no longer be fired.
4959,0,0,17,17,1.0,0.06063390625908324,583,The corporate conduct policy can be very puritanical.
4959,0,0,18,18,1.0,0.05716619504750295,583,He's on a HMO. Hospital rooms are not covered.
4959,0,0,18,18,1.0,0.05716619504750295,583,He asked if we could wear polo shirts instead of ties.
4959,0,0,18,18,1.0,0.05716619504750295,583,"Oh yeah, you'll find the boss is a stickler for NOT parking in his spot"
4959,0,0,17,17,1.0,0.06063390625908324,583,My opinion. I don't get these stand up work stations.
4959,0,0,17,17,1.0,0.06063390625908324,583,He missed his sales quota again.
4959,0,0,18,18,1.0,0.05716619504750295,583,I hope next time he won't forget to bring the donuts
4959,0,0,17,17,1.0,0.06063390625908324,583,Eliminates absenteeism.
4959,0,0,18,18,1.0,0.05716619504750295,583,I don't know why he's always complaining. He applied for the stock boy job.
4959,0,0,18,18,1.0,0.05716619504750295,583,He's paying off his loan in stocks and bonds.
4959,0,0,17,17,1.0,0.06063390625908324,583,Jim works in stocks. You'll be in my office working in bonds.
4959,0,0,19,19,1.0,0.05407380704358751,583,Standing at pillory is much healthier than sitting in the stocks all day.
4959,0,0,17,17,1.0,0.06063390625908324,583,New Employee-of-the-Month plaque!
4959,0,0,17,17,1.0,0.06063390625908324,583,He microwaved fish for lunch yesterday.
4959,0,0,18,18,1.0,0.05716619504750295,583,His stocks are down.
4959,0,0,17,17,1.0,0.06063390625908324,583,Created fake checking accounts.
4959,0,0,17,17,1.0,0.06063390625908324,583,"Jack from accounting...he's does all our ""stockade"" trading"
4959,0,0,18,18,1.0,0.05716619504750295,583,Is this how we're marketing stock security?
4959,0,0,17,17,1.0,0.06063390625908324,583,He made insincere remarks about the Sandwich of the Day in the Luncheon Adventure Line.
4959,0,0,18,18,1.0,0.05716619504750295,583,He reheated his fish in the microwave.
4959,0,0,18,18,1.0,0.05716619504750295,583,I think we may not be in the right office for stock transactions.
4959,0,0,17,17,1.0,0.06063390625908324,583,They take laying the blame 'seriously' around here.
4959,0,0,18,18,1.0,0.05716619504750295,583,He didn't make the coffee this morning.
4959,0,0,17,17,1.0,0.06063390625908324,583,It's a new prototype we're testing.
4959,0,0,17,17,1.0,0.06063390625908324,583,For texting at work?
4959,0,0,18,18,1.0,0.05716619504750295,583,It gets messy during lunch.
4959,0,0,17,17,1.0,0.06063390625908324,583,That is only one aspect of our company's progressive gender inequality program.
4959,0,0,17,17,1.0,0.06063390625908324,583,I went to a Teller. His name was Penn!
4959,0,0,18,18,1.0,0.05716619504750295,583,Looks like he finally got his ergonomic desk.
4959,0,0,18,18,1.0,0.05716619504750295,583,Our new HR initiative promotes transparency in radical self-criticism.
4959,0,0,17,17,1.0,0.06063390625908324,583,That's the third time he neglected to re-synch his iPad to the network.
4959,0,0,17,17,1.0,0.06063390625908324,583,Pick out the stocks or be put in stocks.
4959,0,0,17,17,1.0,0.06063390625908324,583,I hear he's the new head of Human Resources ...
4959,0,0,18,18,1.0,0.05716619504750295,583,"When they said we were returning to our roots, I thought they meant getting rid of casual Friday."
4959,0,0,17,17,1.0,0.06063390625908324,583,HE's new anti-harassment policy sure has gotten tougher.
4959,0,0,17,17,1.0,0.06063390625908324,583,He should have read the fine print.
4959,0,0,18,18,1.0,0.05716619504750295,583,Just wait until they get to the bonds.
4959,0,0,17,17,1.0,0.06063390625908324,583,"It's OK. He's not an employee, he's a client. That's our Genius Bar"
4959,0,0,17,17,1.0,0.06063390625908324,583,"Sure you can win, just pump harder."
4959,0,0,17,17,1.0,0.06063390625908324,583,"I guess Mr. Henderson really does get Medical on his Ass, ahem, sistants! I heard that Mr. Henderson also got medical on his assets."
4959,0,0,18,18,1.0,0.05716619504750295,583,He's the bank's stocks broker.
4959,0,0,17,17,1.0,0.06063390625908324,583,He's our new stock analyst.
4959,0,0,17,17,1.0,0.06063390625908324,583,Maybe we should unionize.
4959,0,0,18,18,1.0,0.05716619504750295,583,"It's all the latest rage: ""Enhanced hands-off management."""
4959,0,0,17,17,1.0,0.06063390625908324,583,The Human Resources Department caught him acting presidential.
4959,0,0,18,18,1.0,0.05716619504750295,583,That is the new customer retention protocol.
4959,0,0,18,18,1.0,0.05716619504750295,583,Looks like Wilson missed his quota again.
4959,0,0,18,18,1.0,0.05716619504750295,583,Wonder where he got the tie.
4959,0,0,17,17,1.0,0.06063390625908324,583,He used white-out on his computer screen.
4959,0,0,17,17,1.0,0.06063390625908324,583,His editor accused him of having writer's block.
4959,0,0,19,19,1.0,0.05407380704358751,583,We're NEVER going to overdraw on our account again!
4959,0,0,18,18,1.0,0.05716619504750295,583,When you said stock aid I assumed you were going to help me with my portfolio!
4959,0,0,18,18,1.0,0.05716619504750295,583,Wrong tie length for DNC Headquarters
4959,0,0,17,17,1.0,0.06063390625908324,583,I hear he's the founder of this organization
4959,0,0,17,17,1.0,0.06063390625908324,583,Just because he went out and tied one on last night.
4959,0,0,18,18,1.0,0.05716619504750295,583,He needs a stocks picker.
4959,0,0,18,18,1.0,0.05716619504750295,583,He's in stocks. Who is in bonds?
4959,0,0,20,20,1.0,0.051298917604257706,583,"He took ""casual Fridays"" too far."
4959,0,0,17,17,1.0,0.06063390625908324,583,It's a form of medieval management.
4959,0,0,17,17,1.0,0.06063390625908324,583,I hear compliance training retention is up in departments using the new program.
4959,0,0,18,18,1.0,0.05716619504750295,583,"Oh, I thought you said he's 'into' stocks!"
4959,0,0,17,17,1.0,0.06063390625908324,583,These guys would be great for us--no extra weight.
4959,0,0,19,19,1.0,0.05407380704358751,583,See the ring! Probably promised to meet his wife here.
4959,0,0,17,17,1.0,0.06063390625908324,583,I heard he was caught stealing Post it Notes.
4959,0,0,17,17,1.0,0.06063390625908324,583,The new guy who really believed the suggestion about boss is 'anonymous'.
4959,0,0,17,17,1.0,0.06063390625908324,583,He's the new supervisor in Stocks and Bonds.
4959,0,0,17,17,1.0,0.06063390625908324,583,Wrong stock exchange.
4959,0,0,21,21,1.0,0.048795003647426664,583,"Bonds. I mean, duh?"
4959,0,0,19,19,1.0,0.05407380704358751,583,He's the face of our stock research
4959,0,0,18,18,1.0,0.05716619504750295,583,"That ""lean in"" thing can be tricky."
4959,0,0,17,17,1.0,0.06063390625908324,583,"No, not porn. He was watching cat videos again."
4959,0,0,18,18,1.0,0.05716619504750295,583,What a lazy wage-slave!
4959,0,0,17,17,1.0,0.06063390625908324,583,"He's in ""reply all"" timeout."
4959,0,0,17,17,1.0,0.06063390625908324,583,Great. Looks like Ted forgot the Friday donuts again.
4959,0,0,17,17,1.0,0.06063390625908324,583,'Stock-in-trade punishment for scheming stock traders!'
4959,0,0,18,18,1.0,0.05716619504750295,583,"It's the latest in standing desks - they trap you in a headlock, if you get caught sitting."
4959,0,0,18,18,1.0,0.05716619504750295,583,"A welcoming lobby, where people like to hang around."
4959,0,0,18,18,1.0,0.05716619504750295,583,Any idea what he's advertising?
4959,0,0,18,18,1.0,0.05716619504750295,583,He never did well in stocks.
4959,0,0,17,17,1.0,0.06063390625908324,583,....remind me to check our 401k allocation for stocks and bonds!
4959,0,0,17,17,1.0,0.06063390625908324,583,It's their stock photo manager.
4959,0,0,17,17,1.0,0.06063390625908324,583,Others opt for the standard lunch break.
4959,0,0,17,17,1.0,0.06063390625908324,583,H.R. has gotten very into 'Game of Thrones.'
4959,0,0,19,19,1.0,0.05407380704358751,583,"Probably punishment for failing to submit a required report on time, since we have very strict performance standards around here."
4959,0,0,18,18,1.0,0.05716619504750295,583,Stockard Manning?
4959,0,0,17,17,1.0,0.06063390625908324,583,Tried to access mne's room above his pay grade.
4959,0,0,18,18,1.0,0.05716619504750295,583,"Ah, looks like the boss is trying out a new millennial management strategy."
4959,0,0,18,18,1.0,0.05716619504750295,583,"Watching ""Game of Thrones"" on company time."
4959,0,0,18,18,1.0,0.05716619504750295,583,There are rules for chat and cut.
4959,0,0,20,20,1.0,0.051298917604257706,583,"Tough choice, public embarassment like this, or having a finger chopped off."
4959,0,0,18,18,1.0,0.05716619504750295,583,"I thought ""stocksmarket"" was just a typo."
4959,0,0,19,19,1.0,0.05407380704358751,583,"That's Arnold, one of our new acquisitions. In stocks, obviously."
4959,0,0,18,18,1.0,0.05716619504750295,583,"He got cocky about leaking the next people Trump was going to ax, but the boss went ballistic when he told The New Yorker about Jared's Harvard admissions essay!"
4959,0,0,18,18,1.0,0.05716619504750295,583,Now here’s an example of corporal art.
4959,0,0,17,17,1.0,0.06063390625908324,583,He got caught sexting with his secretary.
4959,0,0,17,17,1.0,0.06063390625908324,583,That'll teach him to eat lunch out.
4959,0,0,17,17,1.0,0.06063390625908324,583,He didn’t meet his quarterly numbers.
4959,0,0,17,17,1.0,0.06063390625908324,583,Fake handicap at the golf tournament last weekend
4959,0,0,18,18,1.0,0.05716619504750295,583,They call it the no-pain no-gain public-shame diet.
4959,0,0,17,17,1.0,0.06063390625908324,583,Stock marketing
4959,0,0,18,18,1.0,0.05716619504750295,583,"Why yes, we are a very traditional stock company."
4959,0,0,19,19,1.0,0.05407380704358751,583,That's what you get for walking while texting!
4959,0,0,18,18,1.0,0.05716619504750295,583,The media pen just wasn't doing the trick.
4959,0,0,18,18,1.0,0.05716619504750295,583,He parked in a disabled space
4959,0,0,17,17,1.0,0.06063390625908324,583,Back to the future!
4959,0,0,18,18,1.0,0.05716619504750295,583,"Looks like someone has put the ""stocks""into ""stockbroker""."
4959,0,0,18,18,1.0,0.05716619504750295,583,Poor S.O.B.? Do you know how many meetings he gets to miss!?
4959,0,0,18,18,1.0,0.05716619504750295,583,He suggested an employee stock ownership program.
4959,0,0,18,18,1.0,0.05716619504750295,583,Do you think it beneficial to have clients shown all stock options?
4959,0,0,18,18,1.0,0.05716619504750295,583,He wore a suit on dress down Friday.
4959,0,0,17,17,1.0,0.06063390625908324,583,I think I'm going to sneeze!
4959,0,0,17,17,1.0,0.06063390625908324,583,He didn't apologize for the delayed response.
4959,0,0,18,18,1.0,0.05716619504750295,583,Must be the new mortgage late fee penalty!
4959,0,0,17,17,1.0,0.06063390625908324,583,I hear he's taking stock of his life.
4959,0,0,18,18,1.0,0.05716619504750295,583,I'd say HR has a bit more work to do with the Sales Department.
4959,0,0,17,17,1.0,0.06063390625908324,583,Larry's still mostly in stocks.
4959,0,0,17,17,1.0,0.06063390625908324,583,bet he leaves a lousy review
4959,0,0,17,17,1.0,0.06063390625908324,583,"HR's latest sexual harassment policy - one verbal warning, and then that"
4959,0,0,17,17,1.0,0.06063390625908324,583,I guess that's participating in the trend to make America great again
4959,0,0,18,18,1.0,0.05716619504750295,583,Beats down-sizing.
4959,0,0,18,18,1.0,0.05716619504750295,583,"Hey babe, we need to talk about this whole long distance relationship thing."
4959,0,0,17,17,1.0,0.06063390625908324,583,He's into vintage clothing lately.
4959,0,0,17,17,1.0,0.06063390625908324,583,"and on the left, our Daily Trainee Post; today's employee bullies coworkers and shamelessly plays the victim.. he's called me-His Boss!- a 'violent narcissist loser', the asshole"
4959,0,0,18,18,1.0,0.05716619504750295,583,And the company's very hot on ergonomics
4959,0,0,18,18,1.0,0.05716619504750295,583,He missed the quarterly deadline.
4959,0,0,17,17,1.0,0.06063390625908324,583,He answered his cell phone during a meeting
4959,0,0,18,18,1.0,0.05716619504750295,583,So the rumor is true; they did hire pardoned Sheriff Joe Arpaio.
4959,0,0,18,18,1.0,0.05716619504750295,583,He kept going on about exposure.
4959,0,0,18,18,1.0,0.05716619504750295,583,HR's treatment for compulsive office hour tweeting.
4959,0,0,18,18,1.0,0.05716619504750295,583,It's our new equivalency program. Giving bad stock advice gets you a week in the stocks.
4959,0,0,19,19,1.0,0.05407380704358751,583,Executive offices aren't quite the perk they used to be
4959,0,0,17,17,1.0,0.06063390625908324,583,"And that's Bill, he's in finance. Oh and I should mention we believe in corporal punishment around here. Also, there's no paid paternity leave."
4959,0,0,17,17,1.0,0.06063390625908324,583,Don't mind him he is the office chiropractor.
4959,0,0,20,20,1.0,0.051298917604257706,583,The new anti-tardiness policy goes too far!
4959,0,0,17,17,1.0,0.06063390625908324,583,Bad credit score.
4959,0,0,18,18,1.0,0.05716619504750295,583,Looks like Bill's stock options went South!
4959,0,0,18,18,1.0,0.05716619504750295,583,"Yes, it's part of the new open office design- helps with creativity"
4959,0,0,18,18,1.0,0.05716619504750295,583,So I guess they really meant no more standing desk orders
4959,0,0,17,17,1.0,0.06063390625908324,583,"Wow, HR sure is getting harsh"
4959,0,0,17,17,1.0,0.06063390625908324,583,Yep....another one who didn't make his numbers for the month.
4959,0,0,17,17,1.0,0.06063390625908324,583,Stocks are down today!
4959,0,0,17,17,1.0,0.06063390625908324,583,Corporate is busy axing everyone else
4959,0,0,17,17,1.0,0.06063390625908324,583,The new CEO is an ex-hedge fund guy. Homie's gonna find out that doesn't play in the high tech world.
4959,0,0,18,18,1.0,0.05716619504750295,583,They told him he was being fitted.
4959,0,0,17,17,1.0,0.06063390625908324,583,Corporate thinks this helps us take stock of ourselves.
4959,0,0,17,17,1.0,0.06063390625908324,583,"-""Yet another victim of the stock exchange."" -""What a shame."""
4959,0,0,20,20,1.0,0.051298917604257706,583,"What happened to him?"" ""His stocks didn't go up."
4959,0,0,18,18,1.0,0.05716619504750295,583,The poor devil stole Sweeney Todd's identity by mistake.
4959,0,0,18,18,1.0,0.05716619504750295,583,"In reception, they take stock ownership a bit more literally."
4959,0,0,17,17,1.0,0.06063390625908324,583,I guess Jerry didn't see it coming. If he had known he wouldn't bothered with the necktie.
4959,0,0,20,20,1.0,0.051298917604257706,583,I always knew Ed dabbled with stocks and bonds on the side.
4959,0,0,18,18,1.0,0.05716619504750295,583,"""We'll be careful not to spend a head off our budget"" Joyce C. Grimm, Pittsburgh, PA"
4959,0,0,19,19,1.0,0.05407380704358751,583,"He invested in the stock, not the stock market."
4959,0,0,17,17,1.0,0.06063390625908324,583,I think that he is over-exposed in the company stock.
4959,0,0,19,19,1.0,0.05407380704358751,583,That is SO much more civilized than the disemboweling they used to get when the sales department didn't meet their quota.
4959,0,0,19,19,1.0,0.05407380704358751,583,Is that an FDA approved treatment?
4959,0,0,19,19,1.0,0.05407380704358751,583,They hired a new fitness trainer to help with sitting disease.
4959,0,0,17,17,1.0,0.06063390625908324,583,"Some days are diamonds, some days are stone"
4959,0,0,19,19,1.0,0.05407380704358751,583,The people in this office live and die by the stocks.
4959,0,0,18,18,1.0,0.05716619504750295,583,It's the company's new program to help employees quit smoking!
4959,0,0,17,17,1.0,0.06063390625908324,583,"We should get one for the bedroom, Mike. Don't you think?"
4959,0,0,17,17,1.0,0.06063390625908324,583,Lesson learned. Don't marry the CEO.
4959,0,0,18,18,1.0,0.05716619504750295,583,He parked in the Employee of the Month parking and he doesn't even work here.
4959,0,0,19,19,1.0,0.05407380704358751,583,He asked to have a foozball table installed.
4959,0,0,17,17,1.0,0.06063390625908324,583,"It's in the handbook, pillory for the pilferers."
4959,0,0,19,19,1.0,0.05407380704358751,583,I guess the board approved the new lock up period
4959,0,0,17,17,1.0,0.06063390625908324,583,He threw his towels on the floor.
4959,0,0,18,18,1.0,0.05716619504750295,583,"Yeah, an anti-Trump e-mail on the ""secure"" server."
4959,0,0,17,17,1.0,0.06063390625908324,583,Big downside to picking the wrong stocks.
4959,0,0,18,18,1.0,0.05716619504750295,583,"...this is human resources....oh, and don't ever do anything, uh impolitic, in the elevator."
4959,0,0,19,19,1.0,0.05407380704358751,583,I heard Creative took over Corporate Humiliation.
4959,0,0,17,17,1.0,0.06063390625908324,583,Did I mention our zero-tolerance policy?
4959,0,0,18,18,1.0,0.05716619504750295,583,"""You keep your tie,I applied for it""."
4959,0,0,17,17,1.0,0.06063390625908324,583,If only he could trade that stock
4959,0,0,18,18,1.0,0.05716619504750295,583,And that's the new manager of performance art
4959,0,0,17,17,1.0,0.06063390625908324,583,"Apparently he forgot to give the governor a ""Harumph!"""
4959,0,0,17,17,1.0,0.06063390625908324,583,That guy has so many hang ups.
4959,0,0,17,17,1.0,0.06063390625908324,583,I am so jealous! He has one of the best offices!
4959,0,0,18,18,1.0,0.05716619504750295,583,Doing the boardwalk.
4959,0,0,17,17,1.0,0.06063390625908324,583,That's what you get when you use up all the printer paper.
4959,0,0,18,18,1.0,0.05716619504750295,583,He forgot it was his turn to bring in coffee.
4959,0,0,18,18,1.0,0.05716619504750295,583,Looks like Ted went with the stocks option.
4959,0,0,18,18,1.0,0.05716619504750295,583,He invested in the wrong stock
4959,0,0,20,20,1.0,0.051298917604257706,583,Somehow I think Harry could do better . . .
4959,0,0,19,19,1.0,0.05407380704358751,583,"Oh, Harry? Gosh, we don't know. Just glad it isn't us!"
4959,0,0,17,17,1.0,0.06063390625908324,583,The bond market has them too.
4959,0,0,17,17,1.0,0.06063390625908324,583,He's got all of his 401k in stocks.
4959,0,0,17,17,1.0,0.06063390625908324,583,'The company's dress code policy is no long ties'
4959,0,0,17,17,1.0,0.06063390625908324,583,"Squeezed the Juicero packets by hand, poor bastard."
4959,0,0,17,17,1.0,0.06063390625908324,583,Looks like they put Steve in charge of the bulletin board.
4959,0,0,18,18,1.0,0.05716619504750295,583,Looks like Bob lost another account
4959,0,0,21,21,1.0,0.048795003647426664,583,"In the old days hitting ""reply all"" usually meant the gallows."
4959,0,0,18,18,1.0,0.05716619504750295,583,Didn't meet his sales quota .
4959,0,0,17,17,1.0,0.06063390625908324,583,Steal someone's lunch here and you pay the price.
4959,0,0,17,17,1.0,0.06063390625908324,583,he's investing in stocks
4959,0,0,17,17,1.0,0.06063390625908324,583,Expense account abuse has dropped off a cliff since we started making examples out of them.
4959,0,0,17,17,1.0,0.06063390625908324,583,Looks like the new samples have arrived.
4959,0,0,18,18,1.0,0.05716619504750295,583,You're supposed to post a selfie with Rick to Instagram and hashtag it with #weknowstocks.
4959,0,0,17,17,1.0,0.06063390625908324,583,He should have gotten out while his Puritan Stock was up.
4959,0,0,18,18,1.0,0.05716619504750295,583,He will do anything for a favorable social media status.
4959,0,0,17,17,1.0,0.06063390625908324,583,Our CEO is leading a campaign to wipe out witchcraft within the company.
4959,0,0,17,17,1.0,0.06063390625908324,583,He's stockholder
4959,0,0,18,18,1.0,0.05716619504750295,583,Welcome to the Williamsburg office.
4959,0,0,17,17,1.0,0.06063390625908324,583,He must deal in stocks and bonds.
4959,0,0,18,18,1.0,0.05716619504750295,583,It's for criticizing our Do No Evil policy.
4959,0,0,17,17,1.0,0.06063390625908324,583,"He stole a Laptop, two Toner Cartridges, and three Sheep."
4959,0,0,18,18,1.0,0.05716619504750295,583,I heard that Bob was just transferred here from Bonds.
4959,0,0,18,18,1.0,0.05716619504750295,583,What kind of brokerage did you say this was?
4959,0,0,18,18,1.0,0.05716619504750295,583,Didn't contribute to United Way.
4959,0,0,17,17,1.0,0.06063390625908324,583,"It could be worse, the company has a strict policy against over using office supplies."
4959,0,0,19,19,1.0,0.05407380704358751,583,"Yeah, apparently he hit 'reply all' one too many times."
4959,0,0,17,17,1.0,0.06063390625908324,583,Looks like King John got ahold of the 'New Patient Forms' again...
4959,0,0,18,18,1.0,0.05716619504750295,583,"""He dared to jump thr elevator line!""Brizedem31@gmail.com"
4959,0,0,17,17,1.0,0.06063390625908324,583,He's the reporter who wrote fake news
4959,0,0,17,17,1.0,0.06063390625908324,583,"Time to rebalance;the portfolio,its way overweight in stocks."
4959,0,0,18,18,1.0,0.05716619504750295,583,Is that one of that an Andy Warhol ?
4959,0,0,18,18,1.0,0.05716619504750295,583,He forgot a deadline. Twice.
4959,0,0,17,17,1.0,0.06063390625908324,583,Aren't you glad you left Wells Fargo?
4959,0,0,17,17,1.0,0.06063390625908324,583,The new management trainees have it so easy now.
4959,0,0,19,19,1.0,0.05407380704358751,583,He was fired by lock-stock- and barrel.
4959,0,0,17,17,1.0,0.06063390625908324,583,"At least his glasses are clean, and his tie is straight and narrow."
4959,0,0,18,18,1.0,0.05716619504750295,583,He forgot the cover for his TPS report.
4959,0,0,17,17,1.0,0.06063390625908324,583,I'm glad I never got into stocks.
4959,0,0,17,17,1.0,0.06063390625908324,583,"It's the new sales incentive program"""
4959,0,0,18,18,1.0,0.05716619504750295,583,Looks like our stock is up today.
4959,0,0,17,17,1.0,0.06063390625908324,583,Never disparage the boss online.
4959,0,0,17,17,1.0,0.06063390625908324,583,"""New corporate retention initiative""?"
4959,0,0,17,17,1.0,0.06063390625908324,583,His investment in stocks didn't turn out well at all.
4959,0,0,18,18,1.0,0.05716619504750295,583,One copy left in stock.
4959,0,0,18,18,1.0,0.05716619504750295,583,"This is the 'Hillary Pillory' public art installation on loan from the lobby of the Trump Tower, now showcasing Henry Kissinger."
4959,0,0,19,19,1.0,0.05407380704358751,583,I heard Johnson got pilloried just because his tie was too long.
4959,0,0,18,18,1.0,0.05716619504750295,583,"Stop eating our lunches, Dave."
4959,0,0,17,17,1.0,0.06063390625908324,583,That's our latest avant guard 3-D art.
4959,0,0,17,17,1.0,0.06063390625908324,583,"Oh, don't worry, we'll straighten it out. The boss is a descriptivist and head of security is a prescriptivist."
4959,0,0,17,17,1.0,0.06063390625908324,583,"In retrospect ""golden handcuffs"" doesn't sound so bad."
4959,0,0,18,18,1.0,0.05716619504750295,583,"""He's the latest to lose his job at the White House!"
4959,0,0,17,17,1.0,0.06063390625908324,583,"Eeeesh...someone didn't get the, ""Don't heat up fish in the microwave!"" memo"
4959,0,0,17,17,1.0,0.06063390625908324,583,He trades in stocks.
4959,0,0,22,22,1.0,0.046524210519923545,583,His wife is a member of the D.A.R.
4959,0,0,17,17,1.0,0.06063390625908324,583,HE GOT CAUGHT SMOKING IN THE BATHROOM!
4959,0,0,17,17,1.0,0.06063390625908324,583,Now let's take that test drive.
4959,0,0,17,17,1.0,0.06063390625908324,583,Hello there! Welcome to the capitalist marketplace! How may we help you today?
4959,0,0,17,17,1.0,0.06063390625908324,583,"It's driving us crazy, we can't figure out what he did wrong."
4959,0,0,17,17,1.0,0.06063390625908324,583,The stock option isn't what it used to be.
4959,0,0,18,18,1.0,0.05716619504750295,583,The company calls it Bad Performance Art.
4959,0,0,17,17,1.0,0.06063390625908324,583,Gotta admire a company that still practices pillory!
4959,0,0,19,19,1.0,0.05407380704358751,583,It looks like the stock market is doing well.
4959,0,0,17,17,1.0,0.06063390625908324,583,I guess he chose the stock option
4959,0,0,17,17,1.0,0.06063390625908324,583,"... not so bad. If you lose an account, now that's when they really put the screws to you."
4959,0,0,18,18,1.0,0.05716619504750295,583,He calls it the anti-fidget spinner.
4959,0,0,18,18,1.0,0.05716619504750295,583,We should stop hazing the new guy. It's bad for our lobby's fengshui.
4959,0,0,19,19,1.0,0.05407380704358751,583,Now that is an offensive statue.
4959,0,0,18,18,1.0,0.05716619504750295,583,In our Academi all independent contractors are bonded and insured.
4959,0,0,18,18,1.0,0.05716619504750295,583,That's what happens when you send work related group texts on Sunday mornings.
4959,0,0,17,17,1.0,0.06063390625908324,583,Harvey was caught cheating on his expense report.
4959,0,0,17,17,1.0,0.06063390625908324,583,He spoke truth to power.
4959,0,0,17,17,1.0,0.06063390625908324,583,"That's Jack, our token old-timer."
4959,0,0,18,18,1.0,0.05716619504750295,583,He is our inside the box thinker.
4959,0,0,17,17,1.0,0.06063390625908324,583,On his first day he demanded company stock. So I gave it to him.
4959,0,0,22,22,1.0,0.046524210519923545,583,I heard he wasn't paying attention to the company's stock.
4959,0,0,17,17,1.0,0.06063390625908324,583,"Better a pillory than a guillotine, I suppose."
4959,0,0,18,18,1.0,0.05716619504750295,583,I see Harvey is bullish on stocks.
4959,0,0,18,18,1.0,0.05716619504750295,583,He refuses to stand up while working.
4959,0,0,18,18,1.0,0.05716619504750295,583,He violated our sexual harassment policy and we want to keep his hands where we can see them.
4959,0,0,18,18,1.0,0.05716619504750295,583,I heard about this. It's their new safety deposit box.
4959,0,0,19,19,1.0,0.05407380704358751,583,And over there is the stocks and bonds department...
4959,0,0,18,18,1.0,0.05716619504750295,583,They’re the root of this display; they need to get rid of middle management instead of telling them sales are down but just hang in there.
4959,0,0,18,18,1.0,0.05716619504750295,583,The boss has tried almost everything to boost Phil's monthly sales quotas.
4959,0,0,17,17,1.0,0.06063390625908324,583,"This your first visit to Trump Tower then ,it's the loyalty waiting area."
4959,0,0,18,18,1.0,0.05716619504750295,583,I'd hate to see the bonds department.
4959,0,0,18,18,1.0,0.05716619504750295,583,I heard more people were getting into stocks.
4959,0,0,17,17,1.0,0.06063390625908324,583,See what happens if you don't pledge absolute loyalty?
4959,0,0,17,17,1.0,0.06063390625908324,583,Re-training. He's just come back from Wall Street.
4959,0,0,17,17,1.0,0.06063390625908324,583,Mondays amirite
4959,0,0,18,18,1.0,0.05716619504750295,583,He microwaved fish in the break room again
4959,0,0,18,18,1.0,0.05716619504750295,583,Another whistleblower.
4959,0,0,18,18,1.0,0.05716619504750295,583,That's what happens when you microwave leftover fish in the office break room!
4959,0,0,17,17,1.0,0.06063390625908324,583,It's 'Take Your Pillory to Work' day.
4959,0,0,17,17,1.0,0.06063390625908324,583,Just don't show up late for work and you'll be fine.
4959,0,0,18,18,1.0,0.05716619504750295,583,Looks like Bob missed quota again.
4959,0,0,17,17,1.0,0.06063390625908324,583,He called the CEO a old medieval relic
4959,0,0,17,17,1.0,0.06063390625908324,583,New stock option.
4959,0,0,17,17,1.0,0.06063390625908324,583,He's literally being punished for misselling stocks
4959,0,0,19,19,1.0,0.05407380704358751,583,SURE IT'S EMBARRASSING BUT WHAT REALLY HURTS IS THE CANCELLATION OF STOCK OPTIONS!
4959,0,0,19,19,1.0,0.05407380704358751,583,Their employee recognition program leaves a lot to be desired.
4959,0,0,19,19,1.0,0.05407380704358751,583,This is how she's punishing him for telling his boss she has a ice rack!'
4959,0,0,17,17,1.0,0.06063390625908324,583,It is an improvement on sticks in vases.
4959,0,0,19,19,1.0,0.05407380704358751,583,I guess the stock is down.
4959,0,0,18,18,1.0,0.05716619504750295,583,Remind me again how this is better than 2 separate bikes!
4959,0,0,18,18,1.0,0.05716619504750295,583,I heard he leaked.
4959,0,0,18,18,1.0,0.05716619504750295,583,That's Harold. He's the only employee who voted for Trump AND hasn't said sorry yet.
4959,0,0,17,17,1.0,0.06063390625908324,583,He really should diversify.
4959,0,0,17,17,1.0,0.06063390625908324,583,Just don't talk politics in the workplace.
4959,0,0,18,18,1.0,0.05716619504750295,583,"The boss never likes to use the words, ""You're fired."""
4959,0,0,17,17,1.0,0.06063390625908324,583,He told his financial advisor he wanted to get into stocks.
4959,0,0,17,17,1.0,0.06063390625908324,583,He's our new internee.
4959,0,0,17,17,1.0,0.06063390625908324,583,"If this internship works out, he could get a full-time gig in the dungeon."
4959,0,0,17,17,1.0,0.06063390625908324,583,It’s a non-GAAP punishment.
4959,0,0,17,17,1.0,0.06063390625908324,583,"Look Dear,THEY caught the FAKE NEWS REPORTER.."
4959,0,0,18,18,1.0,0.05716619504750295,583,I would have chosen plan B
4959,0,0,18,18,1.0,0.05716619504750295,583,Human Resources has really changed
4959,0,0,17,17,1.0,0.06063390625908324,583,He got too casual on Casual Friday.
4959,0,0,18,18,1.0,0.05716619504750295,583,He refuses to preface every comment with 'look.'
4959,0,0,17,17,1.0,0.06063390625908324,583,I told Fred he'd better label his lunch in the refrigerator.
4959,0,0,18,18,1.0,0.05716619504750295,583,Looks like the stocks are down today.
4959,0,0,18,18,1.0,0.05716619504750295,583,I see there's a new opening in Accounting.
4959,0,0,17,17,1.0,0.06063390625908324,583,Standing desks are all the rage.
4959,0,0,18,18,1.0,0.05716619504750295,583,"Next time, just send an email instead of setting up a meeting."
4959,0,0,18,18,1.0,0.05716619504750295,583,They are calling it medieval art revisited.
4959,0,0,17,17,1.0,0.06063390625908324,583,Finally some good news. The company stocks are up.
4959,0,0,18,18,1.0,0.05716619504750295,583,"For some reason, Jim didn't come into the office today, so I raided his candy jar."
4959,0,0,18,18,1.0,0.05716619504750295,583,He outsold the boss.
4959,0,0,17,17,1.0,0.06063390625908324,583,I guess sending debt collectors after you isn't enough!
4959,0,0,17,17,1.0,0.06063390625908324,583,Another damned stockbroker
4959,0,0,19,19,1.0,0.05407380704358751,583,One of our Creative Directors uses old school punishment for typos.
4959,0,0,17,17,1.0,0.06063390625908324,583,Over there is our stock photo department.
4959,0,0,17,17,1.0,0.06063390625908324,583,Our long distance relationship just isn't going to work.
4959,0,0,17,17,1.0,0.06063390625908324,583,"Have you seen our new motivational device? We haven't told HR about it yet, but we think they're just going to love it."
4959,0,0,19,19,1.0,0.05407380704358751,583,His project came in way over budget.
4959,0,0,18,18,1.0,0.05716619504750295,583,He tripped on the stairs and ruined our perfect safety record.
4959,0,0,18,18,1.0,0.05716619504750295,583,Save yourself. Read his Performance Improvement Policy.
4959,0,0,18,18,1.0,0.05716619504750295,583,Looks like the stock is down.
4959,0,0,18,18,1.0,0.05716619504750295,583,He put stock in waterboarding bonds but they sank like a stone on a hung jury or were swept away in a tide of social justice - I forget witch.
4959,0,0,17,17,1.0,0.06063390625908324,583,"Oh, that? We've got a new HR director."
4959,0,0,19,19,1.0,0.05407380704358751,583,I'm a bonds man myself.
4959,0,0,17,17,1.0,0.06063390625908324,583,"Welcome to ""Medieval Devices R Us"""
4959,0,0,18,18,1.0,0.05716619504750295,583,"Apropos for an unethical stockbroker, wouldn't you say?"
4959,0,0,17,17,1.0,0.06063390625908324,583,one more thing...You don't want to park in the CEO's space
4959,0,0,18,18,1.0,0.05716619504750295,583,Looks like stocks are on the rise again.
4959,0,0,17,17,1.0,0.06063390625908324,583,"""Dead""lines are in name only now."
4959,0,0,17,17,1.0,0.06063390625908324,583,Pilloried for his extra-long neckties.
4959,0,0,18,18,1.0,0.05716619504750295,583,They're really getting serious about returning the keys to the mens' room.
4959,0,0,18,18,1.0,0.05716619504750295,583,He reneged his turn to buy coffee.
4959,0,0,18,18,1.0,0.05716619504750295,583,I think it was something negative about gender rights.
4959,0,0,17,17,1.0,0.06063390625908324,583,No one beats our company's stock options
4959,0,0,17,17,1.0,0.06063390625908324,583,Wanna head out of here?
4959,0,0,18,18,1.0,0.05716619504750295,583,He thought it was casual Friday.
4959,0,0,18,18,1.0,0.05716619504750295,583,He was only late once!
4959,0,0,18,18,1.0,0.05716619504750295,583,I liked it better when they stuck to potted plants.
4959,0,0,17,17,1.0,0.06063390625908324,583,I see our stock is up.
4959,0,0,17,17,1.0,0.06063390625908324,583,"It gives new meaning around the office to ""in stock."""
4959,0,0,17,17,1.0,0.06063390625908324,583,That ought to teach him now he doesn't have a choice but to be on time.
4959,0,0,18,18,1.0,0.05716619504750295,583,Remind me to change my default response to Reply instead of Reply All
4959,0,0,17,17,1.0,0.06063390625908324,583,His broker suggested he get into traditional stocks.
4959,0,0,17,17,1.0,0.06063390625908324,583,I may reconsider our stock option plan after all.
4959,0,0,18,18,1.0,0.05716619504750295,583,I thought you said this company no longer permits hazing of new recruits.
4959,0,0,17,17,1.0,0.06063390625908324,583,I guess it's better than a literal backlash.
4959,0,0,17,17,1.0,0.06063390625908324,583,Catchy tie promotion.
4959,0,0,18,18,1.0,0.05716619504750295,583,He said something inappropriate.
4959,0,0,17,17,1.0,0.06063390625908324,583,I see George's department failed to make its sales quota again.
4959,0,0,17,17,1.0,0.06063390625908324,583,"I hear this is how the company is handling the sexual harassment cases these days, guess this guy was a grabber."
4959,0,0,18,18,1.0,0.05716619504750295,583,So this is the new Stock Aid? Very interesting internship!
4959,0,0,19,19,1.0,0.05407380704358751,583,When did they move the stockroom?
4959,0,0,18,18,1.0,0.05716619504750295,583,Forgot to pay his loan
4959,0,0,18,18,1.0,0.05716619504750295,583,"And one final item before we complete our first day orientation, please remember that the first parking space next to the entrance is reserved for our CEO."
4959,0,0,17,17,1.0,0.06063390625908324,583,Are you sure this is where you want to spend the weekend?
4959,0,0,17,17,1.0,0.06063390625908324,583,Caught fudging his sales figures. Happens all the time when they set obviously inflated goals for themselves.
4959,0,0,17,17,1.0,0.06063390625908324,583,Tom's yogurt was clearly labeled.
4959,0,0,17,17,1.0,0.06063390625908324,583,Have you seen his KPIs this quarter?
4959,0,0,18,18,1.0,0.05716619504750295,583,I bet he's sorry he didn't sign in with reception.
4959,0,0,19,19,1.0,0.05407380704358751,583,"Oh, that's Bob. He forgot to fill out his time sheet last week."
4959,0,0,18,18,1.0,0.05716619504750295,583,"Well, that's one category of stocks and bonds I hadn't considered."
4959,0,0,17,17,1.0,0.06063390625908324,583,Look at the loonitic who thinks he will get work done by just standing.
4959,0,0,18,18,1.0,0.05716619504750295,583,"You make a mistake here, you get pilloried."
4959,0,0,17,17,1.0,0.06063390625908324,583,This is why I'm in bonds.
4959,0,0,17,17,1.0,0.06063390625908324,583,My mom needs hip surgery
4959,0,0,17,17,1.0,0.06063390625908324,583,"Appropriately, we discipline here with either stocks or bonds."
4959,0,0,18,18,1.0,0.05716619504750295,583,He couldn't keep his mouth shut after he downloaded unreleased episodes of Game of Thrones.
4959,0,0,19,19,1.0,0.05407380704358751,583,It's a new form of meditation!
4959,0,0,17,17,1.0,0.06063390625908324,583,Why did they make him wear a tie.
4959,0,0,17,17,1.0,0.06063390625908324,583,Management has really taken matters in their own hands now.
4959,0,0,17,17,1.0,0.06063390625908324,583,He actually asked the doctor a question.
4959,0,0,17,17,1.0,0.06063390625908324,583,I see what they meant by “Buy Now While Stocks Last”
4959,0,0,18,18,1.0,0.05716619504750295,583,"We offer health insurance, paid vacations, and for some of our employees, stock options."
4959,0,0,17,17,1.0,0.06063390625908324,583,"You DO have a briefcase, don't you?"
4959,0,0,17,17,1.0,0.06063390625908324,583,Well I heard he used up the last of the water and didn't replace the water cooler jug.
4959,0,0,17,17,1.0,0.06063390625908324,583,Our back to basics educational materials are always tested before being released.
4959,0,0,18,18,1.0,0.05716619504750295,583,That's Arnold. He left his cubicle without permission.
4959,0,0,17,17,1.0,0.06063390625908324,583,He used to be the CEO.
4959,0,0,17,17,1.0,0.06063390625908324,583,"""No, It wasn't his decision!""."
4959,0,0,18,18,1.0,0.05716619504750295,583,"So, ""on deck"" is filled."
4959,0,0,18,18,1.0,0.05716619504750295,583,Finnegan is demonstrating a new work station for our DACA employees.
4959,0,0,17,17,1.0,0.06063390625908324,583,Only the boss can wear a tie that long.
4959,0,0,17,17,1.0,0.06063390625908324,583,He's just out of bandwidth.
4959,0,0,19,19,1.0,0.05407380704358751,583,This office runs on good old fashioned discipline.
4959,0,0,17,17,1.0,0.06063390625908324,583,"He's a martyr, wants Men to be allowed into the Ladies wc's."
4959,0,0,18,18,1.0,0.05716619504750295,583,He's hoping this stock rises...
4959,0,0,17,17,1.0,0.06063390625908324,583,Perhaps they cut taxes here too.
4959,0,0,17,17,1.0,0.06063390625908324,583,That's John from accounting. He must have really screwed up this time.
4959,0,0,17,17,1.0,0.06063390625908324,583,His broker recommended going long in stocks
4959,0,0,18,18,1.0,0.05716619504750295,583,Under the fireplace.
4959,0,0,17,17,1.0,0.06063390625908324,583,"Does he get a spanking, too, for not turning in his time sheet?"
4959,0,0,17,17,1.0,0.06063390625908324,583,"No, he's not being punished. He has an internship."
4959,0,0,17,17,1.0,0.06063390625908324,583,"Well, I would throw my tomato at him, but then my sandwich is just bread, meat, and cheese..."
4959,0,0,17,17,1.0,0.06063390625908324,583,"'Trump promised sticks would go up"""
4959,0,0,17,17,1.0,0.06063390625908324,583,He thought that he was signing up for a Hillary experience.
4959,0,0,18,18,1.0,0.05716619504750295,583,"He told a customer, ""It's not in stock"", rather than ""we'll send that right out to you""."
4959,0,0,18,18,1.0,0.05716619504750295,583,Let's remember to leave the bottle of water out of the briefcases next time...
4959,0,0,18,18,1.0,0.05716619504750295,583,It was a Level 4 violation: Extending coffee break with prior authorization
4959,0,0,17,17,1.0,0.06063390625908324,583,"Wallace, here, expressed some doubts about the Mission Statement."" or ""Hey! Jenkins! Look alive!"", or ""Staff have enormous flexibility in how they spend their free time"
4959,0,0,18,18,1.0,0.05716619504750295,583,That's Uncle George. His wife warned him about touching ladies.
4959,0,0,17,17,1.0,0.06063390625908324,583,This is the retro department.
4959,0,0,17,17,1.0,0.06063390625908324,583,He told me in worked in stocks.
4959,0,0,18,18,1.0,0.05716619504750295,583,"And be forewarned, we call those the ""twitter stocks."""
4959,0,0,18,18,1.0,0.05716619504750295,583,"When you call his office his secretary tells you ""He is indisposed at the moment."""
4959,0,0,24,24,1.0,0.04256282653793743,583,Sometimes you enter a place that makes you think twice of why you even brought your wife.
4959,0,0,17,17,1.0,0.06063390625908324,583,Getting rid of Kalanick didn't do it but much less sexual harassment here at Uber since we installed that puppy.
4959,0,0,18,18,1.0,0.05716619504750295,583,Even our best fund managers sometimes pick the wrong stock.
4959,0,0,17,17,1.0,0.06063390625908324,583,I would rather pick up trash along the freeway.
4959,0,0,18,18,1.0,0.05716619504750295,583,"""It's the latest trend in corporate performance improvement"". "" It's called 'The Comey'."
4959,0,0,17,17,1.0,0.06063390625908324,583,"That reminds me, I'm making soup for dinner and I need to pick up some chicken stock."
4959,0,0,17,17,1.0,0.06063390625908324,583,My guess is that it was one too many pilfered pens.
4959,0,0,17,17,1.0,0.06063390625908324,583,We take kiting seriously these days Ms. Jones. It's all in the disclosure documents.
4959,0,0,17,17,1.0,0.06063390625908324,583,Just be sure to read your early retirement package fine print.
4959,0,0,18,18,1.0,0.05716619504750295,583,He was trying to get ahead.
4959,0,0,17,17,1.0,0.06063390625908324,583,"Oh, he was micro-aggressive."
4959,0,0,17,17,1.0,0.06063390625908324,583,I told you we could bond more by doing more activities together hunny...did you hear that hunny...hear what?
4959,0,0,17,17,1.0,0.06063390625908324,583,It's for people who don't have Facebook for trolls.
4959,0,0,18,18,1.0,0.05716619504750295,583,He voted for Bernie Sanders
4959,0,0,17,17,1.0,0.06063390625908324,583,Brown-noser!
4959,0,0,19,19,1.0,0.05407380704358751,583,"Poor Roger, he must have gotten caught accessing the internet again."
4959,0,0,18,18,1.0,0.05716619504750295,583,S&M represents a huge market opportunity.
4959,0,0,18,18,1.0,0.05716619504750295,583,He opted out of overdraft protection.
4959,0,0,18,18,1.0,0.05716619504750295,583,There may be some lingering resentment.
4959,0,0,17,17,1.0,0.06063390625908324,583,"""Looks like James Damore's still in trouble""."
4959,0,0,17,17,1.0,0.06063390625908324,583,I for sure thought someone in Woodstock would have more groovy clothes on.
4959,0,0,18,18,1.0,0.05716619504750295,583,It's the latest in motivational art
4959,0,0,18,18,1.0,0.05716619504750295,583,It's just a temporary restraining order against plagiarism.
4959,0,0,21,21,1.0,0.048795003647426664,583,Don't forget to save money on your car insurance
4959,0,0,17,17,1.0,0.06063390625908324,583,I am not so sure about the company's new stocks option
4959,0,0,18,18,1.0,0.05716619504750295,583,He asked for a pay rise
4959,0,0,19,19,1.0,0.05407380704358751,583,He forgot his lunch money.
4959,0,0,18,18,1.0,0.05716619504750295,583,"Oh no, I learned my lesson, I won't give out stocks tips anymore."
4959,0,0,17,17,1.0,0.06063390625908324,583,His stocks went down.
4959,0,0,18,18,1.0,0.05716619504750295,583,Day trading just wasn't his thing.
4959,0,0,17,17,1.0,0.06063390625908324,583,I guess you can tell I'm in stocks.
4959,0,0,18,18,1.0,0.05716619504750295,583,"Oh yeah, we frown down on taking what isn't yours from the break room fridge."
4959,0,0,17,17,1.0,0.06063390625908324,583,I think their ready to execute the CEO of this company!
4959,0,0,18,18,1.0,0.05716619504750295,583,He admitted using the last Kuerig pod.
4959,0,0,17,17,1.0,0.06063390625908324,583,He must be a board member.
4959,0,0,17,17,1.0,0.06063390625908324,583,I'd say he invested in the wrong stocks.
4959,0,0,17,17,1.0,0.06063390625908324,583,Cleaning the swamp? That's just the tip of the iceberg!
4959,0,0,17,17,1.0,0.06063390625908324,583,He did not do well on the team building exercise.
4959,0,0,18,18,1.0,0.05716619504750295,583,Don't ever tell the boss he's wrong.
4959,0,0,18,18,1.0,0.05716619504750295,583,Dan forgot his ID again.
4959,0,0,17,17,1.0,0.06063390625908324,583,That's not how I imagined the Stock Exchange.
4959,0,0,17,17,1.0,0.06063390625908324,583,So that's why our broker is called a stock broker.
4959,0,0,18,18,1.0,0.05716619504750295,583,He couldn't finish his project on time.
4959,0,0,17,17,1.0,0.06063390625908324,583,"Honey, isn't that your Snapchat buddy?"
4959,0,0,18,18,1.0,0.05716619504750295,583,He implied the news wasn't fake!
4959,0,0,17,17,1.0,0.06063390625908324,583,That's our new vice president in charge of stock aid.
4959,0,0,18,18,1.0,0.05716619504750295,583,I don't think the suggestion locks will work any better than the box did.
4959,0,0,18,18,1.0,0.05716619504750295,583,I just love 18th century decor!
4959,0,0,17,17,1.0,0.06063390625908324,583,That's what happens when the stocks go down.
4959,0,0,17,17,1.0,0.06063390625908324,583,It's a startup that features historically informed public shaming.
4959,0,0,17,17,1.0,0.06063390625908324,583,The Senior Partners take golf seriously. .
4959,0,0,17,17,1.0,0.06063390625908324,583,and I thought my year end review went poorly.
4959,0,0,18,18,1.0,0.05716619504750295,583,He was expecting something else when he signed up for free stocks.
4959,0,0,18,18,1.0,0.05716619504750295,583,"Oh, I thought the lobby was named for the Stockade family."
4959,0,0,18,18,1.0,0.05716619504750295,583,Employee of the month perks certainly aren't what they used to be.
4959,0,0,17,17,1.0,0.06063390625908324,583,He bought the wrong stock.
4959,0,0,18,18,1.0,0.05716619504750295,583,Stock management seems to be at an all-time low.
4959,0,0,18,18,1.0,0.05716619504750295,583,"Yeah, that's Damon Atrix. He's a little much."
4959,0,0,17,17,1.0,0.06063390625908324,583,I didn't expect to see performance art here.
4959,0,0,17,17,1.0,0.06063390625908324,583,That’s our staff stock scheme.
4959,0,0,18,18,1.0,0.05716619504750295,583,He came in last place for the company fantasy football league.
4959,0,0,17,17,1.0,0.06063390625908324,583,At least they didn't turn him into an office plant.
4959,0,0,19,19,1.0,0.05407380704358751,583,I'm sure glad I didn't take the employee stock option
4959,0,0,17,17,1.0,0.06063390625908324,583,I heard Hank stole someones lunch from the employees fridge!!
4959,0,0,17,17,1.0,0.06063390625908324,583,why is that man staring at me?
4959,0,0,18,18,1.0,0.05716619504750295,583,He stole the office supplies again.
4959,0,0,17,17,1.0,0.06063390625908324,583,Our stock analysts are very thorough.
4959,0,0,17,17,1.0,0.06063390625908324,583,He's a stocksbroker.
4959,0,0,17,17,1.0,0.06063390625908324,583,Management says Employee of the Month was not getting results.
4959,0,0,17,17,1.0,0.06063390625908324,583,That's a little much showing you prefer equities vs bonds
4959,0,0,17,17,1.0,0.06063390625908324,583,"""It's a new yoga pose for lunchtime meditation!'"
4959,0,0,17,17,1.0,0.06063390625908324,583,Don’t do it. It’s a 'mortcage'.
4959,0,0,17,17,1.0,0.06063390625908324,583,I see our stocks are up.
4959,0,0,17,17,1.0,0.06063390625908324,583,Don't mind him. He's been taking all the coffee.
4959,0,0,18,18,1.0,0.05716619504750295,583,"That's the new guy, here on a stock exchange"
4959,0,0,17,17,1.0,0.06063390625908324,583,"Next time, I'd better get a ""harrumph"" from you, too, fellow!"
4959,0,0,18,18,1.0,0.05716619504750295,583,"Margaret, for heaven's sake, get hold of yourself. How many times do you think they're going to let you enter a fake code !"
4959,0,0,18,18,1.0,0.05716619504750295,583,It's a stock expression
4959,0,0,18,18,1.0,0.05716619504750295,583,He showed no restraint on using company time to play on the internet. So we put him in a computer playing restraint.
4959,0,0,18,18,1.0,0.05716619504750295,583,He's hoping to win the prize in the Halloween contest.
4959,0,0,21,21,1.0,0.048795003647426664,583,It's 'mind over chatter.'
4959,0,0,17,17,1.0,0.06063390625908324,583,"If that's their stock, how bad are their bonds?"
4959,0,0,18,18,1.0,0.05716619504750295,583,He's exercising his options.
4959,0,0,17,17,1.0,0.06063390625908324,583,...and on top of that they made him wear that tie!
4959,0,0,20,20,1.0,0.051298917604257706,583,There's another employee who used the elevator!
4959,0,0,18,18,1.0,0.05716619504750295,583,He made it for his new stand-up desk.
4959,0,0,20,20,1.0,0.051298917604257706,583,He refused to do casual Friday!
4959,0,0,17,17,1.0,0.06063390625908324,583,First day on the job?
4959,0,0,17,17,1.0,0.06063390625908324,583,He started taking liberties with casual friday.
4959,0,0,18,18,1.0,0.05716619504750295,583,This is entry level !
4959,0,0,18,18,1.0,0.05716619504750295,583,"Standing desks were optional, right?"
4959,0,0,17,17,1.0,0.06063390625908324,583,He misunderstood our stock options app.
4959,0,0,18,18,1.0,0.05716619504750295,583,His tie was too long.
4959,0,0,17,17,1.0,0.06063390625908324,583,He's an actor corporate's employing to keep us on our toes.
4959,0,0,18,18,1.0,0.05716619504750295,583,Remind me not to buy his stock.
4959,0,0,18,18,1.0,0.05716619504750295,583,We better go before he pees himself.
4959,0,0,18,18,1.0,0.05716619504750295,583,I told him to evaluate stocks...
4959,0,0,17,17,1.0,0.06063390625908324,583,He's our new bondsman.
4959,0,0,18,18,1.0,0.05716619504750295,583,"I guess Mike hit ""reply all"" one too many times."
4959,0,0,18,18,1.0,0.05716619504750295,583,How do you like your Pillory Doughboy now?
4959,0,0,18,18,1.0,0.05716619504750295,583,Joe is into stocks since the market dipped.
4959,0,0,17,17,1.0,0.06063390625908324,583,Yes he took too many tea breaks.
4959,0,0,17,17,1.0,0.06063390625908324,583,It's performance art symbolizing office anxieties.
4959,0,0,17,17,1.0,0.06063390625908324,583,A strictly enforced separation agreement has done wonders for employee retention.
4959,0,0,17,17,1.0,0.06063390625908324,583,"He took everything, lock stock and barrel. We're still looking for the barrel."
4959,0,0,17,17,1.0,0.06063390625908324,583,"The new HR Director is into ""old school"" sensitivity training."
4959,0,0,18,18,1.0,0.05716619504750295,583,Our co-op takes noise complaints seriously.
4959,0,0,17,17,1.0,0.06063390625908324,583,The Boss really went medieval on him
4959,0,0,19,19,1.0,0.05407380704358751,583,He picked the wrong Lottery numbers.
4959,0,0,17,17,1.0,0.06063390625908324,583,"I get using human signs for carwashes, and supermarket openings, but I question it's use as an ad for stock brokers."
4959,0,0,17,17,1.0,0.06063390625908324,583,I am on a self-imposed Internet Strike
4959,0,0,17,17,1.0,0.06063390625908324,583,"It's a sculpture of a meme to recall that we once had products, and, stockboys."
4959,0,0,17,17,1.0,0.06063390625908324,583,The first year in this place is torture.
4959,0,0,17,17,1.0,0.06063390625908324,583,She noticed.
4959,0,0,18,18,1.0,0.05716619504750295,583,He replied all
4959,0,0,18,18,1.0,0.05716619504750295,583,"Good morning, Deborah. How are the kids?"
4959,0,0,17,17,1.0,0.06063390625908324,583,I'm looking for a position in the stock market. Not the stockade.
4959,0,0,17,17,1.0,0.06063390625908324,583,Glad we stuck with profit sharing.
4959,0,0,17,17,1.0,0.06063390625908324,583,Looks like stocks are down.
4959,0,0,17,17,1.0,0.06063390625908324,583,OSHA permits only organic rotting fruit and vegetables—too expensive to waste on an intern.
4959,0,0,17,17,1.0,0.06063390625908324,583,He tried to leave early.
4959,0,0,18,18,1.0,0.05716619504750295,583,Looks like he lost a lot on the stockade market.
4959,0,0,18,18,1.0,0.05716619504750295,583,Just be glad we don't work in the guillotine market.
4959,0,0,18,18,1.0,0.05716619504750295,583,That'll teach 'em for not being late to executive boomwhackers.
4959,0,0,22,22,1.0,0.046524210519923545,583,We had to bring back the gallows to make an example of those who hit 'Reply All'.
4959,0,0,18,18,1.0,0.05716619504750295,583,Lingering by the water cooler is stealing from the company. Time is money. Ted learned that the hard way.
4959,0,0,18,18,1.0,0.05716619504750295,583,It seems he had no stock options.
4959,0,0,22,22,1.0,0.046524210519923545,583,So that's the head of the company?
4959,0,0,17,17,1.0,0.06063390625908324,583,"Well, the prospectus does warn about the firm's exposure in stocks."
4959,0,0,17,17,1.0,0.06063390625908324,583,"Yeah, they're really serious about getting your expense reports in on time."
4959,0,0,18,18,1.0,0.05716619504750295,583,His tie was made in China.
4959,0,0,18,18,1.0,0.05716619504750295,583,"His out of office message was set to ""reply all."""
4959,0,0,17,17,1.0,0.06063390625908324,583,Looks like he invested in the wrong stocks.
4959,0,0,17,17,1.0,0.06063390625908324,583,Looks like stocks are down again.
4959,0,0,19,19,1.0,0.05407380704358751,583,He was late for his appointment.
4959,0,0,18,18,1.0,0.05716619504750295,583,Reality TV.
4959,0,0,17,17,1.0,0.06063390625908324,583,He asked too often for the key to the men's room.
4959,0,0,17,17,1.0,0.06063390625908324,583,Not until he learns how to smile.
4959,0,0,18,18,1.0,0.05716619504750295,583,That's Jensen in Stocks.
4959,0,0,17,17,1.0,0.06063390625908324,583,Looks like Ed was late for work again
4959,0,0,17,17,1.0,0.06063390625908324,583,Diversity training
4959,0,0,18,18,1.0,0.05716619504750295,583,"Poor soul, his department lost money for the company."
4959,0,0,19,19,1.0,0.05407380704358751,583,Our clients allocated him from stocks and bonds to stocks and pillories
4959,0,0,19,19,1.0,0.05407380704358751,583,"""it's his punishment for screwing up the Goldberg contract""."
4959,0,0,18,18,1.0,0.05716619504750295,583,Standing desks are all the rage these days.
4959,0,0,18,18,1.0,0.05716619504750295,583,These new lobby decor really is a shame.
4959,0,0,18,18,1.0,0.05716619504750295,583,"Forget it, Jake. It's Salem Town."
4959,0,0,17,17,1.0,0.06063390625908324,583,The phrase stock expert just doesn’t mean what it used to
4959,0,0,17,17,1.0,0.06063390625908324,583,"Oh, and they're really big on refilling the coffee pot here."
4959,0,0,19,19,1.0,0.05407380704358751,583,And over there is Bill who blew his last chance for corporate glory here.
4959,0,0,17,17,1.0,0.06063390625908324,583,I heard he had stocks in the company.
4959,0,0,17,17,1.0,0.06063390625908324,583,I voted for Bernie.
4959,0,0,18,18,1.0,0.05716619504750295,583,His stocks went down.
4959,0,0,17,17,1.0,0.06063390625908324,583,'Get my draft?
4959,0,0,18,18,1.0,0.05716619504750295,583,Our divorce lawyers rarely loose a case.
4959,0,0,18,18,1.0,0.05716619504750295,583,He accidentally hit 'Reply All.'
4959,0,0,17,17,1.0,0.06063390625908324,583,They get fired anyway.
4959,0,0,18,18,1.0,0.05716619504750295,583,He's been in there since Casual Friday.
4959,0,0,17,17,1.0,0.06063390625908324,583,I’m so glad I’m not in stocks.
4959,0,0,17,17,1.0,0.06063390625908324,583,Not a wise investment during these volatile times.
4959,0,0,18,18,1.0,0.05716619504750295,583,He friended the CEO’s daughter.
4959,0,0,17,17,1.0,0.06063390625908324,583,I told him to stick to bonds
4959,0,0,17,17,1.0,0.06063390625908324,583,I've worked here 15 years and they never offered me stocks.
4959,0,0,18,18,1.0,0.05716619504750295,583,Poor Larry. They caught him shorting the boss.
4959,0,0,17,17,1.0,0.06063390625908324,583,Looks like Jerry is protesting the cafeteria selections again.
4959,0,0,17,17,1.0,0.06063390625908324,583,"You can try it if you would like, its self operated and cheaper compared to gull-lo-tine."
4959,0,0,18,18,1.0,0.05716619504750295,583,Didn't make his monthly sales quota again
4959,0,0,18,18,1.0,0.05716619504750295,583,He must've taken vacation.
4959,0,0,17,17,1.0,0.06063390625908324,583,That tie is hideous with his choice in stocks.
4959,0,0,18,18,1.0,0.05716619504750295,583,His stock tip tanked.
4959,0,0,17,17,1.0,0.06063390625908324,583,"When they said they dealt in stocks and bonds, I thought they meant something else."
4959,0,0,17,17,1.0,0.06063390625908324,583,It's the required adapter to be able to use the new iPhone
4959,0,0,18,18,1.0,0.05716619504750295,583,He's a stocksbroker.
4959,0,0,17,17,1.0,0.06063390625908324,583,I told him not to work in stocks
4959,0,0,17,17,1.0,0.06063390625908324,583,He took investing in stocks a bit too literally.
4959,0,0,18,18,1.0,0.05716619504750295,583,"Contest 582 caption ""I'll let you know when I get there"""
4959,0,0,17,17,1.0,0.06063390625908324,583,"I want to support Jason's Kickstarter, but I just don't think the Pillory Stand-Up Desk looks comfortable."
4959,0,0,17,17,1.0,0.06063390625908324,583,So? HR burned half OUR IT department at the stake.
4959,0,0,17,17,1.0,0.06063390625908324,583,He ordered the wrong pizza?
4959,0,0,17,17,1.0,0.06063390625908324,583,Most companies have stocks - we have pillories.
4959,0,0,18,18,1.0,0.05716619504750295,583,I liked the old overdraft protection.
4959,0,0,17,17,1.0,0.06063390625908324,583,"This is corporate salavery, go get back to work !!"
4959,0,0,17,17,1.0,0.06063390625908324,583,"Gilbert, our manager is shy."
4959,0,0,18,18,1.0,0.05716619504750295,583,I'm glad he's a loyal employee.
4959,0,0,18,18,1.0,0.05716619504750295,583,"Came for the sunsets, stayed for the white guilt."
4959,0,0,18,18,1.0,0.05716619504750295,583,Our stock options are fantastic.
4959,0,0,17,17,1.0,0.06063390625908324,583,"Apparently, the boss didn't like his suggestion for a Wall Street charity called Stock Aid."
4959,0,0,21,21,1.0,0.048795003647426664,583,That'll teach him for putting decaf in the regular coffee pot
4959,0,0,18,18,1.0,0.05716619504750295,583,I feel like this new job is gonna put me in somewhat of a headlock
4959,0,0,18,18,1.0,0.05716619504750295,583,Management is going back to old school methods.
4959,0,0,17,17,1.0,0.06063390625908324,583,Ed recently moved his portfolio from stocks to pillory.
4959,0,0,17,17,1.0,0.06063390625908324,583,"That's George, he put tuna in the microwave again."
4959,0,0,17,17,1.0,0.06063390625908324,583,It's all about stocks and bonds here.
4959,0,0,17,17,1.0,0.06063390625908324,583,"By the way, whatever happened to bow ties?"
4959,0,0,18,18,1.0,0.05716619504750295,583,Annual bonus cancelled. No promotions or raises for five years. All because he messed up an email address and insulted the VP of employee morale.
4959,0,0,17,17,1.0,0.06063390625908324,583,That broker has been trying to divest himself of those stocks for the last week.
4959,0,0,17,17,1.0,0.06063390625908324,583,"I can't remember whether it was for his making that market-tanking transaction, or for not making that market-tanking transaction."
4959,0,0,18,18,1.0,0.05716619504750295,583,He took the stock option
4959,0,0,17,17,1.0,0.06063390625908324,583,The SEC is going into its old playbook about stocks.
4959,0,0,19,19,1.0,0.05407380704358751,583,They are real sticklers about watering your plants.
4959,0,0,20,20,1.0,0.051298917604257706,583,Let's just say that George's annual review did not go as well as hoped!
4959,0,0,17,17,1.0,0.06063390625908324,583,They caught him bundling one of the interns.
4959,0,0,18,18,1.0,0.05716619504750295,583,"No laughing matter, dear. Investigating has become a punishing occupation."
4959,0,0,18,18,1.0,0.05716619504750295,583,"If you yank on his tie, he sing ""Take me out to the ball game"""
4959,0,0,17,17,1.0,0.06063390625908324,583,He over-invested in stocks.
4959,0,0,17,17,1.0,0.06063390625908324,583,This company is old school.
4959,0,0,18,18,1.0,0.05716619504750295,583,Bobby was stealing lunches from the break room fridge.
4959,0,0,18,18,1.0,0.05716619504750295,583,You'll note that I removed the tip jar.
4959,0,0,17,17,1.0,0.06063390625908324,583,I warned Chuck about playing video games on company time.
4959,0,0,18,18,1.0,0.05716619504750295,583,I hear the pillory hampers the pain of a desk job
4959,0,0,17,17,1.0,0.06063390625908324,583,The company's trying to boost morale.
4959,0,0,18,18,1.0,0.05716619504750295,583,Medicine just never be punitive.
4959,0,0,18,18,1.0,0.05716619504750295,583,I told you not to wear that tie.
4959,0,0,18,18,1.0,0.05716619504750295,583,We have a myriad of stock options available to shareholders.
4959,0,0,17,17,1.0,0.06063390625908324,583,I told him not to ask for that raise.
4959,0,0,17,17,1.0,0.06063390625908324,583,He must have asked for a raise.
4959,0,0,18,18,1.0,0.05716619504750295,583,You should see how they punish under-performance in the bonds department.
4959,0,0,18,18,1.0,0.05716619504750295,583,Madofff got off easier.
4959,0,0,18,18,1.0,0.05716619504750295,583,Looks like stocks are going up.
4959,0,0,18,18,1.0,0.05716619504750295,583,I heard it increases productivity.
4959,0,0,17,17,1.0,0.06063390625908324,583,He didn't say 'may I?'
4959,0,0,17,17,1.0,0.06063390625908324,583,"You heard correctly. The company DOES, in fact, have a very tortuous route for new employees to advance."
4959,0,0,17,17,1.0,0.06063390625908324,583,"""Rumor has it he called the boss 'Cindi' in an email""."
4959,0,0,19,19,1.0,0.05407380704358751,583,Oh that? It's just part of the new corporate leadership training program.
4959,0,0,17,17,1.0,0.06063390625908324,583,"Actually, the punishment is just. I forgot to reorder the coffee."
4959,0,0,17,17,1.0,0.06063390625908324,583,"Jim's a third-time offender of our personal cell phone use policy. No one's above the law here, not even security."
4959,0,0,17,17,1.0,0.06063390625908324,583,"Thinking outside the box again, Murphy?"
4959,0,0,17,17,1.0,0.06063390625908324,583,You've come to see the dock?
4959,0,0,18,18,1.0,0.05716619504750295,583,The lowest form of life.....pen thief.
4959,0,0,18,18,1.0,0.05716619504750295,583,The stock options here are completely medieval.
4959,0,0,17,17,1.0,0.06063390625908324,583,And that's Bill. He's in stocks and bondage.
4959,0,0,17,17,1.0,0.06063390625908324,583,I see investment in the stock market is finally paying off.
4959,0,0,18,18,1.0,0.05716619504750295,583,Office politics have gotten a little medieval.
4959,0,0,17,17,1.0,0.06063390625908324,583,Another coffee break violator.
4959,0,0,17,17,1.0,0.06063390625908324,583,It's reality art: he lost money in the market.
4959,0,0,18,18,1.0,0.05716619504750295,583,That is Legal.
4959,0,0,17,17,1.0,0.06063390625908324,583,Seen Frank's numbers lately? I can't tell which 'stockholder' is more torturous.
4959,0,0,17,17,1.0,0.06063390625908324,583,I would have gone with a chestnut or amber colored tie.
4959,0,0,17,17,1.0,0.06063390625908324,583,And he says he'll stay there until they validate his parking.
4959,0,0,18,18,1.0,0.05716619504750295,583,The stock market must be down
4959,0,0,17,17,1.0,0.06063390625908324,583,"Caption for Sep 4, 2017 issue: ""Looks like I'm going to finish first again."""
4959,0,0,17,17,1.0,0.06063390625908324,583,These big box stores are becoming a thing of the past.
4959,0,0,17,17,1.0,0.06063390625908324,583,"Boy, you should see what they do if you REALLY screw up!"
4959,0,0,18,18,1.0,0.05716619504750295,583,"The reports are due at five and don’t you dare play the stocks card again, Jefferey."
4959,0,0,17,17,1.0,0.06063390625908324,583,This is our new alternative to overdraft fees
4959,0,0,17,17,1.0,0.06063390625908324,583,This must be the stock market.
4959,0,0,17,17,1.0,0.06063390625908324,583,Stocktaker
4959,0,0,17,17,1.0,0.06063390625908324,583,"""Performance Reviews"" at Burns and Butz LLC are seriously old school,...aren't they?"
4959,0,0,17,17,1.0,0.06063390625908324,583,Broker behavior inspired the SEC to resurrect earlier definitions of stocks and bonds.
4959,0,0,17,17,1.0,0.06063390625908324,583,"Off the record.... If stocks fall again, his head may fall, or roll, whatever....."
4959,0,0,17,17,1.0,0.06063390625908324,583,Who said breaking the glass ceiling was easy?
4959,0,0,18,18,1.0,0.05716619504750295,583,Guessing he didn't get the memo!
4959,0,0,19,19,1.0,0.05407380704358751,583,"He said ""Innovation schminnovation!"""
4959,0,0,18,18,1.0,0.05716619504750295,583,Don't ask HR for your employee stock option.
4959,0,0,17,17,1.0,0.06063390625908324,583,"Honestly, I sometimes think Roger's puritan work ethic is just his attempt to make me feel inadequate."
4959,0,0,18,18,1.0,0.05716619504750295,583,That's where we put employees we catch talking about bitcoin.
4959,0,0,17,17,1.0,0.06063390625908324,583,He deserved it for wearing that tie with those shoes.
4959,0,0,18,18,1.0,0.05716619504750295,583,They call it corporate punishment
4959,0,0,18,18,1.0,0.05716619504750295,583,"He over drew his account, so he won't do it again."
4959,0,0,19,19,1.0,0.05407380704358751,583,His proposal to management in the suggestion box was not well received.
4959,0,0,17,17,1.0,0.06063390625908324,583,"Yep, it's Trump's new executive tie."
4959,0,0,18,18,1.0,0.05716619504750295,583,It's the punishment for wearing his tie too long.
4959,0,0,17,17,1.0,0.06063390625908324,583,"Yeah, it was a little rough, but Tim's a lot less smug about his standing desk now."
4959,0,0,18,18,1.0,0.05716619504750295,583,He was caught entering a grocery store.
4959,0,0,18,18,1.0,0.05716619504750295,583,His crime? Public shaming on Facebook.
4959,0,0,18,18,1.0,0.05716619504750295,583,1) It's a new approach to Mindfulness 2) His firm is very strict about checking private email at work.
4959,0,0,17,17,1.0,0.06063390625908324,583,When you get timeout at work
4959,0,0,17,17,1.0,0.06063390625908324,583,At our investment meeting he kept insisting he wanted to get into stocks
4959,0,0,18,18,1.0,0.05716619504750295,583,Weren't you there last week?
4959,0,0,17,17,1.0,0.06063390625908324,583,Wow! An interesting twist on time out!
4959,0,0,19,19,1.0,0.05407380704358751,583,Nothing is free. Even the pens.
4959,0,0,19,19,1.0,0.05407380704358751,583,"He is multidimensional, and we cannot allow that!"
4959,0,0,18,18,1.0,0.05716619504750295,583,I can't say I'm surprised. After last quarter's earnings golden handcuffs weren't really in the budget anymore.
4959,0,0,17,17,1.0,0.06063390625908324,583,That's the bad employee of the month parking spot.
4959,0,0,18,18,1.0,0.05716619504750295,583,I'm glad I didn't buy stocks in this company.
4959,0,0,18,18,1.0,0.05716619504750295,583,It's the first prototype of the 'Square ' payment system
4959,0,0,17,17,1.0,0.06063390625908324,583,I like it. Very Postmodern.
4959,0,0,17,17,1.0,0.06063390625908324,583,New punishment for violating our internet use policy is a bit harsh...
4959,0,0,17,17,1.0,0.06063390625908324,583,No. Not a stockbroker. He's an under-performing hedge fund manager.
4959,0,0,17,17,1.0,0.06063390625908324,583,He kept yelling out Boonk Gang in the office
4959,0,0,17,17,1.0,0.06063390625908324,583,They are really getting tough on people with weak passwords.
4959,0,0,17,17,1.0,0.06063390625908324,583,At least he won't be doing handzies for awhile.
4959,0,0,17,17,1.0,0.06063390625908324,583,He tried to sneak in and slip insurance flyers under the office doors.
4959,0,0,17,17,1.0,0.06063390625908324,583,His stock just went up.
4959,0,0,17,17,1.0,0.06063390625908324,583,We take sexual harassment allegations very seriously here.
4959,0,0,19,19,1.0,0.05407380704358751,583,He went from bonds to stocks.
4959,0,0,17,17,1.0,0.06063390625908324,583,He ate the boss's yogurt.
4959,0,0,17,17,1.0,0.06063390625908324,583,"That's Gary, he's a real Stock Symbol"
4959,0,0,17,17,1.0,0.06063390625908324,583,It's just temporary until they repeal and replace Obamacare.
4959,0,0,17,17,1.0,0.06063390625908324,583,There's also a Public Flogging in the courtyard at sundown
4959,0,0,19,19,1.0,0.05407380704358751,583,"Be careful or that will happen to you, too."
4959,0,0,17,17,1.0,0.06063390625908324,583,It's a trial of a new seating approach for the airlines.
4959,0,0,17,17,1.0,0.06063390625908324,583,"We have zero tolerance here for jest; suspect persons are locked, stocked, or barreled!"
4959,0,0,17,17,1.0,0.06063390625908324,583,We're told that the boss is practicing for a new We Are Farmer's commercial
4959,0,0,17,17,1.0,0.06063390625908324,583,"In Soviet Russia, stocks buy you."
4959,0,0,18,18,1.0,0.05716619504750295,583,Our way of getting managers to develop a thick skin. Go ahead and hurl an insult.
4959,0,0,19,19,1.0,0.05407380704358751,583,Looks like Henry was late for work again.
4959,0,0,17,17,1.0,0.06063390625908324,583,Don't ask for more stock.
4959,0,0,17,17,1.0,0.06063390625908324,583,He used to trade in stocks
4959,0,0,18,18,1.0,0.05716619504750295,583,Our therapist told us to do activities as a couple.
4959,0,0,18,18,1.0,0.05716619504750295,583,Substantial penalty for early withdrawal.
4959,0,0,18,18,1.0,0.05716619504750295,583,Napping on the job. What a slacker.
4959,0,0,18,18,1.0,0.05716619504750295,583,"Stocks, obviously, are up."
4959,0,0,17,17,1.0,0.06063390625908324,583,They really screen their employees.
4959,0,0,17,17,1.0,0.06063390625908324,583,"I told him not to hit ""reply all"" on an email again"
4959,0,0,17,17,1.0,0.06063390625908324,583,"Well, his stocks are locked in at a good return."
4959,0,0,18,18,1.0,0.05716619504750295,583,"the company didn't approve of his tweet, so it was either this or get fired"
4959,0,0,17,17,1.0,0.06063390625908324,583,"I guess Bill won't be joining us for lunch today. Too bad, we were going to go to his favorite restaurant, Slammers Steakhouse."
4959,0,0,18,18,1.0,0.05716619504750295,583,AND ALL THAT BECAUSE HIS SHOES WEREN'T SHINED
4959,0,0,18,18,1.0,0.05716619504750295,583,We had an appointment. He said he was going to put me in stocks.
4959,0,0,17,17,1.0,0.06063390625908324,583,Aww sheeet... babe check it... dude ain't pre-approved
4959,0,0,18,18,1.0,0.05716619504750295,583,He told the CEO that his thinking was archaic.
4959,0,0,19,19,1.0,0.05407380704358751,583,Not insider trading...double dipping.
4959,0,0,18,18,1.0,0.05716619504750295,583,He's the new guy from Wells Fargo.
4959,0,0,19,19,1.0,0.05407380704358751,583,I hear it's a new alternative to a PIP.
4959,0,0,17,17,1.0,0.06063390625908324,583,"Well, yeh, tweeting from our missile bunker—and to the Pentagon? How about decapitating?"
4959,0,0,17,17,1.0,0.06063390625908324,583,"In the corporate world, admitting that you voted for Hillary Clinton has its consequences."
4959,0,0,18,18,1.0,0.05716619504750295,583,"After the Millennial acquisition, the new boss found out he was still using a flip phone."
4959,0,0,17,17,1.0,0.06063390625908324,583,he got caught up in that standing desk fad
4959,0,0,17,17,1.0,0.06063390625908324,583,He really should have tried harder in the team building exercise.
4959,0,0,19,19,1.0,0.05407380704358751,583,"Oh, HIM? He's a DREAMER from the Mayflower"
4959,0,0,17,17,1.0,0.06063390625908324,583,All the job applicants are dead white males.
4959,0,0,17,17,1.0,0.06063390625908324,583,Karen is two rooms over in bonds.
4959,0,0,17,17,1.0,0.06063390625908324,583,"When our shares drop, our CFO enters the stocks"
4959,0,0,17,17,1.0,0.06063390625908324,583,That's where you end up when you wear a tie on Friday.
4959,0,0,18,18,1.0,0.05716619504750295,583,Dunkaccino instead of Frappuccino.
4959,0,0,17,17,1.0,0.06063390625908324,583,That's our new Vices President.
4959,0,0,19,19,1.0,0.05407380704358751,583,"""You kill the Joe you make so mo'!""- Terry Tate Office Linebacker"
4959,0,0,17,17,1.0,0.06063390625908324,583,"See, I told you! Employee wellness centers are so passé. Nothing like a hole-board to take a power nap at work!"
4959,0,0,18,18,1.0,0.05716619504750295,583,Wow! Are they strict.
4959,0,0,17,17,1.0,0.06063390625908324,583,He didn't fulfill his sales quota.
4959,0,0,18,18,1.0,0.05716619504750295,583,He didn't make his sales quota.
4959,0,0,17,17,1.0,0.06063390625908324,583,This is no place for DREAMers
4959,0,0,17,17,1.0,0.06063390625908324,583,Stretching far left and far right a bit too far?
4959,0,0,18,18,1.0,0.05716619504750295,583,I`d heard the new P.C Rules were harsh.
4959,0,0,20,20,1.0,0.051298917604257706,583,hello
4959,0,0,19,19,1.0,0.05407380704358751,583,"Spare him no pity, the savage defiled a conference call with the unmuted sounds of his typing."
4959,0,0,18,18,1.0,0.05716619504750295,583,"Well, he wanted to be the first to have a stand up desk."
4959,0,0,17,17,1.0,0.06063390625908324,583,"Discectomy/Schnectomy, right? Employees can use this for neck treatment."
4959,0,0,21,21,1.0,0.048795003647426664,583,"Well, I guess that wasn't such a good stock investment."
4959,0,0,17,17,1.0,0.06063390625908324,583,They assembled his standing workstation incorrectly.
4959,0,0,17,17,1.0,0.06063390625908324,583,"That's Haversham from accounting. He used the phrase ""the numbers just don't add up"" once too often."
4959,0,0,18,18,1.0,0.05716619504750295,583,He shouldn't have taken the stock option.
4959,0,0,17,17,1.0,0.06063390625908324,583,"The boss agreed with Jennings complaint that he's more than a ""potted plant""."
4959,0,0,18,18,1.0,0.05716619504750295,583,Wow! Great modern art!
4959,0,0,18,18,1.0,0.05716619504750295,583,The firm has zero tolerance for associates who take weekends off.
4959,0,0,18,18,1.0,0.05716619504750295,583,He thought he'd try dealing in stocks.
4959,0,0,18,18,1.0,0.05716619504750295,583,At least the Tweets recognized modern technology.
4959,0,0,17,17,1.0,0.06063390625908324,583,"Give it a rest Frank, you're not getting the corner office."
4959,0,0,18,18,1.0,0.05716619504750295,583,Definitely get the overdraft protection.
4959,0,0,18,18,1.0,0.05716619504750295,583,"I'm in training to be a greeter at Walmart. Joe Pitts Washington, DC"
4959,0,0,17,17,1.0,0.06063390625908324,583,Probably like to insider trade with anyone right about now.
4959,0,0,20,20,1.0,0.051298917604257706,583,"How are you liking the new disincentive stock option, Frank?"
4959,0,0,18,18,1.0,0.05716619504750295,583,"""It's about time HR started working around here""."
4959,0,0,18,18,1.0,0.05716619504750295,583,I don't know why everyone is complaining about the new standing desks.
4959,0,0,17,17,1.0,0.06063390625908324,583,He should have participated in the team-building event!
4959,0,0,17,17,1.0,0.06063390625908324,583,There is photo of the investment analyst of the month in a big gold frame in the foyer
4959,0,0,18,18,1.0,0.05716619504750295,583,His boss is a pirate
4959,0,0,18,18,1.0,0.05716619504750295,583,"I know it's New York and Williams voted for Trump, but isn't this a bit extreme....?"
4959,0,0,17,17,1.0,0.06063390625908324,583,He says he's not leaving until he gets the job.
4959,0,0,17,17,1.0,0.06063390625908324,583,He forgot to say 'spoiler alert.'
4959,0,0,18,18,1.0,0.05716619504750295,583,"They said working here was cut throat, but really?"
4959,0,0,17,17,1.0,0.06063390625908324,583,We take our TPS reports seriously here. So make sure to file them correctly.
4959,0,0,18,18,1.0,0.05716619504750295,583,That's what happens here when you go for the stock option.
4959,0,0,17,17,1.0,0.06063390625908324,583,He took an hour to respond to his boss's email.
4959,0,0,18,18,1.0,0.05716619504750295,583,I'm definitely passing on the stock options.
4959,0,0,18,18,1.0,0.05716619504750295,583,The corporate culture here places a premium on openness and candor.
4959,0,0,17,17,1.0,0.06063390625908324,583,I guess Stan didn't meet his quota again...
4959,0,0,17,17,1.0,0.06063390625908324,583,Daisy. Daisy ! I'm still waiting for an answer.
4959,0,0,17,17,1.0,0.06063390625908324,583,He must have complained about the rise in ATM fees.
4959,0,0,18,18,1.0,0.05716619504750295,583,Our company has found very innovative ways to cut holes into wood.
4959,0,0,17,17,1.0,0.06063390625908324,583,What a great way to loose some weight
4959,0,0,18,18,1.0,0.05716619504750295,583,The hazard of working at Trump Tower!
4959,0,0,19,19,1.0,0.05407380704358751,583,"That's Bernie, he's accused of using an extra paperclip..."
4959,0,0,18,18,1.0,0.05716619504750295,583,He never laughs at his boss's jokes
4959,0,0,17,17,1.0,0.06063390625908324,583,He knew he was hired as a YES man.
4959,0,0,17,17,1.0,0.06063390625908324,583,Another gambler who refused to diversify his portfolio.
4959,0,0,17,17,1.0,0.06063390625908324,583,Remember when Robert said he was into stocks? I must admit I thought he meant investments.
4959,0,0,17,17,1.0,0.06063390625908324,583,"Yes, the cubicles are being downsized."
4959,0,0,17,17,1.0,0.06063390625908324,583,He is with operational planning and is testing out their new device.
4959,0,0,18,18,1.0,0.05716619504750295,583,I don't recommend the stocks option.
4959,0,0,17,17,1.0,0.06063390625908324,583,This is what passes for a stock option nowadays.
4959,0,0,18,18,1.0,0.05716619504750295,583,It was either this or a seminar on company workplace standards.
4959,0,0,17,17,1.0,0.06063390625908324,583,This is what happens for not sharing his birthday cake.
4959,0,0,18,18,1.0,0.05716619504750295,583,Our old standing desks are on closeout.
4959,0,0,17,17,1.0,0.06063390625908324,583,Our workplace culture revolves around public humiliation and repentance.
4959,0,0,17,17,1.0,0.06063390625908324,583,It's the new Bad Employee of the Week program.
4959,0,0,19,19,1.0,0.05407380704358751,583,The artists here do original work.
4959,0,0,17,17,1.0,0.06063390625908324,583,He hath criticized his supervisor.
4959,0,0,18,18,1.0,0.05716619504750295,583,He made a stocks broker pun.
4959,0,0,18,18,1.0,0.05716619504750295,583,Severance can be a B.
4959,0,0,17,17,1.0,0.06063390625908324,583,He's a big believer in full investment in stock.
4959,0,0,19,19,1.0,0.05407380704358751,583,He took the last donut from the break room.
4959,0,0,17,17,1.0,0.06063390625908324,583,He forgot casual Friday. Twice.
4959,0,0,17,17,1.0,0.06063390625908324,583,"Good luck with the end of your shift, Steven!"
4959,0,0,18,18,1.0,0.05716619504750295,583,"Our new CEO is an avowed Liberal... and very upset when he heard Jerry spreading his slogan; "" The pillory for Hillary """
4959,0,0,18,18,1.0,0.05716619504750295,583,He grabbed one too many!
4959,0,0,18,18,1.0,0.05716619504750295,583,"As bail bondsmen, it strikes the right tone."
4959,0,0,18,18,1.0,0.05716619504750295,583,Pick your poison.
4959,0,0,19,19,1.0,0.05407380704358751,583,I'm glad I didn't apply for that stock analyst opening.
4959,0,0,18,18,1.0,0.05716619504750295,583,Bob just wouldn't rest until he got a standing desk.
4959,0,0,18,18,1.0,0.05716619504750295,583,Is that man stocking us?
4959,0,0,17,17,1.0,0.06063390625908324,583,Long distance just isn't working anymore.
4959,0,0,17,17,1.0,0.06063390625908324,583,I knew our MBA would end up in stocks
4959,0,0,18,18,1.0,0.05716619504750295,583,Wilbur never got the Tuesday Tie thing right.
4959,0,0,18,18,1.0,0.05716619504750295,583,"That's Reynaldo, our artist-in-residence."
4959,0,0,18,18,1.0,0.05716619504750295,583,Jim was down on a few KPIs this quarter.
4959,0,0,18,18,1.0,0.05716619504750295,583,This must be the holding area
4959,0,0,19,19,1.0,0.05407380704358751,583,It looks like the receptionists clone got out of hand again. We should paint his nails this time!
4959,0,0,17,17,1.0,0.06063390625908324,583,HR has its own stock option.
4959,0,0,17,17,1.0,0.06063390625908324,583,"F.Y.I, no tweeting during staff meetings."
4959,0,0,18,18,1.0,0.05716619504750295,583,"BILL NEEDS TO UNDERSTAND, THAT THE OFFICE COFFEE POT DOESN'T CLEAN ITSELF!!!"
4959,0,0,17,17,1.0,0.06063390625908324,583,"Well, he did say he was getting into stocks."
4959,0,0,17,17,1.0,0.06063390625908324,583,"Oh, he's tied up in stock."
4959,0,0,17,17,1.0,0.06063390625908324,583,I told you investing in stocks was risky right now!
4959,0,0,17,17,1.0,0.06063390625908324,583,He filed his travel reimbursement form too late. It's a public shaming designed to teach the rest of us a lesson.
4959,0,0,17,17,1.0,0.06063390625908324,583,They sure dress the concierges is weird outfits here around here...
4959,0,0,18,18,1.0,0.05716619504750295,583,"""For a publishing company on Early American Crime and Punishment, isn't that going a little TOO far??"
4959,0,0,20,20,1.0,0.051298917604257706,583,It really puts a face to the current stock crisis
4959,0,0,18,18,1.0,0.05716619504750295,583,"You want to avoid ""no shows"" with the dental hygienist."
4959,0,0,19,19,1.0,0.05407380704358751,583,He didn't meet the sales quota.
4959,0,0,19,19,1.0,0.05407380704358751,583,Twitter's down. It's the best we could do.
4959,0,0,18,18,1.0,0.05716619504750295,583,wats goin on over there
4959,0,0,17,17,1.0,0.06063390625908324,583,IT took email jail to a new level.
4959,0,0,17,17,1.0,0.06063390625908324,583,He's lucky they didn't just fire him.
4959,0,0,17,17,1.0,0.06063390625908324,583,He serves as a reminder of the punishment for speaking on condition of anonymity.
4959,0,0,17,17,1.0,0.06063390625908324,583,And to think we would reminisce about cubicles
4959,0,0,19,19,1.0,0.05407380704358751,583,And here's our Employee of the Month for the Masochists' Society!
4959,0,0,17,17,1.0,0.06063390625908324,583,I heard this bank has the toughest early withdrawal penalties.
4959,0,0,18,18,1.0,0.05716619504750295,583,-The interior designer used our private art collection. -I see.
4959,0,0,17,17,1.0,0.06063390625908324,583,I hear he messed up the boss's Starbucks order.
4959,0,0,19,19,1.0,0.05407380704358751,583,"The employee contract did read: lock, stock, or barrel."
4959,0,0,17,17,1.0,0.06063390625908324,583,"Welcome to the company - oh, and make sure you book your flights with 2-weeks notice."
4959,0,0,17,17,1.0,0.06063390625908324,583,"I believe there is no fair punishment for hitting ""Reply All."""
4959,0,0,18,18,1.0,0.05716619504750295,583,"new policy, standing room only for job applicants"
4959,0,0,17,17,1.0,0.06063390625908324,583,Haven't you seen this yet? It's the latest social media cleanse...
4959,0,0,17,17,1.0,0.06063390625908324,583,Wow! This bank must have really intense overdraft penalties...
4959,0,0,20,20,1.0,0.051298917604257706,583,He didn't follow the dress code ....
4959,0,0,18,18,1.0,0.05716619504750295,583,We've taken our shaming offline.
4959,0,0,18,18,1.0,0.05716619504750295,583,"He said, ""Please and thank you."
4959,0,0,20,20,1.0,0.051298917604257706,583,I'm glad we put our differences between us.
4959,0,0,18,18,1.0,0.05716619504750295,583,"Remember, always be closing."
4959,0,0,17,17,1.0,0.06063390625908324,583,We got tired of complaining clients
4959,0,0,18,18,1.0,0.05716619504750295,583,"Ignore him, Honey. He said he was getting into stocks, but puns just aren't that funny."
4959,0,0,19,19,1.0,0.05407380704358751,583,"Good thing HR could only afford one of those after this year's budget cuts. -Sorry, Bill!-"
4959,0,0,17,17,1.0,0.06063390625908324,583,The beatings stopped but millennium morale didn't improve.
4959,0,0,19,19,1.0,0.05407380704358751,583,Someone should have warned him not to buy stock in this company.
4959,0,0,17,17,1.0,0.06063390625908324,583,We caught him reheating fish in the microwave.
4959,0,0,17,17,1.0,0.06063390625908324,583,I tried to warn him about violation of rule 3b.
4959,0,0,18,18,1.0,0.05716619504750295,583,Welcome to the post-Arpaio pardon paradigm of impunity.
4959,0,0,18,18,1.0,0.05716619504750295,583,He ignored the BCC policy
4959,0,0,17,17,1.0,0.06063390625908324,583,Now we always know where to get IT support
4959,0,0,18,18,1.0,0.05716619504750295,583,Stocks are up today.
4959,0,0,18,18,1.0,0.05716619504750295,583,"We need a stock trader, not a stalk traitor."
4959,0,0,17,17,1.0,0.06063390625908324,583,It's not the tie. It's the polka dots.
4959,0,0,18,18,1.0,0.05716619504750295,583,Burnt microwave popcorn repeat offender.
4959,0,0,17,17,1.0,0.06063390625908324,583,"It's the consultants new plan to increase productivity. It's called "" Pain,Shame and gain."""
4959,0,0,18,18,1.0,0.05716619504750295,583,It looks like the receptionists clone got out of hand again. We should paint his nails this time!
4959,0,0,17,17,1.0,0.06063390625908324,583,He's just waiting for someone to ask about his stocks.
4959,0,0,17,17,1.0,0.06063390625908324,583,So now we're all more careful about hitting 'Reply All.'
4959,0,0,18,18,1.0,0.05716619504750295,583,Stay away from stocks!
4959,0,0,18,18,1.0,0.05716619504750295,583,What did he do? He used the Cloud's name in vain.
4959,0,0,18,18,1.0,0.05716619504750295,583,Target practice at 5
