rank,funny,somewhat_funny,unfunny,count,score,precision,contest,caption
1,2554,1760,1448,5762,2.1919472405414786,0.01068482012181676,584,"Hold on, the Senate Committee on Women's Health is getting out."
2,2223,2506,1115,5844,2.189596167008898,0.009570955316934438,584,"On second thought, bring the name tags."
3,2324,1591,1392,5307,2.175617109478048,0.01123176919845554,584,"Sir, the President's Council on Women's Health has arrived."
4,2510,1936,1538,5984,2.162433155080214,0.010423796512783943,584,The sperm bank class action lawsuit clients are here.
5,1257,1290,874,3421,2.1119555685472085,0.013359439643167468,584,We may have a problem in the copy room.
6,1404,1760,947,4111,2.111165166626125,0.011667771516875486,584,Remember when you wished we had a hundred just like him?
7,1476,1613,1149,4238,2.077159037281737,0.012032549911100773,584,"It's Mr. Wilson, sir. I think he's gone viral."
8,1707,1773,1364,4844,2.070809248554913,0.011396104691725683,584,"That's correct, sir. The door to accounting was left open and now they're loose."
9,1532,2044,1360,4936,2.0348460291734196,0.01088472590187287,584,"Okay, describe him again."
10,1604,2097,1493,5194,2.0213708124759338,0.010711346788183584,584,Tell Jim to stop messing with the 3D printer.
11,734,520,707,1961,2.0137684854665987,0.01936016841931335,584,"Sorry, but you never specified the gender of the 72 virgins."
12,1217,2004,1167,4388,2.011394712853236,0.01112715398541791,584,"Hey Jim, on second thought, we're going to need those name tags."
13,1490,1831,1469,4790,2.004384133611691,0.01135731185132726,584,The diversity training seminar looks like it's wrapping up.
14,172,177,173,522,1.9980842911877394,0.03561674513687581,584,That's right. The Diversity Committee meeting is just breaking up.
15,859,1291,892,3042,1.9891518737672584,0.01375659204259048,584,We might have been too specific in our job description.
16,569,803,651,2023,1.9594661393969353,0.017246421401740715,584,...and I'll be the one in high heels.
17,1311,1766,1512,4589,1.9561996077576813,0.011561294034517763,584,Describe him.
18,1020,1653,1248,3921,1.9418515684774291,0.012111752508188016,584,"Yes, of course we can spare one."
19,169,182,204,555,1.936936936936937,0.03472676019895147,584,Looks like the women's healthcare committee just got out.
20,233,325,287,845,1.936094674556213,0.02691263566155912,584,The 3-D printer is stuck again.
21,1021,1743,1301,4065,1.931119311193112,0.011806272969017336,584,I'm just not convinced they are as committed to diversity as they say.
22,883,1528,1132,3543,1.9297205757832345,0.012616345840997271,584,I'm just not sure I'm going to fit in at this company.
23,846,1158,1135,3139,1.9079324625676968,0.014085872862109002,584,"Yes, this is the office of Haber, Haber, Haber, Haber, Haber, Haber, Haber, Haber, Haber, Haber, Haber, Haber, Haber, Haber, Haber, Haber, Haber, Haber, Haber, Haber, Haber, and Haber."
24,817,937,1090,2844,1.9040084388185654,0.015251670865502614,584,We're starting to see the effects of Trump's immigration restrictions.
25,253,400,351,1004,1.902390438247012,0.02429598966108528,584,"Clowns?? I thought you said ""send in the clones."""
26,762,1150,1054,2966,1.9015509103169252,0.014255914396536553,584,"There was a typo on his resume. Apparently he's ""one AND a million""."
27,290,368,406,1064,1.8909774436090225,0.02458018958781533,584,The President's council on diversity just arrived!
28,798,1525,1207,3530,1.8841359773371105,0.01253574313694074,584,I definitely stand out from the other applicants so I think I have a shot.
29,341,557,519,1417,1.8743824982357093,0.02043206089202921,584,I'm not sure... middle-aged white men all look the same to me.
30,391,562,597,1550,1.8670967741935485,0.02000251900548648,584,Scones! I clearly said two dozen scones!
31,287,473,472,1232,1.8498376623376624,0.021957841241191347,584,we've just figured out how he managed not to miss a day of work!
32,562,975,945,2482,1.8456889605157132,0.01533397829380044,584,"You were right. You've seen one accountant, you've seen em all."
33,710,1144,1190,3044,1.8423127463863338,0.014033824243401724,584,"No! I asked for copies of THE bill, not Bill."
34,600,980,1040,2620,1.83206106870229,0.015107489549362686,584,"We'll need 129 turkey-on-white, mayo only, and one Caesar salad, extra garlic."
35,177,229,297,703,1.829302987197724,0.030314489553808003,584,This is Acme Cloning. Your Fred's are done.
36,546,1233,1120,2899,1.8020006898930665,0.013593187278606355,584,I'm not sure we're hitting our diversity goals.
37,512,1028,1054,2594,1.7910562837316886,0.01469635291054201,584,Remember how I told Leonard I'd like to see more of him?
38,437,1088,971,2496,1.7860576923076923,0.014413465829813314,584,"Yes, he blends right in."
39,257,608,585,1450,1.773793103448276,0.019116440539832222,584,"Frankly Mr. Prescott, all the job applicants look pretty much the same."
40,392,660,846,1898,1.7608008429926238,0.017710988907391204,584,"Trust me Sally, meeting somebody at work is not an option."
41,427,853,970,2250,1.7586666666666666,0.015816971021777208,584,There may be a problem with our random sample.
42,147,356,363,866,1.7505773672055427,0.024676002240914076,584,Your request to find someone 'just like Marvin' turned out to be incredibly successful.
43,362,652,829,1843,1.746608790016278,0.017775623324726642,584,"Seriously... of all the people to clone, you chose Gus?"
44,292,564,720,1576,1.7284263959390862,0.018996737518944696,584,It's a clear case of identity theft.
45,245,525,634,1404,1.7229344729344729,0.01978687351124888,584,"Is he bald, with mustache and glasses?"
46,209,391,544,1144,1.707167832167832,0.02237957184482233,584,"Hello, Overstock.com?"
47,374,560,923,1857,1.704361873990307,0.01814448179894775,584,He hasn't come out yet
48,224,480,616,1320,1.7030303030303031,0.02038619988871083,584,I just realized I'm the token hire.
49,307,671,864,1842,1.6976112920738329,0.01719434097401881,584,Good meeting. Everyone's on the same page
50,366,647,969,1982,1.6957618567103936,0.017125619119741156,584,"The bald guy, with the mustache and glasses? Yeah, I see him."
51,333,559,870,1762,1.6952326901248582,0.018301900140885268,584,How do I turn off the 3D printer?
52,177,316,485,978,1.6850715746421268,0.024316905139879892,584,They normally don't migrate until tax season.
53,152,232,399,783,1.6845466155810984,0.027796135491997238,584,I've got a bunch of Bills here that need to be paid.
54,245,737,813,1795,1.6835654596100278,0.01651465049107021,584,"Well, it looks like our want ad may have been too narrowly focused"
55,207,324,562,1093,1.6752058554437328,0.023402766748213878,584,Trump's diversity coalition is here.
56,88,155,250,493,1.671399594320487,0.0342640437847334,584,Boss? It's about that new 3-D printer?
57,220,495,683,1398,1.6688125894134478,0.01959207555042912,584,"Ah yes, Mr. Jones your copies have arrived."
58,221,602,747,1570,1.6649681528662421,0.017928300136935808,584,This could be a challenge for our facial recognition software.
59,264,541,809,1614,1.6623296158612144,0.018478831948515993,584,I'm down here in Cloning. Bring a thousand pocket protectors.
60,155,419,530,1104,1.6603260869565217,0.021399211297234426,584,Remember when you said this company could use 100 more Bobs?
61,197,412,619,1228,1.6563517915309447,0.021102478693919378,584,"Could you please send someone down, the accountants have gotten loose again."
62,150,307,468,925,1.6562162162162162,0.024395745542159723,584,So much for our face recognition cybersecurity system.
63,129,269,411,809,1.6514215080346106,0.02599466253845813,584,"Good morning, Doppel, Doppel, Doppel, Doppel and Ganger. This is Maureen, how may I help you?"
64,93,157,280,530,1.6471698113207547,0.03309162518802232,584,"No, I am not kidding. And the worse part is, they all make 21% more than me."
65,163,347,531,1041,1.6464937560038424,0.02282247547169565,584,"Oh, you said clowns. I thought you said clones."
66,78,159,252,489,1.6441717791411044,0.03351757867049644,584,I'd like to place an order for one hundred pocket protectors.
67,69,141,230,440,1.634090909090909,0.035255526448820136,584,How do I turn off the 3D printer?
68,73,127,232,432,1.6319444444444444,0.03638392937555799,584,I have to call you back. The Blue Ribbon Panel to Determine Women's Reproductive Rights just adjourned.
69,199,271,596,1066,1.627579737335835,0.023875297300991402,584,"Okay, the good news is we figured out cloning. The bad news is we tested it on Ed."
70,137,354,516,1007,1.6236345580933467,0.022445202295365584,584,The vote was unanimous.
71,155,267,524,946,1.609936575052854,0.024464843790909352,584,The Bills just keep piling up.
72,153,218,518,889,1.5894263217097864,0.02569331219976705,584,Never mind. It looks like they fixed the copier.
73,122,290,494,906,1.5894039735099337,0.02376967292940881,584,"...when I said, ""I wish we had 100 Howards,"" I was speaking figuratively."
74,151,224,519,894,1.5883668903803132,0.025485188789700807,584,The engineering department is here for the diversity training.
75,64,173,290,527,1.5711574952561669,0.030453506960675326,584,"The Yes-Men are here, sir."
76,77,194,343,614,1.5667752442996743,0.028455494542378758,584,"Well, we did tell George to go find himself."
77,94,187,384,665,1.5639097744360901,0.028215561897755218,584,Clowns! I said send in the clowns!
78,93,181,378,652,1.562883435582822,0.02856855680668511,584,I'm not being racist. They really all do look alike.
79,87,195,374,656,1.5625,0.02794043971849106,584,"Yes, he's here. He looks like he's beside himself."
80,47,86,191,324,1.5555555555555556,0.0407756467200674,584,Sean Hannity's diversity panel is here!
81,56,166,279,501,1.5548902195608783,0.030677025866538477,584,The applicants to be a model for a New Yorker cartoon are arriving.
82,88,180,374,642,1.5545171339563864,0.028514199442887165,584,The Xerox guys are here.
83,89,153,355,597,1.5544388609715243,0.030244913720500557,584,"Oh, and get this. They all have a pet sheep named Dolly."
84,101,134,374,609,1.5517241379310345,0.030859825025401622,584,Please alert Sarah Huckabee Sanders that Trump’s panel on diversity has just adjourned.
85,79,151,339,569,1.5430579964850615,0.030426144403588408,584,They're here for the interviews. I think we may have been a little too specific with the job requirements.
86,81,135,332,548,1.5419708029197081,0.031531850055640666,584,"Yes, Sir. Harvey set the 3-D printer on Selfie mode again."
87,72,145,320,537,1.5381750465549349,0.031048201885155443,584,"Remember that door you said Never open? Ok, Ok, but what do I do now?"
88,70,141,313,524,1.536259541984733,0.03140620251895856,584,Yes - I'm just outside. I'm the one with..........You can't miss me.
89,26,61,124,211,1.5355450236966826,0.048559342631108594,584,I think they've reached consensus.
90,81,101,311,493,1.5334685598377282,0.034259894457746035,584,"I know this will sound weird, but the conference room is full of Dicks."
91,66,128,295,489,1.5316973415132924,0.03260964885518518,584,Mr. Shaffer? About your 1967 Sperm donation....
92,55,141,281,477,1.5262054507337526,0.03175276209810664,584,"Tell me again exactly, what does he look like?"
93,21,52,107,180,1.5222222222222221,0.05193676355710676,584,"Ok, I will need a better description than ""the dorky one with glasses."""
94,55,111,260,426,1.5187793427230047,0.03456837380606412,584,"It appears the Senate Women's Health Care Panel has already adjourned, ma'am."
95,46,124,249,419,1.5155131264916468,0.03350818469730996,584,I'm afraid none of the applicants really stand out.
96,66,84,270,420,1.5142857142857142,0.036691373370865275,584,OMG ... they all have identical ties.
97,58,102,264,424,1.5141509433962264,0.035175502451591574,584,"Hi, it's Janice. Could you send someone over to fix our copier?"
98,39,88,196,323,1.5139318885448916,0.039060868672739855,584,It's true... accountants can multiply.
99,44,80,203,327,1.5137614678899083,0.03989725192531504,584,And get this—they all got out of the same car.
100,65,88,272,425,1.5129411764705882,0.036202876947492926,584,The accountants are rioting.
101,44,97,220,361,1.5124653739612188,0.037028964919048224,584,It's about that redundancy consultant we hired.
102,57,92,254,403,1.511166253101737,0.036404093542110494,584,"Trust me, he's gone viral."
103,42,128,245,415,1.510843373493976,0.03305288032957017,584,Oh and don't forget the name tags.
104,52,103,251,406,1.5098522167487685,0.035348723737350755,584,They seem to have learned how to open the door. Bring some accountant food and I'll lure them back to work.
105,53,93,245,391,1.5089514066496164,0.03655061880161284,584,Can I call you later? I'm about to meet with the President's cabinet.
106,49,103,243,395,1.508860759493671,0.03555301870439236,584,You know how you said you wished you had a hundred guys just like Harold?
107,48,112,249,409,1.5085574572127138,0.03446529926976853,584,I have to go. We're being investigated by the Freds.
108,45,98,229,372,1.5053763440860215,0.03641282388641928,584,Get Quality Control over here now. One of them has pants that are too dark.
109,38,114,226,378,1.5026455026455026,0.034589337771401,584,We're going to need name tags.
110,56,81,248,385,1.5012987012987014,0.03753149386834549,584,"Hello, could you send out a tech for our 3-D printer?"
111,43,93,226,362,1.4944751381215469,0.0367494525436339,584,I think we should expand our target demographic.
111,43,93,226,362,1.4944751381215469,0.0367494525436339,584,I think I'm going to need a more detailed description.
113,33,104,210,347,1.4899135446685878,0.03566462247545043,584,"I'd say the staff is of one mind, yes."
113,47,76,224,347,1.4899135446685878,0.03879662532165721,584,You know perfectly well that's not what I meant when I asked you to send me a bunch of fresh herbs.
115,36,91,206,333,1.4894894894894894,0.037469093504209336,584,"Sorry, I'm having trouble finding the original."
116,44,81,221,346,1.4884393063583814,0.03822896733388013,584,Bob 13 ?? Bob 13?? Phone's for you.
117,19,46,107,172,1.4883720930232558,0.05247082310034184,584,Not bugs....an infestation of Dougs.
118,23,118,197,338,1.485207100591716,0.03383832413210157,584,I think we're going to need a bigger men's room.
119,33,96,205,334,1.4850299401197604,0.03665358848363635,584,Tell the 3D printer guy to get up here damn quick!!
120,35,84,202,321,1.4797507788161994,0.038228691158727346,584,"Hello, Equifax? I'm calling about a large case of identity theft."
121,40,73,206,319,1.4796238244514106,0.039667188987480215,584,"Sorry to bother you sir, but the 3D printer is stuck on ""dork""."
122,39,69,199,307,1.478827361563518,0.0405688062585029,584,Honey? I think I'm at the wrong Men's Warehouse.
123,47,57,213,317,1.476340694006309,0.0415662581367127,584,Gimme my agent. This is the worst ever Bachelorette season!
124,32,84,195,311,1.4758842443729903,0.03831980081439497,584,We need a repairman right away! The 3-D printer won't turn off!
124,39,70,202,311,1.4758842443729903,0.040169892788225664,584,The Republicans are here.
126,38,71,200,309,1.4757281553398058,0.04010398699749862,584,The Bills are adding up.
127,39,66,198,303,1.4752475247524752,0.040965704342325694,584,I'm afraid you'll have to be a little more specific.
128,34,77,195,306,1.473856209150327,0.039319570250233554,584,I'm looking at him right now.
129,30,76,182,288,1.4722222222222223,0.03992858295216799,584,Can I call you back? Everyone and his brother just showed up.
130,33,58,172,263,1.4714828897338403,0.04369120235496404,584,How would I know if they're anatomically correct?
131,24,89,179,292,1.4691780821917808,0.03769262422614168,584,Please tell me I'm looking for someone without glasses.
132,23,84,172,279,1.4659498207885304,0.038576987272253026,584,"No mom, all the guys here are the same."
133,40,53,193,286,1.465034965034965,0.043062489316584567,584,"Yeah, hang on, it looks like the conference on women's health is getting out."
134,34,63,186,283,1.4628975265017667,0.04163783791219727,584,I almost didn't recognize you guys.
135,37,56,188,281,1.4626334519572954,0.04275966627629817,584,"No, I would describe it more like a ‘flash Bob.’"
135,34,62,185,281,1.4626334519572954,0.041858461495243096,584,"Sir, the Diversity Committee meeting just adjourned."
135,40,50,191,281,1.4626334519572954,0.04364226530981215,584,"Yes, sir, the Diversity Committee is here to see you."
135,38,54,189,281,1.4626334519572954,0.04305587625978137,584,"Hang on, the President's focus group is just now leaving."
139,26,76,175,277,1.4620938628158844,0.03975872689421819,584,Remember that zealous sperm donor we had 40 years ago?
140,19,78,155,252,1.4603174603174602,0.03988124537200773,584,How was the ad worded for the current job opening?
141,25,69,165,259,1.4594594594594594,0.04136276729037984,584,Who authorized a 3-D printer for Accounting?
142,28,64,170,262,1.4580152671755726,0.04207172038358082,584,"Trust me, none of the guys at work are my type."
143,25,69,168,262,1.4541984732824427,0.041000042743965646,584,"Didn't you say, ""When Willard died they broke the mold?"""
143,31,57,174,262,1.4541984732824427,0.04308698506164746,584,Where should I send the diversity committee?
143,24,71,167,262,1.4541984732824427,0.04064180166065976,584,"No, I haven't found him yet, but your description was very accurate."
146,34,50,176,260,1.4538461538461538,0.04434892728626856,584,You guys are all the same.
147,27,56,160,243,1.4526748971193415,0.04406899909503097,584,"No, Mr. President, facing a different direction does not qualify as diversity."
148,30,56,171,257,1.45136186770428,0.04335073921236808,584,"Yes, Mr. Giddes, they've finally hatched"
149,22,71,162,255,1.4509803921568627,0.040670855593455776,584,The applicants are here. Our diversity initiative is not working.
150,19,72,154,245,1.4489795918367347,0.040615094442667546,584,"Yes Bernice, I DO know accountants are good at multiplication...."
151,32,50,173,255,1.4470588235294117,0.044286896801538585,584,Is it possible my online dating profile was too specific?
152,24,63,162,249,1.4457831325301205,0.042113116473484674,584,He has a scar where?
153,23,64,160,247,1.4453441295546559,0.04196628310005851,584,No sir. I wouldn't say that any candidate has stood out thus far.
154,26,57,162,245,1.4448979591836735,0.04338205524692168,584,You'll have to give me a little more to go on.
154,26,57,162,245,1.4448979591836735,0.04338205524692168,584,What kind of sperm bank only has one donor?
156,27,53,162,242,1.4421487603305785,0.04415146177081701,584,"Don't ask why, just tell me: is it a SCHOOL of accountants or a GAGGLE of accountants?"
157,29,44,160,233,1.4377682403433476,0.04619366311205121,584,"A Mr. Schrödinger to see you, sir."
157,16,70,147,233,1.4377682403433476,0.04065552640276999,584,It was unanimous.
159,7,88,139,234,1.435897435897436,0.0362229577158562,584,I distinctly ordered no moustache!
159,31,40,163,234,1.435897435897436,0.04682393862616324,584,It must have been a long delivery for their Mom.
161,19,63,150,232,1.4353448275862069,0.042109567047401,584,Doctor Schrödinger was right! We found the portal to the accounting universe!
162,28,44,158,230,1.434782608695652,0.046220704293847635,584,The diversity and inclusion meeting just let out.
162,23,54,153,230,1.434782608695652,0.044119067354627575,584,I'm pretty sure they're not from Black Lives Matter....
164,28,42,156,226,1.4336283185840708,0.0468274568330016,584,We're being audited.
165,27,43,154,224,1.4330357142857142,0.04671194108049506,584,Remember when you told Bob from accounting he was so bad at his job that you weren't even sure he knew how to multiply.
166,22,49,144,215,1.4325581395348836,0.04586157342531255,584,So far nobody really stands out.
167,24,50,153,227,1.4317180616740088,0.044957763924955436,584,"I know it’s not politically correct, but they all look the same to me."
167,32,34,161,227,1.4317180616740088,0.04830195872142058,584,Would you believe I'm looking at QUINTUPLETS ??!!
169,30,37,158,225,1.431111111111111,0.0478054552538538,584,"Yes, the Women's Reproductive Rights meeting is just breaking up now Congressman"
170,28,40,155,223,1.4304932735426008,0.04728149797222078,584,"By chance, are these guys all from Brazil ??"
171,9,77,135,221,1.4298642533936652,0.03852560782653515,584,Did you say a bald guy with glasses and a moustache?
172,8,77,132,217,1.4285714285714286,0.038407577743687776,584,"Tell central casting more hair, less mustache."
172,21,51,145,217,1.4285714285714286,0.04505379224596764,584,The witnesses in the plastic surgery malpractice case just arrived.
172,23,47,147,217,1.4285714285714286,0.04599111860739014,584,Groucho Marx Friday has been very popular.
175,27,40,153,220,1.4272727272727272,0.04730959382447203,584,"Hello, Security? Fred's gone viral."
176,15,61,138,214,1.425233644859813,0.042492579193445956,584,"You know how it goes. You've seen one, you've seen them all."
177,16,58,138,212,1.4245283018867925,0.043280602082649056,584,I told you. All men are the same.
178,22,46,145,213,1.4225352112676057,0.04610140465975354,584,They tell me it's Trump's new Diversity Initiative.
179,20,46,139,205,1.4195121951219511,0.046370400489916225,584,I'd like to place an order for name tags.
179,23,40,142,205,1.4195121951219511,0.04789244266636174,584,Maybe my Match.com ad was TOO specific.
179,17,52,136,205,1.4195121951219511,0.044796674191726546,584,"I said, 'Send in the clowns,' not the clones!"
179,23,40,142,205,1.4195121951219511,0.04789244266636174,584,Yes. I have some men here with some complaints about the new facial recognition software.
179,20,46,139,205,1.4195121951219511,0.046370400489916225,584,Did you tell accounting that there were free donuts on the fifth floor today?
184,23,41,144,208,1.4182692307692308,0.04736913972854254,584,It's not racist to say if they all really do look alike
185,27,31,146,204,1.4166666666666667,0.05001287705651842,584,The President's cabinet meeting is over.
185,15,55,134,204,1.4166666666666667,0.04383772017085473,584,My mother was right; all men really are the same.
185,15,55,134,204,1.4166666666666667,0.04383772017085473,584,"I've said it before and I'll say it again, Barbara. Men are all the same!"
188,23,38,141,202,1.4158415841584158,0.048388978090039496,584,If I've seen Juan? I've seen them all!
188,17,50,135,202,1.4158415841584158,0.045232082169012464,584,"No, really -- when you've seen one you have seen them all."
190,26,31,143,200,1.415,0.050264376427927984,584,You'll never believe this. Everyone is wearing the same tie.
191,22,38,138,198,1.4141414141414141,0.04857620134739929,584,"No, I said twenty copies of *the* bill from accounting!"
191,21,40,137,198,1.4141414141414141,0.04804553230419855,584,My personal ad may have been too specific
191,24,34,140,198,1.4141414141414141,0.04962051655557061,584,I don't recognize any of them.
194,23,35,138,196,1.413265306122449,0.04946747029699976,584,"Try ""Force Quit."" If that doesn't work, unplug the damn thing."
195,21,38,135,194,1.4123711340206186,0.048757410873295125,584,The doppel gang is here.
196,23,36,140,199,1.4120603015075377,0.04889807934111663,584,It's astounding. All the men coming out of the room are wearing the same ties.
197,23,35,139,197,1.4111675126903553,0.04926041417239565,584,I'm really not surprised that they all look alike but what are the odds that they would wear the same tie?
198,18,43,132,193,1.4093264248704662,0.047230970604934024,584,Mr. Lemming is here.
199,18,42,131,191,1.4083769633507854,0.04757746561621743,584,"I think I may have figured out what that ""Multiverse"" button on our copy machine does, Marge."
199,18,42,131,191,1.4083769633507854,0.04757746561621743,584,Can you be way way way more specific?
201,11,55,123,189,1.4074074074074074,0.043627334309253585,584,"Mm mm. I'm not sure, describe him again."
201,23,31,135,189,1.4074074074074074,0.05078180562848762,584,The guys from Xerox are here.
203,14,40,113,167,1.407185628742515,0.049640282123672844,584,It appears we have an embarrassment of Richards.
204,21,34,132,187,1.4064171122994653,0.050045203953709164,584,I don't think I'm going to fit in here.
204,17,42,128,187,1.4064171122994653,0.04769191140746939,584,Is this a metaphor or a facsimile?
206,14,45,121,180,1.4055555555555554,0.04707273597205301,584,"You were right, Mother. Men are all the same."
207,16,45,129,190,1.4052631578947368,0.04654439670295239,584,"Hurry, I believe they're collating."
208,5,64,114,183,1.4043715846994536,0.040294248419108836,584,"He's bald, with glasses and a mustache. You'll know him when you see him."
208,18,38,127,183,1.4043715846994536,0.04903332112516218,584,Go ahead and break the mold now.
208,18,38,127,183,1.4043715846994536,0.04903332112516218,584,Did you by any chance order every woman's first husband?
208,11,52,120,183,1.4043715846994536,0.04454123817232196,584,"Did you really say, ""Send in the clones?"""
212,14,48,126,188,1.4042553191489362,0.04565442890473622,584,"I'm concerned about our lack of diversity, sir."
213,16,43,127,186,1.403225806451613,0.04723018767899646,584,Tell Spielberg the Stepford husbands have arrived.
213,15,45,126,186,1.403225806451613,0.04661081408241471,584,"Who let the Dougs out? Who, who, who, who?!"
215,22,30,132,184,1.4021739130434783,0.05119129939592887,584,You're going to have to be a little more specific.
216,19,35,128,182,1.401098901098901,0.04980679697049965,584,Perhaps you'll recognize me.
216,24,25,133,182,1.401098901098901,0.052766285295972985,584,"Hey Mom, I'm going to call you back. The Senate just came out from voting on the abortion rights of women."
216,18,37,127,182,1.401098901098901,0.04919353876847533,584,Who ordered a gross of Freds?
216,17,39,126,182,1.401098901098901,0.04857253842111195,584,Jim asked that you stop cc'ing him.
216,13,47,122,182,1.401098901098901,0.04600478689321409,584,How many accountants DOES it take to change a light bulb?
221,21,30,129,180,1.4,0.05142295497102031,584,No I can't tell them apart......they are all wearing the same tie!
222,12,47,119,178,1.398876404494382,0.046004512128627884,584,"Trust me, you've seen one, you've seen them all."
223,14,44,123,181,1.3977900552486189,0.04680035967279909,584,"Hold on, I think I see someone I know"
223,9,54,118,181,1.3977900552486189,0.04339742958376902,584,"Your 9:00, 9:15, 9:30, 9:45, 10:00, 10:15, 10:30, 10:45, 11:00, 11:15, 11:30, 11:45, 12:00, 12:15, 12:30, 12:45, 1:00, 1:15, 1:30, 1:45, 2:00, 2:15, 2:30, 2:45, 3:00, 3:15, 3:30, 3:45, 4:00, 4:15, 4:30, and 4:45 are here."
223,15,42,124,181,1.3977900552486189,0.04745167035741095,584,We seem to be having a problem in the copy room.
226,19,31,124,174,1.396551724137931,0.05143542215372763,584,Bob's been at the 3D printer again.
226,14,41,119,174,1.396551724137931,0.04809780464694601,584,"Mom, I'm telling you… Men are all the same."
226,17,35,122,174,1.396551724137931,0.05012704974384207,584,"Uh, I don't think it's the toner this time."
229,13,43,119,175,1.3942857142857144,0.04718488448592695,584,I'm in the copy room.
230,16,36,121,173,1.393063583815029,0.049622745462195805,584,The Republican caucus appears to be breaking up.
231,14,36,113,163,1.392638036809816,0.05032318698102726,584,What's our policy regarding asexual harassment?
232,14,38,117,169,1.3905325443786982,0.04902000014161975,584,The meeting on diversity has just ended.
232,12,42,115,169,1.3905325443786982,0.047561283178810775,584,So tell me again about corporate's new diversity program?
232,16,34,119,169,1.3905325443786982,0.05043654597763186,584,I don't see anyone I know.
232,14,38,117,169,1.3905325443786982,0.04902000014161975,584,It's hard to decide - they seem equally qualified.
232,22,22,125,169,1.3905325443786982,0.054465580314193726,584,"No, you've never seen manspreading like this before."
237,16,33,118,167,1.3892215568862276,0.050856809557458305,584,Wait! There he is.
237,15,35,117,167,1.3892215568862276,0.05014249905490214,584,We're a 'one of a kind' company.
239,13,38,114,165,1.387878787878788,0.04907712890454762,584,They say they're looking for Waldo.
239,17,30,118,165,1.387878787878788,0.05200196055480166,584,Has our diversity committee met lately?
239,13,38,114,165,1.387878787878788,0.04907712890454762,584,"Clowns?? I thought you said ""send in the clones."""
242,15,34,117,166,1.3855421686746987,0.05030948440099925,584,You'll have to be more specific.
242,14,36,116,166,1.3855421686746987,0.04957847184581835,584,"Well, whoever they are, the cafeteria is completely out of white bread now."
242,16,32,118,166,1.3855421686746987,0.051030026169130764,584,And they all want to file for identity theft.
245,16,30,116,162,1.382716049382716,0.0519062305003203,584,Ok! Can you describe him?
245,14,34,114,162,1.382716049382716,0.050407284121933495,584,We may need to broaden the job description...
245,9,44,109,162,1.382716049382716,0.0464487686816529,584,Middle management training is complete.
245,10,42,110,162,1.382716049382716,0.047267000625629135,584,"I thought you said, ""Send in the Clones"""
245,11,40,111,162,1.382716049382716,0.0480713072866211,584,Well at least there's never a line for the ladies' room
245,18,26,118,162,1.382716049382716,0.05336308871266198,584,"I am not sure,they are all wearing same ties."
251,11,39,110,160,1.38125,0.04846047715316007,584,"Honestly, they're all just cut from the same mold."
251,13,35,112,160,1.38125,0.05005647361045786,584,"No, I haven't seen him come out yet."
251,11,39,110,160,1.38125,0.04846047715316007,584,You weren't kidding when you said they all respond to Phil.
254,15,30,113,158,1.379746835443038,0.05205414832221643,584,"Yes, the diversity committee meeting is just breaking up now."
254,11,38,109,158,1.379746835443038,0.04885828217628529,584,someone's fooling with the 3-D printer again
254,10,40,108,158,1.379746835443038,0.04802609792741931,584,I hope you also told him to be looking for me.
254,16,28,114,158,1.379746835443038,0.05282291181518447,584,The Xerox is doing that thing again.
254,12,36,110,158,1.379746835443038,0.049676527578937764,584,"Order 500 pocket pen protectors, quickly!"
259,11,37,108,156,1.3782051282051282,0.049265027196890895,584,Men they're all alike.
259,13,33,110,156,1.3782051282051282,0.05091629284019001,584,Someone let the Dougs out.
259,15,29,112,156,1.3782051282051282,0.05251566288704322,584,"Sir, a team from the sperm donation center are here to see you."
262,17,26,116,159,1.3773584905660377,0.05329613578454291,584,"Alexa, off."
262,15,30,114,159,1.3773584905660377,0.051780837167473635,584,I asked for clowns!
264,7,35,88,130,1.376923076923077,0.05153040636950571,584,Men? They're all the same.
265,17,24,113,154,1.3766233766233766,0.054566469005798854,584,Did you say 'Where's Baldo'?
265,13,32,109,154,1.3766233766233766,0.051361170045729584,584,"Yes, the auditors are here."
265,12,34,108,154,1.3766233766233766,0.05052808477117192,584,We're just starting to try free-range middle management.
268,12,33,107,152,1.375,0.050968743625568295,584,"Sir, the candidates for your diversity team are here and I think we may have a tiny problem."
268,14,29,109,152,1.375,0.05265063701656668,584,Ed's making personal copies again.
268,13,31,108,152,1.375,0.05181651476613981,584,I think we need to re-examine our workplace diversity policy.
268,11,29,96,136,1.375,0.054169808858081946,584,The fourth floor men's room is overflowing.
268,13,31,108,152,1.375,0.05181651476613981,584,Congress just let out
273,14,28,108,150,1.3733333333333333,0.0531316095594452,584,The vote was unanimous.
273,14,28,108,150,1.3733333333333333,0.0531316095594452,584,Which one am I laying off?
275,10,33,100,143,1.3706293706293706,0.05126040808888811,584,"Sir, all the applicants seem equally qualified."
276,11,33,105,149,1.3691275167785235,0.05070605538808242,584,"Yes sir, we do have several candidates that appear to fit our corporate culture."
276,17,21,111,149,1.3691275167785235,0.055814625166012814,584,I don't think they're quintuplets exactly.
276,9,37,103,149,1.3691275167785235,0.048884707321256125,584,Please send over a maintenance man for our 3D printer.
279,11,32,104,147,1.3673469387755102,0.05115535224835309,584,"If you can describe him to me, I'll put him on."
279,11,32,104,147,1.3673469387755102,0.05115535224835309,584,Hold on. There he is.
279,13,28,106,147,1.3673469387755102,0.052945689001883706,584,You can't miss me. I'm the one wearing a coat.
279,10,34,103,147,1.3673469387755102,0.050236262834107495,584,He's a thousand times the man you'll ever be.
283,17,19,109,145,1.3655172413793104,0.05691106281920519,584,"There's no one to lead them to the precipice, sir."
283,13,27,105,145,1.3655172413793104,0.053439005499348616,584,"I have to call you back, my company is going through an identity crisis."
283,6,41,98,145,1.3655172413793104,0.04674643541991436,584,All the eggs have hatched!
286,16,22,110,148,1.364864864864865,0.055202454314721164,584,The spray didn't work. Let's try the traps.
287,12,28,103,143,1.3636363636363635,0.05302385368801995,584,"No, one hundred ""hot dogs"" not Franks."
287,12,28,103,143,1.3636363636363635,0.05302385368801995,584,"Yeah, the Republican National Convention is getting out just now."
287,14,24,105,143,1.3636363636363635,0.054849933203310434,584,"The Republicans are here, where is the cliff?"
287,8,36,99,143,1.3636363636363635,0.04916865703850783,584,Where did you say his mole is?
291,13,25,103,141,1.3617021276595744,0.054463019014654,584,They're just coming out. What does he look like?
292,11,26,96,133,1.3609022556390977,0.05477677505998263,584,I think it's a family owned business.
293,11,28,100,139,1.3597122302158273,0.05306495356348922,584,"Send someone over here right away, Farnsworth fell into the the 3D printer again."
293,12,26,101,139,1.3597122302158273,0.05403844660286396,584,"i'm going into a diversity training session, can I call you back?"
293,14,22,103,139,1.3597122302158273,0.0559346273819823,584,Bring in the witness- I'm sending over the first five for a lineup.
293,15,20,104,139,1.3597122302158273,0.05685900944368022,584,We've found the three million fake voters.
293,11,28,100,139,1.3597122302158273,0.05306495356348922,584,They've all come to file identity theft reports.
293,10,30,99,139,1.3597122302158273,0.05207326456196073,584,"Hello. Schwartz, Schwartz, Schwartz, Schwartz, Schwartz, Schwartz, Schwartz, Schwartz, Schwartz, Schwartz, Schwartz, and Schwartz. May I help you?"
293,11,28,100,139,1.3597122302158273,0.05306495356348922,584,"Sir, your diversity council has arrived."
300,10,29,98,137,1.3576642335766422,0.0525613039177426,584,"Sir, the new iPhils have been delivered."
300,8,33,96,137,1.3576642335766422,0.050477779820647356,584,I think I see him: Bald; mustache; glasses?
300,8,33,96,137,1.3576642335766422,0.050477779820647356,584,The candidates for the college professor position are arriving.
300,11,27,99,137,1.3576642335766422,0.05357268778481325,584,The 3-D printer is acting up again.
300,11,27,99,137,1.3576642335766422,0.05357268778481325,584,"I can't quite put my finger on it but sometimes I just don't feel I really fit in here at Jones, Jones, Jones, Jones, Jones, Jones & Jones."
300,12,25,100,137,1.3576642335766422,0.054565328583678976,584,The team from Xerox is here.
300,8,33,96,137,1.3576642335766422,0.050477779820647356,584,Are you sure you sent me to the right audition?
307,11,26,98,135,1.3555555555555556,0.05409353186649751,584,I see what you mean by the company's lack of diversity.
307,9,30,96,135,1.3555555555555556,0.052009552495332005,584,"Yes, Mr. Edwards, do you remember that sperm donation of yours many years ago? Well . . ."
307,9,30,96,135,1.3555555555555556,0.052009552495332005,584,I told you our head hunter lacked imagination.
307,11,26,98,135,1.3555555555555556,0.05409353186649751,584,"Yes. Only it isn't John Malkovitch, it's the IT guy."
311,15,19,104,138,1.355072463768116,0.05708153430881167,584,"They just finished the national female dress code and the education limit for black youth, and now they're going to take a short break."
312,11,25,97,133,1.3533834586466165,0.05462802059023609,584,He's repeating himself again.
312,10,27,96,133,1.3533834586466165,0.053575175847163696,584,It's the worst case of identity theft I've ever seen.
312,12,23,98,133,1.3533834586466165,0.0556609539997295,584,The fall spawn has commenced. Prepare the 45th floor.
312,13,21,99,133,1.3533834586466165,0.05667506477025632,584,I can't tell which one you want. They're all wearing the same shoes.
312,13,21,99,133,1.3533834586466165,0.05667506477025632,584,"No, I don't see him."
312,12,23,98,133,1.3533834586466165,0.0556609539997295,584,Tell President Trump I found the 5 million fraudulent voters.
312,15,17,101,133,1.3533834586466165,0.05865070587655565,584,It's amazing. You should see these guys. They're all wearing identical Trump ties.
319,8,32,96,136,1.3529411764705883,0.05062723328375709,584,"No, we wanted 100 copies of Wilson's REPORT"
320,10,26,95,131,1.3511450381679388,0.054102037219083784,584,One is pigeon-toed. Is that significant?
320,8,30,93,131,1.3511450381679388,0.05188594036020284,584,How is it racist to say they all look the same?
320,6,34,91,131,1.3511450381679388,0.04957087030575442,584,This is not going to help our diversity statistics.
320,6,34,91,131,1.3511450381679388,0.04957087030575442,584,"Yeah, I think the interview went well, but I'm not sure I fit in to their corporate culture."
320,12,22,97,131,1.3511450381679388,0.056230863904511805,584,I'm pretty sure he isn't here.
320,10,26,95,131,1.3511450381679388,0.054102037219083784,584,Can you give me any other distinguishing features?
320,11,24,96,131,1.3511450381679388,0.05517671830900627,584,"When I said I needed a hundred copies of the bill, I wasn't talking about that Bill."
320,6,34,91,131,1.3511450381679388,0.04957087030575442,584,"Bald, myopic, and has a mustache? Yeah, I think I see him."
320,9,28,94,131,1.3511450381679388,0.05300557158600242,584,The speech was going well until he started repeating himself.
320,13,20,98,131,1.3511450381679388,0.05726560806927688,584,I sent the e-mail and copied Stan.
330,10,25,94,129,1.3488372093023255,0.05464291542585924,584,Our meetings take so long because Harry always repeats himself!
330,12,21,96,129,1.3488372093023255,0.0568163380398025,584,And remember to bring the name tags.
330,7,31,91,129,1.3488372093023255,0.05121011729350314,584,I've got the average focus group you requested.
330,6,33,90,129,1.3488372093023255,0.05001351899443387,584,Our diversity program looks better on paper.
330,5,35,89,129,1.3488372093023255,0.04878758091152753,584,"To other sheep, each sheep looks different."
330,9,27,93,129,1.3488372093023255,0.053523118138145254,584,Are you sure this is the Women's Health Committee?
330,9,27,93,129,1.3488372093023255,0.053523118138145254,584,Could you let HR know that our problem in Accounting has multiplied?
330,7,31,91,129,1.3488372093023255,0.05121011729350314,584,I think I'm going to need a better description of Mr. Beavis if I'm going to find him in the Accounting Department.
330,6,33,90,129,1.3488372093023255,0.05001351899443387,584,I just don’t know how we’re going to pay all the Bills.
330,8,29,92,129,1.3488372093023255,0.05237938663464953,584,Describe him to me.
330,4,37,88,129,1.3488372093023255,0.04753003282337488,584,"Yes Sir, our meeting is just breaking up and yes I believe I managed to stand out in the crowd, no worries."
330,8,29,92,129,1.3488372093023255,0.05237938663464953,584,Tech support? The 3D printer is on the fritz again.
330,10,25,94,129,1.3488372093023255,0.05464291542585924,584,I just can't get enough of him!
330,13,19,97,129,1.3488372093023255,0.05787244853348492,584,"I swiped right, and I *thought* the screen froze, so I kept swiping . . ."
330,7,31,91,129,1.3488372093023255,0.05121011729350314,584,This job does tend to attract a certain type.
330,13,19,97,129,1.3488372093023255,0.05787244853348492,584,The guys from Xerox are here.
330,8,29,92,129,1.3488372093023255,0.05237938663464953,584,"Mr. Lemming has arrived for his interview, sir."
347,11,21,92,124,1.346774193548387,0.05730684823191831,584,I'm much better with names.
347,11,21,92,124,1.346774193548387,0.05730684823191831,584,"Maybe working at Xerox isn't for me, after all."
349,10,25,95,130,1.3461538461538463,0.05428731451982511,584,I'm having difficulty blending in.
350,10,22,90,122,1.3442622950819672,0.05674942701835997,584,We built a wall but they built a door.
351,8,28,92,128,1.34375,0.052540643247997884,584,I have an inexplicable urge to file my income taxes.
351,11,22,95,128,1.34375,0.055942950235953436,584,"You were right mom, all men are alike/"
351,10,24,94,128,1.34375,0.054832309681786796,584,I think we're finally ready for the iPhone face test.
351,12,20,96,128,1.34375,0.05703196627475993,584,"Yes sir, all 48 of them wearing the same tie."
351,11,22,95,128,1.34375,0.055942950235953436,584,We may have been too restrictive in our focus group.
351,7,30,91,128,1.34375,0.05135647667870523,584,"If you've seen one, you've seen them all."
351,3,38,87,128,1.34375,0.04631804953361514,584,"The candidates all looked the same on paper, so we thought personal interviews might help."
351,9,26,93,128,1.34375,0.05369870286120865,584,The 3-D printer is stuck on 'Sheldon' again.
351,11,22,95,128,1.34375,0.055942950235953436,584,What do you mean I can't miss him?
351,9,26,93,128,1.34375,0.05369870286120865,584,"I'll have to call you back, Cheryl. The accountants broke out of their pen again."
351,10,24,94,128,1.34375,0.054832309681786796,584,Um... the virus may have got the IT guy
351,8,28,92,128,1.34375,0.052540643247997884,584,"Yes, we're going to need some name tags."
351,10,24,94,128,1.34375,0.054832309681786796,584,"Yes Mr. Trump, the diversity hires are here."
351,7,30,91,128,1.34375,0.05135647667870523,584,I think we may have a hard time choosing the right applicant.
351,10,24,94,128,1.34375,0.054832309681786796,584,"Hello, Quality Control? The 3D printer is stuck again"
366,11,21,94,126,1.3412698412698412,0.05652665999775139,584,It's that guy with the multiple personality disorder again.
366,9,25,92,126,1.3412698412698412,0.05423370756764775,584,"Yes, he's all here now."
366,9,25,92,126,1.3412698412698412,0.05423370756764775,584,I think I see him... is he wearing a tie?
366,9,25,92,126,1.3412698412698412,0.05423370756764775,584,We need to call maintenance. The 3D Printer is glitching again.
366,7,29,90,126,1.3412698412698412,0.051839432699103474,584,Same old same old sir.
366,10,23,93,126,1.3412698412698412,0.05539204964177855,584,Hold on. I think our diversity training seminar just let out.
366,7,29,90,126,1.3412698412698412,0.051839432699103474,584,Men they're all alike.
373,8,26,90,124,1.3387096774193548,0.05357296444629326,584,We have a code Carl. I repeat it's a code Carl.
373,10,22,92,124,1.3387096774193548,0.055967161860208725,584,Can you give me something other than a physical description?
373,11,20,93,124,1.3387096774193548,0.05712664483626097,584,"Not only that, but when I asked, ""What sets you apart from others,"" they all said the same thing."
373,8,26,90,124,1.3387096774193548,0.05357296444629326,584,"Not only that, but they all have to go to the bathroom at the same time."
373,6,30,88,124,1.3387096774193548,0.05106664109221206,584,Central Casting. Please hold.
373,9,24,91,124,1.3387096774193548,0.05478314396897372,584,"Sir, the dodecatuplets are here."
373,5,32,87,124,1.3387096774193548,0.049766168115289944,584,Better send that repair guy for the 3-D printer again.
373,8,26,90,124,1.3387096774193548,0.05357296444629326,584,Are you sure he doesn't have a mustache?
381,7,27,88,122,1.3360655737704918,0.052843101792820854,584,I know I said I needed more employees like Henry...
381,4,33,85,122,1.3360655737704918,0.04884613000468669,584,"I'm telling you, Jen, if you've seen one man, you've seen them all."
381,13,15,94,122,1.3360655737704918,0.06004407871214091,584,"Meeting to vote on the future of women's health care, adjourned."
381,10,21,91,122,1.3360655737704918,0.05655830971429486,584,"Yes, the accountants meeting is over."
381,12,17,93,122,1.3360655737704918,0.058905079505131665,584,Remember when Pete called space-time his 'plaything' and we laughed it off?
381,8,25,89,122,1.3360655737704918,0.054109854961645554,584,"Call I.T. Someone left the 3-D printer on the ""Myron"" setting again."
381,8,25,89,122,1.3360655737704918,0.054109854961645554,584,...and that's the last time I have a three-martini lunch.
381,12,17,93,122,1.3360655737704918,0.058905079505131665,584,They all want vanilla ice cream.
381,10,21,91,122,1.3360655737704918,0.05655830971429486,584,"No no, not an embarrassment of riches, an embarrassment of Riches!"
381,6,29,87,122,1.3360655737704918,0.051545226842090196,584,Remember last tax season you prayed for a clone of Vern from Accounting? Answered.
381,11,19,92,122,1.3360655737704918,0.057743617782591274,584,"We've got big trouble, the accountants have learned to multiply!"
381,8,25,89,122,1.3360655737704918,0.054109854961645554,584,"Sir, I think the copies are ready."
381,7,27,88,122,1.3360655737704918,0.052843101792820854,584,"Stacy, your ex-husbands are here. Do you want me to call security?"
381,9,23,90,122,1.3360655737704918,0.055347623262920774,584,Orientation was a success.
395,10,20,90,120,1.3333333333333333,0.05716619504750294,584,"Hello, Mr. Trump? The women's health experts are here."
395,9,22,89,120,1.3333333333333333,0.05592779124728766,584,"They're older how, but it's them! All the Waldos."
395,10,20,90,120,1.3333333333333333,0.05716619504750294,584,"You can't imagine how many nameless, faceless bureaucrats we'd have to go through."
395,10,20,90,120,1.3333333333333333,0.05716619504750294,584,It's Mister Shapiro. He's gone viral.
395,8,24,88,120,1.3333333333333333,0.05466133744605251,584,"CLOWNS, CLOWNS! I said ""send in the clowns."""
395,13,14,93,120,1.3333333333333333,0.06073007429137594,584,"Actually, it should be pretty easy to find Waldo."
395,7,27,89,123,1.3333333333333333,0.05248289029813371,584,This isn't quite what I had in mind when I said I could use a few dozen more just like him.
395,10,20,90,120,1.3333333333333333,0.05716619504750294,584,Looks like Alan Greenspan was quite a sperm donor.
395,11,18,91,120,1.3333333333333333,0.05837833398289226,584,Phones. I ordered phones.
395,11,18,91,120,1.3333333333333333,0.05837833398289226,584,Fire everyone in the Diversity Department.
395,9,23,91,123,1.3333333333333333,0.054963750023952554,584,The cloning machine is out of toner.
395,12,17,94,123,1.3333333333333333,0.058488066138913795,584,".....so, you're saying he has a mole on the right side of his penis?"
395,11,18,91,120,1.3333333333333333,0.05837833398289226,584,I take it back. You weren't being prejudiced. They DO all look alike.
395,7,26,87,120,1.3333333333333333,0.05336483663408199,584,"If you've seen one, you've seen them all."
395,15,10,95,120,1.3333333333333333,0.0629940788348712,584,"Oh my gosh! They all just met their father, the world's most prolific sperm donor,"
395,12,16,92,120,1.3333333333333333,0.05956581151152964,584,I don't care if you sprayed. I know what I'm looking at.
411,8,24,89,121,1.3305785123966942,0.05427766303131831,584,"Some men who say their name is Todd are here to see you, sir."
411,11,18,92,121,1.3305785123966942,0.057959363735613986,584,"Yes, I'm standing in front of the Copy Room."
411,5,30,86,121,1.3305785123966942,0.05032734409489011,584,"No, no. I said 'phone' Larry in tech support."
411,7,26,88,121,1.3305785123966942,0.052993619024457865,584,The most curious thing is that they can't stand each other.
411,6,28,87,121,1.3305785123966942,0.051677680002854484,584,Get I.T. up to the 3rd floor.............Johnson is playing with the 3D printer again
411,10,20,91,121,1.3305785123966942,0.05675867156483889,584,"Sir, I don't think we'll fill our diversity quota"
417,5,29,84,118,1.3305084745762712,0.05114236753019143,584,"Yes sir, I think Smith has taken multitasking to a whole new level..."
417,10,19,89,118,1.3305084745762712,0.0577915609307643,584,"It could go either way, sir. The lead ones are still probing their new freedom."
419,8,21,83,112,1.3303571428571428,0.05727116186073789,584,The 1981 Chippendale's calendar reunion.
420,7,24,85,116,1.3275862068965518,0.05445086649369201,584,"No, no, I definitely see him now."
421,7,23,84,114,1.3245614035087718,0.05501635447956964,584,"Did you really tell Ralph we could use 1,0000 more like him?"
421,8,21,85,114,1.3245614035087718,0.056409703556627944,584,"Neds here. No, no apostrophe."
421,12,13,89,114,1.3245614035087718,0.06166908654947441,584,"Many members of the President's cabinet, but no, I have not spotted Waldo yet."
421,9,19,86,114,1.3245614035087718,0.05776945603406374,584,"Yes, the team from Xerox is here."
421,10,17,87,114,1.3245614035087718,0.05909793097559849,584,"I'm telling you, all white guys look alike to me."
421,9,19,86,114,1.3245614035087718,0.05776945603406374,584,"Oh, for Pete's sake, I said send in the clowns, NOT clones!"
427,6,21,75,102,1.3235294117647058,0.05772117945380879,584,Um... Mr. Sondheim? It appears they've sent in the clones.
427,6,21,75,102,1.3235294117647058,0.05772117945380879,584,Everyone will have the turkey sandwich.
429,3,31,81,115,1.3217391304347825,0.04870218981939781,584,Men? They're all the same.
429,7,23,85,115,1.3217391304347825,0.05460883168857887,584,"I'll try to find him, can you tell me what he looks like?"
429,5,27,83,115,1.3217391304347825,0.05173986756649167,584,Remember when you said we needed a hundred more just like him?
429,9,19,87,115,1.3217391304347825,0.05733441463017632,584,We need service on our 3-D copier ASAP!
433,9,18,85,112,1.3214285714285714,0.05841961680067185,584,"I don't care if it's mandatory, Gail, I am NOT going in there!"
433,7,22,83,112,1.3214285714285714,0.055597673560923565,584,You better make that two border collies.
433,7,22,83,112,1.3214285714285714,0.055597673560923565,584,"No, I said, ""Send in the clowns!"" [ clowns italic ]"
433,4,28,80,112,1.3214285714285714,0.05107323979112287,584,The diversity meeting is just letting out.
437,6,22,78,106,1.320754716981132,0.056152740312667544,584,The break room is crawling with ineffective middle managers. I thought we sprayed for them just last week?
438,6,23,81,110,1.3181818181818181,0.05469121475257513,584,Hello? Margaret? What was inside that cigarette you left on the table?
438,9,17,84,110,1.3181818181818181,0.05908930516845475,584,"Yes, this is the sperm donor bank reunion..."
438,8,19,83,110,1.3181818181818181,0.05766056116530558,584,"My goodness, I'd never realized, all white men really do look alike!"
438,5,25,80,110,1.3181818181818181,0.053144362821652726,584,The applicants for the John Doe position are here.
438,6,23,81,110,1.3181818181818181,0.05469121475257513,584,"That's right: 45 tuna sandwiches, all no crusts, all extra pickle."
438,7,21,82,110,1.3181818181818181,0.056195503757018844,584,Same here.
438,6,23,81,110,1.3181818181818181,0.05469121475257513,584,"But, Mary Beth, you told me he was single!"
438,9,17,84,110,1.3181818181818181,0.05908930516845475,584,"Yes, it's customer appreciation day here at the sperm bank."
438,9,17,84,110,1.3181818181818181,0.05908930516845475,584,"No, I ordered 40 subs--not 40 shlubs."
438,9,17,84,110,1.3181818181818181,0.05908930516845475,584,"Clowns, not clones!"
438,8,19,83,110,1.3181818181818181,0.05766056116530558,584,They have sent in the clones.
438,10,15,85,110,1.3181818181818181,0.06048430917753464,584,"So, what does he look like?"
438,9,17,84,110,1.3181818181818181,0.05908930516845475,584,"Yes, the copier is broken, but we'll never have to hire another accountant"
438,7,21,82,110,1.3181818181818181,0.056195503757018844,584,I was joking when I said I wish we could clone Carl!
438,8,19,83,110,1.3181818181818181,0.05766056116530558,584,"Oh, Larry's been made redundant."
453,12,10,86,108,1.3148148148148149,0.06397492714258148,584,The diversity task force meeting just ended.
453,10,14,84,108,1.3148148148148149,0.061209891111177334,584,It’s like I still see him everywhere.
453,7,20,81,108,1.3148148148148149,0.05681056213643335,584,You shouldn't have told that funny little man you helped that you wished we had more employees like Alfred
453,6,22,80,108,1.3148148148148149,0.05526635236497289,584,He can't talk right now -- he's beside himself.
453,5,24,79,108,1.3148148148148149,0.05367773688598593,584,Can you describe him one more time?
453,9,16,83,108,1.3148148148148149,0.059779432109329844,584,". . . "". . . and so I said to myself, 'You know, Smithers is really our best employee, I wish we had a hundred like him,' and before I knew it ..."""
453,9,16,83,108,1.3148148148148149,0.059779432109329844,584,I think we may have a problem with the 3-D printer.
453,6,22,80,108,1.3148148148148149,0.05526635236497289,584,The meeting just let out. Looks like everyone is aligned.
453,8,18,82,108,1.3148148148148149,0.0583138940286598,584,Is it racist if I say they all look the same to me?
453,3,28,77,108,1.3148148148148149,0.05035036150957323,584,"Yes, I admit there's some redundancy in accounting."
453,7,20,81,108,1.3148148148148149,0.05681056213643335,584,At the staff meeting you did say you wished you had a hundred just like him.
453,8,18,82,108,1.3148148148148149,0.0583138940286598,584,Good news and bad news on that secret cloning project...
453,7,20,81,108,1.3148148148148149,0.05681056213643335,584,But they're all exactly what we're looking for.
453,8,18,82,108,1.3148148148148149,0.0583138940286598,584,How do you turn off the 3-D printer?
453,10,14,84,108,1.3148148148148149,0.061209891111177334,584,We might need to bring back that diversity initiative.
453,6,22,80,108,1.3148148148148149,0.05526635236497289,584,On second thought maybe we should add name tags to the dress code.
453,6,22,80,108,1.3148148148148149,0.05526635236497289,584,"You can't imagine how many nameless, faceless bureaucrats we'd have to go through."
453,7,20,81,108,1.3148148148148149,0.05681056213643335,584,"Now I see it, Joyce. Men are all the same."
453,7,20,81,108,1.3148148148148149,0.05681056213643335,584,"I dunno yet, I'm looking for that candidate that really stands out from the crowd."
453,8,18,82,108,1.3148148148148149,0.0583138940286598,584,Better get down here. The Accounting Department is staging a walkout!
453,9,16,83,108,1.3148148148148149,0.059779432109329844,584,The candidates for the Silicon Valley CEO position are coming out now.
453,7,20,81,108,1.3148148148148149,0.05681056213643335,584,Where do I send the group here for diversity training?
453,12,10,86,108,1.3148148148148149,0.06397492714258148,584,The Equifax Team is here looking The Equifax Fraud Team is here.....
453,6,22,80,108,1.3148148148148149,0.05526635236497289,584,Is this the person who placed my ad in the newspaper? I said we needed to staff a 'Greek' restaurant. 'Greek'!
453,11,12,85,108,1.3148148148148149,0.06260767553878994,584,They all claim to be Spartacus!
453,7,20,81,108,1.3148148148148149,0.05681056213643335,584,Everybody and their brother showed up for the interview.
453,9,16,83,108,1.3148148148148149,0.059779432109329844,584,The Department of Redundancy Department candidates are here.
453,8,18,82,108,1.3148148148148149,0.0583138940286598,584,"Um, I think we have a situation in the copy room."
453,7,20,81,108,1.3148148148148149,0.05681056213643335,584,We can expect a thorough audit this year.
453,9,16,83,108,1.3148148148148149,0.059779432109329844,584,"Remember when Clyde retired, and you promised me we'd never see the likes of him again?"
453,6,22,80,108,1.3148148148148149,0.05526635236497289,584,"So, how many ""yes men"" did you order?"
453,6,22,80,108,1.3148148148148149,0.05526635236497289,584,I'd like to report a flood of insurance adjusters.
485,7,19,79,105,1.3142857142857143,0.0579160149081082,584,I don't think putting it to a group vote will be necessary.
485,7,19,79,105,1.3142857142857143,0.0579160149081082,584,President Trump fired them all as their ties are too short.
487,7,18,77,102,1.3137254901960784,0.0590818117929164,584,Hello? Copier repair?
487,7,18,77,102,1.3137254901960784,0.0590818117929164,584,The White House diversity task force just arrived.
489,9,16,84,109,1.311926605504587,0.05929883617634653,584,Congress is out of session.
489,7,20,82,109,1.311926605504587,0.05636100284109719,584,HR always sends us the same type candidate!
489,7,20,82,109,1.311926605504587,0.05636100284109719,584,"Well, not exactly alike. Close enough though and there's enough of them for all the new jobs. No, no one will notice when any of them are fired. Yes, Sir, you're welcome."
489,8,18,83,109,1.311926605504587,0.05784857220849686,584,"How many donations did you say you made at the sperm clinic, sir?"
493,7,19,80,106,1.3113207547169812,0.05744360498184231,584,Our job description was way too precise!
493,5,23,78,106,1.3113207547169812,0.054225259009760544,584,"You were right, Mom! There are plenty of men out there!"
493,9,15,82,106,1.3113207547169812,0.060490964547974105,584,I think our job posting may be a bit too specific.
493,5,23,78,106,1.3113207547169812,0.054225259009760544,584,"Get me Alice, in duplicating."
493,4,25,77,106,1.3113207547169812,0.05254221346078271,584,"Well, I guess it depends upon what you mean by diversity."
493,2,29,75,106,1.3113207547169812,0.04900301171075237,584,They're coming out now. He's the bald one with the mustache and glasses.
493,10,13,83,106,1.3113207547169812,0.06195846440367467,584,"Hello, Xerox tech support? We have a major malfunction."
493,7,19,80,106,1.3113207547169812,0.05744360498184231,584,We're looking for our sperm donor.
493,6,21,79,106,1.3113207547169812,0.055857615720622894,584,Should I send in the next replicant?
493,8,17,81,106,1.3113207547169812,0.05898696697260421,584,"""Yes, he's all here""."
493,7,19,80,106,1.3113207547169812,0.05744360498184231,584,I can't find Waldo.
493,4,25,77,106,1.3113207547169812,0.05254221346078271,584,"Okay, send in the bald headed guy with the glasses and mustache."
493,6,21,79,106,1.3113207547169812,0.055857615720622894,584,I think they're all on the same page now.
493,7,19,80,106,1.3113207547169812,0.05744360498184231,584,What's he look like?
493,9,15,82,106,1.3113207547169812,0.060490964547974105,584,Hello? I have a few questions about our new copier.
493,6,21,79,106,1.3113207547169812,0.055857615720622894,584,"...and while we'd love the Audubon Society's support, this is the Bald LEGAL foundation..."
493,7,19,80,106,1.3113207547169812,0.05744360498184231,584,Looks like the lab guys might have solved our staffing problem.
493,6,21,79,106,1.3113207547169812,0.055857615720622894,584,"I quit, if it’s all the same to you."
493,6,21,79,106,1.3113207547169812,0.055857615720622894,584,We need to talk about our workplace diversity policy.
493,10,13,83,106,1.3113207547169812,0.06195846440367467,584,The anti-diversity protesters are here.
493,7,19,80,106,1.3113207547169812,0.05744360498184231,584,"We have a number of qualified applicants, but no one's standing out."
493,9,15,82,106,1.3113207547169812,0.060490964547974105,584,And the boss says we don't need to work on our diversity hiring!
493,7,19,80,106,1.3113207547169812,0.05744360498184231,584,"I'm going to need name tags, stat!"
493,9,15,82,106,1.3113207547169812,0.060490964547974105,584,Looks like the President's campaign rally just let out.
493,6,21,79,106,1.3113207547169812,0.055857615720622894,584,"Chief, I'm thinking fingerprints instead of line-ups."
493,4,25,77,106,1.3113207547169812,0.05254221346078271,584,"No question, it's going to be a tough choice."
493,6,21,79,106,1.3113207547169812,0.055857615720622894,584,"As I said before: ""all men are alike""."
493,6,21,79,106,1.3113207547169812,0.055857615720622894,584,"Betsy, I'll have to call you back. My sexual fantasy has just come true."
493,9,15,82,106,1.3113207547169812,0.060490964547974105,584,The 3 D printer is working as expected.
522,5,22,76,103,1.3106796116504855,0.05523968887866249,584,"I don't know, they're all looking for the men's room."
523,6,21,80,107,1.308411214953271,0.05540956171781514,584,Looks like we have another problem in the copy room.
523,6,21,80,107,1.308411214953271,0.05540956171781514,584,The good news is that today's turnout is exceptional.
525,7,18,79,104,1.3076923076923077,0.05809543003722783,584,Is the 3D copier still under warranty?
525,9,14,81,104,1.3076923076923077,0.06122492944857226,584,"Ok, but what does he look like?"
525,8,16,80,104,1.3076923076923077,0.05968069611353861,584,Send up name tags.
525,3,26,75,104,1.3076923076923077,0.05126649004628654,584,Does he wear glasses and a moustache?
525,9,14,81,104,1.3076923076923077,0.06122492944857226,584,Jones is metastasising!
530,9,13,79,101,1.306930693069307,0.06252536001523543,584,I need more than your husband looks like a boring accountant.
531,8,15,79,102,1.303921568627451,0.06039605208464448,584,"He just seems a bit ""all over the place""."
531,6,19,77,102,1.303921568627451,0.05709123387947828,584,Yes sir. I'll bring him upstairs. What does he look like?
531,7,17,78,102,1.303921568627451,0.05876687882341709,584,Come quickly! The 3D printer has gone rogue.
531,4,23,75,102,1.303921568627451,0.053582971776036166,584,"Tall, balding guy with glasses? Yup, I see him now."
535,2,26,71,99,1.303030303030303,0.050669696583201834,584,"Bob, we really need to talk about our diversity policy."
535,5,20,74,99,1.303030303030303,0.0564433108675554,584,It worked
535,3,24,72,99,1.303030303030303,0.05266461065193263,584,I said I needed clowns not clones!
535,8,14,77,99,1.303030303030303,0.06167881752716453,584,"Well, I still have a lot more interviews to conduct, but so far none of the candidates really seem to stick out."
535,6,18,75,99,1.303030303030303,0.05824079674057883,584,"Hello, IT department? The second floor copier is acting up again."
535,5,20,74,99,1.303030303030303,0.0564433108675554,584,Sorry but not a single applicant stands out in this group.
535,8,14,77,99,1.303030303030303,0.06167881752716453,584,The copier seems to be working again
535,5,20,74,99,1.303030303030303,0.0564433108675554,584,I think we were way too specific on the recruiting site.
535,7,16,76,99,1.303030303030303,0.059984443552168906,584,Yes Lord Vader - the Norm Troopers are ready.
535,4,22,73,99,1.303030303030303,0.05458666758839174,584,"The ¨Individual Management Styles"" seminar is just ending. Did you need to speak to them?"
535,6,18,75,99,1.303030303030303,0.05824079674057883,584,"I think they like it, but one and a half baths will never do."
535,3,24,72,99,1.303030303030303,0.05266461065193263,584,We’ve been duped!
547,5,20,75,100,1.3,0.05595813731096785,584,"...no, nothing in the mail today. Just a lot of Bills."
547,4,22,74,100,1.3,0.054122942725732585,584,Dr. Smithers? I think I'm ready to sign the consent for that cataract surgery.
549,9,11,77,97,1.2989690721649485,0.06415748660222884,584,George Cloney is here for his audition.
549,9,11,77,97,1.2989690721649485,0.06415748660222884,584,"Well,it looks like Smithers finally blew himself into smithereens"
549,5,19,73,97,1.2989690721649485,0.05707080302488788,584,"Hey Karen, call the I.T. guy; the copy machine is on the fritz again"
549,6,17,74,97,1.2989690721649485,0.05892243367519672,584,"One moment, I'll see if he is here."
549,5,19,73,97,1.2989690721649485,0.05707080302488788,584,It looks like the decision was unanimous.
549,9,11,77,97,1.2989690721649485,0.06415748660222884,584,I don't think it's liberal nonsense to want more diversity.
549,7,15,75,97,1.2989690721649485,0.06071762365664818,584,"Oh, my exes just showed up. You may be right about me having a type."
549,9,11,77,97,1.2989690721649485,0.06415748660222884,584,Push the stop button on the 3-D printer NOW!
549,5,19,73,97,1.2989690721649485,0.05707080302488788,584,Please let him know that the members from his Women and Minorities in America advisory group have arrived
549,5,19,73,97,1.2989690721649485,0.05707080302488788,584,"Mr. Dorfman says he accidentally hit ""Replicate All"" on his new IPhone X..."
549,7,15,75,97,1.2989690721649485,0.06071762365664818,584,Describe him again
549,6,17,74,97,1.2989690721649485,0.05892243367519672,584,"Bob 1, 2, 3, 4, 5, 6, 7 and 8 are here for their meeting. And possibly Bob 9 through 99."
549,11,7,79,97,1.2989690721649485,0.06742207614513206,584,I think I'm at the wrong audition.
549,5,19,73,97,1.2989690721649485,0.05707080302488788,584,They decided to keep the status-quo.
549,7,15,75,97,1.2989690721649485,0.06071762365664818,584,Better get IT up to four. Bob's playing around with the 3D printer again.
549,8,13,76,97,1.2989690721649485,0.06246123961956541,584,"Quick, send in the clones! Oh...don't bother. They're here."
549,9,11,77,97,1.2989690721649485,0.06415748660222884,584,It's a reality show called the Sorcerer's Apprentice.
549,6,17,74,97,1.2989690721649485,0.05892243367519672,584,The diversity officer is out sick.
549,5,19,73,97,1.2989690721649485,0.05707080302488788,584,There seems to be some kind of problem in the copier room.
549,6,17,74,97,1.2989690721649485,0.05892243367519672,584,They all look the same to me.
549,6,17,74,97,1.2989690721649485,0.05892243367519672,584,"Sir, Harris is having a problem understanding what 'being made redundant' means."
549,7,15,75,97,1.2989690721649485,0.06071762365664818,584,You know that diverse focus group you asked for?
549,3,23,71,97,1.2989690721649485,0.053174460912177944,584,Remember when you said you wished you could clone Floyd in Accounting?
549,10,9,78,97,1.2989690721649485,0.06581002749898816,584,Hello pest control? We appear to have account ants.
549,1,27,69,97,1.2989690721649485,0.04896907216494845,584,"Ah, yes. The one with the mustache!"
549,5,19,73,97,1.2989690721649485,0.05707080302488788,584,Don't worry. I think I found the copy room.
549,5,19,73,97,1.2989690721649485,0.05707080302488788,584,Remember saying you wanted a hundred just like him?
549,4,21,72,97,1.2989690721649485,0.055157047832558495,584,"The order was for 300 vanilla ""cones""!"
549,7,15,75,97,1.2989690721649485,0.06071762365664818,584,They said I wasn't a good fit.
549,6,17,74,97,1.2989690721649485,0.05892243367519672,584,"I wanted 500 copies of the account, not the accountant."
579,6,16,73,95,1.2947368421052632,0.059624964916780314,584,"Mr. Sondheim, I thought you said 'send in the clones'."
579,6,16,73,95,1.2947368421052632,0.059624964916780314,584,Let me call you back. The firm's diversity committee meeting just finished.
579,5,18,72,95,1.2947368421052632,0.057716308575599326,584,"Yes sir, I did make three dozen copies of the results from your DNA test."
579,8,12,75,95,1.2947368421052632,0.06326977772044287,584,"Hold on please, the panel on diversity is just letting out."
579,6,16,73,95,1.2947368421052632,0.059624964916780314,584,Apparently they only come in one size.
579,5,18,72,95,1.2947368421052632,0.057716308575599326,584,"I really need to come in today, doctor. No, seeing double is the least of my problems now."
579,5,18,72,95,1.2947368421052632,0.057716308575599326,584,That's a yes. Several of our employees are redundant.
579,8,12,75,95,1.2947368421052632,0.06326977772044287,584,So this is what you meant when you said the accountants are multiplying?
579,6,16,73,95,1.2947368421052632,0.059624964916780314,584,"Horwitz, Horwitz, Horwitz, Horwitz, Horwitz, Horwitz, Horwitz, Horwitz and Horwitz, How may I direct your call?"
579,6,16,73,95,1.2947368421052632,0.059624964916780314,584,Yes sir...Mr. Lemming has just arrived.
579,7,14,74,95,1.2947368421052632,0.061474389846998614,584,"No, I said Fritz has been on the copier again."
579,3,22,70,95,1.2947368421052632,0.053695846618959604,584,"Okay, got it - bow tie! I'll let you know when he comes out."
579,7,14,74,95,1.2947368421052632,0.061474389846998614,584,They're lost without their shirt pockets.
579,7,14,74,95,1.2947368421052632,0.061474389846998614,584,You're gonna have to be more specific.
579,5,18,72,95,1.2947368421052632,0.057716308575599326,584,We're going to need name tags.
579,7,14,74,95,1.2947368421052632,0.061474389846998614,584,Can you give me a better description?
579,6,16,73,95,1.2947368421052632,0.059624964916780314,584,We need to talk about diversity.
579,5,18,72,95,1.2947368421052632,0.057716308575599326,584,We may have been a little too specific.
579,5,18,72,95,1.2947368421052632,0.057716308575599326,584,"Oh, hang on, I think I see him coming out now..."
579,3,22,70,95,1.2947368421052632,0.053695846618959604,584,"Sir, you don't understand. It's the entire IRS."
579,7,14,74,95,1.2947368421052632,0.061474389846998614,584,Gary Larson's been here again.
600,3,21,69,93,1.2903225806451613,0.05422893388269622,584,"Nothing unusual, really; all men are just the same. You just can't tell them apart..."
600,5,17,71,93,1.2903225806451613,0.058380522877471835,584,"Mrs. Klein? The folks from Doppel, Ganger and Co. are in to see you."
600,7,13,73,93,1.2903225806451613,0.062255872275956324,584,I thought you said that I would have no trouble recognizing him.
600,3,21,69,93,1.2903225806451613,0.05422893388269622,584,The diversity committee has arrived.
600,4,19,70,93,1.2903225806451613,0.05634297969357341,584,"Oh, you wanted me to make 50 copies FOR Mr. Hurwitz."
600,10,7,76,93,1.2903225806451613,0.06765394227190275,584,There's a bunch of guys here wearing the same tie!
600,9,9,75,93,1.2903225806451613,0.06590373141358052,584,"I'll call you back, the Equality & Diversity Committee have just finished their annual meeting"
600,4,19,70,93,1.2903225806451613,0.05634297969357341,584,"Sir, the copier is on the Fritz again."
600,8,11,74,93,1.2903225806451613,0.0641057542154897,584,The accountants just went viral.
600,5,17,71,93,1.2903225806451613,0.058380522877471835,584,A mole under which ear?
600,6,15,72,93,1.2903225806451613,0.060349312689902276,584,Alert the commission - we've finally found an irrefutable case of voter fraud.
600,7,13,73,93,1.2903225806451613,0.062255872275956324,584,How exactly was your help wanted ad worded?
600,7,13,73,93,1.2903225806451613,0.062255872275956324,584,"Yes, I see him."
600,4,19,70,93,1.2903225806451613,0.05634297969357341,584,His identifying-tattoo is where???
600,6,15,72,93,1.2903225806451613,0.060349312689902276,584,"Yes, Bobs with an 's'."
600,7,13,73,93,1.2903225806451613,0.062255872275956324,584,I think the job description may have been too specific.
600,4,19,70,93,1.2903225806451613,0.05634297969357341,584,"I don't know, but they seem harmless."
600,3,21,69,93,1.2903225806451613,0.05422893388269622,584,It's so hard to pick just one.
600,8,11,74,93,1.2903225806451613,0.0641057542154897,584,What's he wearing?
600,6,15,72,93,1.2903225806451613,0.060349312689902276,584,No one really stands out
600,5,17,71,93,1.2903225806451613,0.058380522877471835,584,"Okay, who hit Reply to All?"
600,9,9,75,93,1.2903225806451613,0.06590373141358052,584,The volunteers are here for the Facial Recognition Research Project.
600,5,17,71,93,1.2903225806451613,0.058380522877471835,584,Looks like the Republicans are here.
600,6,15,72,93,1.2903225806451613,0.060349312689902276,584,The diversity program isn't working.
600,7,13,73,93,1.2903225806451613,0.062255872275956324,584,Tech support? Get up here. One 3-D printer has gone rogue.
600,5,17,71,93,1.2903225806451613,0.058380522877471835,584,"H.R., we need to revisit our diversity policies."
600,6,15,72,93,1.2903225806451613,0.060349312689902276,584,I specifically ordered CLOWNS.
600,4,19,70,93,1.2903225806451613,0.05634297969357341,584,Looks like the diversity meeting is over.
600,8,11,74,93,1.2903225806451613,0.0641057542154897,584,"Hello Mulder, it's worse than we thought. - Geography teachers, hundreds of them."
600,10,7,76,93,1.2903225806451613,0.06765394227190275,584,The copy writers are here.
600,7,13,73,93,1.2903225806451613,0.062255872275956324,584,What's he wearing?
600,8,11,74,93,1.2903225806451613,0.0641057542154897,584,Who ordered 100 engineers without pocket protectors?
600,5,17,71,93,1.2903225806451613,0.058380522877471835,584,"Send in the clones. There ought to be clones. Don't bother, they're here!"
600,8,11,74,93,1.2903225806451613,0.0641057542154897,584,You know that door down in the basement we've been told never to open...?
600,5,17,71,93,1.2903225806451613,0.058380522877471835,584,"Hey boss, the Diversity Committee is here."
600,5,17,71,93,1.2903225806451613,0.058380522877471835,584,I think we should relax our dress code.
636,2,22,66,90,1.288888888888889,0.05298680599073448,584,"None of these candidates seem to stand out in a crowd, Sir"
637,7,12,72,91,1.2857142857142858,0.06306326510375779,584,I need to go my midlife crisis group is arriving.
637,6,14,71,91,1.2857142857142858,0.06109644147858852,584,"Sir, accounting has gotten into the 3D printer again."
637,7,12,72,91,1.2857142857142858,0.06306326510375779,584,"The agency said they don't have two competent women like we requested, so they sent ...."
637,4,18,69,91,1.2857142857142858,0.05695941250527522,584,Mr. Gohrun has gone viral.
637,3,20,68,91,1.2857142857142858,0.054773848036684974,584,"The bald guy with the mustache and glasses? Yep, got 'em."
637,6,14,71,91,1.2857142857142858,0.06109644147858852,584,Turn it off! TURN IT OFF!
637,7,12,72,91,1.2857142857142858,0.06306326510375779,584,I'll check. What does he look like?
637,5,16,70,91,1.2857142857142858,0.05906415932819451,584,On which floor is Diversity Training?
637,3,20,68,91,1.2857142857142858,0.054773848036684974,584,Looks like the Boys From Brazil just arrived.
637,7,12,72,91,1.2857142857142858,0.06306326510375779,584,HR said they made him redundant.
637,6,14,71,91,1.2857142857142858,0.06109644147858852,584,There seems to be a problem with our new copier.
637,8,10,73,91,1.2857142857142858,0.06497057526101396,584,We have a problem in the copy room.
637,6,14,71,91,1.2857142857142858,0.06109644147858852,584,Tell the Casting Agent she's getting a raise.
637,8,10,73,91,1.2857142857142858,0.06497057526101396,584,He may be here- what does he look like?
637,8,10,73,91,1.2857142857142858,0.06497057526101396,584,Here he comes now...
637,3,20,68,91,1.2857142857142858,0.054773848036684974,584,"I know I can't say this, but they all look alike."
637,3,20,68,91,1.2857142857142858,0.054773848036684974,584,"Yes, Mr. Johnson is repeating himself again."
637,5,16,70,91,1.2857142857142858,0.05906415932819451,584,"""Hello, Equifax""?"
637,4,18,69,91,1.2857142857142858,0.05695941250527522,584,Are you looking for anyone in particular?
637,6,14,71,91,1.2857142857142858,0.06109644147858852,584,Looks like the diversity training session just ended.
637,6,14,71,91,1.2857142857142858,0.06109644147858852,584,I have to say this new training course really reshaped employees to align with our corporate image.
637,6,14,71,91,1.2857142857142858,0.06109644147858852,584,I'm going to need you to be more descriptive.
637,4,18,69,91,1.2857142857142858,0.05695941250527522,584,Nerd Alert! The physics lab has created another rift in the spacetime continuum.
637,5,16,70,91,1.2857142857142858,0.05906415932819451,584,I think RD had a breakthrough on the 3D copier project
637,5,16,70,91,1.2857142857142858,0.05906415932819451,584,"I understand it's an accountant's job to multiply, sir, but that's not what I mean."
637,5,16,70,91,1.2857142857142858,0.05906415932819451,584,"Sir, the Anderson googoltuplets are here to see you."
637,1,24,66,91,1.2857142857142858,0.05011760110325882,584,"You've seen one, you've seen 'em all!"
637,6,14,71,91,1.2857142857142858,0.06109644147858852,584,But you sent out the invitation to multiple universes!
637,5,16,70,91,1.2857142857142858,0.05906415932819451,584,I said to send in the clowns not clones.
637,5,16,70,91,1.2857142857142858,0.05906415932819451,584,I am reporting two violations of the dress code.
637,5,16,70,91,1.2857142857142858,0.05906415932819451,584,"When we said we would love to fill our company with temps just like him, we weren't speaking literally..."
637,4,18,69,91,1.2857142857142858,0.05695941250527522,584,Never mind. I see him now; he's the tall one in the dark pants.
637,4,18,69,91,1.2857142857142858,0.05695941250527522,584,... and send someone over to fix the copier.
670,5,15,69,89,1.2808988764044944,0.05976794597374316,584,I'd like to order 400 black coffees and 400 plain donuts please.
670,5,15,69,89,1.2808988764044944,0.05976794597374316,584,"Yes, send in the clones. Don't bother, they're here."
670,8,9,72,89,1.2808988764044944,0.06586573624168951,584,I got to go... I think he just walked in.
670,4,17,68,89,1.2808988764044944,0.05759205458226946,584,Without moustaches?
670,5,15,69,89,1.2808988764044944,0.05976794597374316,584,I think our 'want ad' was a bit too specific
670,8,9,72,89,1.2808988764044944,0.06586573624168951,584,Looks like Johnson locked himself in the 3D printer again...
670,4,17,68,89,1.2808988764044944,0.05759205458226946,584,How would you describe him?
670,7,11,71,89,1.2808988764044944,0.06389782935082094,584,It's the 3-D printer--it's on the Fritz again.
670,1,23,65,89,1.2808988764044944,0.05050501862456418,584,Well the 3-D printer appears to be working fine.
670,6,13,70,89,1.2808988764044944,0.061867357959051864,584,"Sir, accounting's been duplicating Bills again."
670,6,13,70,89,1.2808988764044944,0.061867357959051864,584,I'm waiting for Ned.
670,6,13,70,89,1.2808988764044944,0.061867357959051864,584,Seems we may want to consider expanding our diversity program.
670,6,13,70,89,1.2808988764044944,0.061867357959051864,584,Our new head of genetic research seems to have quite a sense of humor.
670,6,13,70,89,1.2808988764044944,0.061867357959051864,584,Would someone PLEASE turn off the copier machine in HR!
670,1,23,65,89,1.2808988764044944,0.05050501862456418,584,"Nevertheless, Howard knew that he was different from all the others."
670,6,13,70,89,1.2808988764044944,0.061867357959051864,584,"I asked you to pick up herbs, not Herbs."
670,4,17,68,89,1.2808988764044944,0.05759205458226946,584,"None of them has said ""Take me to your Leader"" so I'm putting them in the auditorium."
670,5,15,69,89,1.2808988764044944,0.05976794597374316,584,"What do you mean, you forgot the name tags?"
670,7,11,71,89,1.2808988764044944,0.06389782935082094,584,"Send in the....oh, don't bother, they're here."
670,2,21,66,89,1.2808988764044944,0.052972818701488324,584,Something really strange is going on in the copy room.
670,3,19,67,89,1.2808988764044944,0.05533066180784329,584,"If the aliens are so advanced, why aren’t they more stylish?"
670,6,13,70,89,1.2808988764044944,0.061867357959051864,584,Your personal information may have been compromised.
670,6,13,70,89,1.2808988764044944,0.061867357959051864,584,"Sir, Mr. Lemming is here for the interview."
670,7,11,71,89,1.2808988764044944,0.06389782935082094,584,Who let the nerds out?
670,5,15,69,89,1.2808988764044944,0.05976794597374316,584,It's a spin-off for next season: A Game of Clones.
670,4,17,68,89,1.2808988764044944,0.05759205458226946,584,They want to know why their results on Ancestory.com are so different.
670,7,11,71,89,1.2808988764044944,0.06389782935082094,584,"Balding, moustache, shirt sleeves, striped tie--yes, I see him."
670,5,15,69,89,1.2808988764044944,0.05976794597374316,584,The Republican establishment is on the move.
670,5,15,69,89,1.2808988764044944,0.05976794597374316,584,H.R.? I think your job listings are getting too specific.
670,5,15,69,89,1.2808988764044944,0.05976794597374316,584,They're demanding higher pay for individual initiative.
670,4,17,68,89,1.2808988764044944,0.05759205458226946,584,Could you give me another distinguishing characteristic?
701,6,13,71,90,1.2777777777777777,0.06125564567275379,584,"Hold on, Clarice. Our Diversity Committee just finished its meeting."
702,5,14,68,87,1.2758620689655173,0.060492620788417835,584,He's just breaking up now.
702,5,14,68,87,1.2758620689655173,0.060492620788417835,584,Where are the clowns?
702,4,16,67,87,1.2758620689655173,0.058241299466009394,584,"That's right, we've been ""Melvin'd""."
702,5,14,68,87,1.2758620689655173,0.060492620788417835,584,These robot accountants look more real with every shipment we get.
702,3,18,66,87,1.2758620689655173,0.05589938065066062,584,Hello? Mr. Page? Code Orange! Dolly has left the pen. Repeat. Dolly has left the pen.
702,8,8,71,87,1.2758620689655173,0.06679282737642664,584,I'll check. What does he look like?
702,6,12,69,87,1.2758620689655173,0.06266311017028485,584,He's iterating.
702,4,16,67,87,1.2758620689655173,0.058241299466009394,584,"Sir, they've sent in the clones."
702,3,18,66,87,1.2758620689655173,0.05589938065066062,584,Could you be a little more specific?
702,5,14,68,87,1.2758620689655173,0.060492620788417835,584,Your toupee models have arrived.
712,3,17,64,84,1.2738095238095237,0.0570633171799703,584,So...I asked that all the bills be sent to the third floor and...
712,3,17,64,84,1.2738095238095237,0.0570633171799703,584,"We cloned the wrong George! No Clooney here, just George from Accounting"
712,5,13,66,84,1.2738095238095237,0.06188655454031695,584,"Just to clarify, you did say, 'Send in the Clones,' correct?"
712,5,13,66,84,1.2738095238095237,0.06188655454031695,584,The copier is broken again.
712,6,11,67,84,1.2738095238095237,0.0641623516208414,584,The accountants are multiplying!
712,7,9,68,84,1.2738095238095237,0.06636014691184276,584,"No, Harvey hasn't come out yet."
712,5,13,66,84,1.2738095238095237,0.06188655454031695,584,These accountants all look alike to me.
712,3,17,64,84,1.2738095238095237,0.0570633171799703,584,"Yes Mr. Adams sir, they've arrived to sign the Treaty of Gents."
720,7,10,71,88,1.2727272727272727,0.06409744884633352,584,Send in the clones! Don't bother they're here.
720,4,16,68,88,1.2727272727272727,0.05766093902328693,584,Tell IT the 3D printer is stuck again.
720,4,16,68,88,1.2727272727272727,0.05766093902328693,584,"I haven’t seen the defendant, but this is definitely a jury of SOMEBODY’S peers."
720,7,10,71,88,1.2727272727272727,0.06409744884633352,584,The gentlemen from Xerox are here.
720,4,16,68,88,1.2727272727272727,0.05766093902328693,584,"Could you describe him one more time, please?"
720,5,14,69,88,1.2727272727272727,0.05988336086844929,584,i'll take a dozen
720,4,16,68,88,1.2727272727272727,0.05766093902328693,584,The door to the accountants area was left open again.
720,3,18,67,88,1.2727272727272727,0.05534935292479492,584,I think that we have to discuss nepotism.
720,4,16,68,88,1.2727272727272727,0.05766093902328693,584,You know that sorcerer's apprentice you hired yesterday?
729,4,15,66,85,1.2705882352941176,0.05890750308679626,584,"Yes, it was a typo...the ad should've read 'we're looking for a BOLD new look!'"
729,5,13,67,85,1.2705882352941176,0.06123892524153929,584,This must be a Trump cabinet meeting.
729,4,15,66,85,1.2705882352941176,0.05890750308679626,584,I'm gonna have to call you back. It turns out our new copier can do more than just paper.
729,8,7,70,85,1.2705882352941176,0.0677535393849843,584,Could somebody please turn off the 3-D printer.
729,7,9,69,85,1.2705882352941176,0.06565386549453651,584,"""Yes, I'm starting the diversity in the workplace training now""."
729,6,11,68,85,1.2705882352941176,0.06348478565417674,584,What did you say he looks like?
729,7,9,69,85,1.2705882352941176,0.06565386549453651,584,I meant copy Bob on the email!
729,3,17,65,85,1.2705882352941176,0.05647992453166862,584,Is he a balding guy with a moustache and glasses?
729,5,13,67,85,1.2705882352941176,0.06123892524153929,584,Maybe our diversity initiative could be tweaked.
729,4,15,66,85,1.2705882352941176,0.05890750308679626,584,"'Balding, glasses, and a moustache' just doesn't give me enough information, sir."
729,2,19,64,85,1.2705882352941176,0.05394320930650174,584,"They're like Bitcoins sir,...with mustaches."
729,4,15,66,85,1.2705882352941176,0.05890750308679626,584,Stop! We're running out of cubicles.
729,6,11,68,85,1.2705882352941176,0.06348478565417674,584,"Sir, the Accountant is multiplying, what should I do?"
729,7,9,69,85,1.2705882352941176,0.06565386549453651,584,Harold had been made redundant.
729,5,13,67,85,1.2705882352941176,0.06123892524153929,584,Did you mention to anyone else in the lab that I'd like to meet more men just like your Uncle Stephen?
729,4,15,66,85,1.2705882352941176,0.05890750308679626,584,"Jones and Jones Unlimited, how may I assist you?"
729,3,17,65,85,1.2705882352941176,0.05647992453166862,584,"Sorry, I don't see anyone in a red and white striped sweater and ski cap."
729,6,11,68,85,1.2705882352941176,0.06348478565417674,584,"I'm in the building, but where's the room full of women wearing a blazer and heels?"
729,8,7,70,85,1.2705882352941176,0.0677535393849843,584,Hi Frank..... I'm still not sure who let the Dougs out but I think I've found them.
729,3,17,65,85,1.2705882352941176,0.05647992453166862,584,Hang on. We're having a problem in the copy room.
729,4,15,66,85,1.2705882352941176,0.05890750308679626,584,"So far, Sir, all we've been able to clone are CPAs."
729,6,11,68,85,1.2705882352941176,0.06348478565417674,584,"Hello, Security? This is Amanda from H.R. It looks like someone left Accounting's door open again."
729,6,11,68,85,1.2705882352941176,0.06348478565417674,584,Mr. Pederson..get ahold of yourselves..
729,6,11,68,85,1.2705882352941176,0.06348478565417674,584,"No, they're not wearing name tags."
729,6,11,68,85,1.2705882352941176,0.06348478565417674,584,"Yes, please contact the White House. We've had a breakthrough with the new immigration screening policy."
729,6,11,68,85,1.2705882352941176,0.06348478565417674,584,I'll have to call you back. Things are getting Harry up here.
729,5,13,67,85,1.2705882352941176,0.06123892524153929,584,I know a job is a job but I can't see myself fitting in here.
729,8,7,70,85,1.2705882352941176,0.0677535393849843,584,"Well I can't tell them apart, they're all wearing ties."
729,5,13,67,85,1.2705882352941176,0.06123892524153929,584,It seems they're looking for a leader
729,6,11,68,85,1.2705882352941176,0.06348478565417674,584,The corporate branding program has succeeded.
729,5,13,67,85,1.2705882352941176,0.06123892524153929,584,"Shall I send in the clones, Sir?"
729,5,13,67,85,1.2705882352941176,0.06123892524153929,584,"Sir, the 3-D copier is on the fritz again."
729,3,17,65,85,1.2705882352941176,0.05647992453166862,584,H. R. Did they all look the same when we hired them?
729,4,15,66,85,1.2705882352941176,0.05890750308679626,584,The male exotic dancers just arrived.
729,4,15,66,85,1.2705882352941176,0.05890750308679626,584,"Mr. Hadley, I think we have a nepotism problem in the actuarial department."
729,2,19,64,85,1.2705882352941176,0.05394320930650174,584,"Hello Zoltar, this is Janice from accounting. Remember when I said ""I wish we could clone Marty?"""
729,7,9,69,85,1.2705882352941176,0.06565386549453651,584,"Hey, could you let the repair guy know that the copy machine is on the fritz again?"
729,4,15,66,85,1.2705882352941176,0.05890750308679626,584,"Yes, I saw him vote more than once!"
729,4,15,66,85,1.2705882352941176,0.05890750308679626,584,"Beside himself? No, Mr. Higgins is more than beside himself!"
729,3,17,65,85,1.2705882352941176,0.05647992453166862,584,"Um, any other distinguishing features?"
729,3,17,65,85,1.2705882352941176,0.05647992453166862,584,Just how specific a demographic are we trying to target?
770,4,14,64,82,1.2682926829268293,0.060233362522744895,584,We're letting them out now but if they imprint on me you'll have to explain it to Human Resources.
770,2,18,62,82,1.2682926829268293,0.05500754235822341,584,"Yes, we have received your facsimiles."
770,4,14,64,82,1.2682926829268293,0.060233362522744895,584,The new Temp got his tie caught in the 3D Printer again.
770,2,18,62,82,1.2682926829268293,0.05500754235822341,584,They all just seem like the next guy.
774,5,12,66,83,1.2650602409638554,0.0620075956534203,584,Bad news. They stole your identity.
774,4,14,65,83,1.2650602409638554,0.0595909687658098,584,"Uh hello, E-Harmony, I think I need to cancel my profile."
774,5,12,66,83,1.2650602409638554,0.0620075956534203,584,But you said you wished you had a thousand guys like Bob
774,3,16,64,83,1.2650602409638554,0.05707210525447058,584,They're all here to file claims of identity theft!
774,3,16,64,83,1.2650602409638554,0.05707210525447058,584,I said he was a model employee...
774,4,14,65,83,1.2650602409638554,0.0595909687658098,584,You won't believe what tie everyone is wearing today.
774,4,14,65,83,1.2650602409638554,0.0595909687658098,584,'Talk about a jury of his peers...'
774,6,10,67,83,1.2650602409638554,0.06433350821297108,584,"The bad news is, it's Carlson."
774,3,16,64,83,1.2650602409638554,0.05707210525447058,584,I found accounting but they're all on break.
774,6,10,67,83,1.2650602409638554,0.06433350821297108,584,"Send in the clones... oops, don't bother, they're here."
774,2,18,63,83,1.2650602409638554,0.05443681509701885,584,'The diversity team has arrived'
774,3,16,64,83,1.2650602409638554,0.05707210525447058,584,Mr. President? I think you can fill all your vacant appointments.
774,5,12,66,83,1.2650602409638554,0.0620075956534203,584,"Karen, I think the 3D printer is on the fritz again."
774,4,14,65,83,1.2650602409638554,0.0595909687658098,584,"Jones, Jones, and Jones, et al. How may I direct your call?"
774,4,14,65,83,1.2650602409638554,0.0595909687658098,584,Your 3:01 through 3:56 are here to discuss the time paradox issue.
774,6,10,67,83,1.2650602409638554,0.06433350821297108,584,You would think they would make sex-bots a little more attractive.
774,5,12,66,83,1.2650602409638554,0.0620075956534203,584,You might not qualify. Our HR department has precise guidelines for accountants.
774,2,18,63,83,1.2650602409638554,0.05443681509701885,584,The Waldos are finished. Are you ready with the Evelyns?
774,5,12,66,83,1.2650602409638554,0.0620075956534203,584,DNA links them all to Groucho Marx!
774,7,8,68,83,1.2650602409638554,0.06657821444931343,584,They're just now coming out for their copy break.
774,3,16,64,83,1.2650602409638554,0.05707210525447058,584,Does he have any distinguishing characteristics?
774,4,14,65,83,1.2650602409638554,0.0595909687658098,584,"Just curious, Fred. Do you see fifty copies of me while we're talking?"
774,5,12,66,83,1.2650602409638554,0.0620075956534203,584,They say they come in peace but need all our toner cartridges.
774,4,14,65,83,1.2650602409638554,0.0595909687658098,584,Any other identifying information other than bald with glasses?
774,5,12,66,83,1.2650602409638554,0.0620075956534203,584,You better get up here. The boss is beside himself.
774,5,12,66,83,1.2650602409638554,0.0620075956534203,584,Could you be more specific?
774,6,10,67,83,1.2650602409638554,0.06433350821297108,584,The Accountants are multiplying again.
774,5,12,66,83,1.2650602409638554,0.0620075956534203,584,We're going to need those name tags.
774,5,12,66,83,1.2650602409638554,0.0620075956534203,584,"Mr. Collins, did we schedule diversity training today?"
774,4,14,65,83,1.2650602409638554,0.0595909687658098,584,Did you say his name was John?
774,3,16,64,83,1.2650602409638554,0.05707210525447058,584,The white collar variety always become invasive.
774,4,14,65,83,1.2650602409638554,0.0595909687658098,584,He's here.
774,6,10,67,83,1.2650602409638554,0.06433350821297108,584,There seems to be an accounting error.
774,5,12,66,83,1.2650602409638554,0.0620075956534203,584,The models for the Andy Warhol art class are here.
774,5,12,66,83,1.2650602409638554,0.0620075956534203,584,"The auditors smell blood, sir."
774,3,16,64,83,1.2650602409638554,0.05707210525447058,584,Well all those DACA workers used to be on this floor.
774,2,18,63,83,1.2650602409638554,0.05443681509701885,584,The jury just reached a unanimous decision in record time.
774,6,10,67,83,1.2650602409638554,0.06433350821297108,584,I am not sure where to direct them. They said they are here for diversity training.
774,4,14,65,83,1.2650602409638554,0.0595909687658098,584,Why do I keep attracting the same man over and over?
774,7,8,68,83,1.2650602409638554,0.06657821444931343,584,Let's skip the diversity training.
774,6,10,67,83,1.2650602409638554,0.06433350821297108,584,"""There seem to be more of him than meets the eye""."
815,3,15,62,80,1.2625,0.0583088405482046,584,I think I'll skip the speed dating tonight.
815,3,15,62,80,1.2625,0.0583088405482046,584,"How exactly did you mean ""You'll know him when you see him?"""
815,4,13,63,80,1.2625,0.06096209135420536,584,How did you say I would recognize him?
815,4,13,63,80,1.2625,0.06096209135420536,584,Let me call you back. The senate just got out.
815,6,9,65,80,1.2625,0.06594913172046729,584,"Yah, ""Building a diverse corporate culture"" just let out."
815,3,15,62,80,1.2625,0.0583088405482046,584,Please tell me you remembered to bring the name tags.
815,2,17,61,80,1.2625,0.05552895811982625,584,I'm worried I wouldn't be a good fit here.
815,4,13,63,80,1.2625,0.06096209135420536,584,"Sure, I'll put you on. Can you describe him?"
815,4,13,63,80,1.2625,0.06096209135420536,584,I told you I had binders full of men.
815,3,15,62,80,1.2625,0.0583088405482046,584,I told you not to put the copier in the genetics lab.
815,5,11,64,80,1.2625,0.06350458470442125,584,... he's here ... he's here ... he's here ... he's here ...he's here ... he's here ...
815,3,15,62,80,1.2625,0.0583088405482046,584,I think he's in the copy room.
815,5,11,64,80,1.2625,0.06350458470442125,584,He's very worried--says he's beside himself.
815,2,17,61,80,1.2625,0.05552895811982625,584,I think we've got our man.
815,2,17,61,80,1.2625,0.05552895811982625,584,Definitely the worst case of indentity theft I've ever seen
815,4,13,63,80,1.2625,0.06096209135420536,584,"I know you said he's ""one in a million"", but couldn't he come by himself?"
815,3,15,62,80,1.2625,0.0583088405482046,584,"""You said he's the one with the long tie and small moustache and glasses?"
815,6,9,65,80,1.2625,0.06594913172046729,584,Your employment ad may have been a bit too specific.
815,2,17,61,80,1.2625,0.05552895811982625,584,There may be the possibility of voter fraud.
815,3,15,62,80,1.2625,0.0583088405482046,584,I don't see Waldo.
815,2,17,61,80,1.2625,0.05552895811982625,584,Speed dating looks like a disaster tonight.
815,3,15,62,80,1.2625,0.0583088405482046,584,Clowns. I said clowns.
815,3,15,62,80,1.2625,0.0583088405482046,584,Henry's been taking selfies with the 3-D printer.
815,6,9,65,80,1.2625,0.06594913172046729,584,Siri misunderstood when I asked for the nearest gyms.
815,6,9,65,80,1.2625,0.06594913172046729,584,"I thought I ordered a thousand forks, not a thousand dorks."
815,2,17,61,80,1.2625,0.05552895811982625,584,"Yes, the algorithm works."
815,5,11,64,80,1.2625,0.06350458470442125,584,"Yeah, I guess you could say I stood out in the interview."
815,3,15,62,80,1.2625,0.0583088405482046,584,I told them to wear different ties!
815,4,13,63,80,1.2625,0.06096209135420536,584,"Yeah, the diversity workshop just let out."
815,2,17,61,80,1.2625,0.05552895811982625,584,We'll just have to treat them as equals.
815,5,11,64,80,1.2625,0.06350458470442125,584,"""Nondescript guy"" is here for the audition."
815,3,15,62,80,1.2625,0.0583088405482046,584,The Gene Hacker 3000 is malfunctioning again.
815,5,11,64,80,1.2625,0.06350458470442125,584,"I thought you said, ""Send in the Clones"""
815,4,13,63,80,1.2625,0.06096209135420536,584,"Yes. They came to consensus quite quickly, as if all of one mind."
815,3,15,62,80,1.2625,0.0583088405482046,584,The choice will be simpler than you thought.
815,4,13,63,80,1.2625,0.06096209135420536,584,"Amy, I don't think I fit in here."
815,4,13,63,80,1.2625,0.06096209135420536,584,"Hi, yeah, I'm right past the door and holding up a piece of paper."
815,5,11,64,80,1.2625,0.06350458470442125,584,I think our want ad may have been too specific..
815,4,13,63,80,1.2625,0.06096209135420536,584,I think our copy machine has malfunctioned.
854,3,14,61,78,1.2564102564102564,0.05895046497960103,584,They multiply like accountants.
854,4,12,62,78,1.2564102564102564,0.061710271870341823,584,Urgent.The 3-D printer is malfunctioning.
854,5,10,63,78,1.2564102564102564,0.0643518297122299,584,They're here for the diversity training workshop.
854,5,10,63,78,1.2564102564102564,0.0643518297122299,584,"Bob, we really need to diversify our workforce... I think we can hire someone other than Larry."
854,4,12,62,78,1.2564102564102564,0.061710271870341823,584,I'm afraid the job specifications for your help-wanted ad were two narrow.
854,3,14,61,78,1.2564102564102564,0.05895046497960103,584,We're having trouble with the copier again.
854,3,14,61,78,1.2564102564102564,0.05895046497960103,584,Which candidate would you like to see first?
854,2,16,60,78,1.2564102564102564,0.056054946153848324,584,I've been at this firm way too long. Everyone is beginning to look alike.
854,3,14,61,78,1.2564102564102564,0.05895046497960103,584,"Uhh, Mr. Sondheim….don’t bother, they’re here."
854,2,16,60,78,1.2564102564102564,0.056054946153848324,584,"Honey, I'm getting worried about the office groupthink."
854,2,16,60,78,1.2564102564102564,0.056054946153848324,584,The early diversity training results aren't encouraging.
854,3,14,61,78,1.2564102564102564,0.05895046497960103,584,Breaking news! The Republican Congress members have finally agreed on a vote to repeal Obamacare..........
854,4,12,62,78,1.2564102564102564,0.061710271870341823,584,"I'm here, sir. How will I recognize you?"
854,4,12,62,78,1.2564102564102564,0.061710271870341823,584,We have a major identity crisis here.
854,3,14,61,78,1.2564102564102564,0.05895046497960103,584,"Uh, bad news: remember the nerdy guy we fired who was setting up the 3D printer for the ties?"
854,4,12,62,78,1.2564102564102564,0.061710271870341823,584,Cancel the exterminator. There has been a misunderstanding about W.A.S.P.s in the conference room.
854,7,6,65,78,1.2564102564102564,0.0693336761848995,584,Mr. Elliot is beside himself.
854,5,10,63,78,1.2564102564102564,0.0643518297122299,584,"Balding, mustache, glasses... Oh, yes, I see him!"
854,3,14,61,78,1.2564102564102564,0.05895046497960103,584,"What do you mean, I have ""a type?"""
854,2,16,60,78,1.2564102564102564,0.056054946153848324,584,Middle management is here.
854,4,12,62,78,1.2564102564102564,0.061710271870341823,584,Pay the ransom. The hackers got into the copy machine.
854,4,12,62,78,1.2564102564102564,0.061710271870341823,584,"Look, he can be all the places all the time, that's what sets us apart from the other firms."
854,4,12,62,78,1.2564102564102564,0.061710271870341823,584,Code red! The accounting department has escaped!
854,6,8,64,78,1.2564102564102564,0.06688914949610412,584,I'd like to report a problem with your internet dating service
854,4,12,62,78,1.2564102564102564,0.061710271870341823,584,I think we ordered too many
854,2,16,60,78,1.2564102564102564,0.056054946153848324,584,"You're right, this company does have a diversity problem."
854,6,8,64,78,1.2564102564102564,0.06688914949610412,584,How many times did you swipe right?
854,3,14,61,78,1.2564102564102564,0.05895046497960103,584,CLOWNS! I said send over some CLOWNS!
854,3,14,61,78,1.2564102564102564,0.05895046497960103,584,Your 10 to the thirtieth is here.
854,6,8,64,78,1.2564102564102564,0.06688914949610412,584,Security? The engineers are getting out again.
854,2,16,60,78,1.2564102564102564,0.056054946153848324,584,"Hello, Triple A Pest Control? They're back!"
854,5,10,63,78,1.2564102564102564,0.0643518297122299,584,Apparently the infection is spreading.
854,4,12,62,78,1.2564102564102564,0.061710271870341823,584,"All the same height, weight, everything! They're perfect backup dancers!"
854,4,12,62,78,1.2564102564102564,0.061710271870341823,584,"Don't bother, Mr. Sondheim. They're here."
854,3,14,61,78,1.2564102564102564,0.05895046497960103,584,Men are all the same.
854,5,10,63,78,1.2564102564102564,0.0643518297122299,584,"Sir, the Republican nominees have arrived for the debate."
854,5,10,63,78,1.2564102564102564,0.0643518297122299,584,He did say we'd be impressed with his numbers.
854,3,14,61,78,1.2564102564102564,0.05895046497960103,584,How many does it take to screw in a light bulb?
854,3,14,61,78,1.2564102564102564,0.05895046497960103,584,"Hi, Debbie, be prepared for plenty of mansplaining this meeting."
854,6,8,64,78,1.2564102564102564,0.06688914949610412,584,"I said, 'Send in the clowns,' not the clones!"
854,5,10,63,78,1.2564102564102564,0.0643518297122299,584,The demographic is here.
854,5,10,63,78,1.2564102564102564,0.0643518297122299,584,What does he look like again?
854,5,10,63,78,1.2564102564102564,0.0643518297122299,584,The apprentice is holding on line two. Patch me through to the sorcerer.
854,3,14,61,78,1.2564102564102564,0.05895046497960103,584,They all used the same fertility clinic as a reference
854,4,12,62,78,1.2564102564102564,0.061710271870341823,584,Cancel the diversity workshop.
854,4,12,62,78,1.2564102564102564,0.061710271870341823,584,The copier repairman is here.
854,4,12,62,78,1.2564102564102564,0.061710271870341823,584,Carol? Call IT and tell them the 3D printer is acting up again.
854,4,12,62,78,1.2564102564102564,0.061710271870341823,584,"No, no. I said I wanted some scones, not clones."
854,4,12,62,78,1.2564102564102564,0.061710271870341823,584,"Actually, they all look like his profile picture."
854,1,18,59,78,1.2564102564102564,0.05300147785968333,584,The new hires are here for diversity training.
854,5,10,63,78,1.2564102564102564,0.0643518297122299,584,"Yes, I'll try to find him. Again, what does he look like?"
854,4,12,62,78,1.2564102564102564,0.061710271870341823,584,Something really sci-fi just happened in the copy room.
854,5,10,63,78,1.2564102564102564,0.0643518297122299,584,I thought the audit is starting next Monday!
854,4,12,62,78,1.2564102564102564,0.061710271870341823,584,"Yes, it's about the facial recognition software you installed"
854,4,12,62,78,1.2564102564102564,0.061710271870341823,584,"Yes Mr. Trump, there's a healthy amount of diversity. One mentioned tacos."
854,1,18,59,78,1.2564102564102564,0.05300147785968333,584,It appears that the 3-D printer has jammed again.
854,3,14,61,78,1.2564102564102564,0.05895046497960103,584,Security--Mr. McTeague is 3-D printing again.
854,4,12,62,78,1.2564102564102564,0.061710271870341823,584,"No, we’re not an equal opportunity employer."
854,4,12,62,78,1.2564102564102564,0.061710271870341823,584,Bow ties. I said bow ties.
854,2,16,60,78,1.2564102564102564,0.056054946153848324,584,The good news is Gary fixed the 3D printer.
854,5,10,63,78,1.2564102564102564,0.0643518297122299,584,"Yes, the diversity committee meeting just got out."
854,1,18,59,78,1.2564102564102564,0.05300147785968333,584,My God! That poor coat-check girl!
854,5,10,63,78,1.2564102564102564,0.0643518297122299,584,"I had heard he was a ""Me! Me! Me!"" type of person, but I had no idea!"
854,4,12,62,78,1.2564102564102564,0.061710271870341823,584,"Uh , Hi, is this the match.com hotline...?"
854,4,12,62,78,1.2564102564102564,0.061710271870341823,584,Can you describe him for me?
854,5,10,63,78,1.2564102564102564,0.0643518297122299,584,"No, no irregularities here."
854,5,10,63,78,1.2564102564102564,0.0643518297122299,584,"Yes, this is the casting call for March of the Penguins' Accountants"
921,5,8,58,71,1.2535211267605635,0.06867035495437115,584,Housekeeping? I wish to report an infestation of mediocrity.
922,5,10,64,79,1.2531645569620253,0.06361488119538797,584,"Yes, I know you just fumigated last month, but I think they're already coming back."
922,3,14,62,79,1.2531645569620253,0.05828990667222849,584,Tech support? Fourteenth floor. It's the copier again.
922,4,12,63,79,1.2531645569620253,0.0610105168366915,584,No. I can't report anything unusual.
925,3,13,60,76,1.25,0.05960395606792697,584,And bring the nose hair clippers.
925,5,9,62,76,1.25,0.0652256541930572,584,"As I said, Brent, the new robot line may not be marketable to the six year-old demographic."
925,3,13,60,76,1.25,0.05960395606792697,584,It's hard to tell who's to blame.
925,5,9,62,76,1.25,0.0652256541930572,584,I think we were too specific in our help wanted ad.
925,4,11,61,76,1.25,0.06247806632675042,584,"Jones' Unlimited, how may I help you?"
925,5,9,62,76,1.25,0.0652256541930572,584,These applicants are all the same.
925,4,11,61,76,1.25,0.06247806632675042,584,We can use the conference room - the diversity committee meeting is just adjourning.
925,2,15,59,76,1.25,0.056584047097789955,584,"They say ""Just call me Jimbo"" and they have a form letter"
925,5,9,62,76,1.25,0.0652256541930572,584,"It's not what you think, but your husband won't be coming home alone."
925,4,11,61,76,1.25,0.06247806632675042,584,The Wharton glee club is here and hungry.
925,2,15,59,76,1.25,0.056584047097789955,584,"Yeah, someone left the door to accounting unlocked again."
925,2,15,59,76,1.25,0.056584047097789955,584,The photocopier has gone rogue
925,3,13,60,76,1.25,0.05960395606792697,584,I think it's time to turn off the 3-D printer.
925,5,9,62,76,1.25,0.0652256541930572,584,Who called the Fibonacci Accountant Service?
925,3,13,60,76,1.25,0.05960395606792697,584,"Professor, there's news on your cloning experiment."
925,5,9,62,76,1.25,0.0652256541930572,584,Replicants have breached the outer wall but don't appear to be aggressive.
925,6,7,63,76,1.25,0.06786208925382961,584,"Uh, how many doubles did you say this film needed?"
925,2,15,59,76,1.25,0.056584047097789955,584,I know I've seen him before.
925,2,15,59,76,1.25,0.056584047097789955,584,No not Klondike! I said they cloned Ike!
925,3,13,60,76,1.25,0.05960395606792697,584,I'm sure I only ordered one.
925,4,11,61,76,1.25,0.06247806632675042,584,I don't think these applicants are going to meet our diversity criteria.
925,3,13,60,76,1.25,0.05960395606792697,584,I'm calling to report a problem with our 3D printer.
925,5,9,62,76,1.25,0.0652256541930572,584,I may have fired the wrong Bob.
925,4,11,61,76,1.25,0.06247806632675042,584,The geneticist is here with his portfolio.
925,4,11,61,76,1.25,0.06247806632675042,584,He's just been beside himself all day.
925,4,11,61,76,1.25,0.06247806632675042,584,I now understand the redundancy concerns the leadership team raised
925,5,9,62,76,1.25,0.0652256541930572,584,Can I call you back? The copy room is jammed.
925,3,13,60,76,1.25,0.05960395606792697,584,"Um, Mr. Disney, the Sorcerer's apprentice is at it again."
925,2,15,59,76,1.25,0.056584047097789955,584,"Mr. Kobach, I think I found that voter fraud you were concerned about."
925,2,15,59,76,1.25,0.056584047097789955,584,The pods have been breached!
925,3,13,60,76,1.25,0.05960395606792697,584,"Cheryll, you know how you've always said you wished there could be more guys like Bob...?"
925,5,9,62,76,1.25,0.0652256541930572,584,"Sorry, I thought you said 'Send in the clones!'."
925,3,13,60,76,1.25,0.05960395606792697,584,I don't think our workforce diversity policy's working!
925,3,13,60,76,1.25,0.05960395606792697,584,"Yes, this is Baldstache and Baldstache and Baldstache and Baldstache and Baldstache and Baldstache and Baldtstache and Baldestache and ...."
925,1,17,58,76,1.25,0.05339360629309896,584,"Mr. Collins, the yes men have arrived."
925,6,7,63,76,1.25,0.06786208925382961,584,They are all saying something about the Million Me March
925,4,11,61,76,1.25,0.06247806632675042,584,Those freshly minted MBA's you ordered have just arrived.
925,4,11,61,76,1.25,0.06247806632675042,584,"Honey, I'm going to have to call you back. The U.S. government just walked it."
925,3,13,60,76,1.25,0.05960395606792697,584,"Dr. Jekyll, your mr. hydes have arrived."
925,5,9,62,76,1.25,0.0652256541930572,584,"NO, I said ""bring in the clowns"" not the clones"
925,3,13,60,76,1.25,0.05960395606792697,584,I looked and he isn't here.
925,3,13,60,76,1.25,0.05960395606792697,584,I forgot the name tags!
925,5,9,62,76,1.25,0.0652256541930572,584,We have a situation in the copy room.
925,3,13,60,76,1.25,0.05960395606792697,584,"...and they appear politically correct. Yes, PC clones."
925,3,13,60,76,1.25,0.05960395606792697,584,What do you mean temporary malfunction?
925,5,9,62,76,1.25,0.0652256541930572,584,I think the wormhole in Anderson's office is acting up again.
925,3,13,60,76,1.25,0.05960395606792697,584,We can start the meeting now. The guys from Xerox just arrived.
925,3,13,60,76,1.25,0.05960395606792697,584,Your Victoria's Secret focus group is waiting.
925,2,15,59,76,1.25,0.056584047097789955,584,"I ordered clowns, not clones."
925,3,13,60,76,1.25,0.05960395606792697,584,I think that we have a diversity problem
975,3,12,58,73,1.2465753424657535,0.06100634345154058,584,The preliminary experiment worked but I'm not sure you'll like the outcome
975,2,14,57,73,1.2465753424657535,0.05780360228845736,584,"Hey Boss, you know that copier repairman that was here yesterday?..."
975,4,10,59,73,1.2465753424657535,0.06404913305527643,584,"Can you get down here quickly. It seems, I've got an identity crisis on my hands."
975,3,12,58,73,1.2465753424657535,0.06100634345154058,584,"Hurry, we need many more sport coats!"
979,2,14,58,74,1.2432432432432432,0.057114403566085395,584,I believe the Xerox session just ended.
979,6,6,62,74,1.2432432432432432,0.06886935517697237,584,"So, that's how they keep women out of senior management!"
979,3,12,59,74,1.2432432432432432,0.06026846888427848,584,We're going to need name tags....lots of them
979,4,10,60,74,1.2432432432432432,0.06326548497088139,584,I'd say IRS from the length of their ties.
979,4,10,60,74,1.2432432432432432,0.06326548497088139,584,Clowns...send in the clowns.
979,4,10,60,74,1.2432432432432432,0.06326548497088139,584,"Yes, IT? Our copier is on the Fritz mode again."
979,3,12,59,74,1.2432432432432432,0.06026846888427848,584,"When your dating service said multiple chances to meet a match, I had something else in mind!"
979,1,16,57,74,1.2432432432432432,0.05377566222524919,584,"Dr Young, You must call me immediately. The results of the cloning study project we did in 1960 which appeared in the New England Journal Medicine were more successful than you can imagine.."
979,5,8,61,74,1.2432432432432432,0.06612680875066024,584,But how do I know which one's the queen?
979,3,12,59,74,1.2432432432432432,0.06026846888427848,584,I asked you to send in the clowns.
979,6,6,62,74,1.2432432432432432,0.06886935517697237,584,"Yes Mr. Cook, I believe we're ready to launch the iClone."
979,4,10,60,74,1.2432432432432432,0.06326548497088139,584,It just feels like we could use some workplace diversity.
979,4,10,60,74,1.2432432432432432,0.06326548497088139,584,"The Average Joe convention is just letting out, I'll have to call you back."
979,2,14,58,74,1.2432432432432432,0.057114403566085395,584,Tech support? Our copy machine is stuck on David Axelrod.
979,4,10,60,74,1.2432432432432432,0.06326548497088139,584,"Yes, I'm very confident this is NOT the 'Magic Mike' clone portal."
979,4,10,60,74,1.2432432432432432,0.06326548497088139,584,We really need to move that 3D copier out of Accounting.
979,5,8,61,74,1.2432432432432432,0.06612680875066024,584,The copier's jammed again.
979,4,10,60,74,1.2432432432432432,0.06326548497088139,584,"I hit ""Reply All."""
979,4,10,60,74,1.2432432432432432,0.06326548497088139,584,Our personnel department has to stop looking for similar credentials.
979,3,12,59,74,1.2432432432432432,0.06026846888427848,584,"Don't bother, they're here."
979,5,8,61,74,1.2432432432432432,0.06612680875066024,584,could you describe him for me?
979,5,8,61,74,1.2432432432432432,0.06612680875066024,584,"Sir, I think we're going to need a shepherd."
979,6,6,62,74,1.2432432432432432,0.06886935517697237,584,"I wanted clowns for the party, not clones."
979,3,12,59,74,1.2432432432432432,0.06026846888427848,584,Did you say look for the bald guy with a small mustache and round glasses?
979,3,12,59,74,1.2432432432432432,0.06026846888427848,584,Cancel the shrimp tempura. He says they're all allergic.
979,2,14,58,74,1.2432432432432432,0.057114403566085395,584,I'm pretty sure that Dr. Janson has perfected a highly advanced variant of asexual reproduction.
979,4,10,60,74,1.2432432432432432,0.06326548497088139,584,"Ask the repairman to come back, still something wrong with the copier."
979,3,12,59,74,1.2432432432432432,0.06026846888427848,584,The Accountants are multiplying again.
979,2,14,58,74,1.2432432432432432,0.057114403566085395,584,I'm sending up that crop of newly minted MBAs you wanted.
979,3,12,59,74,1.2432432432432432,0.06026846888427848,584,"Yes, Sir. Your description was perfect!"
979,5,8,61,74,1.2432432432432432,0.06612680875066024,584,I think the copier was left on the Fred setting again.
1010,5,7,59,71,1.2394366197183098,0.06792346483661009,584,The copier is on the fritz again.
1010,1,15,55,71,1.2394366197183098,0.054808203106141797,584,It looks like Accounting started multiplying again.
1010,5,7,59,71,1.2394366197183098,0.06792346483661009,584,"Yes Sir, all the ties are made in the USA."
1010,2,13,56,71,1.2394366197183098,0.05836397531564844,584,The focus group is here.
1010,5,7,59,71,1.2394366197183098,0.06792346483661009,584,The 3-D printer is on the Fritz.
1010,3,11,57,71,1.2394366197183098,0.06171521774706098,584,Not quite. We ordered 200 toupees and NO Groucho mustaches!
1010,4,9,58,71,1.2394366197183098,0.06489362517604237,584,"I'm still not sure about Waldo, but I have definitely found Harold."
1010,4,9,58,71,1.2394366197183098,0.06489362517604237,584,Hold on. Accounting just finished their meeting.
1010,2,13,56,71,1.2394366197183098,0.05836397531564844,584,Only one of them looks competent.
1010,5,7,59,71,1.2394366197183098,0.06792346483661009,584,there's one in every crowd
1010,3,11,57,71,1.2394366197183098,0.06171521774706098,584,That inquiry e-mail we received one thousand times wasn't a glitch.
1010,2,13,56,71,1.2394366197183098,0.05836397531564844,584,Please tell HR I was just kidding.
1010,3,11,57,71,1.2394366197183098,0.06171521774706098,584,It looks like the cloning experiment worked TOO well.
1010,1,15,55,71,1.2394366197183098,0.054808203106141797,584,"Hi Boss, can you get down here? Something sort of spooky happened with George and the 3-d printer."
1010,3,11,57,71,1.2394366197183098,0.06171521774706098,584,"You can turn off the 3D printer now, please."
1010,2,13,56,71,1.2394366197183098,0.05836397531564844,584,Yeah. The copier's doing that thing again.
1010,3,11,57,71,1.2394366197183098,0.06171521774706098,584,"I said we needed an “Everyman”, not every Everyman!"
1010,2,13,56,71,1.2394366197183098,0.05836397531564844,584,The meeting just broke up and I think we have consensus.
1010,3,11,57,71,1.2394366197183098,0.06171521774706098,584,We have an identity crisis here.
1010,5,7,59,71,1.2394366197183098,0.06792346483661009,584,"Yes sir, the accountants have taken over the 4th floor."
1010,4,9,58,71,1.2394366197183098,0.06489362517604237,584,"Can't choose, boss. The candidates all appear to be equally qualified."
1010,4,9,58,71,1.2394366197183098,0.06489362517604237,584,"There looking for the ""alt center"" rally"""
1010,4,9,58,71,1.2394366197183098,0.06489362517604237,584,I asked you to make multiple copies FOR Mr. Thornton!
1010,2,13,56,71,1.2394366197183098,0.05836397531564844,584,The new dress code is having an unexpected effect.
1010,4,9,58,71,1.2394366197183098,0.06489362517604237,584,It's an accounting nightmare.
1010,2,13,56,71,1.2394366197183098,0.05836397531564844,584,"This is not what I expected a ""Zombie Walk"" to look like."
1010,0,17,54,71,1.2394366197183098,0.051005143277933866,584,The white male 55 to 62 demographic is here to see you.
1010,2,13,56,71,1.2394366197183098,0.05836397531564844,584,The copy machine's acting up again.
1010,4,9,58,71,1.2394366197183098,0.06489362517604237,584,Welcome to the Department of Redundancy Department.
1010,2,13,56,71,1.2394366197183098,0.05836397531564844,584,"Well, she's certainly got a type."
1010,1,15,55,71,1.2394366197183098,0.054808203106141797,584,I figured out who's been messing with the copier settings.
1010,4,9,58,71,1.2394366197183098,0.06489362517604237,584,"Yes, the meeting to figure out what is wrong with our recruitment process is about to begin."
1010,3,11,57,71,1.2394366197183098,0.06171521774706098,584,I am afraid your temps are quite run-of-the-mill.
1010,4,9,58,71,1.2394366197183098,0.06489362517604237,584,That computer dating site has really nailed my type.
1010,3,11,57,71,1.2394366197183098,0.06171521774706098,584,Your brother has a birthmark where?
1010,4,9,58,71,1.2394366197183098,0.06489362517604237,584,"Boss, there's a flock of someone here to see you."
1010,4,9,58,71,1.2394366197183098,0.06489362517604237,584,"Sir, your numbers are about to get crunched."
1010,4,9,58,71,1.2394366197183098,0.06489362517604237,584,He did say his greatest strength was multitasking.
1010,5,7,59,71,1.2394366197183098,0.06792346483661009,584,I'll see if he's here; give me a few days.
1010,2,13,56,71,1.2394366197183098,0.05836397531564844,584,This fundamentalist cult has a surprisingly shallow gene pool.
1010,4,9,58,71,1.2394366197183098,0.06489362517604237,584,I'm worried they just hired me to improve the workplace diversity.
1010,3,11,57,71,1.2394366197183098,0.06171521774706098,584,There's a problem with the copier on the 9th floor.
1010,1,15,55,71,1.2394366197183098,0.054808203106141797,584,The algorithm HR uses to recruit new accountants is too narrow
1010,3,11,57,71,1.2394366197183098,0.06171521774706098,584,"Good morning you've reached the law firm of Stein, Stein, Stein, Stein, Stein...."
1010,2,13,56,71,1.2394366197183098,0.05836397531564844,584,"When I said we need to clone the new accountant, it was just an expression."
1010,4,9,58,71,1.2394366197183098,0.06489362517604237,584,Will you PLEASE stop repeating yourself.
1010,2,13,56,71,1.2394366197183098,0.05836397531564844,584,"Harv, did you forget to turn off the 3D printer?"
1010,3,11,57,71,1.2394366197183098,0.06171521774706098,584,I told you I could change that light bulb myself.
1010,2,13,56,71,1.2394366197183098,0.05836397531564844,584,"I think I found him. Bald, glasses and mustache, right?"
1010,4,9,58,71,1.2394366197183098,0.06489362517604237,584,I don't envy their mother.
1010,3,11,57,71,1.2394366197183098,0.06171521774706098,584,The good news is the repairman fixed the paper jam.
1010,1,15,55,71,1.2394366197183098,0.054808203106141797,584,"Do you remember last night when you wished we had more employees like Jenkins? Well,...."
1010,3,11,57,71,1.2394366197183098,0.06171521774706098,584,I think your in vitro fertilization malpractice case is here.
1010,4,9,58,71,1.2394366197183098,0.06489362517604237,584,"Tell casting it's a good turn-out for the ""Where's Waldo Now?"" audition."
1010,4,9,58,71,1.2394366197183098,0.06489362517604237,584,We are going to need as many toupees as you have.
1010,4,9,58,71,1.2394366197183098,0.06489362517604237,584,"Mr. Sinclair, are you ready for your 10:15, 10:20, 10:25, 10:30, 10:35..."
1010,1,15,55,71,1.2394366197183098,0.054808203106141797,584,How many did you order on Amazon?
1010,1,15,55,71,1.2394366197183098,0.054808203106141797,584,"Everywhere you go, there you are."
1010,1,15,55,71,1.2394366197183098,0.054808203106141797,584,How many did you order?
1010,5,7,59,71,1.2394366197183098,0.06792346483661009,584,"Jody, I need you to press cancel job on the 3D printer."
1010,2,13,56,71,1.2394366197183098,0.05836397531564844,584,We'll need 252 gray flannel jackets.
1010,5,7,59,71,1.2394366197183098,0.06792346483661009,584,We're a big company but diversity is not our strength.
1010,5,7,59,71,1.2394366197183098,0.06792346483661009,584,You told me to wear the wig and ditch the mustache and glasses; I added the skirt suit and heels.
1010,5,7,59,71,1.2394366197183098,0.06792346483661009,584,Your average Joe just walked through the door!
1010,2,13,56,71,1.2394366197183098,0.05836397531564844,584,"The accountants just got loose and they look highly aroused,"
1010,3,11,57,71,1.2394366197183098,0.06171521774706098,584,I've got some good news and some bad news about that cloning experiment.
1010,3,11,57,71,1.2394366197183098,0.06171521774706098,584,The sales rep claims it's the latest in 3D printing.
1010,4,9,58,71,1.2394366197183098,0.06489362517604237,584,I'm telling you the Doppel Gang is real.
1010,3,11,57,71,1.2394366197183098,0.06171521774706098,584,Guess who fell into the 3D printer again.
1010,7,3,61,71,1.2394366197183098,0.07360995889995638,584,The White House is ready to fill any vacancy.
1010,3,11,57,71,1.2394366197183098,0.06171521774706098,584,You're gonna have to give me more than bald with glasses.
1010,2,13,56,71,1.2394366197183098,0.05836397531564844,584,I've told them. They don't care.
1010,6,5,60,71,1.2394366197183098,0.0708238064659881,584,Tell me again how I recognize Mr. Smith.
1010,3,11,57,71,1.2394366197183098,0.06171521774706098,584,Where should I put middle management?
1010,1,15,55,71,1.2394366197183098,0.054808203106141797,584,They're right! All men are alike.
1010,2,13,56,71,1.2394366197183098,0.05836397531564844,584,"Yes ma'am, our men are hand selected and specifically tailored to satisfy your day to day needs."
1010,6,5,60,71,1.2394366197183098,0.0708238064659881,584,"Sir, your ""Dopplergang"" has arrived."
1010,2,13,56,71,1.2394366197183098,0.05836397531564844,584,"Mary, has the copier repairman already left?"
1010,2,13,56,71,1.2394366197183098,0.05836397531564844,584,Sheila confirms her theory that all men are alike.
1010,4,9,58,71,1.2394366197183098,0.06489362517604237,584,"Yes, he's here...hold on..."
1010,4,9,58,71,1.2394366197183098,0.06489362517604237,584,I didn't want even one of him.
1010,5,7,59,71,1.2394366197183098,0.06792346483661009,584,"I assure you, Mr. Sondheim distinctly said ""clowns!"""
1010,2,13,56,71,1.2394366197183098,0.05836397531564844,584,"Mr. Metzger, the auditors are here."
1010,3,11,57,71,1.2394366197183098,0.06171521774706098,584,"Remember that old machine that came with the warehouse? Well, it would appear that Overby has figured out what it's for"
1010,2,13,56,71,1.2394366197183098,0.05836397531564844,584,"We ordered the Office-Party Fun Pack called 'A Thousand Clowns,' but you sent ... um ..."
1010,4,9,58,71,1.2394366197183098,0.06489362517604237,584,I think he's here — Can you tell me what he smells like?
1010,2,13,56,71,1.2394366197183098,0.05836397531564844,584,"Yes, I'm sure we have a problem with workplace diversity."
1010,5,7,59,71,1.2394366197183098,0.06792346483661009,584,Maybe we were a little too specific in what kind of candidate we're looking for.
1010,2,13,56,71,1.2394366197183098,0.05836397531564844,584,"At least, I think it's the men's room."
1010,5,7,59,71,1.2394366197183098,0.06792346483661009,584,"I ordered 100 hot-dogs, not Franks."
1010,3,11,57,71,1.2394366197183098,0.06171521774706098,584,We're out of stock on the five-eight model. Would she accept a five-nine?
1010,4,9,58,71,1.2394366197183098,0.06489362517604237,584,"Sorry, but I wanted twenty-five Ball ... Point ... Pens ...."
1010,3,11,57,71,1.2394366197183098,0.06171521774706098,584,"""Oh wait...I see him now""."
1010,2,13,56,71,1.2394366197183098,0.05836397531564844,584,The new Apple iClones are amazing!
1010,3,11,57,71,1.2394366197183098,0.06171521774706098,584,I'd like to report a concern with our diversity program.
1010,4,9,58,71,1.2394366197183098,0.06489362517604237,584,Oh good lord John just which button did you push?
1010,2,13,56,71,1.2394366197183098,0.05836397531564844,584,"Janice, get down here! I think I found your type!"
1010,3,11,57,71,1.2394366197183098,0.06171521774706098,584,Do you want the glass half-full or glass half-empty opinion?
1010,3,11,57,71,1.2394366197183098,0.06171521774706098,584,No I said to send in the clowns.
1010,4,9,58,71,1.2394366197183098,0.06489362517604237,584,He just came out of the copier room.
1010,3,11,57,71,1.2394366197183098,0.06171521774706098,584,. . . try unplugging and then plugging in the copier . . .
1010,4,9,58,71,1.2394366197183098,0.06489362517604237,584,The instructions clearly state not to lean over the copier.
1112,4,9,59,72,1.2361111111111112,0.06407233647886229,584,"No, I don't know why the FBI classifies Jack Johnson fans as a gang either."
1112,2,13,57,72,1.2361111111111112,0.05764366130288757,584,"I’m sorry. I thought you said, “Send in the clones.”"
1112,5,7,60,72,1.2361111111111112,0.06705595132864652,584,Cancel the casting call.
1115,2,12,55,69,1.2318840579710144,0.05892228881714398,584,The auditors are here.
1115,1,14,54,69,1.2318840579710144,0.05518676163669498,584,What color tie is he wearing?
1115,5,6,58,69,1.2318840579710144,0.06892465812731721,584,Let me see... can you describe him for me?
1115,2,12,55,69,1.2318840579710144,0.05892228881714398,584,"Honestly, I think the copier's really on the fritz Helen!"
1115,1,14,54,69,1.2318840579710144,0.05518676163669498,584,Could you be a little more specific?
1115,4,8,57,69,1.2318840579710144,0.06575979804152392,584,And their resumes are all identical!
1115,1,14,54,69,1.2318840579710144,0.05518676163669498,584,Please let him know that the middle management robots have arrived.
1115,6,4,59,69,1.2318840579710144,0.0719504409817834,584,The compliance department is here.
1115,2,12,55,69,1.2318840579710144,0.05892228881714398,584,The vote was 32-1 rejecting the claim that gender discrimination is practiced here.
1115,2,12,55,69,1.2318840579710144,0.05892228881714398,584,Well he might still be in the men's room
1115,3,10,56,69,1.2318840579710144,0.06243471453411533,584,Bob? I think your identity got stolen again.
1115,3,10,56,69,1.2318840579710144,0.06243471453411533,584,Nobody here looks like me
1115,4,8,57,69,1.2318840579710144,0.06575979804152392,584,He said to let you know that he doesn't find it sincere or flattering.
1115,4,8,57,69,1.2318840579710144,0.06575979804152392,584,"Send in the clones. Oh wait, don't bother, they're here."
1115,4,8,57,69,1.2318840579710144,0.06575979804152392,584,Can you describe the tie?
1115,2,12,55,69,1.2318840579710144,0.05892228881714398,584,"It's true, at this company they do tend to hire people like themselves."
1115,4,8,57,69,1.2318840579710144,0.06575979804152392,584,Paradise Pizza? I ordered extra 'olives' not Olivers.
1115,5,6,58,69,1.2318840579710144,0.06892465812731721,584,Hello maintenance. The copy machine is stuck.
1115,2,12,55,69,1.2318840579710144,0.05892228881714398,584,Hurry! It's the Accountant's Apprentice!
1115,5,6,58,69,1.2318840579710144,0.06892465812731721,584,"Hello, tech support? Our copier is doing that weird thing again."
1115,2,12,55,69,1.2318840579710144,0.05892228881714398,584,The problem may be the 3-D printer.
1115,4,8,57,69,1.2318840579710144,0.06575979804152392,584,Wait… I think I see him coming.
1115,2,12,55,69,1.2318840579710144,0.05892228881714398,584,There appears to be consensus within the dress code committee.
1115,2,12,55,69,1.2318840579710144,0.05892228881714398,584,"Doctor, I think the DNA copy machine is broken."
1115,2,12,55,69,1.2318840579710144,0.05892228881714398,584,The product testers and for the l new facial recognition feature are here.
1115,0,16,53,69,1.2318840579710144,0.05117930441535766,584,You said he'd be the one with the mustache.
1115,2,12,55,69,1.2318840579710144,0.05892228881714398,584,I think our diversity program needs some tweaking.
1115,2,12,55,69,1.2318840579710144,0.05892228881714398,584,"I'm looking for him now, is he wearing a tie?"
1115,3,10,56,69,1.2318840579710144,0.06243471453411533,584,The Diversity and Inclusion Committee meeting is just ending.
1115,5,6,58,69,1.2318840579710144,0.06892465812731721,584,"Clone the accounts? Oh, I misheard you."
1115,3,10,56,69,1.2318840579710144,0.06243471453411533,584,"""It must have auto-corrected to 'Send in the Clones' ""."
1115,4,8,57,69,1.2318840579710144,0.06575979804152392,584,Looks like it was unanimous.
1115,3,10,56,69,1.2318840579710144,0.06243471453411533,584,Good news! They are all leaving in complete agreement.
1115,1,14,54,69,1.2318840579710144,0.05518676163669498,584,Hello Office Services... The Copier seems to be malfunctioning again!
1115,3,10,56,69,1.2318840579710144,0.06243471453411533,584,The copier is stuck again.
1115,1,14,54,69,1.2318840579710144,0.05518676163669498,584,Looks like the cloning experiments are working.
1115,0,16,53,69,1.2318840579710144,0.05117930441535766,584,"I think accounting missed that ""Diversity in the Workplace"" presentation."
1115,1,14,54,69,1.2318840579710144,0.05518676163669498,584,Marvin Klausteins are here for their ten o'clock appointment.
1115,3,10,56,69,1.2318840579710144,0.06243471453411533,584,Can you read that help wanted ad to me one more time...
1115,4,8,57,69,1.2318840579710144,0.06575979804152392,584,"Oh, you know, same old, same old."
1115,4,8,57,69,1.2318840579710144,0.06575979804152392,584,"I ordered a pack of herbs, not a pack of Herbs!"
1115,4,8,57,69,1.2318840579710144,0.06575979804152392,584,The FaceID test team is here.
1115,3,10,56,69,1.2318840579710144,0.06243471453411533,584,"No, Gerald, I distinctly said, ""Send in the clowns."""
1115,5,6,58,69,1.2318840579710144,0.06892465812731721,584,"And where are the clowns? Quick, send in the clowns!"
1115,2,12,55,69,1.2318840579710144,0.05892228881714398,584,"Um, there'll be no thinking outside the box with this group."
1115,3,10,56,69,1.2318840579710144,0.06243471453411533,584,"Next time, could you clone Brad Pitt?"
1115,3,10,56,69,1.2318840579710144,0.06243471453411533,584,Call ChristianNerdMatch.com and find out how my work address wound up in my posting.
1115,4,8,57,69,1.2318840579710144,0.06575979804152392,584,"It's a musical number, ""Send in the Clones."""
1115,5,6,58,69,1.2318840579710144,0.06892465812731721,584,Joe has become redundant.
1115,2,12,55,69,1.2318840579710144,0.05892228881714398,584,The new batch is just starting to emerge.
1115,2,12,55,69,1.2318840579710144,0.05892228881714398,584,You have got to see the Diversity Committee!
1115,4,8,57,69,1.2318840579710144,0.06575979804152392,584,"Uh, yes, I think there's a problem with the copy machine..."
1115,4,8,57,69,1.2318840579710144,0.06575979804152392,584,...okay okay what does he look like?
1115,3,10,56,69,1.2318840579710144,0.06243471453411533,584,"No, no, I said send in the clowns"
1115,5,6,58,69,1.2318840579710144,0.06892465812731721,584,I said send in the CLOWNS... not send in the clones!
1115,2,12,55,69,1.2318840579710144,0.05892228881714398,584,Tech support to the copy room.
1115,6,4,59,69,1.2318840579710144,0.0719504409817834,584,The auditors have arrived.
1115,3,10,56,69,1.2318840579710144,0.06243471453411533,584,"Hello, tech support - we had an accident with the copy machine!"
1115,2,12,55,69,1.2318840579710144,0.05892228881714398,584,"Sir, I have found the source of our redundancy problem."
1115,2,12,55,69,1.2318840579710144,0.05892228881714398,584,"Right,one hundred ham on white - no mustard"
1115,3,10,56,69,1.2318840579710144,0.06243471453411533,584,"Yes, I see him."
1115,3,10,56,69,1.2318840579710144,0.06243471453411533,584,You promised you wouldn't hire anymore family.
1115,3,10,56,69,1.2318840579710144,0.06243471453411533,584,Ms. Kahn? Your exes are here.
1115,4,8,57,69,1.2318840579710144,0.06575979804152392,584,Your description to the employment agency may have been a little too precise.
1115,2,12,55,69,1.2318840579710144,0.05892228881714398,584,I think I've found John Doe.
1115,5,6,58,69,1.2318840579710144,0.06892465812731721,584,Who sent in the clones?
1115,1,14,54,69,1.2318840579710144,0.05518676163669498,584,The diversity program seems to have hit a snag.
1115,2,12,55,69,1.2318840579710144,0.05892228881714398,584,"Better hurry down here, Henry got stuck in the new 3-D printer !"
1115,2,12,55,69,1.2318840579710144,0.05892228881714398,584,I've already updated my resume--I probably shouldn't stay too long...
1115,4,8,57,69,1.2318840579710144,0.06575979804152392,584,"I said duplicate program copies, not program managers."
1115,1,14,54,69,1.2318840579710144,0.05518676163669498,584,``The bald guy? With glasses?''
1115,4,8,57,69,1.2318840579710144,0.06575979804152392,584,"No, we've never had a diversity program here at Greenstein, Greenstein & Greenstein."
1115,4,8,57,69,1.2318840579710144,0.06575979804152392,584,"The accountants have escaped."" ""Please hurry!"
1115,4,8,57,69,1.2318840579710144,0.06575979804152392,584,What happened to diversity?
1115,4,8,57,69,1.2318840579710144,0.06575979804152392,584,Right now I'm watching the game of clones.
1115,3,10,56,69,1.2318840579710144,0.06243471453411533,584,So which one's Bert?
1115,3,10,56,69,1.2318840579710144,0.06243471453411533,584,"I ordered 100 toy drones, not Roy clones."
1115,3,10,56,69,1.2318840579710144,0.06243471453411533,584,"Hold on, let me see if I can find him for you."
1115,4,8,57,69,1.2318840579710144,0.06575979804152392,584,The Sorcerer's Apprentice has been here again.
1115,3,10,56,69,1.2318840579710144,0.06243471453411533,584,3-D printer works.
1115,2,12,55,69,1.2318840579710144,0.05892228881714398,584,Can you give a more complete description of your missing clone?
1115,3,10,56,69,1.2318840579710144,0.06243471453411533,584,Where are the box lunches? Attendees are beside themselves.
1115,3,10,56,69,1.2318840579710144,0.06243471453411533,584,"Ya, I'd say match.com is experiencing technical difficulties."
1115,2,12,55,69,1.2318840579710144,0.05892228881714398,584,In the light they all look alike!
1115,4,8,57,69,1.2318840579710144,0.06575979804152392,584,I've found them on the 2nd floor looking for donuts.
1115,4,8,57,69,1.2318840579710144,0.06575979804152392,584,Is this duplication maintenance? Something has gone terribly wrong. Mr. Whipple is beside himself.
1115,5,6,58,69,1.2318840579710144,0.06892465812731721,584,I need a really fast answer. Where is the 'Off' switch on the 3-D printer?
1115,2,12,55,69,1.2318840579710144,0.05892228881714398,584,The middle managers have gotten loose again.
1115,1,14,54,69,1.2318840579710144,0.05518676163669498,584,"I said ""CALL THE"" IT guy, not ""COPY"" the IT guy..."
1115,6,4,59,69,1.2318840579710144,0.0719504409817834,584,I must be paranoid--I'm seeing my ex-husband everywhere.
1115,4,8,57,69,1.2318840579710144,0.06575979804152392,584,I can't find Waldo. Will a Walter do?
1115,3,10,56,69,1.2318840579710144,0.06243471453411533,584,"I've asked several of these guys, and none of them seems to think that penguins all look alike."
1115,2,12,55,69,1.2318840579710144,0.05892228881714398,584,He's on his way now.
1115,2,12,55,69,1.2318840579710144,0.05892228881714398,584,Sooo... it would appear that America's been made great again.
1115,1,14,54,69,1.2318840579710144,0.05518676163669498,584,Despite heated disagreements they are showing the same face in public.
1115,3,10,56,69,1.2318840579710144,0.06243471453411533,584,"Sir, is it time to send in the clones?"
1115,6,4,59,69,1.2318840579710144,0.0719504409817834,584,The pressure to conform is very strong in this company.
1115,4,8,57,69,1.2318840579710144,0.06575979804152392,584,Yes. It works -- perfectly.
1115,3,10,56,69,1.2318840579710144,0.06243471453411533,584,It's Jenkins again. His nepotism is getting out of hand.
1115,3,10,56,69,1.2318840579710144,0.06243471453411533,584,And which Mr. Lemming are you trying to reach?
1115,3,10,56,69,1.2318840579710144,0.06243471453411533,584,"On the new 3D digital copier, do you remember where the off switch is located?"
1115,3,10,56,69,1.2318840579710144,0.06243471453411533,584,This is the second time this week that my horoscope has been bang on.
1115,4,8,57,69,1.2318840579710144,0.06575979804152392,584,I really think you need to tell the engineers that our new 3-D printer is not a toy.
1115,3,10,56,69,1.2318840579710144,0.06243471453411533,584,Omigosh -- soylent green is Murray!
1115,2,12,55,69,1.2318840579710144,0.05892228881714398,584,"We're casting now for ""Yawn of the Dead."
1115,3,10,56,69,1.2318840579710144,0.06243471453411533,584,"Walter got the 3D printer working, but you're not going to believe what's happening!"
1115,2,12,55,69,1.2318840579710144,0.05892228881714398,584,'K. Hold on. I'll try to find Waldo.
1115,5,6,58,69,1.2318840579710144,0.06892465812731721,584,could you describe him for me?
1115,2,12,55,69,1.2318840579710144,0.05892228881714398,584,I know he's around here somewhere.
1115,5,6,58,69,1.2318840579710144,0.06892465812731721,584,You know that job we posted? The candidates seem to have a lot in common.
1115,2,12,55,69,1.2318840579710144,0.05892228881714398,584,I think we need to keep Mr. Grigsby away from the 3-D printer.
1115,4,8,57,69,1.2318840579710144,0.06575979804152392,584,"I said clowns, not clones. You know, ""Send in the clowns."""
1115,3,10,56,69,1.2318840579710144,0.06243471453411533,584,"No, we pride ourselves on diversity."
1115,5,6,58,69,1.2318840579710144,0.06892465812731721,584,O.K. Now go out there and make a difference!
1115,1,14,54,69,1.2318840579710144,0.05518676163669498,584,I think you'll find the new cabinet to be less contentious sir
1115,2,12,55,69,1.2318840579710144,0.05892228881714398,584,And so the Clone Wars begin......
1115,3,10,56,69,1.2318840579710144,0.06243471453411533,584,He's claiming he's a victim of identity theft.
1115,2,12,55,69,1.2318840579710144,0.05892228881714398,584,"Yes, as a matter of fact, I think I do know who was the last to use the new copier."
1115,2,12,55,69,1.2318840579710144,0.05892228881714398,584,"The shipment from Lemming, Lemming & Lemming is here sir. Should I send them to marketing?"
1115,2,12,55,69,1.2318840579710144,0.05892228881714398,584,"Well, I've interviewed all the applicants, but I'm having trouble deciding."
1115,3,10,56,69,1.2318840579710144,0.06243471453411533,584,I should have asked more questions before accepting the job as Chief Diversity Officer.
1115,2,12,55,69,1.2318840579710144,0.05892228881714398,584,Copy room? Get someone up here ASAP!
1115,6,4,59,69,1.2318840579710144,0.0719504409817834,584,They all look the same even without their white hoods!
1115,2,12,55,69,1.2318840579710144,0.05892228881714398,584,"Is it the one in the striped tie, or the one in the striped tie, or the one in the striped tie?"
1115,2,12,55,69,1.2318840579710144,0.05892228881714398,584,"He told the temp, ""Make me 100 copies."""
1115,3,10,56,69,1.2318840579710144,0.06243471453411533,584,I think we've got a diversity problem.
1115,2,12,55,69,1.2318840579710144,0.05892228881714398,584,"Yes sir, it looks like the replicator is stuck on CPA again."
1115,3,10,56,69,1.2318840579710144,0.06243471453411533,584,There's been a malfunction in the factory.
1115,2,12,55,69,1.2318840579710144,0.05892228881714398,584,"Hi, I'm down by the copier room and have a question."
1115,3,10,56,69,1.2318840579710144,0.06243471453411533,584,Is our copy machine still under warranty?
1115,1,14,54,69,1.2318840579710144,0.05518676163669498,584,"Yes, sir I'll send them in...oh, just your average Joe's..."
1115,6,4,59,69,1.2318840579710144,0.0719504409817834,584,Gotta go...the President's cabinet meeting is just letting out.
1115,3,10,56,69,1.2318840579710144,0.06243471453411533,584,The Accounting Department is multiplying.
1115,3,10,56,69,1.2318840579710144,0.06243471453411533,584,His name is Waldo?
1115,5,6,58,69,1.2318840579710144,0.06892465812731721,584,Your diversity training class has arrived.
1115,3,10,56,69,1.2318840579710144,0.06243471453411533,584,"Listen R & D, when I said we could use more workers like Mr. Issacs, it was not a challenge."
1115,4,8,57,69,1.2318840579710144,0.06575979804152392,584,"Yes, I know you said he'll be the bald one with the glasses and mustache!"
1115,2,12,55,69,1.2318840579710144,0.05892228881714398,584,Let's get those name tags up here ASAP.
1115,4,8,57,69,1.2318840579710144,0.06575979804152392,584,"So much for that ""special someone"" the speed dating service promised."
1115,4,8,57,69,1.2318840579710144,0.06575979804152392,584,Could you send a tech support guy to fix the copier?
1115,5,6,58,69,1.2318840579710144,0.06892465812731721,584,"Hello Amazon, when I ordered your lightning deal on 100 herbs I don't think I read the details carefully enough."
1115,1,14,54,69,1.2318840579710144,0.05518676163669498,584,They said they all come from the same sperm bank.
1115,2,12,55,69,1.2318840579710144,0.05892228881714398,584,"Gotta go, my Tinder dates arrived and apparently, I have a type."
1115,2,12,55,69,1.2318840579710144,0.05892228881714398,584,The IBM reunion class has arrived.
1115,4,8,57,69,1.2318840579710144,0.06575979804152392,584,Clowns! I know I said clowns!
1115,5,6,58,69,1.2318840579710144,0.06892465812731721,584,Your shipment of counterfeit Genes just arrived
1115,2,12,55,69,1.2318840579710144,0.05892228881714398,584,"Mom, what was the name of your fertility Doctor?"
1115,3,10,56,69,1.2318840579710144,0.06243471453411533,584,"Yeah, hi. Your Morts are here."
1115,4,8,57,69,1.2318840579710144,0.06575979804152392,584,So David Beckham wasn't available?
1115,4,8,57,69,1.2318840579710144,0.06575979804152392,584,Lou? Your stupid brother is monkeying with the copy machine again.
1115,1,14,54,69,1.2318840579710144,0.05518676163669498,584,Their poor mother.
1115,4,8,57,69,1.2318840579710144,0.06575979804152392,584,We're ready for the auditions.
1267,2,11,53,66,1.2272727272727273,0.060284695763812665,584,'I'm not sure this is the diversity effort we were after.'
1267,3,9,54,66,1.2272727272727273,0.06403471722070707,584,"We need the border collie in accounting, pronto!"
1267,1,13,52,66,1.2272727272727273,0.056285380669717305,584,The meeting was over. They all agreed.
1267,4,7,55,66,1.2272727272727273,0.06757695965146986,584,You told me to call when the suits arrived but it looks like they forgot the jackets.
1267,3,9,54,66,1.2272727272727273,0.06403471722070707,584,"To clarify, the client wanted a room filled with cologne."
1267,3,9,54,66,1.2272727272727273,0.06403471722070707,584,"Kimberley, I specifically said 'NO moustache'!"
1267,3,9,54,66,1.2272727272727273,0.06403471722070707,584,"You might want to come over here, Norm's reproducing himself again"
1267,5,5,56,66,1.2272727272727273,0.0709425538160056,584,Abernathy is logged onto the 3-D printer again.
1267,2,11,53,66,1.2272727272727273,0.060284695763812665,584,The copier is out of toner again.
1267,4,7,55,66,1.2272727272727273,0.06757695965146986,584,The good news is that the new guy is a whiz with the 3D printer...
1267,1,13,52,66,1.2272727272727273,0.056285380669717305,584,"Hey Bill ,it's Diane. Just curious, did you leave the cloning machine on?"
1267,2,11,53,66,1.2272727272727273,0.060284695763812665,584,You did say send in the clones?
1267,3,9,54,66,1.2272727272727273,0.06403471722070707,584,"Sir, all the employees who don't complain just quit."
1267,4,7,55,66,1.2272727272727273,0.06757695965146986,584,"Yes, the job opening has very specific requirements."
1267,3,9,54,66,1.2272727272727273,0.06403471722070707,584,It looks like Higgins down in R&D has found a way to increase its productivity . . .
1267,2,11,53,66,1.2272727272727273,0.060284695763812665,584,"Dr., remember when you injected the cloned embryos with growth hormone?"
1267,2,11,53,66,1.2272727272727273,0.060284695763812665,584,the actualization through individuality meeting is out
1267,3,9,54,66,1.2272727272727273,0.06403471722070707,584,I hope that these Joes are not the average.
1267,3,9,54,66,1.2272727272727273,0.06403471722070707,584,"Sir, there has been a malfunction in the 3D printer."
1267,4,7,55,66,1.2272727272727273,0.06757695965146986,584,I've found all the Morty Kleins we were missing.
1267,2,11,53,66,1.2272727272727273,0.060284695763812665,584,Um...Harold seems to have broken the 3D printer.
1267,3,9,54,66,1.2272727272727273,0.06403471722070707,584,I think we have a copier problem.
1267,3,9,54,66,1.2272727272727273,0.06403471722070707,584,I think we should diversify.
1267,3,9,54,66,1.2272727272727273,0.06403471722070707,584,"In the meantime, one can only hope Bob didn't also do a naked butt ride on the malfunctioning 3D copier."
1267,3,9,54,66,1.2272727272727273,0.06403471722070707,584,"Dennis, it appears we have a problem with the cloning experiment."
1267,4,7,55,66,1.2272727272727273,0.06757695965146986,584,Who let in the sorcerer's apprentice?
1293,3,9,55,67,1.2238805970149254,0.06316288636259094,584,The copier's going crazy again.
1293,3,9,55,67,1.2238805970149254,0.06316288636259094,584,What color eyes did you say?
1293,4,7,56,67,1.2238805970149254,0.06664708731840546,584,You sent clones. I asked you to send in the clowns.
1293,4,7,56,67,1.2238805970149254,0.06664708731840546,584,My God! The lower-mid-level management A.I. has finally achieved singularity!
1293,4,7,56,67,1.2238805970149254,0.06664708731840546,584,It looks like Wilkins in accounting is trending.
1293,2,11,54,67,1.2238805970149254,0.05947492059078339,584,I am not sure which one I had sex with in the copying room!
1293,4,7,56,67,1.2238805970149254,0.06664708731840546,584,"I told you, we can learn to clone or cure male pattern baldness. But we do not have the resources to do both."
1293,4,7,56,67,1.2238805970149254,0.06664708731840546,584,Finley has the duplicating machine up and running.
1293,3,9,55,67,1.2238805970149254,0.06316288636259094,584,"I said ""cyclone,"" not ""clone Sy."""
1293,3,9,55,67,1.2238805970149254,0.06316288636259094,584,"Hi Hon, I just discovered what happens when you move 3-d graphics into Accounting."
1293,2,11,54,67,1.2238805970149254,0.05947492059078339,584,"Oh my god, he's here!... The cute one with the mustache."
1293,4,7,56,67,1.2238805970149254,0.06664708731840546,584,"We need to rerun that want ad for the accountant position, and make the requirements less specific this time."
1293,3,9,55,67,1.2238805970149254,0.06316288636259094,584,I think we better get name tags.
1293,3,9,55,67,1.2238805970149254,0.06316288636259094,584,We need more couches. He has multiple persons disorder.
1293,3,9,55,67,1.2238805970149254,0.06316288636259094,584,"Yes, when I handed him his pink slip--like when Mickey Mouse chops up the broom in Sorcerer's Apprentice--multiplying, hundreds of him."
1293,4,7,56,67,1.2238805970149254,0.06664708731840546,584,Microdifferentiation: Aleatoria speaking.
1293,1,13,53,67,1.2238805970149254,0.055542615574947524,584,Let me get back to you about this open door policy
1293,2,11,54,67,1.2238805970149254,0.05947492059078339,584,Which one of him should I fire?
1293,4,7,56,67,1.2238805970149254,0.06664708731840546,584,"Well, they all look the same to me."
1293,4,7,56,67,1.2238805970149254,0.06664708731840546,584,Buy stock in toupees
1293,2,11,54,67,1.2238805970149254,0.05947492059078339,584,We got 247 to audition for Groucho but none of them wants to be Harpo or Zeppo.
1293,5,5,57,67,1.2238805970149254,0.0699579751164994,584,"Sir, the n-tuplets are loose again!"
1293,2,11,54,67,1.2238805970149254,0.05947492059078339,584,Should the candidate be good at multiplication?
1293,4,7,56,67,1.2238805970149254,0.06664708731840546,584,"He said, ""colonoscopy"" not ""clones-copy""."
1293,3,9,55,67,1.2238805970149254,0.06316288636259094,584,Call Security! Irving fell in the 3-D printer again
1293,3,9,55,67,1.2238805970149254,0.06316288636259094,584,I'll see if he's here. Can you tell me what he looks like?
1293,4,7,56,67,1.2238805970149254,0.06664708731840546,584,The Freedom Caucus has decided to recommend eliminating healthcare for women.
1293,4,7,56,67,1.2238805970149254,0.06664708731840546,584,"The team from Smithers, et al, is here sir."
1293,2,11,54,67,1.2238805970149254,0.05947492059078339,584,"Martha quickly regretted capitalizing the ""G"" in her request to analyze the corporate gene pool."
1293,4,7,56,67,1.2238805970149254,0.06664708731840546,584,"At first I thought it was twins, then triplets---but this is ridiculous."
1293,3,9,55,67,1.2238805970149254,0.06316288636259094,584,They say they all come from the hillside where the little boxes are.
1293,2,11,54,67,1.2238805970149254,0.05947492059078339,584,"Sir, we have a situation down here. Joe from our tech support team was working on the 3-D printer...and no sir, HR cannot handle this one."
1293,3,9,55,67,1.2238805970149254,0.06316288636259094,584,"""I thought you said bring in the clones""."
1293,2,11,54,67,1.2238805970149254,0.05947492059078339,584,Mr. Waldo?
1293,4,7,56,67,1.2238805970149254,0.06664708731840546,584,I've found the room where they keep the copier.
1293,4,7,56,67,1.2238805970149254,0.06664708731840546,584,"Yes, I'd like to report a violation of the law of conservation of mass- please hurry!"
1293,3,9,55,67,1.2238805970149254,0.06316288636259094,584,"I think the lawyers from Lemming, Lemming, and Lemming are here."
1293,1,13,53,67,1.2238805970149254,0.055542615574947524,584,Good news and bad news about the breakthroughs at that in vitro fertilization center.
1293,2,11,54,67,1.2238805970149254,0.05947492059078339,584,"""Could you send up 100 calculators""?"
1293,4,7,56,67,1.2238805970149254,0.06664708731840546,584,"A lot of candidates, not a lot of choices."
1293,3,9,55,67,1.2238805970149254,0.06316288636259094,584,"Margo, I've found out why we're in the minority here at Google."
1293,2,11,54,67,1.2238805970149254,0.05947492059078339,584,Way too much men's clone here.
1293,5,5,57,67,1.2238805970149254,0.0699579751164994,584,Where are the Lemmings ?
1293,2,11,54,67,1.2238805970149254,0.05947492059078339,584,"Sir, the witness protection team, is ready"
1293,4,7,56,67,1.2238805970149254,0.06664708731840546,584,It was an IBM secret project room apparently and they have all been working on something called a computer typewriter since 1980
1293,2,11,54,67,1.2238805970149254,0.05947492059078339,584,"The Equifax fallout has arrived, sir."
1293,1,13,53,67,1.2238805970149254,0.055542615574947524,584,They want to know who they are.
1293,0,15,52,67,1.2238805970149254,0.05130982469793496,584,"This is the time of year when they congregate, before filing south."
1293,3,9,55,67,1.2238805970149254,0.06316288636259094,584,Hold on. I'll see if I can find him.
1293,3,9,55,67,1.2238805970149254,0.06316288636259094,584,I got your message. I'm here to meet him. Does he have a mustache?
1293,4,7,56,67,1.2238805970149254,0.06664708731840546,584,"Yes sir, he was a one in a million applicant."
1293,5,5,57,67,1.2238805970149254,0.0699579751164994,584,"Remember when you misspelled ""cologne"" in that bulk order?"
1293,4,7,56,67,1.2238805970149254,0.06664708731840546,584,"They were supposed to be collated and stapled, too!"
1293,5,5,57,67,1.2238805970149254,0.0699579751164994,584,We need more chairs for the employee diversity training.
1293,2,11,54,67,1.2238805970149254,0.05947492059078339,584,I think Tim's been experimenting with the 3-D printer again!
1293,1,13,53,67,1.2238805970149254,0.055542615574947524,584,"You remember Jones, the multiverse researcher? Well, he may have made a break-through."
1293,3,9,55,67,1.2238805970149254,0.06316288636259094,584,"I clearly said ""clowns"", but don't bother, they're here."
1293,0,15,52,67,1.2238805970149254,0.05130982469793496,584,"Got it, Sir. An AC/DC tattoo on his left butt cheek."
1293,3,9,55,67,1.2238805970149254,0.06316288636259094,584,Gerald's been using the copy machine again.
1293,4,7,56,67,1.2238805970149254,0.06664708731840546,584,Housekeeping? We have a swarm of Nats on the third floor.
1293,4,7,56,67,1.2238805970149254,0.06664708731840546,584,"Hello, Tech Support? I'm ... uh ... outside the copy room ..."
1293,1,13,53,67,1.2238805970149254,0.055542615574947524,584,"Sir, the diversity committee is here with its findings."
1293,5,5,57,67,1.2238805970149254,0.0699579751164994,584,"But Martin, what will we do with all these new CPAs if Congress passes tax reform?"
1293,2,11,54,67,1.2238805970149254,0.05947492059078339,584,Do we have any openings for old white guys?
1293,3,9,55,67,1.2238805970149254,0.06316288636259094,584,"Steve, Steve, Steve, Steve, Steve, Steve, Steve, Steve, Steve, Steve, and Steve are here to see you, sir."
1293,4,7,56,67,1.2238805970149254,0.06664708731840546,584,What did you say would happen if I didn't use those solar eclipse glasses?
1293,3,9,55,67,1.2238805970149254,0.06316288636259094,584,"Sir, accounting has solved the door knob. Please advise on the windows."
1360,3,8,53,64,1.21875,0.06481333851304336,584,"Customer Support to the DNA lab, please..."
1360,5,4,55,64,1.21875,0.07206130960001936,584,"The ""Morris CPA' droids are ready and deploying to accounting."
1360,2,10,52,64,1.21875,0.060866551595885596,584,Tech support? I think the new 3-D printer is broken.
1360,3,8,53,64,1.21875,0.06481333851304336,584,I'll have to call you back. Trump's cabinet meeting just finished.
1360,3,8,53,64,1.21875,0.06481333851304336,584,It’s worse than locusts. It’s middle management.
1360,5,4,55,64,1.21875,0.07206130960001936,584,"I requested ""Send in the Clowns"" not ""Send in the Clones"
1360,2,10,52,64,1.21875,0.060866551595885596,584,Donald. Your base is here.
1360,2,10,52,64,1.21875,0.060866551595885596,584,Harold's playing around with the copier again.
1360,4,6,54,64,1.21875,0.06853320797422294,584,"Sir, Mr. Mayberry has been playing with the 3D printer again."
1360,1,12,51,64,1.21875,0.05664543544843536,584,Who knew replacing Gordon would be so simple!
1360,3,8,53,64,1.21875,0.06481333851304336,584,Drones! I said I wanted drones!
1360,2,10,52,64,1.21875,0.060866551595885596,584,Someone asked if we are an equal opportunity employer
1360,2,10,52,64,1.21875,0.060866551595885596,584,"Helen, call the copier repairman, and tell him to hurry."
1360,4,6,54,64,1.21875,0.06853320797422294,584,The lemmings are looking for a cliff.
1360,1,12,51,64,1.21875,0.05664543544843536,584,I think I may have been too specific.
1360,2,10,52,64,1.21875,0.060866551595885596,584,"Are you sure he said send in the ""clones""???"
1360,2,10,52,64,1.21875,0.060866551595885596,584,"I said Elvis impersonators, not Elmer impersonators!"
1360,2,10,52,64,1.21875,0.060866551595885596,584,Yep. The new copy/paste feature is definitely working.
1360,4,6,54,64,1.21875,0.06853320797422294,584,Could you describe him again?
1360,1,12,51,64,1.21875,0.05664543544843536,584,"Your double? Well, yes and no."
1360,3,8,53,64,1.21875,0.06481333851304336,584,"Doctor, your client with multiple personality disorder is here, with all of his personalities"
1360,2,10,52,64,1.21875,0.060866551595885596,584,We're just about to start our Diversity Committee meeting.
1360,2,10,52,64,1.21875,0.060866551595885596,584,"Glasses, mustache, tie—you can't miss him."
1360,2,10,52,64,1.21875,0.060866551595885596,584,Looks like he's been playing with the new 3D printer again!
1360,2,10,52,64,1.21875,0.060866551595885596,584,Cloning Department? You can stop now.
1360,1,12,51,64,1.21875,0.05664543544843536,584,"Sir, Norton has gone viral again."
1360,3,8,53,64,1.21875,0.06481333851304336,584,Jane - You wouldn't believe the copy machine they've got on the 5th floor...
1360,1,12,51,64,1.21875,0.05664543544843536,584,The photocopier repair team is here.
1360,2,10,52,64,1.21875,0.060866551595885596,584,Do not send in the clones.
1360,1,12,51,64,1.21875,0.05664543544843536,584,I'm not sure. Tell me again what he looks like.
1360,2,10,52,64,1.21875,0.060866551595885596,584,"Hi Tim, the face ID class action just arrived."
1360,3,8,53,64,1.21875,0.06481333851304336,584,"Yes, it's the 3D printer again."
1360,5,4,55,64,1.21875,0.07206130960001936,584,"Every one of them has offered me a ""mustache ride""."
1360,1,12,51,64,1.21875,0.05664543544843536,584,Someone is playing with the 3D printer again.
1360,3,8,53,64,1.21875,0.06481333851304336,584,They're coming out now. Looks like the vote was unanimous.
1360,3,8,53,64,1.21875,0.06481333851304336,584,"In the future, let's keep Irving away from the 3-D copier."
1360,1,12,51,64,1.21875,0.05664543544843536,584,Everyone from accounting looks the same to me.
1360,3,8,53,64,1.21875,0.06481333851304336,584,I requested clowns - not clones.
1360,2,10,52,64,1.21875,0.060866551595885596,584,Sir - the Congressional Committee on Enhancing Diversity and Inclusion is here to meet with you.
1360,3,8,53,64,1.21875,0.06481333851304336,584,Maybe the job listing was too specific?
1360,3,8,53,64,1.21875,0.06481333851304336,584,Lights off or on they're all the same.
1360,3,8,53,64,1.21875,0.06481333851304336,584,"Ms. Beasley, the shipment arrived, one problem though. Check the spelling, it should have read 'drones'."
1360,2,10,52,64,1.21875,0.060866551595885596,584,"Yes sir, looks like Mr. Todd may be onto something with the 3D printer."
1360,3,8,53,64,1.21875,0.06481333851304336,584,"Yes, this is ""Inflatable Accountants."" How many do you need?"
1360,4,6,54,64,1.21875,0.06853320797422294,584,Weirdest stripper-gram ever.
1360,4,6,54,64,1.21875,0.06853320797422294,584,We need someone here quickly the 3D Printer is on the Fritz again.
1360,2,10,52,64,1.21875,0.060866551595885596,584,Send cleanup to the copy center. Bill ODed on cloner again.
1360,5,4,55,64,1.21875,0.07206130960001936,584,Tell IT that we have an issue with the new 3D printer
1360,1,12,51,64,1.21875,0.05664543544843536,584,"I'm not sure who left the door open, but it looks like at least half the accounting department has already gotten out."
1360,6,2,56,64,1.21875,0.07542455891353682,584,Irv forgot to hit the collate button again.
1360,2,10,52,64,1.21875,0.060866551595885596,584,Yes he's here
1360,2,10,52,64,1.21875,0.060866551595885596,584,""" Gene Pool"", please report to the front lobby."
1360,2,10,52,64,1.21875,0.060866551595885596,584,"Yes, sir, there seems to be an unanimous decision."
1360,3,8,53,64,1.21875,0.06481333851304336,584,There's a problem with the 3-D printer.
1360,2,10,52,64,1.21875,0.060866551595885596,584,"No, the Want Ad was for CLOWNS!"
1360,2,10,52,64,1.21875,0.060866551595885596,584,Nametags?
1360,2,10,52,64,1.21875,0.060866551595885596,584,"I think there's been some confusion, I had requested 'cologne' samples."
1360,3,8,53,64,1.21875,0.06481333851304336,584,looks like those guys in tech support are playing around with the 3D printers again
1360,3,8,53,64,1.21875,0.06481333851304336,584,You idiot! I said a broad selection of colognes.
1360,2,10,52,64,1.21875,0.060866551595885596,584,The accountants are here.
1360,3,8,53,64,1.21875,0.06481333851304336,584,Cage Free Humans.
1360,3,8,53,64,1.21875,0.06481333851304336,584,Remember when Baxter said he wished he could clone himself?
1360,2,10,52,64,1.21875,0.060866551595885596,584,"Yeah, it seems to have worked. But why would anyone want to clone Ed?"
1360,3,8,53,64,1.21875,0.06481333851304336,584,Describe him one more time
1360,4,6,54,64,1.21875,0.06853320797422294,584,We should never have gotten a 3-D copier.
1360,2,10,52,64,1.21875,0.060866551595885596,584,"They are saying -Baah, Baah, and Baah."
1360,2,10,52,64,1.21875,0.060866551595885596,584,"I'm telling you it's a nightmare, Cynthia. The entire accounting department is on the prowl for Junior Mints."
1360,3,8,53,64,1.21875,0.06481333851304336,584,We have a very strict dress code here.
1360,2,10,52,64,1.21875,0.060866551595885596,584,I have to go now. I'm meeting with Trump's new advisers.
1360,2,10,52,64,1.21875,0.060866551595885596,584,"You were right mom, all men are alike/"
1360,2,10,52,64,1.21875,0.060866551595885596,584,Our health department doesn't fool around with pylori infections.
1360,1,12,51,64,1.21875,0.05664543544843536,584,It appears the team building seminar went better than expected.
1360,2,10,52,64,1.21875,0.060866551595885596,584,...yes sir. The copier on 12 is stuck on Mr. Filbert again.
1360,2,10,52,64,1.21875,0.060866551595885596,584,Could you describe him again?
1360,2,10,52,64,1.21875,0.060866551595885596,584,"Your cloning experiment worked, and it's not a pretty sight."
1360,2,10,52,64,1.21875,0.060866551595885596,584,"I said ""clone the sheep"", not the geek!"
1360,3,8,53,64,1.21875,0.06481333851304336,584,I think the G.O.P. delegation is arriving now.
1360,2,10,52,64,1.21875,0.060866551595885596,584,Affirmative inaction.
1360,3,8,53,64,1.21875,0.06481333851304336,584,The copy machine is broken.
1360,2,10,52,64,1.21875,0.060866551595885596,584,Just whom did you make VP for Diversity?
1360,2,10,52,64,1.21875,0.060866551595885596,584,"Your doppelgangers are here, sir."
1360,2,10,52,64,1.21875,0.060866551595885596,584,Remember my online rant about this office being for mindless clones? I think it went viral.
1360,3,8,53,64,1.21875,0.06481333851304336,584,"Yes sir, the Copy Room applicants are here."
1360,2,10,52,64,1.21875,0.060866551595885596,584,It's the shorter one. The rest are imposters.
1360,1,12,51,64,1.21875,0.05664543544843536,584,They're strangely attracted to the scent of donuts and dry erase markers...
1360,3,8,53,64,1.21875,0.06481333851304336,584,One of us is missing.
1360,2,10,52,64,1.21875,0.060866551595885596,584,Someone in the office left the 3-D printer on.
1360,2,10,52,64,1.21875,0.060866551595885596,584,I knew speed dating was not for me.
1360,1,12,51,64,1.21875,0.05664543544843536,584,I think the diversity meeting is over.
1360,4,6,54,64,1.21875,0.06853320797422294,584,"Wait, they are all shirts! Where are the skins?"
1360,1,12,51,64,1.21875,0.05664543544843536,584,"Oh, you said you wanted clowns. I thought you said clones."
1360,2,10,52,64,1.21875,0.060866551595885596,584,"No, this is worse than the Matrix."
1360,3,8,53,64,1.21875,0.06481333851304336,584,Close the door.
1360,3,8,53,64,1.21875,0.06481333851304336,584,Send in the clones.
1360,2,10,52,64,1.21875,0.060866551595885596,584,"Exactly how much ""diversity"" were we looking for in the applicants Sir?"""
1360,1,12,51,64,1.21875,0.05664543544843536,584,Yes Sir I do see the gentleman with the striped tie.
1360,4,6,54,64,1.21875,0.06853320797422294,584,"If you meant 100 Franks then yes, they're here, however no hot-dogs."
1360,3,8,53,64,1.21875,0.06481333851304336,584,When I said the world needs more Dr. Phils I was speaking figuratively.
1360,1,12,51,64,1.21875,0.05664543544843536,584,"At this conference, I'm a definite 'Ten.'"
1360,3,8,53,64,1.21875,0.06481333851304336,584,"Yes, Mr. Cook. We've gathered all the people who can unlock the iPhone with the same Face ID."
1360,1,12,51,64,1.21875,0.05664543544843536,584,I said print 100 gears not engineers
1360,5,4,55,64,1.21875,0.07206130960001936,584,"Send in the clones. Actually, don't bother. They're here."
1360,2,10,52,64,1.21875,0.060866551595885596,584,They're all here.
1360,1,12,51,64,1.21875,0.05664543544843536,584,Maybe you could give me a little more detailed description of this Mr. Smith.
1360,3,8,53,64,1.21875,0.06481333851304336,584,It looks like Ted has the 3-D printer working again.
1360,2,10,52,64,1.21875,0.060866551595885596,584,I won't let this company turn me into someone I'm not.
1360,4,6,54,64,1.21875,0.06853320797422294,584,There's a problem in the copy room.
1360,1,12,51,64,1.21875,0.05664543544843536,584,You asked for like-minded applicants.
1360,4,6,54,64,1.21875,0.06853320797422294,584,"So, remember how we agreed that name tags would be a splurge?"
1360,2,10,52,64,1.21875,0.060866551595885596,584,"I asked for clowns, not clones."
1360,1,12,51,64,1.21875,0.05664543544843536,584,I'm not sure. Describe him again?
1360,2,10,52,64,1.21875,0.060866551595885596,584,"OMG, the IBM bus just arrived."
1360,2,10,52,64,1.21875,0.060866551595885596,584,"Bert, do you still have that manual for the 3-D copier?"
1360,1,12,51,64,1.21875,0.05664543544843536,584,We're gonna need more mustaches
1360,3,8,53,64,1.21875,0.06481333851304336,584,We need tech in the 3D printer room again.
1360,0,14,50,64,1.21875,0.052083333333333336,584,Mr. Thompson . . . the facial recognition focus group has arrived.
1360,1,12,51,64,1.21875,0.05664543544843536,584,I thought speed dating would be more exciting.
1360,3,8,53,64,1.21875,0.06481333851304336,584,The DNA lab is here for their meeting.
1360,3,8,53,64,1.21875,0.06481333851304336,584,You forgot to turn off the R&D lab's 3D printer.
1360,2,10,52,64,1.21875,0.060866551595885596,584,The copy machine's at it again.
1360,2,10,52,64,1.21875,0.060866551595885596,584,Geoff went in to fix it. Now it seems to be making copies of Geoff!
1360,4,6,54,64,1.21875,0.06853320797422294,584,Hold on. I think he just walked in.
1360,4,6,54,64,1.21875,0.06853320797422294,584,Casting the math teacher role is going to be tougher than we thought.
1360,2,10,52,64,1.21875,0.060866551595885596,584,There is something definately going on in the copy room.
1360,2,10,52,64,1.21875,0.060866551595885596,584,Your herd of sheeple just arrived.
1485,2,11,57,70,1.2142857142857142,0.057168731202205635,584,Security? Can you come up to 7? It looks like the accounting firm has breached containment.
1486,2,9,50,61,1.2131147540983607,0.06235257628675809,584,"No, sir, you asked me to send in the clones."
1486,4,5,52,61,1.2131147540983607,0.07057435755612214,584,Clean up in aisle two.
1486,3,7,51,61,1.2131147540983607,0.06659047872652427,584,You know that new 3D printer?
1486,3,7,51,61,1.2131147540983607,0.06659047872652427,584,Know anything about a Rubber Stamp Convention?
1486,3,7,51,61,1.2131147540983607,0.06659047872652427,584,I asked them to send in the clowns. But we got the clones instead
1486,2,9,50,61,1.2131147540983607,0.06235257628675809,584,We should have done name tags.
1486,2,9,50,61,1.2131147540983607,0.06235257628675809,584,I hoped multiple personalities would at least have more variety.
1486,2,9,50,61,1.2131147540983607,0.06235257628675809,584,Remember when I said I wish we could clone Stan?
1486,1,11,49,61,1.2131147540983607,0.057804806739269465,584,"Hello, Maintenance? Could you send someone to the 6th floor? I think there's something wrong with the 3D printer."
1486,1,11,49,61,1.2131147540983607,0.057804806739269465,584,I think our hiring algorithm has gotten too specific.
1486,2,9,50,61,1.2131147540983607,0.06235257628675809,584,"Do you wish to speak with the original, or one of his clones?"
1486,3,7,51,61,1.2131147540983607,0.06659047872652427,584,"Your 10 am is here, as well as your 11, noon, 1,2,3,4 and five pm"
1486,3,7,51,61,1.2131147540983607,0.06659047872652427,584,"Mr. President, the audience for your press conference on workplace diversity has arrived."
1486,1,11,49,61,1.2131147540983607,0.057804806739269465,584,"Yes, the clone car just arrived."
1486,2,9,50,61,1.2131147540983607,0.06235257628675809,584,Are you certain he's here?
1486,1,11,49,61,1.2131147540983607,0.057804806739269465,584,How do we know who's the real SlimShady .....
1486,3,7,51,61,1.2131147540983607,0.06659047872652427,584,"No, I don't see anyone with a winning smile."
1486,4,5,52,61,1.2131147540983607,0.07057435755612214,584,"Sorry, there's no Waldo here."
1486,3,7,51,61,1.2131147540983607,0.06659047872652427,584,Throw out the brownies in the break room ASAP.
1486,2,9,50,61,1.2131147540983607,0.06235257628675809,584,We should never have advertised it as a seminar for middle-aged men.
1486,2,9,50,61,1.2131147540983607,0.06235257628675809,584,Can someone stop the 3-D printer?
1486,1,11,49,61,1.2131147540983607,0.057804806739269465,584,The job candidates finished interviewing. They appear equally qualified.
1486,2,9,50,61,1.2131147540983607,0.06235257628675809,584,Their poor mother.
1486,4,5,52,61,1.2131147540983607,0.07057435755612214,584,She's our diversity hire.
1486,1,11,49,61,1.2131147540983607,0.057804806739269465,584,I'm not going in that room.
1486,4,5,52,61,1.2131147540983607,0.07057435755612214,584,Something's not right. He keeps repeating himself.
1486,4,5,52,61,1.2131147540983607,0.07057435755612214,584,The door to the Art supply closet was left open again.
1486,3,7,51,61,1.2131147540983607,0.06659047872652427,584,"ok, glasses? what else?"
1486,2,9,50,61,1.2131147540983607,0.06235257628675809,584,The diversity seminar? It's going just..well...um...
1486,2,9,50,61,1.2131147540983607,0.06235257628675809,584,Um ... It looks like the copier is acting up again!
1486,3,7,51,61,1.2131147540983607,0.06659047872652427,584,Call Bob in tech. I think the copier's broken again.
1486,2,9,50,61,1.2131147540983607,0.06235257628675809,584,"Tom, I think the auditors have achieved sentience."
1486,3,7,51,61,1.2131147540983607,0.06659047872652427,584,"Hello, I'd like to close my Ashley Madison profile"
1486,1,11,49,61,1.2131147540983607,0.057804806739269465,584,It looks like the copy machine is broken again!
1486,3,7,51,61,1.2131147540983607,0.06659047872652427,584,"Oh, and remove the apostrophe, from hes."
1486,3,7,51,61,1.2131147540983607,0.06659047872652427,584,"No, no, I said ""clowns!"""
1486,2,9,50,61,1.2131147540983607,0.06235257628675809,584,I said PHONE McDooley
1486,1,11,49,61,1.2131147540983607,0.057804806739269465,584,Have you considered diversifying your accountants?
1486,1,11,49,61,1.2131147540983607,0.057804806739269465,584,Seems like everybody's on the same page...
1486,3,7,51,61,1.2131147540983607,0.06659047872652427,584,The testers for the face recognition software have arrived.
1486,2,9,50,61,1.2131147540983607,0.06235257628675809,584,"I knew it. With our luck, he'll be the last one out of the meeting. I'll call you back when I see him."
1486,1,11,49,61,1.2131147540983607,0.057804806739269465,584,"I'll have to call you back, the copier machine is on the fritz again."
1486,2,9,50,61,1.2131147540983607,0.06235257628675809,584,It looks like the cloning of the average white man was successful.
1486,1,11,49,61,1.2131147540983607,0.057804806739269465,584,"Hello, 1965? You're Wally Cox's are here."
1486,3,7,51,61,1.2131147540983607,0.06659047872652427,584,I think our diversity program still needs work...
1486,1,11,49,61,1.2131147540983607,0.057804806739269465,584,"Yes, Sir. The lemmings are leaving the building."
1486,3,7,51,61,1.2131147540983607,0.06659047872652427,584,Walter's at the 3D printer again.
1486,5,3,53,61,1.2131147540983607,0.07434506057493712,584,We're going to need more Rogaine.
1534,2,9,51,62,1.2096774193548387,0.061434881985617536,584,We've taken office standardization too far.
1534,2,9,51,62,1.2096774193548387,0.061434881985617536,584,"Did you say that you had a twin brother, sir?"
1534,1,11,50,62,1.2096774193548387,0.0569686228972945,584,"Sam, I think we have a newsworthy genetic anamoly here!"
1534,2,9,51,62,1.2096774193548387,0.061434881985617536,584,I see the guy with the moustache all right. Now what?
1534,4,5,53,62,1.2096774193548387,0.06951177011220451,584,"Mr. Smith? Good news, we've located your stolen identities."
1534,3,7,52,62,1.2096774193548387,0.06559775494907856,584,"Doctor, your 3 o'clock doppelgänger group is here."
1534,2,9,51,62,1.2096774193548387,0.061434881985617536,584,Some Bills came today.
1534,5,3,54,62,1.2096774193548387,0.07321684856578146,584,Somebody put an old cartridge in the copier.
1534,1,11,50,62,1.2096774193548387,0.0569686228972945,584,Sorry for the voting booth backup but it could be Voter Fraud.
1534,2,9,51,62,1.2096774193548387,0.061434881985617536,584,"Who's first today? The ties? No, the ties are the same as well."
1534,2,9,51,62,1.2096774193548387,0.061434881985617536,584,"Well according to our research, we ARE very popular with old, bald, white guys."
1534,2,9,51,62,1.2096774193548387,0.061434881985617536,584,Who was the last one to use the 3-D printer?
1534,1,11,50,62,1.2096774193548387,0.0569686228972945,584,God created us in his own image.
1534,3,7,52,62,1.2096774193548387,0.06559775494907856,584,"Martha, let me call you back. Looks like my diversity meeting is about to start."
1534,1,11,50,62,1.2096774193548387,0.0569686228972945,584,I see your point about eye witness identification.
1534,2,9,51,62,1.2096774193548387,0.061434881985617536,584,Your casting call has been successful for the remake of Revenge of the Nerds.
1534,2,9,51,62,1.2096774193548387,0.061434881985617536,584,We're trying to improve workplace diversity.
1534,2,9,51,62,1.2096774193548387,0.061434881985617536,584,There appears to be a glitch in the matrix sir.
1534,2,9,51,62,1.2096774193548387,0.061434881985617536,584,Looks like Joe fixed the 3D copier.
1534,3,7,52,62,1.2096774193548387,0.06559775494907856,584,"Quick, send in the clones! Oh...don't bother. They're here."
1534,2,9,51,62,1.2096774193548387,0.061434881985617536,584,"Having found a plethora of Waldos, Wilma solicits further instructions."
1534,3,7,52,62,1.2096774193548387,0.06559775494907856,584,I SAID FORKS… I WANTED YOU TO SEND TWO DOZEN FORKS! NOT DORKS!
1534,1,11,50,62,1.2096774193548387,0.0569686228972945,584,"Apparently Mr. Cosgrove didn't realize you were joking when you told him, ""Be fruitful and multiply."""
1534,3,7,52,62,1.2096774193548387,0.06559775494907856,584,The group from IBM has arrived.
1534,3,7,52,62,1.2096774193548387,0.06559775494907856,584,"I said we need more toner, not more Tony."
1534,3,7,52,62,1.2096774193548387,0.06559775494907856,584,I guess this motivational seminar lacked that certain spark
1534,1,11,50,62,1.2096774193548387,0.0569686228972945,584,I like the fifth one on the right the best.
1534,3,7,52,62,1.2096774193548387,0.06559775494907856,584,I guess we'll find out when they start taking their clothes off...
1534,4,5,53,62,1.2096774193548387,0.06951177011220451,584,Do you think we overdid the cloning of our CEO?
1534,2,9,51,62,1.2096774193548387,0.061434881985617536,584,You'll be glad to hear that Dress Like An Accountant Day was a big success.
1534,3,7,52,62,1.2096774193548387,0.06559775494907856,584,Looks like the photocopier's on the fritz again.
1534,3,7,52,62,1.2096774193548387,0.06559775494907856,584,Clowns! We ordered clowns.
1534,5,3,54,62,1.2096774193548387,0.07321684856578146,584,Looks like Frank jammed the 3-D printer again.
1534,2,9,51,62,1.2096774193548387,0.061434881985617536,584,The copier is doing something weird again!
1534,3,7,52,62,1.2096774193548387,0.06559775494907856,584,What kind of flash mob are we doing again?
1534,2,9,51,62,1.2096774193548387,0.061434881985617536,584,"Er, there was a misprint in the casting call. It says we're auditioning for The Night of the Walking Teds."
1534,3,7,52,62,1.2096774193548387,0.06559775494907856,584,Auditioners for the part of 'balding and disillusioned middle-aged man' are here.
1534,3,7,52,62,1.2096774193548387,0.06559775494907856,584,HOLD ON; I THINK I SEE HIM
1534,1,11,50,62,1.2096774193548387,0.0569686228972945,584,The Milquetoasts are here for their 2:00.
1534,2,9,51,62,1.2096774193548387,0.061434881985617536,584,The new guy just copied himself in the 3D printer and I don't know which one of him to fire!
1534,3,7,52,62,1.2096774193548387,0.06559775494907856,584,"Hello, Hair Club for Men? Could you send over a menu?"
1534,5,3,54,62,1.2096774193548387,0.07321684856578146,584,"Carl, the sheeple are back"
1534,4,5,53,62,1.2096774193548387,0.06951177011220451,584,"I.T.? Yeah, the 3d printer is broken again"
1534,3,7,52,62,1.2096774193548387,0.06559775494907856,584,"Ben, I'd get to that bathroom right now! A room full of Mr. Whipple look-alikes just let out."
1534,2,9,51,62,1.2096774193548387,0.061434881985617536,584,"The cast for ""Orphan Beige"" is here."
1534,4,5,53,62,1.2096774193548387,0.06951177011220451,584,Copy on that.
1534,2,9,51,62,1.2096774193548387,0.061434881985617536,584,I think the mushrooms are finally kicking in.
1534,4,5,53,62,1.2096774193548387,0.06951177011220451,584,"You misunderstood me. I called about a loan, not a clone!"
1534,4,5,53,62,1.2096774193548387,0.06951177011220451,584,"Great, I pioneer the technology, and now I have to invent a market for them?"
1534,3,7,52,62,1.2096774193548387,0.06559775494907856,584,Could you describe him?
1534,1,11,50,62,1.2096774193548387,0.0569686228972945,584,Your shipment of a gross of Melvins just arrived.
1534,3,7,52,62,1.2096774193548387,0.06559775494907856,584,He's stuck in the 3-D printer and it won't shut off.
1534,4,5,53,62,1.2096774193548387,0.06951177011220451,584,"Oh, same old same old."
1534,1,11,50,62,1.2096774193548387,0.0569686228972945,584,Security- get up here asap- Jenkins is cloning around again!
1534,1,11,50,62,1.2096774193548387,0.0569686228972945,584,The biotech company people are here.
1534,2,9,51,62,1.2096774193548387,0.061434881985617536,584,We hit our target demographic a little too squarely.
1534,3,7,52,62,1.2096774193548387,0.06559775494907856,584,I think we may have been too specific in describing our ideal applicant.
1534,1,11,50,62,1.2096774193548387,0.0569686228972945,584,It's too early to say if they all have moustaches - does it matter?
1534,2,9,51,62,1.2096774193548387,0.061434881985617536,584,The copying machine is working fine.
1534,0,13,49,62,1.2096774193548387,0.05212104435869968,584,What were you saying about him being one in a million?
1534,3,7,52,62,1.2096774193548387,0.06559775494907856,584,"Yes, the meeting on the diversity initiative just ended."
1534,3,7,52,62,1.2096774193548387,0.06559775494907856,584,Of course we're committed to diversity in the workplace.
1534,3,7,52,62,1.2096774193548387,0.06559775494907856,584,It's not the best diversity seminar I've been to.
1534,2,9,51,62,1.2096774193548387,0.061434881985617536,584,Should I ask them to strip?
1534,3,7,52,62,1.2096774193548387,0.06559775494907856,584,No...I definitely said get CLOWNS for the office party.
1534,1,11,50,62,1.2096774193548387,0.0569686228972945,584,Actually I wanted a little more variety for the extras.
1534,1,11,50,62,1.2096774193548387,0.0569686228972945,584,Diversity seminar just ended.
1534,1,11,50,62,1.2096774193548387,0.0569686228972945,584,"Yes, Virginia, it is true that all men are the same."
1534,2,9,51,62,1.2096774193548387,0.061434881985617536,584,"Begun, the clone war has."
1534,3,7,52,62,1.2096774193548387,0.06559775494907856,584,This is Human Resources. We've narrowed it down.
1534,3,7,52,62,1.2096774193548387,0.06559775494907856,584,We said we wanted clowns not clones.
1534,3,7,52,62,1.2096774193548387,0.06559775494907856,584,Just in: We have a bias in our hiring practices.
1534,3,7,52,62,1.2096774193548387,0.06559775494907856,584,"I said, 'clowns, not clones.'"
1534,2,9,51,62,1.2096774193548387,0.061434881985617536,584,"Well, I really don't know. I clicked unsubscribe."
1534,1,11,50,62,1.2096774193548387,0.0569686228972945,584,Are you sure he'll be wearing a red tie?
1534,3,7,52,62,1.2096774193548387,0.06559775494907856,584,"""Hello Xerox 3D?We have a replicating problem!"
1534,2,9,51,62,1.2096774193548387,0.061434881985617536,584,"Yes, quite a few applicants meet the job specifications."
1534,3,7,52,62,1.2096774193548387,0.06559775494907856,584,A Mr. Fungible to see you.
1534,1,11,50,62,1.2096774193548387,0.0569686228972945,584,I thought we ordered the Elvis impersonators. Who are these guys?
1534,4,5,53,62,1.2096774193548387,0.06951177011220451,584,I'm the one not wearing a tie.
1534,3,7,52,62,1.2096774193548387,0.06559775494907856,584,Sir? The Bobs are here.
1534,2,9,51,62,1.2096774193548387,0.061434881985617536,584,"Yes, I am at the singles mixer."
1534,4,5,53,62,1.2096774193548387,0.06951177011220451,584,I need some name tags asap!
1534,1,11,50,62,1.2096774193548387,0.0569686228972945,584,"But I told H.R., ""NO bald white men with glasses or moustaches!"""
1618,3,7,53,63,1.2063492063492063,0.06463387040593248,584,"Uh, about that new 3-D copy machine..."
1619,1,7,36,44,1.2045454545454546,0.06957698714453991,584,The penis is ready to ejaculate - permission to release the sperm?
1620,2,8,49,59,1.2033898305084745,0.06294757226340743,584,"Turns out that when he identified as They/Them/Theirs on his application, he wasn’t being gender-neutral..."
1620,1,10,48,59,1.2033898305084745,0.05812007671977909,584,"Tell Mr K., the Copier Support Team has just arrived."
1620,2,8,49,59,1.2033898305084745,0.06294757226340743,584,"Sorry, I'm going to have to call you back... it looks like the copy machine is broken."
1620,1,10,48,59,1.2033898305084745,0.05812007671977909,584,Next run add a breast pocket and pocket protector.
1620,4,4,51,59,1.2033898305084745,0.0716331203127763,584,Fast - there's uncontrolled multiplication in Accounting!
1620,3,6,50,59,1.2033898305084745,0.06743033731044798,584,"Yes Sir, we've begun the fire drill for the Accounting Division..."
1620,1,10,48,59,1.2033898305084745,0.05812007671977909,584,Facial recognition software is not going to help me.
1620,3,6,50,59,1.2033898305084745,0.06743033731044798,584,I think I know who's been playing with the 3D printer.
1620,2,8,49,59,1.2033898305084745,0.06294757226340743,584,"Well, it looks contagious."
1620,2,8,49,59,1.2033898305084745,0.06294757226340743,584,The penguin documentary was a hit.
1620,1,10,48,59,1.2033898305084745,0.05812007671977909,584,"Sir, when I said it would take a 100 'Carmichaels' to get this project completed on time, you did know I was being rhetorical, right?"
1620,1,10,48,59,1.2033898305084745,0.05812007671977909,584,"Debra, you were right. The new copier is a bit more powerful than our office can handle."
1620,2,8,49,59,1.2033898305084745,0.06294757226340743,584,The copying machine is broken again.
1620,2,8,49,59,1.2033898305084745,0.06294757226340743,584,That's what I said. A flock of Herberts.
1620,2,8,49,59,1.2033898305084745,0.06294757226340743,584,I should have paid more attention when they went over the dress code.
1620,1,10,48,59,1.2033898305084745,0.05812007671977909,584,I'll see if I can find him.
1620,2,8,49,59,1.2033898305084745,0.06294757226340743,584,Accounting is here for the diversity meeting.
1620,1,10,48,59,1.2033898305084745,0.05812007671977909,584,They all say they are Mr Smith and have an appointment.
1620,2,8,49,59,1.2033898305084745,0.06294757226340743,584,Send in the Clowns? I thought you said clones.
1620,3,6,50,59,1.2033898305084745,0.06743033731044798,584,I have Waldo's photo. I'm almost positive I'll be able to spot him!
1620,1,10,48,59,1.2033898305084745,0.05812007671977909,584,"""....the one with a mustache and striped tie...??"
1620,3,6,50,59,1.2033898305084745,0.06743033731044798,584,"I said, 'Alec Baldwin,' not 'I like bald men.'"
1620,3,6,50,59,1.2033898305084745,0.06743033731044798,584,I don't think we're gonna have enough clown costumes.
1620,3,6,50,59,1.2033898305084745,0.06743033731044798,584,"""I distinctly asked for 'clowns,' not clones."
1620,1,10,48,59,1.2033898305084745,0.05812007671977909,584,"Oh, ""Copy that (, COMMA) boss."""
1620,4,4,51,59,1.2033898305084745,0.0716331203127763,584,"They say they used to be called Agent Smith, but it's been 18 years."
1620,3,6,50,59,1.2033898305084745,0.06743033731044798,584,Tell Central Casting they're all no good.
1620,3,6,50,59,1.2033898305084745,0.06743033731044798,584,The Charles de Gaulle Look-Alike contestants are here.
1620,2,8,49,59,1.2033898305084745,0.06294757226340743,584,"You misunderstood, I said ""send in the clowns"""
1620,2,8,49,59,1.2033898305084745,0.06294757226340743,584,We need more diversity in the workplace.
1620,2,8,49,59,1.2033898305084745,0.06294757226340743,584,"Uh, something's wrong with the copier."
1620,2,8,49,59,1.2033898305084745,0.06294757226340743,584,Which one??
1620,1,10,48,59,1.2033898305084745,0.05812007671977909,584,So how many copy machines need repair?
1620,2,8,49,59,1.2033898305084745,0.06294757226340743,584,Every guy I meet is exactly the same.
1620,1,10,48,59,1.2033898305084745,0.05812007671977909,584,He says his name is Legion.
1620,3,6,50,59,1.2033898305084745,0.06743033731044798,584,"I thought the auditions for Dr. Phil's ""stand-in"" were tomorrow ?"
1620,2,8,49,59,1.2033898305084745,0.06294757226340743,584,"No, I don't know whether it's called a pod of accountants or a parliament of accountants."
1620,1,10,48,59,1.2033898305084745,0.05812007671977909,584,Serving the same sandwiches shouldn't be an issue.
1620,3,6,50,59,1.2033898305084745,0.06743033731044798,584,"No, I don't see anyone that matches your description"
1620,2,8,49,59,1.2033898305084745,0.06294757226340743,584,"I think the company's diversity efforts just hit a snag."""
1620,2,8,49,59,1.2033898305084745,0.06294757226340743,584,"Yes, Mr. Sondheim, I'll send in the clones."
1620,1,10,48,59,1.2033898305084745,0.05812007671977909,584,"Yes Mam, your husband is looking over the sperm donor candidates now."
1620,3,6,50,59,1.2033898305084745,0.06743033731044798,584,We're screening them now Mr. President.
1620,2,8,49,59,1.2033898305084745,0.06294757226340743,584,"Mr. Rogers, there's seems to be a slight glitch in the new 3-D printer."
1620,2,8,49,59,1.2033898305084745,0.06294757226340743,584,Can't they just share a name tag?
1620,2,8,49,59,1.2033898305084745,0.06294757226340743,584,Call the I.T. guy.The 3D printer has run amok again.
1620,2,8,49,59,1.2033898305084745,0.06294757226340743,584,"Don't worry, I just found him."
1620,2,8,49,59,1.2033898305084745,0.06294757226340743,584,Can you please send some more name tags.
1620,2,8,49,59,1.2033898305084745,0.06294757226340743,584,I'll be with you later; I'm looking for someone unique.
1620,1,10,48,59,1.2033898305084745,0.05812007671977909,584,"No, I'm sorry, there's no one here by that description."
1620,0,12,47,59,1.2033898305084745,0.052853474644238056,584,Does he have glasses and a mustache?
1620,2,8,49,59,1.2033898305084745,0.06294757226340743,584,Can you be more specific?
1620,1,10,48,59,1.2033898305084745,0.05812007671977909,584,"... and then one of them handed me a piece of paper that says, ""winter is coming."""
1620,2,8,49,59,1.2033898305084745,0.06294757226340743,584,"Thanks for calling, but our current stock of mid-age graduated white men has just been refurbished."
1620,1,10,48,59,1.2033898305084745,0.05812007671977909,584,I think we're having problems with the copier!
1620,4,4,51,59,1.2033898305084745,0.0716331203127763,584,You'll never guess who I just saw walking out of the Corporate Inovations meeting on the 25th floor .
1620,0,12,47,59,1.2033898305084745,0.052853474644238056,584,"OK, does he have a mustache?"
1620,2,8,49,59,1.2033898305084745,0.06294757226340743,584,Yes! We can't shut off the 3D printer! Please send someone right away!
1620,3,6,50,59,1.2033898305084745,0.06743033731044798,584,It’s not bobcats. It’s just Bobs.
1620,3,6,50,59,1.2033898305084745,0.06743033731044798,584,I was just kidding when I said this company could use a million more accountants just like Steve.
1620,3,6,50,59,1.2033898305084745,0.06743033731044798,584,"Gotta go, my diversity training participants just arrived."
1620,3,6,50,59,1.2033898305084745,0.06743033731044798,584,The Xerox repairmen are here.
1620,3,6,50,59,1.2033898305084745,0.06743033731044798,584,The conference on women's health just got out
1620,1,10,48,59,1.2033898305084745,0.05812007671977909,584,Why was i not told of a middle management expansion?
1620,0,12,47,59,1.2033898305084745,0.052853474644238056,584,I thought you said this company was all about diversity.
1620,3,6,50,59,1.2033898305084745,0.06743033731044798,584,"""I thought you said bring in the clones""."
1620,1,10,48,59,1.2033898305084745,0.05812007671977909,584,Weren’t they supposed to have hair?
1620,2,8,49,59,1.2033898305084745,0.06294757226340743,584,"No, the work order said ""clone the gene"", not ""clone Gene""."
1620,3,6,50,59,1.2033898305084745,0.06743033731044798,584,IT? The 3D printer is on the fritz again.
1620,0,12,47,59,1.2033898305084745,0.052853474644238056,584,I think we're going to need more name tags.
1620,3,6,50,59,1.2033898305084745,0.06743033731044798,584,This time our job posting was a little too specific.
1620,3,6,50,59,1.2033898305084745,0.06743033731044798,584,"Bill, the cloning department wants to see you."
1620,3,6,50,59,1.2033898305084745,0.06743033731044798,584,"Hi tech support, the copier is doing it again."
1620,3,6,50,59,1.2033898305084745,0.06743033731044798,584,Bob who?
1620,2,8,49,59,1.2033898305084745,0.06294757226340743,584,You better believe it. We are losing our base and it's multiplying fast.
1620,1,10,48,59,1.2033898305084745,0.05812007671977909,584,"Sir, your alibis have arrived."
1620,5,2,52,59,1.2033898305084745,0.07560262866917114,584,"Yes, there was a huge turnout for the employee diversity training."
1620,2,8,49,59,1.2033898305084745,0.06294757226340743,584,His resume says he's good at multitasking.
1620,1,10,48,59,1.2033898305084745,0.05812007671977909,584,We might need to rethink the photo directory.
1620,3,6,50,59,1.2033898305084745,0.06743033731044798,584,Everyone appears to be on the same page.
1620,3,6,50,59,1.2033898305084745,0.06743033731044798,584,I think I know where to downsize.
1620,1,10,48,59,1.2033898305084745,0.05812007671977909,584,"You know that saying: ""All men think alike?"""
1620,2,8,49,59,1.2033898305084745,0.06294757226340743,584,I'm here. What are you wearing?
1620,2,8,49,59,1.2033898305084745,0.06294757226340743,584,"Dammit, Dr. Harris, I asked you to PHONE accounting."
1620,3,6,50,59,1.2033898305084745,0.06743033731044798,584,HR? We have a problem.
1620,0,12,47,59,1.2033898305084745,0.052853474644238056,584,"I'll find your husband right away, Ma'am! What does he look like?"
1620,1,10,48,59,1.2033898305084745,0.05812007671977909,584,'Maintenance? The copier's on the blink again.'
1620,1,10,48,59,1.2033898305084745,0.05812007671977909,584,I think Phil got into the copy machine again.
1620,2,8,49,59,1.2033898305084745,0.06294757226340743,584,It's ok it's only the middle management zombie apocalypse
1620,1,10,48,59,1.2033898305084745,0.05812007671977909,584,"Nothing new, just more of the same."
1620,3,6,50,59,1.2033898305084745,0.06743033731044798,584,"Actually, I need someone who can jam the copier."
1620,1,10,48,59,1.2033898305084745,0.05812007671977909,584,"It's mox nix, really. But I'd say to go with the guy with the serious nose hair."
1620,4,4,51,59,1.2033898305084745,0.0716331203127763,584,The company meeting has concluded unanimously that increased diversity is a non-issue here.
1620,3,6,50,59,1.2033898305084745,0.06743033731044798,584,The spores have hatched. Open the buffet.
1620,1,10,48,59,1.2033898305084745,0.05812007671977909,584,"Look, I'm doing the best I can, but referring to him as a ""Master of Disguise"" is a master understatement."
1620,3,6,50,59,1.2033898305084745,0.06743033731044798,584,"Yes, Mr Jeffries -- the corporate-branding seminar just let out."
1620,2,8,49,59,1.2033898305084745,0.06294757226340743,584,I wanted clowns not clones!
1620,4,4,51,59,1.2033898305084745,0.0716331203127763,584,I think the printer is stuck on copy again.
1620,2,8,49,59,1.2033898305084745,0.06294757226340743,584,Groundhog Day 2: Ned Ryerson's Revenge
1620,2,8,49,59,1.2033898305084745,0.06294757226340743,584,"Sir, The Lemmings are here."
1620,4,4,51,59,1.2033898305084745,0.0716331203127763,584,That goal alignment pep talk really worked.
1620,2,8,49,59,1.2033898305084745,0.06294757226340743,584,Clones-R-Us. Can I help you?
1620,4,4,51,59,1.2033898305084745,0.0716331203127763,584,The 3D Printer is producing accountants again.
1620,4,4,51,59,1.2033898305084745,0.0716331203127763,584,We've got a problem with Accounting's 3-D printer.
1620,1,10,48,59,1.2033898305084745,0.05812007671977909,584,Somebody pull the plug on that 3-D printer.
1620,4,4,51,59,1.2033898305084745,0.0716331203127763,584,"I told them to stick to adding, but the accountants are multiplying again."
1620,1,10,48,59,1.2033898305084745,0.05812007671977909,584,"Unfortunately, Cloning the last man on Earth was successful."
1620,2,8,49,59,1.2033898305084745,0.06294757226340743,584,What is it with men? Same same same!!!
1620,1,10,48,59,1.2033898305084745,0.05812007671977909,584,Yes sir the IRS auditors are just arriving now and it doesn't look good.
1620,1,10,48,59,1.2033898305084745,0.05812007671977909,584,Someone forgot to turn off the 3D printer.
1620,1,10,48,59,1.2033898305084745,0.05812007671977909,584,"Yes, which one do you want to talk to?"
1620,2,8,49,59,1.2033898305084745,0.06294757226340743,584,"Hello, Xerox? The klutz fell into the copier again. And we're running out of toner."
1620,2,8,49,59,1.2033898305084745,0.06294757226340743,584,IT says the 3D printer is jammed again.
1620,1,10,48,59,1.2033898305084745,0.05812007671977909,584,The candidates to replace that guy whose name I can't remember are here.
1620,2,8,49,59,1.2033898305084745,0.06294757226340743,584,They were supposed to be circumcised.
1620,1,10,48,59,1.2033898305084745,0.05812007671977909,584,The 3D printer's back online.
1620,1,10,48,59,1.2033898305084745,0.05812007671977909,584,"Yes, all the candidates are qualified but we have a problem with the tie-breaker."
1620,4,4,51,59,1.2033898305084745,0.0716331203127763,584,The entire department is coming out of the closet and not just Herb.
1620,1,10,48,59,1.2033898305084745,0.05812007671977909,584,"Is that the George Clooney Clone Company? Yes, I'd like a refund. My husband has just fallen into the machine..."
1620,1,10,48,59,1.2033898305084745,0.05812007671977909,584,I think our job ad for a redundancy manager may have been a mistake.
1620,1,10,48,59,1.2033898305084745,0.05812007671977909,584,Who let the clones out?
1620,3,6,50,59,1.2033898305084745,0.06743033731044798,584,Tell R&D the cloning is a success.
1620,2,8,49,59,1.2033898305084745,0.06294757226340743,584,"Yes, I think I see him coming out of the conference room right now."
1620,2,8,49,59,1.2033898305084745,0.06294757226340743,584,Your uncle's Art collection arrived today.
1620,1,10,48,59,1.2033898305084745,0.05812007671977909,584,We may need to implement more measures against identity theft.
1620,2,8,49,59,1.2033898305084745,0.06294757226340743,584,That's the last time I leave him alone at Kinkos.
1620,1,10,48,59,1.2033898305084745,0.05812007671977909,584,Our 3-D printer is jammed again!
1620,1,10,48,59,1.2033898305084745,0.05812007671977909,584,They’re all stuck at the same place. And refuse to lead in any meaningful manner.
1620,4,4,51,59,1.2033898305084745,0.0716331203127763,584,"Mr. Garvey, I think the job description might have been too specific."
1620,1,10,48,59,1.2033898305084745,0.05812007671977909,584,Lotta Howards up here. I'm going to need his security question?
1620,1,10,48,59,1.2033898305084745,0.05812007671977909,584,Can I have him call you back? He's in the men's room.
1620,4,4,51,59,1.2033898305084745,0.0716331203127763,584,I said send in the CLOWNS... not send in the clones!
1620,3,6,50,59,1.2033898305084745,0.06743033731044798,584,"Gilda, check Room C again. None of them look like Elvis!"
1620,1,10,48,59,1.2033898305084745,0.05812007671977909,584,Help! Cartoonist out of control!
1620,2,8,49,59,1.2033898305084745,0.06294757226340743,584,Did you say that he was bald and had a mustache? I may need more.
1620,1,10,48,59,1.2033898305084745,0.05812007671977909,584,Good news. I'm np longer seeing double.
1620,0,12,47,59,1.2033898305084745,0.052853474644238056,584,We're repurposing these to make room for the 2018 models.
1620,2,8,49,59,1.2033898305084745,0.06294757226340743,584,I think he just walked in
1620,1,10,48,59,1.2033898305084745,0.05812007671977909,584,"You can't miss him. He's balding, has a mustache and wears glasses."
1620,4,4,51,59,1.2033898305084745,0.0716331203127763,584,The diversity training backfired!
1620,2,8,49,59,1.2033898305084745,0.06294757226340743,584,"The new robots you ordered are here, but they look just like the old ones."
1620,4,4,51,59,1.2033898305084745,0.0716331203127763,584,The copier salesmen are here.
1620,5,2,52,59,1.2033898305084745,0.07560262866917114,584,Could you describe him?
1620,3,6,50,59,1.2033898305084745,0.06743033731044798,584,Rodgers is making copies of himself again off the company 3D printer.
1620,2,8,49,59,1.2033898305084745,0.06294757226340743,584,Where are their briefcases?
1620,2,8,49,59,1.2033898305084745,0.06294757226340743,584,"Sir, remember Larry in engineering who said he was working on a new cologne? I think we misinterpreted that."
1620,2,8,49,59,1.2033898305084745,0.06294757226340743,584,Just inform them this is 2017.
1620,1,10,48,59,1.2033898305084745,0.05812007671977909,584,"You need 12 Angry Men for your new movie, How about 12 mildly discontented men"
1620,4,4,51,59,1.2033898305084745,0.0716331203127763,584,They've filed a class action law suit against Apple for it's facial recognition security.
1620,1,10,48,59,1.2033898305084745,0.05812007671977909,584,Looks like they reached an agreement.
1620,3,6,50,59,1.2033898305084745,0.06743033731044798,584,"Actually, Jon, your casting call for SJ Perelman types worked much better than expected."
1620,2,8,49,59,1.2033898305084745,0.06294757226340743,584,"The new 3D printer passed our Beta test with flying colors, but how do we shut it off?"
1620,2,8,49,59,1.2033898305084745,0.06294757226340743,584,And they fired ME for redundancy?
1620,3,6,50,59,1.2033898305084745,0.06743033731044798,584,We have a problem in the copy room.
1620,4,4,51,59,1.2033898305084745,0.0716331203127763,584,"Hello Tech Support, come quick-- Our accountant jammed up the new 3-D printer"
1620,1,10,48,59,1.2033898305084745,0.05812007671977909,584,I think there is a problem with the copier on the fourth floor.
1620,3,6,50,59,1.2033898305084745,0.06743033731044798,584,"Random question: if it's a ""pride of lions"" and a ""murder of crows,"" what do we call a bunch of Freds?"
1620,1,10,48,59,1.2033898305084745,0.05812007671977909,584,"Maybe it's just me, but it seems like this company just fosters groupthink"
1620,3,6,50,59,1.2033898305084745,0.06743033731044798,584,Can you be more specific?
1620,2,8,49,59,1.2033898305084745,0.06294757226340743,584,The meeting is breaking up and there appears to have been a good deal of agreement.
1620,3,6,50,59,1.2033898305084745,0.06743033731044798,584,Hello.Is this match .com?
1620,1,10,48,59,1.2033898305084745,0.05812007671977909,584,"Maintenance, there's another problem in the copy room."
1620,2,8,49,59,1.2033898305084745,0.06294757226340743,584,The accountant convention has ended.
1620,3,6,50,59,1.2033898305084745,0.06743033731044798,584,'There's been an incident in the photocopying room.'
1620,3,6,50,59,1.2033898305084745,0.06743033731044798,584,I believe Mr. Jeffries has commandeered the copier again.
1620,4,4,51,59,1.2033898305084745,0.0716331203127763,584,Call you back; the diversity conference just let out.
1620,2,8,49,59,1.2033898305084745,0.06294757226340743,584,I think I'm at the identity crisis center
1620,3,6,50,59,1.2033898305084745,0.06743033731044798,584,Extras? Shouldn't be a problem.
1620,3,6,50,59,1.2033898305084745,0.06743033731044798,584,"Apparently we left out the ""r"" in the publicity for our ""Greek Festival""."
1620,3,6,50,59,1.2033898305084745,0.06743033731044798,584,Send up name tags.
1620,3,6,50,59,1.2033898305084745,0.06743033731044798,584,"""Alright, who switched the 3-D printer to the clone setting""?"
1620,3,6,50,59,1.2033898305084745,0.06743033731044798,584,What do you call a group of Stanleys?
1620,3,6,50,59,1.2033898305084745,0.06743033731044798,584,You'd better get up here. Accounting has gone viral.
1620,3,6,50,59,1.2033898305084745,0.06743033731044798,584,The repair guys for the glass ceiling are here.
1620,2,8,49,59,1.2033898305084745,0.06294757226340743,584,"I ordered drones, not clones!"
1620,2,8,49,59,1.2033898305084745,0.06294757226340743,584,"Hi, this is Susan from accounting - I think we've been overbilled."
1620,1,10,48,59,1.2033898305084745,0.05812007671977909,584,"Send in the clowns, not the clones!"
1620,2,8,49,59,1.2033898305084745,0.06294757226340743,584,I think we should turn off facial recognition.
1620,1,10,48,59,1.2033898305084745,0.05812007671977909,584,It looks like the meeting ended and they're all in agreement.
1620,4,4,51,59,1.2033898305084745,0.0716331203127763,584,We ordered the ones with the bowler hats.
1620,1,10,48,59,1.2033898305084745,0.05812007671977909,584,"Sorry, Waldo is not here right now."
1620,3,6,50,59,1.2033898305084745,0.06743033731044798,584,The new IHuman8 just has been released
1620,2,8,49,59,1.2033898305084745,0.06294757226340743,584,The Herbs are coming.
1620,2,8,49,59,1.2033898305084745,0.06294757226340743,584,"I'm not kidding Frank, Jim from accounting is multiplying!"
1620,1,10,48,59,1.2033898305084745,0.05812007671977909,584,I think we can classify them as free-range accountants now.
1620,3,6,50,59,1.2033898305084745,0.06743033731044798,584,Tell me again. What is the identifying feature of Mr. Smith?
1620,1,10,48,59,1.2033898305084745,0.05812007671977909,584,"Yes, it's the panel on women's reproductive health."
1620,4,4,51,59,1.2033898305084745,0.0716331203127763,584,We are going to need more cubicles.
1808,3,4,43,50,1.2,0.07559289460184544,584,It was unanimous.
1808,1,10,49,60,1.2,0.057243656051933725,584,I've got visual confirmation they drank the kool-aid
1808,2,8,50,60,1.2,0.061982319330632654,584,"Did you say the one with the bald head, mustache and blank stare?"
1808,2,8,50,60,1.2,0.061982319330632654,584,"I know you're my agent, but are you sure I'm right for this role?"
1808,1,8,41,50,1.2,0.06388765649999399,584,Perhaps the ad for the temp position was too precise.
1808,1,8,41,50,1.2,0.06388765649999399,584,"No, I haven't seen him yet."
1808,3,6,51,60,1.2,0.06638357975446148,584,It looks as if the Oompah Loompahs all decided to become actuaries.
1808,4,4,52,60,1.2,0.07051064751106302,584,The new hires just arrived...I think our diversity program may be falling short.
1816,4,3,49,56,1.1964285714285714,0.07394119661316192,584,"Sir, I think I messed up the order for a temp"
1816,2,7,47,56,1.1964285714285714,0.064564690488571,584,"Jack, the 3D printer is acting up again."
1816,1,9,46,56,1.1964285714285714,0.05932325520851263,584,"HR, I just spoke to the boss. He says to build a wall."
1816,2,7,47,56,1.1964285714285714,0.064564690488571,584,Casting for the Bachelor Tax Season is going to be more difficult than I thought...
1816,1,9,46,56,1.1964285714285714,0.05932325520851263,584,"Herbert has asexually reproduced, again."
1816,1,9,46,56,1.1964285714285714,0.05932325520851263,584,The cartoonist is stuck in a loop again.
1816,2,7,47,56,1.1964285714285714,0.064564690488571,584,"Yes, please, come quickly. We definitely have a middle management infestation."
1823,0,10,41,51,1.196078431372549,0.05614831789520141,584,Call the repairman for the 3-D printer.
1824,2,7,48,57,1.1929824561403508,0.06351541803245206,584,"Actually, it wasn't too hard to find Waldo."
1824,0,11,46,57,1.1929824561403508,0.05273590328947571,584,I thought you said diversity was our goal?
1824,2,7,48,57,1.1929824561403508,0.06351541803245206,584,All right! You can turn it off now.
1824,2,7,48,57,1.1929824561403508,0.06351541803245206,584,"HR, I think our job description is a little too precise."
1824,2,7,48,57,1.1929824561403508,0.06351541803245206,584,"I believe I said, ""Send in the Clowns!""."
1824,1,9,47,57,1.1929824561403508,0.05837501102181511,584,"Tinder? Customer service, please."
1824,3,5,49,57,1.1929824561403508,0.06826986702694854,584,I think Ed is having a problem with the new 3-D printer.
1824,2,7,48,57,1.1929824561403508,0.06351541803245206,584,It's Lewis from accounting. He's gone viral.
1824,1,9,47,57,1.1929824561403508,0.05837501102181511,584,This is not what single payer health care means!
1824,1,9,47,57,1.1929824561403508,0.05837501102181511,584,"They all have the same name, too."
1824,2,7,48,57,1.1929824561403508,0.06351541803245206,584,The candidates for President Trump's Alt-Right Adviser have arrived. They all have Hitler mustaches and click their heels together when introduced. I can't tell them apart!
1824,4,3,50,57,1.1929824561403508,0.07271410564613537,584,"I asked for clowns, not clones."
1824,3,5,49,57,1.1929824561403508,0.06826986702694854,584,The pink slip must be for me.
1824,2,7,48,57,1.1929824561403508,0.06351541803245206,584,Great minds do more than just 'think alike'.
1824,2,7,48,57,1.1929824561403508,0.06351541803245206,584,"Waldo, we have a problem. The crowd creator is stuck on ""Warren."""
1824,2,7,48,57,1.1929824561403508,0.06351541803245206,584,Curb your enthusiasm.
1824,1,9,47,57,1.1929824561403508,0.05837501102181511,584,Does Mr. Rubino have any distinguishing marks?
1824,3,5,49,57,1.1929824561403508,0.06826986702694854,584,I think you'd better check your Herb garden.
1824,3,5,49,57,1.1929824561403508,0.06826986702694854,584,"I ordered archetypes, not stereotypes...."
1824,1,9,47,57,1.1929824561403508,0.05837501102181511,584,He was just leaning against the 3-D printer...
1824,2,7,48,57,1.1929824561403508,0.06351541803245206,584,"Uh, the copier is malfunctioning again!"
1824,1,9,47,57,1.1929824561403508,0.05837501102181511,584,"No, I said was interested in setting up a 401k account, not being set up with 401 okay accountants."
1824,3,5,49,57,1.1929824561403508,0.06826986702694854,584,Fred's copies are ready!
1824,0,11,46,57,1.1929824561403508,0.05273590328947571,584,It's a clear case of identity theft.
1824,1,9,47,57,1.1929824561403508,0.05837501102181511,584,The 3D copier works!
1824,2,7,48,57,1.1929824561403508,0.06351541803245206,584,What exactly was Professor Winkel working on in 3B?
1824,3,5,49,57,1.1929824561403508,0.06826986702694854,584,"""I said phone my husband not Clone my husband""!"
1824,3,5,49,57,1.1929824561403508,0.06826986702694854,584,Where is the mole exactly?
1824,2,7,48,57,1.1929824561403508,0.06351541803245206,584,"I forget, is it a flock of geeks, or a gaggle?"
1824,4,3,50,57,1.1929824561403508,0.07271410564613537,584,The case of the Mondays appears to be contagious.
1824,2,7,48,57,1.1929824561403508,0.06351541803245206,584,I'll be glad to let you speak with Mr. Hankins. Can you describe him for me one more time?
1824,2,7,48,57,1.1929824561403508,0.06351541803245206,584,Are you sure Waldo is one of them?
1824,1,9,47,57,1.1929824561403508,0.05837501102181511,584,They seem to be unaware that jackets are required for this event.
1824,2,7,48,57,1.1929824561403508,0.06351541803245206,584,"That's right, the 3D printer is jammed."
1824,3,5,49,57,1.1929824561403508,0.06826986702694854,584,"No, it was clowns that I wanted."
1824,1,9,47,57,1.1929824561403508,0.05837501102181511,584,Which one is Bob? Accountants all look the same to me.
1824,3,5,49,57,1.1929824561403508,0.06826986702694854,584,The 3-D copier's in beta.
1824,1,9,47,57,1.1929824561403508,0.05837501102181511,584,The Men's Warehouse is having another sale.
1824,2,7,48,57,1.1929824561403508,0.06351541803245206,584,Could you please send up a variety of ties and hats?
1824,1,9,47,57,1.1929824561403508,0.05837501102181511,584,I believed you when you said he's all over the place.
1824,3,5,49,57,1.1929824561403508,0.06826986702694854,584,Greek God Male Escorts. How can we help you?
1824,0,11,46,57,1.1929824561403508,0.05273590328947571,584,"Yes, I think I see someone who looks exactly like the person in the photo."
1824,2,7,48,57,1.1929824561403508,0.06351541803245206,584,Mel's been fiddling with the copier again.
1824,2,7,48,57,1.1929824561403508,0.06351541803245206,584,"You want who, Wayne? What's he look like?"
1824,2,7,48,57,1.1929824561403508,0.06351541803245206,584,Could you describe again the accountant you were looking for?
1824,3,5,49,57,1.1929824561403508,0.06826986702694854,584,I'm using the term 'mutiny' loosely.
1824,4,3,50,57,1.1929824561403508,0.07271410564613537,584,Who sent the e-mail about cake in the kitchen?
1824,3,5,49,57,1.1929824561403508,0.06826986702694854,584,I think I found Waldo.
1824,0,11,46,57,1.1929824561403508,0.05273590328947571,584,Mom! I've found the man of my dreams!
1824,2,7,48,57,1.1929824561403508,0.06351541803245206,584,Mr. Jones is here.
1824,5,1,51,57,1.1929824561403508,0.07690193479983086,584,"I can't tell, they all have the same distinguishing features."
1824,3,5,49,57,1.1929824561403508,0.06826986702694854,584,...it's easier if you just come over.
1824,2,7,48,57,1.1929824561403508,0.06351541803245206,584,"Hello, Dolly?"
1824,1,9,47,57,1.1929824561403508,0.05837501102181511,584,My boss said he would make his own copies.
1824,1,9,47,57,1.1929824561403508,0.05837501102181511,584,"No, there's something REALLY wrong with the copier."
1824,2,7,48,57,1.1929824561403508,0.06351541803245206,584,I'm Ralphing
1824,2,7,48,57,1.1929824561403508,0.06351541803245206,584,"Yes, sir, I'm afraid he's at it again.... we all thought he'd learned his lesson after the brooms!"
1824,3,5,49,57,1.1929824561403508,0.06826986702694854,584,I would like to report a glitch in our 3D printer.
1824,3,5,49,57,1.1929824561403508,0.06826986702694854,584,It looks like the copier's malfunctioned again.
1824,3,5,49,57,1.1929824561403508,0.06826986702694854,584,"But sir, they ALL claim to be the real Slim Shady."
1824,0,11,46,57,1.1929824561403508,0.05273590328947571,584,"Ms. Johnson, I think the copier is acting up again."
1824,2,7,48,57,1.1929824561403508,0.06351541803245206,584,I told him to be careful with the new 3D printer
1824,3,5,49,57,1.1929824561403508,0.06826986702694854,584,"Oh, you know, same old, same old."
1824,2,7,48,57,1.1929824561403508,0.06351541803245206,584,"No, not one says he voted for him."
1824,2,7,48,57,1.1929824561403508,0.06351541803245206,584,"I need another conference room, accounting has this one."
1824,3,5,49,57,1.1929824561403508,0.06826986702694854,584,They are asking for the sperm donor's REAL name. 50's cool guy isn't cutting it.
1824,1,9,47,57,1.1929824561403508,0.05837501102181511,584,Is this what you meant by male pattern baldness?
1824,4,3,50,57,1.1929824561403508,0.07271410564613537,584,I think someone forgot to turn off the copy machine again.
1824,2,7,48,57,1.1929824561403508,0.06351541803245206,584,"I asked for the clown department, not the clone department."
1824,2,7,48,57,1.1929824561403508,0.06351541803245206,584,"I'm sure I said ""Send in the clowns""."
1824,1,9,47,57,1.1929824561403508,0.05837501102181511,584,The Dress for Success seminar seems to have lost their leader.
1824,2,7,48,57,1.1929824561403508,0.06351541803245206,584,"Yes Mr. Hitchcock, the clones are ready to meet you on the set!"
1824,2,7,48,57,1.1929824561403508,0.06351541803245206,584,"Cloning is a success, but fashion sense is a failure."
1824,2,7,48,57,1.1929824561403508,0.06351541803245206,584,Maybe we should have had more than three questions on the application.
1898,2,7,49,58,1.1896551724137931,0.06249934809931834,584,"I think our ""Twelve Steps to Rugged Individualism"" lecture is letting out a little early."
1898,3,5,50,58,1.1896551724137931,0.06716494018753925,584,"So, what does he look like?"
1898,1,9,48,58,1.1896551724137931,0.05745613836035109,584,Is this the Groucho Marx tryout?
1901,1,8,45,54,1.1851851851851851,0.05954682150320808,584,I don't think individual interviews will be necessary.
1901,3,4,47,54,1.1851851851851851,0.07030965787335618,584,"Because, like it or not, Harry is every man, Bev."
1901,1,8,45,54,1.1851851851851851,0.05954682150320808,584,"Yes, the copier is broken again."
1901,0,10,44,54,1.1851851851851851,0.05335739809593593,584,"Balding and with a moustache? Yes, he's here."
1901,0,10,44,54,1.1851851851851851,0.05335739809593593,584,I found them.
1901,1,8,45,54,1.1851851851851851,0.05954682150320808,584,Copy that sir!
1901,2,6,46,54,1.1851851851851851,0.06515087083609597,584,Oh no...all of my exes.
1901,3,4,47,54,1.1851851851851851,0.07030965787335618,584,I thought you said the copier was broken?
1901,2,6,46,54,1.1851851851851851,0.06515087083609597,584,"Hi, I'm calling about the new photocopier you installed the other day."
1901,1,8,45,54,1.1851851851851851,0.05954682150320808,584,"And I will scream if I hear one more ""Send in the Clones"" joke."
1901,0,10,44,54,1.1851851851851851,0.05335739809593593,584,Apparently when I requested Mervyn the accountant I forgot to mention his last name.
1901,2,6,46,54,1.1851851851851851,0.06515087083609597,584,Looks like ALL the new hires will be a good fit.
1901,2,6,46,54,1.1851851851851851,0.06515087083609597,584,The copy machine's acting up again.
1901,2,6,46,54,1.1851851851851851,0.06515087083609597,584,Help! There's an invasion of Grouchos.
1901,3,4,47,54,1.1851851851851851,0.07030965787335618,584,"Jan, I think the copier is on the fritz again."
1901,2,6,46,54,1.1851851851851851,0.06515087083609597,584,"I warned you, JP, that it would be a mistake to leave the design of the male sex doll to the engineers."
1901,1,8,45,54,1.1851851851851851,0.05954682150320808,584,"Yes sir, Pete and Repeat, Pete and Repeat..."
1901,1,8,45,54,1.1851851851851851,0.05954682150320808,584,We need to fix our diversity program.
1901,2,6,46,54,1.1851851851851851,0.06515087083609597,584,"Well, the Come-as-You-Really-Are party just ended."
1901,3,4,47,54,1.1851851851851851,0.07030965787335618,584,Uh-oh. I don't think Frank is bringing clowns to the office party after all.
1901,1,8,45,54,1.1851851851851851,0.05954682150320808,584,The copier's acting up again.
1901,2,6,46,54,1.1851851851851851,0.06515087083609597,584,I think that we may have a problem with the focus group.
1901,2,6,46,54,1.1851851851851851,0.06515087083609597,584,"No, seriously, how do I get to the property tax department?"
1901,1,8,45,54,1.1851851851851851,0.05954682150320808,584,"Oh no! I asked them to send in the clowns, not clones!"
1901,2,6,46,54,1.1851851851851851,0.06515087083609597,584,Gotta go. Bob's re-invented himself again.
1901,2,6,46,54,1.1851851851851851,0.06515087083609597,584,HR has a new way to honor the Employee of the Month.
1901,1,8,45,54,1.1851851851851851,0.05954682150320808,584,Hi- It's the Doufus crowd again looking for a Trump rally!
1901,1,8,45,54,1.1851851851851851,0.05954682150320808,584,I think our recruitment algorithm needs more work
1901,1,8,45,54,1.1851851851851851,0.05954682150320808,584,I think we need to call the copier guy again.
1901,1,8,45,54,1.1851851851851851,0.05954682150320808,584,Are you sure this is the room where the meeting on conformity is ?
1901,1,8,45,54,1.1851851851851851,0.05954682150320808,584,Looks like we have a lot in common
1901,1,8,45,54,1.1851851851851851,0.05954682150320808,584,IT? The copy machine's gone berserk again!
1901,1,8,45,54,1.1851851851851851,0.05954682150320808,584,Looks like the copier's on the fritz again.
1901,2,6,46,54,1.1851851851851851,0.06515087083609597,584,It appears the temp agency merged with Costco.
1901,1,8,45,54,1.1851851851851851,0.05954682150320808,584,"What do you mean, you can't be more specific?"
1901,2,6,46,54,1.1851851851851851,0.06515087083609597,584,"The Time Machine worked, but so did that loop thing you were talking about."
1901,1,8,45,54,1.1851851851851851,0.05954682150320808,584,Why wasn't I included in the diversity and inclusion meeting?
1901,2,6,46,54,1.1851851851851851,0.06515087083609597,584,"Yes, facilities ? It seems Herb's been messing with the 3-D printer again."
1901,1,8,45,54,1.1851851851851851,0.05954682150320808,584,Are we casting for lawyers today?
1901,2,6,46,54,1.1851851851851851,0.06515087083609597,584,You must have misunderstood. I said we needed a group of 'clowns' for the event.
1901,1,8,45,54,1.1851851851851851,0.05954682150320808,584,"Apparently since the takeover there is no ""middle"" to manage."
1901,2,6,46,54,1.1851851851851851,0.06515087083609597,584,Looks like Katz has been playing with the 3D printer again.
1901,2,6,46,54,1.1851851851851851,0.06515087083609597,584,"Hello, I.T.? The 3-D printer is stuck on the Fritz again."
1901,2,6,46,54,1.1851851851851851,0.06515087083609597,584,We should have gone with a phone interview.
1901,2,6,46,54,1.1851851851851851,0.06515087083609597,584,Does he have any OTHER distinguishing features?
1901,2,6,46,54,1.1851851851851851,0.06515087083609597,584,Karl has been playing with the 3D printer again.
1901,0,10,44,54,1.1851851851851851,0.05335739809593593,584,It's more of a multiple body disorder.
1901,3,4,47,54,1.1851851851851851,0.07030965787335618,584,You'd better get down here. They've all abandoned their cubicles.
1901,3,4,47,54,1.1851851851851851,0.07030965787335618,584,I only ordered one from the 3-D printer.
1901,4,2,48,54,1.1851851851851851,0.07511497859838032,584,"You've gotta get down to the copy room, I think Timmy is stuck in the copier."
1901,2,6,46,54,1.1851851851851851,0.06515087083609597,584,"Oops, we forgot the sex thing for the organizational man."
1901,1,8,45,54,1.1851851851851851,0.05954682150320808,584,"You're right, I did say that the project would take 30 man hours, but..."
1901,3,4,47,54,1.1851851851851851,0.07030965787335618,584,They want to meet women with similar interests
1901,1,8,45,54,1.1851851851851851,0.05954682150320808,584,It's the ubiquitous Everyman
1901,1,8,45,54,1.1851851851851851,0.05954682150320808,584,Looks like Ron from Accounting got the code to the 3D printer again.
1901,1,8,45,54,1.1851851851851851,0.05954682150320808,584,"Yes, I now understand mitosis."
1901,3,4,47,54,1.1851851851851851,0.07030965787335618,584,The copy machine is on the blink again.
1901,0,10,44,54,1.1851851851851851,0.05335739809593593,584,"No, so far it's just the Toms."
1901,1,8,45,54,1.1851851851851851,0.05954682150320808,584,"I know profiling is morally incomprehensible , but are these all accountants?"
1901,3,4,47,54,1.1851851851851851,0.07030965787335618,584,What if everyone wants to be Dr. Phil?
1901,0,10,44,54,1.1851851851851851,0.05335739809593593,584,"But sir, we had to. Today is the start of the free-range accountants law."
1901,2,6,46,54,1.1851851851851851,0.06515087083609597,584,Our new diversity hiring program seems to have a glitch
1901,3,4,47,54,1.1851851851851851,0.07030965787335618,584,"[singing] ""They think alike, they talk alike, At times they even look alike — All minds inter'twined ...  This Cong'ressss - is one of a kind."""
1901,3,4,47,54,1.1851851851851851,0.07030965787335618,584,It's so hard to choose between these candidates.
1901,2,6,46,54,1.1851851851851851,0.06515087083609597,584,"I thought immersion therapy would help me get over Warren, but this is excessive."
1901,3,4,47,54,1.1851851851851851,0.07030965787335618,584,"let me call you right back, the diversity training class just let out."
1901,1,8,45,54,1.1851851851851851,0.05954682150320808,584,We need to ramp up our diversity efforts.
1901,1,8,45,54,1.1851851851851851,0.05954682150320808,584,"Mr. Martin, your memo had a typo. They have sent in the clones."
1901,2,6,46,54,1.1851851851851851,0.06515087083609597,584,I think this year's business models are out.
1901,1,8,45,54,1.1851851851851851,0.05954682150320808,584,What is the accounting department doing up here?
1901,1,8,45,54,1.1851851851851851,0.05954682150320808,584,"Sir, the duplicator is on the fritz again."
1901,1,8,45,54,1.1851851851851851,0.05954682150320808,584,"I don't think you're going to like this, but the test group for the iPhone facial recognition feature has arrived."
1901,1,8,45,54,1.1851851851851851,0.05954682150320808,584,Tech support? The copy machine in HR is on the fritz again.
1901,1,8,45,54,1.1851851851851851,0.05954682150320808,584,Uh oh - looks like the 3D printer is on the fritz again!
1901,1,8,45,54,1.1851851851851851,0.05954682150320808,584,Did you place an order for scones or clones?
1901,3,4,47,54,1.1851851851851851,0.07030965787335618,584,No I said to send in the clowns.
1901,1,8,45,54,1.1851851851851851,0.05954682150320808,584,"Our order says... Man, 40."
1901,0,10,44,54,1.1851851851851851,0.05335739809593593,584,Can I ask you about that computer cloning project?
1901,2,6,46,54,1.1851851851851851,0.06515087083609597,584,Looks like the copier in accounting is acting up again.
1901,2,6,46,54,1.1851851851851851,0.06515087083609597,584,May I send in the clones?
1901,4,2,48,54,1.1851851851851851,0.07511497859838032,584,I thought at least one of them would get the tie length right!
1901,3,4,47,54,1.1851851851851851,0.07030965787335618,584,...sounds like my company. The bosses are all the same.
1901,0,10,44,54,1.1851851851851851,0.05335739809593593,584,"Sir, the applicants for the accounting position are here for their interviews."
1901,2,6,46,54,1.1851851851851851,0.06515087083609597,584,Please tell HR I only need three accountants.
1901,2,6,46,54,1.1851851851851851,0.06515087083609597,584,"Honey, this isn't what I expected when I said I wanted to see more of you at home."
1901,3,4,47,54,1.1851851851851851,0.07030965787335618,584,You'll never believe this..... The all forgot to bring banjos!
1901,2,6,46,54,1.1851851851851851,0.06515087083609597,584,I think that the inconceivable has been proven to be conceivable.
1901,2,6,46,54,1.1851851851851851,0.06515087083609597,584,"Rex, the 3D printer is acting up again. Yep. Stan again."
1901,0,10,44,54,1.1851851851851851,0.05335739809593593,584,The purchase order reads No Mustaches.
1901,0,10,44,54,1.1851851851851851,0.05335739809593593,584,"Yes, Mr. Bumstead, it seems as though the new style is catching on."
1901,2,6,46,54,1.1851851851851851,0.06515087083609597,584,You said the meeting was about the herd effect ?
1901,3,4,47,54,1.1851851851851851,0.07030965787335618,584,The copier's gone fluey again.
1901,2,6,46,54,1.1851851851851851,0.06515087083609597,584,Did Walter get his tie caught in the copier again?
1901,1,8,45,54,1.1851851851851851,0.05954682150320808,584,Remember when you told Stan to make himself some copies?
1901,3,4,47,54,1.1851851851851851,0.07030965787335618,584,Irma! PULL THE PLUG ON THE CLONE MACHINE
1901,2,6,46,54,1.1851851851851851,0.06515087083609597,584,Workplace diversity is right on target. Half of them identify as female.
1901,2,6,46,54,1.1851851851851851,0.06515087083609597,584,Looks like they didn't get the diversity memo.
1901,1,8,45,54,1.1851851851851851,0.05954682150320808,584,I think we should halt the production order on the face recognition app.
1901,2,6,46,54,1.1851851851851851,0.06515087083609597,584,They nailed my criteria on this dating app.
1901,2,6,46,54,1.1851851851851851,0.06515087083609597,584,Exactly what type of copier did we just install?
1901,2,6,46,54,1.1851851851851851,0.06515087083609597,584,"I said, ""Bring in the clowns,"""
1901,1,8,45,54,1.1851851851851851,0.05954682150320808,584,You wouldn't believe the TED talk I just sat through...
1901,0,10,44,54,1.1851851851851851,0.05335739809593593,584,"Quick, stop that sex doll machine. We got the age AND the sex wrong."
1901,1,8,45,54,1.1851851851851851,0.05954682150320808,584,We're going to have a problem with this lineup.
1901,3,4,47,54,1.1851851851851851,0.07030965787335618,584,"Trust me, the Bachelorette is going to have a very difficult decision this season."
1901,3,4,47,54,1.1851851851851851,0.07030965787335618,584,Help! Our 3-D printer has run amok
1901,4,2,48,54,1.1851851851851851,0.07511497859838032,584,"""The Doppelganger brothers have all arrived""."
1901,2,6,46,54,1.1851851851851851,0.06515087083609597,584,We're going to need a lot of name tags.
1901,2,6,46,54,1.1851851851851851,0.06515087083609597,584,My day has just been RUINED! I tried to text 'Send in the clowns' - but Auto-correct turned my 'clonws' into 'clones'.
1901,2,6,46,54,1.1851851851851851,0.06515087083609597,584,My feet are killing me in these heels.
1901,2,6,46,54,1.1851851851851851,0.06515087083609597,584,Yelling 'Harry?' isn't going to help.
1901,1,8,45,54,1.1851851851851851,0.05954682150320808,584,"Gayle, it's me. Curtis took the 3D printer into the men's bathroom again."
1901,3,4,47,54,1.1851851851851851,0.07030965787335618,584,"No, no, I said ""clowns!"""
1901,1,8,45,54,1.1851851851851851,0.05954682150320808,584,How many did you order?
1901,1,8,45,54,1.1851851851851851,0.05954682150320808,584,Let HR know that the glass ceiling is up and running again.
1901,2,6,46,54,1.1851851851851851,0.06515087083609597,584,"I said an everyman, not every man!"
1901,1,8,45,54,1.1851851851851851,0.05954682150320808,584,No. Just a bunch of clones.
1901,3,4,47,54,1.1851851851851851,0.07030965787335618,584,"What's that, sir, just pick one?"
1901,1,8,45,54,1.1851851851851851,0.05954682150320808,584,The Goofy Fuzzy Nose Glasses models are here.
1901,0,10,44,54,1.1851851851851851,0.05335739809593593,584,I think the 3D printer works a little too well.
1901,2,6,46,54,1.1851851851851851,0.06515087083609597,584,The copier is busted again.
1901,1,8,45,54,1.1851851851851851,0.05954682150320808,584,"Jim, your one o'clock is here."
1901,1,8,45,54,1.1851851851851851,0.05954682150320808,584,Facial recognition ID is a no go.
1901,1,8,45,54,1.1851851851851851,0.05954682150320808,584,Goodness! All of you need to go back and get your name tags.
1901,0,10,44,54,1.1851851851851851,0.05335739809593593,584,"Janice, I think the copy machine is on the fritz again."
1901,1,8,45,54,1.1851851851851851,0.05954682150320808,584,"No, no, I said send in the clowns"
1901,3,4,47,54,1.1851851851851851,0.07030965787335618,584,"Hello, Human Resources: We need some diversity."
1901,2,6,46,54,1.1851851851851851,0.06515087083609597,584,There's not a whole lot of originality here. All the applicants look like your Facebook photo.
1901,1,8,45,54,1.1851851851851851,0.05954682150320808,584,I knew putting Wally in the basement with the 3-D printer was a bad idea.
1901,2,6,46,54,1.1851851851851851,0.06515087083609597,584,Looks like everyone is making fun of Bob again.
1901,1,8,45,54,1.1851851851851851,0.05954682150320808,584,I guess I would say they all have an identical amount of individuality.
1901,2,6,46,54,1.1851851851851851,0.06515087083609597,584,The Wellman brothers are here. Do we have enough chairs?
1901,1,8,45,54,1.1851851851851851,0.05954682150320808,584,I'd say they were very much in agreement
1901,0,10,44,54,1.1851851851851851,0.05335739809593593,584,"Please send up a techie, the copy machine is stuck again."
1901,3,4,47,54,1.1851851851851851,0.07030965787335618,584,The meeting's over and everyone's in agreement.
1901,2,6,46,54,1.1851851851851851,0.06515087083609597,584,The healthcare debate just wrapped up and I think they are headed over to hooters for happy hour.
1901,2,6,46,54,1.1851851851851851,0.06515087083609597,584,"'Do penguins wear suits and have mustaches?"""
1901,1,8,45,54,1.1851851851851851,0.05954682150320808,584,"So far, it's a typical software conference"""
1901,0,10,44,54,1.1851851851851851,0.05335739809593593,584,They won't go far. We have their cell phones.
1901,1,8,45,54,1.1851851851851851,0.05954682150320808,584,"Besides being a one of a kind kisser, what else sets him apart?"
1901,1,8,45,54,1.1851851851851851,0.05954682150320808,584,The diversity program isn't working.
1901,0,10,44,54,1.1851851851851851,0.05335739809593593,584,I think our job ad was a bit too specific.
1901,2,6,46,54,1.1851851851851851,0.06515087083609597,584,"No, concerns we're creating a superrace are completely unfounded."
1901,1,8,45,54,1.1851851851851851,0.05954682150320808,584,I've got a lot of bald guys coming in humming 'The Sorcerer's Apprentice.' What do I do?
1901,1,8,45,54,1.1851851851851851,0.05954682150320808,584,I think your help wanted ad was too specific.
1901,1,8,45,54,1.1851851851851851,0.05954682150320808,584,"IT, can you check the photocopier?"
1901,0,10,44,54,1.1851851851851851,0.05335739809593593,584,Help! Our copy machine is going haywire.
1901,3,4,47,54,1.1851851851851851,0.07030965787335618,584,We're going to need more diversity training.
1901,1,8,45,54,1.1851851851851851,0.05954682150320808,584,The diversity meeting just let out.
1901,2,6,46,54,1.1851851851851851,0.06515087083609597,584,I think the 3D printer is definitely broken!
1901,2,6,46,54,1.1851851851851851,0.06515087083609597,584,"Mr. Popper, I believe the results of your cloning experiment are available."
1901,1,8,45,54,1.1851851851851851,0.05954682150320808,584,"Actually, he said relegate, not replicate!"
1901,2,6,46,54,1.1851851851851851,0.06515087083609597,584,Do you mind describing his tie again?
1901,2,6,46,54,1.1851851851851851,0.06515087083609597,584,He seems to be everywhere at once.
1901,1,8,45,54,1.1851851851851851,0.05954682150320808,584,"Hello, IT? I'd like to talk to you about the recent software update on our 3d printer."
1901,4,2,48,54,1.1851851851851851,0.07511497859838032,584,"I need one more distinguishing feature, sir."
1901,2,6,46,54,1.1851851851851851,0.06515087083609597,584,I think we just found out who left the cloning machine on last night.
1901,1,8,45,54,1.1851851851851851,0.05954682150320808,584,I think there's a problem in the copy room.
1901,1,8,45,54,1.1851851851851851,0.05954682150320808,584,"I told the cloning guys ""Rabbits"", not ""Roberts""!"
1901,3,4,47,54,1.1851851851851851,0.07030965787335618,584,We're having some trouble with the new copy machine.
1901,3,4,47,54,1.1851851851851851,0.07030965787335618,584,"Trust me, Marge, you want to stop your boss from making his own copies."
1901,1,8,45,54,1.1851851851851851,0.05954682150320808,584,I think the gene sequence copier is stuck in the 'on' position.
1901,1,8,45,54,1.1851851851851851,0.05954682150320808,584,I think we should have added another criteria.
1901,1,8,45,54,1.1851851851851851,0.05954682150320808,584,"No, I said to schedule a meeting of the ""gauchos."""
1901,3,4,47,54,1.1851851851851851,0.07030965787335618,584,That's right - 200 egg salad on rye
1901,1,8,45,54,1.1851851851851851,0.05954682150320808,584,the copier is stuck on multi-print again.
1901,1,8,45,54,1.1851851851851851,0.05954682150320808,584,The Groucho Convention's in shock--their glasses have no eyebrows.
1901,3,4,47,54,1.1851851851851851,0.07030965787335618,584,I have a question about facial-recognition software.
1901,0,10,44,54,1.1851851851851851,0.05335739809593593,584,Our order was actually for only two clones.
1901,2,6,46,54,1.1851851851851851,0.06515087083609597,584,There seems to be a malfunction in the 3D printer.
1901,1,8,45,54,1.1851851851851851,0.05954682150320808,584,Remember that 3D printer you got for cheap on that 'Wish' app?...
1901,1,8,45,54,1.1851851851851851,0.05954682150320808,584,Better call IT. The copy machine is acting up again.
1901,2,6,46,54,1.1851851851851851,0.06515087083609597,584,Irma? Looks like Fred has discovered the new 3-D printer.
1901,2,6,46,54,1.1851851851851851,0.06515087083609597,584,"Human resources ? Yea, I'd like to speak with that new diversity co-ordinator IMMEDIATELY !"
1901,2,6,46,54,1.1851851851851851,0.06515087083609597,584,"Yes Sir, the minority applicants have arrived."
1901,2,6,46,54,1.1851851851851851,0.06515087083609597,584,It's all about the right cultural fit.
1901,0,10,44,54,1.1851851851851851,0.05335739809593593,584,I think we need to widen our new employee search criteria.
1901,1,8,45,54,1.1851851851851851,0.05954682150320808,584,"No complaints about the technology, but I can't even guess about the market for these."
1901,2,6,46,54,1.1851851851851851,0.06515087083609597,584,"I know it's not politically correct, but they all look a like."
1901,3,4,47,54,1.1851851851851851,0.07030965787335618,584,Yes sir. The candidates for the CPA position are waiting for the interviews.
1901,3,4,47,54,1.1851851851851851,0.07030965787335618,584,Looks like Murray's had his identity stolen again.
1901,0,10,44,54,1.1851851851851851,0.05335739809593593,584,"Norm, your diversity class has arrived."
1901,4,2,48,54,1.1851851851851851,0.07511497859838032,584,I may have duplicated your 3:00 appointment.
1901,3,4,47,54,1.1851851851851851,0.07030965787335618,584,"Mr. smith, the accountant clones have become self-aware. Eqch seems to be demanding his own stapler."
1901,2,6,46,54,1.1851851851851851,0.06515087083609597,584,Looks like someone left the cage door to accounting open again.
1901,2,6,46,54,1.1851851851851851,0.06515087083609597,584,We're gonna have a problem with the iphone X.
1901,1,8,45,54,1.1851851851851851,0.05954682150320808,584,Hello Tech Support...
1901,1,8,45,54,1.1851851851851851,0.05954682150320808,584,"""No...pretty sure it's not just a paper jam.''"
1901,2,6,46,54,1.1851851851851851,0.06515087083609597,584,I think the copy machine is broken.
1901,2,6,46,54,1.1851851851851851,0.06515087083609597,584,You wanted standardization. You got standardization.
1901,1,8,45,54,1.1851851851851851,0.05954682150320808,584,Did somebody order up a new batch of accountants?
1901,2,6,46,54,1.1851851851851851,0.06515087083609597,584,I guess I do have a type.
1901,2,6,46,54,1.1851851851851851,0.06515087083609597,584,Jensen's been playing with the 3-D copier again.
1901,2,6,46,54,1.1851851851851851,0.06515087083609597,584,"Please let me clarify. The building is not experiencing a cyclone event. We are have clones, all named Sly, looking for their event."
1901,2,6,46,54,1.1851851851851851,0.06515087083609597,584,I have to go. My class on diversity is about to start.
1901,2,6,46,54,1.1851851851851851,0.06515087083609597,584,So we left the tax forms sitting out over the weekend?
1901,0,10,44,54,1.1851851851851851,0.05335739809593593,584,The clones answer to the same name too. Now what?
1901,0,10,44,54,1.1851851851851851,0.05335739809593593,584,"Honestly, I don't think we needed to do any experiment to prove Bill was replaceable."
1901,4,2,48,54,1.1851851851851851,0.07511497859838032,584,Fourteen of the Watson quindecaplets are here looking for Harvey again.
1901,4,2,48,54,1.1851851851851851,0.07511497859838032,584,Looks like the meeting of the diversity committee is finally breaking up.
1901,0,10,44,54,1.1851851851851851,0.05335739809593593,584,Send tech asap...Fenwick jammed himself in the 3D printer again!
1901,1,8,45,54,1.1851851851851851,0.05954682150320808,584,The applicants for the accounting clerk position are here.
1901,2,6,46,54,1.1851851851851851,0.06515087083609597,584,I'm waiting for him now.
1901,2,6,46,54,1.1851851851851851,0.06515087083609597,584,The copying machine is broken again.
1901,2,6,46,54,1.1851851851851851,0.06515087083609597,584,Who let the clones out? Who? Who? Who?
1901,1,8,45,54,1.1851851851851851,0.05954682150320808,584,I found a flaw in our face ID system
1901,1,8,45,54,1.1851851851851851,0.05954682150320808,584,They just started coming out of the copier!
1901,2,6,46,54,1.1851851851851851,0.06515087083609597,584,"I said I wanted scones for the meeting, not clones!"
1901,2,6,46,54,1.1851851851851851,0.06515087083609597,584,The 'Chrome Dome' cloned drones are here.
1901,1,8,45,54,1.1851851851851851,0.05954682150320808,584,I believe there is a misunderstanding. They sent in the clones.
1901,1,8,45,54,1.1851851851851851,0.05954682150320808,584,"Sir, I think Hanson completed the 3D printer upgrade."
1901,3,4,47,54,1.1851851851851851,0.07030965787335618,584,"No, I ordered 25 CLOWNS, not 25 clones."
1901,1,8,45,54,1.1851851851851851,0.05954682150320808,584,"Yes, the auditors are here."
1901,3,4,47,54,1.1851851851851851,0.07030965787335618,584,"I ordered bird drones, not nerd clones."
1901,2,6,46,54,1.1851851851851851,0.06515087083609597,584,Can you be a little more descriptive?
1901,1,8,45,54,1.1851851851851851,0.05954682150320808,584,"No, I ordered 100 CPUs."
2117,1,7,41,49,1.183673469387755,0.06303997616615865,584,"The accountants have been released, tax season must be over."
2118,3,4,48,55,1.1818181818181819,0.06910154091509929,584,"Apparently, John Doe is not an unknown person."
2118,3,4,48,55,1.1818181818181819,0.06910154091509929,584,Who let the nerds out?
2118,2,6,47,55,1.1818181818181819,0.06404390902685803,584,I think our biggest problem will be diversity.
2118,2,6,47,55,1.1818181818181819,0.06404390902685803,584,This casting call is going to get worse before it gets better.
2118,2,6,47,55,1.1818181818181819,0.06404390902685803,584,Get those jokers with the 3D printer to shut it off!!
2118,2,6,47,55,1.1818181818181819,0.06404390902685803,584,"...and send name tags, lots and lots of name tags"
2118,1,8,46,55,1.1818181818181819,0.05855101715632098,584,Follow whose nose?
2118,2,6,47,55,1.1818181818181819,0.06404390902685803,584,"I said clowns, Stephen."
2118,2,6,47,55,1.1818181818181819,0.06404390902685803,584,Hello Equifax? I think we have a case of identity theft...
2118,2,6,47,55,1.1818181818181819,0.06404390902685803,584,"Your Honor, the jury seems to have come to a consensus."
2118,3,4,48,55,1.1818181818181819,0.06910154091509929,584,Maintenance - we seem to be having a problem with our copy machine.
2118,1,8,46,55,1.1818181818181819,0.05855101715632098,584,This casting call is going to be VERY difficult !
2118,2,6,47,55,1.1818181818181819,0.06404390902685803,584,The copy machine is acting weird today...
2118,1,8,46,55,1.1818181818181819,0.05855101715632098,584,"The applicants for your leadership class are here, Sir."
2118,2,6,47,55,1.1818181818181819,0.06404390902685803,584,Call HR. Tell them we need to revisit our diversity policy.
2118,4,2,49,55,1.1818181818181819,0.07381343800583884,584,Have you got anyone that looks like Harpo?
2118,2,6,47,55,1.1818181818181819,0.06404390902685803,584,I don't think the diversity hiring event went as we expected.
2118,2,6,47,55,1.1818181818181819,0.06404390902685803,584,We have another 100 or so to interview for Trump's advisory panel
2118,3,4,48,55,1.1818181818181819,0.06910154091509929,584,The third-floor copier is stuck on again.
2118,2,6,47,55,1.1818181818181819,0.06404390902685803,584,"Yes, the Academy members have completed the balloting process and the meeting has adjourned, sir."
2118,1,8,46,55,1.1818181818181819,0.05855101715632098,584,"A geneticist's 'dream come true moment', is on display!"
2118,1,8,46,55,1.1818181818181819,0.05855101715632098,584,"OMG no, I said 'phone him to come over, not clone him to come over.'"
2118,0,10,45,55,1.1818181818181819,0.05248638810814781,584,Do you know anything about a cubicle convention?
2118,3,4,48,55,1.1818181818181819,0.06910154091509929,584,Mr. President. The Cabinet members are here to see you.
2118,2,6,47,55,1.1818181818181819,0.06404390902685803,584,I suddenly feel an overwhelming sense of boredom.
2118,1,8,46,55,1.1818181818181819,0.05855101715632098,584,"Corporate executives—if you've seen one, you've seen them all."
2118,3,4,48,55,1.1818181818181819,0.06910154091509929,584,"What do you mean ""bring in the balding guy with mustache and glasses for the next interview?"""
2118,2,6,47,55,1.1818181818181819,0.06404390902685803,584,"Hello Strippers Inc? Yes, I want my money back!"
2118,3,6,57,66,1.1818181818181819,0.060722498870188546,584,What pronouns do they use?
2118,1,8,46,55,1.1818181818181819,0.05855101715632098,584,"It's not that the copier is broken, necessarily. It's just working... differently."
2118,1,8,46,55,1.1818181818181819,0.05855101715632098,584,"Clowns, not clones!"
2149,0,10,46,56,1.1785714285714286,0.05164277182008721,584,What type of incubator did you say this was?
2150,2,5,44,51,1.1764705882352942,0.06689694944796853,584,"Honestly, we couldn’t have cloned someone else?"
2150,2,5,44,51,1.1764705882352942,0.06689694944796853,584,"""They called and said there was an accident today at the Human Genome Institute today. Hold on...Oh thank god, Bill is just getting home from wor...OH MY GOD!!!"
2150,2,5,44,51,1.1764705882352942,0.06689694944796853,584,The Diversity Committee is disbanding. They’ve achieved their goal of Zero Tolerance.
2150,2,5,44,51,1.1764705882352942,0.06689694944796853,584,"I'll have to get back to you Rita, looks like the copier is on the fritz again."
2150,2,5,44,51,1.1764705882352942,0.06689694944796853,584,The are what you eat guys are back.
2150,1,7,43,51,1.1764705882352942,0.06075267994050848,584,...and just as the professor found his momentum in the physics lecture he became uncertain about his position.
2156,3,3,46,52,1.1730769230769231,0.07119510849574463,584,The diversity training meeting is over.
2156,2,5,45,52,1.1730769230769231,0.06568558183307435,584,"Yes, our employee's diversity training just let out."
2156,1,7,44,52,1.1730769230769231,0.05966948841558946,584,"Hello, Dolly?"
2156,2,5,45,52,1.1730769230769231,0.06568558183307435,584,Connect me with our chief diversity officer... ASAP.
2156,1,7,44,52,1.1730769230769231,0.05966948841558946,584,Know anyone who needs two hundred identical accountants?
2156,1,7,44,52,1.1730769230769231,0.05966948841558946,584,Harold's been messing with the 3D printer again.
2156,2,5,45,52,1.1730769230769231,0.06568558183307435,584,The 3D printer you're missing? I think it landed in human resources
2156,1,7,44,52,1.1730769230769231,0.05966948841558946,584,"The casting call for ""disturbed loner"" got a great response."
2156,1,7,44,52,1.1730769230769231,0.05966948841558946,584,"Yes, I already tried turning the new copy machine in accounting off and on again."
2156,2,5,45,52,1.1730769230769231,0.06568558183307435,584,"Uh, something's wrong with the copier."
2156,1,7,44,52,1.1730769230769231,0.05966948841558946,584,Here comes the sunshine boys.
2156,3,3,46,52,1.1730769230769231,0.07119510849574463,584,"I can't be sure; however, there seems to be something seriously wrong with the photocopier again."
2156,2,5,45,52,1.1730769230769231,0.06568558183307435,584,I'm standing outside the 3D printer room.
2156,0,9,43,52,1.1730769230769231,0.052974522506642974,584,"The 3D printer got stuck on ""auto"" again."
2156,1,7,44,52,1.1730769230769231,0.05966948841558946,584,"But Clarice, they're all Mr.Right."
2156,1,7,44,52,1.1730769230769231,0.05966948841558946,584,"You remember when you said to try unplugging the duplicating machine, and then plug it in again?"
2156,1,7,44,52,1.1730769230769231,0.05966948841558946,584,"Quick, buy the stock! The cloning experiment worked!"
2156,0,9,43,52,1.1730769230769231,0.052974522506642974,584,The clones are here. Looks like the genetic material came from accounting again.
2156,1,7,44,52,1.1730769230769231,0.05966948841558946,584,This is Jane. I'm in the copy room. I think the 3-D printer is caught in a loop again.
2156,1,7,44,52,1.1730769230769231,0.05966948841558946,584,"Shirley, when you have a moment, could you run down and unplug the 3D printer?"
2156,1,7,44,52,1.1730769230769231,0.05966948841558946,584,"I requested George Clooney, not my ex-husband Murray."
2156,1,7,44,52,1.1730769230769231,0.05966948841558946,584,"Yea, he just got here. But... Are you sure that was an aspirin you gave me earlier?"
2156,3,3,46,52,1.1730769230769231,0.07119510849574463,584,Can we please close the casting call for the middle-aged accountant role?
2156,2,5,45,52,1.1730769230769231,0.06568558183307435,584,"""Yeah...uh, Karen? None of them look their online picture."
2156,2,5,45,52,1.1730769230769231,0.06568558183307435,584,I think we are going to have to tighten our policy on misuse of the 3-D printer.
2156,0,9,43,52,1.1730769230769231,0.052974522506642974,584,I'm pretty sure the cloning experiment was successful...
2156,1,7,44,52,1.1730769230769231,0.05966948841558946,584,"At least, you could have had him look like George Clooney."
2156,2,5,45,52,1.1730769230769231,0.06568558183307435,584,Send in the clones.
2156,2,5,45,52,1.1730769230769231,0.06568558183307435,584,I think we have the extras for the Everyman movie.
2156,0,9,43,52,1.1730769230769231,0.052974522506642974,584,Could you describe Leonard one more time?
2156,3,3,46,52,1.1730769230769231,0.07119510849574463,584,You wanted me to make how many copies?
2156,1,7,44,52,1.1730769230769231,0.05966948841558946,584,"Alert HR, Randy in IT has gone viral."
2156,1,7,44,52,1.1730769230769231,0.05966948841558946,584,"I ordered three Neds, not 300."
2156,0,9,43,52,1.1730769230769231,0.052974522506642974,584,Hi Tom - I'll have to call you back. Someone let all the Goldman guys out.
2156,1,7,44,52,1.1730769230769231,0.05966948841558946,584,I don't think I'm going to get this job.
2156,1,7,44,52,1.1730769230769231,0.05966948841558946,584,We're having a Level 4 nerd alert up here. Send help
2156,1,7,44,52,1.1730769230769231,0.05966948841558946,584,How many empty suits did you order?
2156,2,5,45,52,1.1730769230769231,0.06568558183307435,584,I don't know. Accountants all look alike to me.
2156,1,7,44,52,1.1730769230769231,0.05966948841558946,584,This stem cell cloning project was not supposed to include a mustache
2156,1,7,44,52,1.1730769230769231,0.05966948841558946,584,Easy to spot! They're all bald with glasses and a striped tie!
2156,0,9,43,52,1.1730769230769231,0.052974522506642974,584,The uniforms here leave something to be desired.
2156,1,7,44,52,1.1730769230769231,0.05966948841558946,584,Security? I think we've got a problem with our facial recognition system!
2156,1,7,44,52,1.1730769230769231,0.05966948841558946,584,HR says we may have violated diversity guidelines.
2156,0,9,43,52,1.1730769230769231,0.052974522506642974,584,"We've run out of the Groucho glasses, so we'll need to break out the Harpo wigs if any more show up."
2156,0,9,43,52,1.1730769230769231,0.052974522506642974,584,"It's like those men in The Matrix, only different."
2156,2,5,45,52,1.1730769230769231,0.06568558183307435,584,It was '100 creepy clowns' - not '100 geeky clones.'
2156,3,3,46,52,1.1730769230769231,0.07119510849574463,584,Not clones. I said 'Send in the clowns'.
2156,0,9,43,52,1.1730769230769231,0.052974522506642974,584,You can turn off the 3D printer now.
2156,1,7,44,52,1.1730769230769231,0.05966948841558946,584,They were the closest thing to sheep we could find.
2156,0,9,43,52,1.1730769230769231,0.052974522506642974,584,"Quick, turn off the assembly line!"
2156,0,9,43,52,1.1730769230769231,0.052974522506642974,584,"No, no! Just bring vanilla. They just voted. They all want the same flavor of ice cream."
2156,2,5,45,52,1.1730769230769231,0.06568558183307435,584,We can now announce success in our program to reverse diversity.
2156,2,5,45,52,1.1730769230769231,0.06568558183307435,584,I thought you said it was a CLOWN convention.
2156,2,5,45,52,1.1730769230769231,0.06568558183307435,584,Hey! Just a heads-up; they really do all look alike.
2156,1,7,44,52,1.1730769230769231,0.05966948841558946,584,"Yeah, I'd say there was a problem, someone left the cloning machine on ""dork."""
2156,2,5,45,52,1.1730769230769231,0.06568558183307435,584,"The actuaries are here, sir."
2156,0,9,43,52,1.1730769230769231,0.052974522506642974,584,"Yes, the Geek Squad Annual Retreat is about to begin."
2156,0,9,43,52,1.1730769230769231,0.052974522506642974,584,Remember how you send it was hard to tell those resumes apart?
2156,2,5,45,52,1.1730769230769231,0.06568558183307435,584,"Yes, sir, the Martins have landed."
2156,2,5,45,52,1.1730769230769231,0.06568558183307435,584,I'm not sure that this single's mixer will go well.
2156,0,9,43,52,1.1730769230769231,0.052974522506642974,584,We need more chairs for the identity theft claimants.
2156,1,7,44,52,1.1730769230769231,0.05966948841558946,584,"It's complicated but, yes, he IS coming out the men's room."
2156,2,5,45,52,1.1730769230769231,0.06568558183307435,584,I don't know Jane. Just hire the best looking one!
2156,1,7,44,52,1.1730769230769231,0.05966948841558946,584,"I""m going to need more to go on than just ""average looking""...."
2156,1,7,44,52,1.1730769230769231,0.05966948841558946,584,"You were supposed to ""Send in the clowns!"""
2156,1,7,44,52,1.1730769230769231,0.05966948841558946,584,"How would I know if it's Tom, Dick or Harry?"
2156,0,9,43,52,1.1730769230769231,0.052974522506642974,584,"Jim call IT, the copy machine is malfunctioning again."
2156,1,7,44,52,1.1730769230769231,0.05966948841558946,584,That's right! I said exponential.
2156,0,9,43,52,1.1730769230769231,0.052974522506642974,584,"Yes sir,you have reached the gene research department."
2156,1,7,44,52,1.1730769230769231,0.05966948841558946,584,"No they're all wrong, we need someone more average-looking."
2156,2,5,45,52,1.1730769230769231,0.06568558183307435,584,It's out of control down here. I need another woman pronto.
2156,0,9,43,52,1.1730769230769231,0.052974522506642974,584,I may need to do remedial diversity training.
2156,1,7,44,52,1.1730769230769231,0.05966948841558946,584,"Right, that's what it says here: bald, white guy with a mustache and glasses."
2156,3,3,46,52,1.1730769230769231,0.07119510849574463,584,"Eenie, meanie, minie, mo..."
2156,1,7,44,52,1.1730769230769231,0.05966948841558946,584,"Sir, the copier is on the fritz."
2156,2,5,45,52,1.1730769230769231,0.06568558183307435,584,"On the bright side, the copier isn't jammed anymore"
2156,1,7,44,52,1.1730769230769231,0.05966948841558946,584,The 3-D printer has been hacked by Bob in accounting.
2156,1,7,44,52,1.1730769230769231,0.05966948841558946,584,"I appreciate your dilemma, Benton, but from where I stand, it all looks the same to me."
2156,1,7,44,52,1.1730769230769231,0.05966948841558946,584,"Well, sir, it turns out there are a lot of Bobs in accounting."
2156,0,9,43,52,1.1730769230769231,0.052974522506642974,584,It looks like saddle shoes are making a comeback!
2156,0,9,43,52,1.1730769230769231,0.052974522506642974,584,Don't ask; just bring the cute guy down from accounting.
2156,2,5,45,52,1.1730769230769231,0.06568558183307435,584,"... No, I ordered fifty BOXES of brads."
2156,2,5,45,52,1.1730769230769231,0.06568558183307435,584,The job posting may have been too specific.
2156,1,7,44,52,1.1730769230769231,0.05966948841558946,584,"Darn it, the copy machine is jammed again."
2156,3,3,46,52,1.1730769230769231,0.07119510849574463,584,The 'Clone-O-Matic' is malfunctioning again!
2156,1,7,44,52,1.1730769230769231,0.05966948841558946,584,The Xerox board meeting just let out.
2156,2,5,45,52,1.1730769230769231,0.06568558183307435,584,Where's Baldo?
2156,1,7,44,52,1.1730769230769231,0.05966948841558946,584,Looks like the diversity meeting is wrapping up just now.
2156,3,3,46,52,1.1730769230769231,0.07119510849574463,584,One of these things is not like the other....
2156,2,5,45,52,1.1730769230769231,0.06568558183307435,584,"If that truck of pocket-protectors doesn't get here soon, there's going to be trouble."
2156,1,7,44,52,1.1730769230769231,0.05966948841558946,584,I think Frank pushed the wrong button on the copy machine again.
2156,1,7,44,52,1.1730769230769231,0.05966948841558946,584,"I'm meeting with him now, but you're going to have to be more descriptive..."
2156,2,5,45,52,1.1730769230769231,0.06568558183307435,584,"I'm sorry, there are no Toms or Harrys here."
2156,0,9,43,52,1.1730769230769231,0.052974522506642974,584,I'm going to need you to be more specific than brown hair with glasses...
2156,1,7,44,52,1.1730769230769231,0.05966948841558946,584,Either the meeting's adjourned or something supernatural just happened.
2156,2,5,45,52,1.1730769230769231,0.06568558183307435,584,Hang on -- I'm not sure he's come in yet.
2156,2,5,45,52,1.1730769230769231,0.06568558183307435,584,Please tell me again what he looks like.
2156,1,7,44,52,1.1730769230769231,0.05966948841558946,584,Accountant zombies?! They look harmless.
2156,1,7,44,52,1.1730769230769231,0.05966948841558946,584,"No, I ordered them with hair."
2156,2,5,45,52,1.1730769230769231,0.06568558183307435,584,"Sir, I think its the start of the Accountant-Apocalypse!!"
2156,2,5,45,52,1.1730769230769231,0.06568558183307435,584,The 3D printing trial run of 100 middle school math teachers was a success!
2156,1,7,44,52,1.1730769230769231,0.05966948841558946,584,I'm sorry I don't know where Waldo is.
2156,0,9,43,52,1.1730769230769231,0.052974522506642974,584,Is this the service department? Our 3-d printer is malfunctioning!
2156,1,7,44,52,1.1730769230769231,0.05966948841558946,584,I told you not to feed him after sundown.
2156,0,9,43,52,1.1730769230769231,0.052974522506642974,584,"' ""Tell me again what was in that drink you gave me at lunch."""
2156,2,5,45,52,1.1730769230769231,0.06568558183307435,584,I take it at face value when they say they all agree.
2156,0,9,43,52,1.1730769230769231,0.052974522506642974,584,"Diversity again. This time, they're team building."
2156,0,9,43,52,1.1730769230769231,0.052974522506642974,584,Someone left the 3D printer on.
2156,2,5,45,52,1.1730769230769231,0.06568558183307435,584,"I said I needed phones , not clones ."
2156,0,9,43,52,1.1730769230769231,0.052974522506642974,584,Your 9:30 with Xerox is here.
2156,2,5,45,52,1.1730769230769231,0.06568558183307435,584,"Yes, I know I said send me your bills."
2156,0,9,43,52,1.1730769230769231,0.052974522506642974,584,The Cloning Conference just broke for lunch.
2156,2,5,45,52,1.1730769230769231,0.06568558183307435,584,"I'm with the nose, glasses and moustache men. Is this the genome or the genre conference?"
2156,1,7,44,52,1.1730769230769231,0.05966948841558946,584,"I'm not ready to reveal my choice however, interviewing these contestants has been the most unique experience of my professional life"
2156,1,7,44,52,1.1730769230769231,0.05966948841558946,584,I think I just broke through the looking-glass ceiling.
2156,0,9,43,52,1.1730769230769231,0.052974522506642974,584,I told you to send in the clowns!
2156,1,7,44,52,1.1730769230769231,0.05966948841558946,584,Who do you want to talk to? The one with mustache or the one with a stripe tie?
2156,1,7,44,52,1.1730769230769231,0.05966948841558946,584,You can cancel the DJ.
2156,2,5,45,52,1.1730769230769231,0.06568558183307435,584,The 3-D printer was just supposed to print those funny little nose-eyeglass-mustache thingies.........right?
2156,1,7,44,52,1.1730769230769231,0.05966948841558946,584,"Yes sir, the cloning project appears to have been successful."
2156,0,9,43,52,1.1730769230769231,0.052974522506642974,584,"I think I see you now. Glasses and mustache, right?"
2156,2,5,45,52,1.1730769230769231,0.06568558183307435,584,Can you come up and fix the copier NOW?
2156,0,9,43,52,1.1730769230769231,0.052974522506642974,584,Everyone but the CEO believes our hiring policy is too restrictive.
2156,2,5,45,52,1.1730769230769231,0.06568558183307435,584,"Security, I found the leak in Bernie World."
2156,3,3,46,52,1.1730769230769231,0.07119510849574463,584,AI Department? I think we found them.
2156,1,7,44,52,1.1730769230769231,0.05966948841558946,584,"You can't miss me,"" he said. ""I'm the buy with the glasses, the big nose and the little mustache. Oh, and I'm wearing a striped tie."
2156,1,7,44,52,1.1730769230769231,0.05966948841558946,584,Can you bring down that box of 'I'm Special' badges?
2156,1,7,44,52,1.1730769230769231,0.05966948841558946,584,"Sorry, Mrs. Granger, it looks like the copy machine is acting up again."
2156,0,9,43,52,1.1730769230769231,0.052974522506642974,584,He looks just like the average Joe
2156,0,9,43,52,1.1730769230769231,0.052974522506642974,584,I swiped right and then all of the icons began to shake.
2156,2,5,45,52,1.1730769230769231,0.06568558183307435,584,Waldo's dad is here.
2156,2,5,45,52,1.1730769230769231,0.06568558183307435,584,"Oh no, now I have a million copies of my boss!"
2156,0,9,43,52,1.1730769230769231,0.052974522506642974,584,The Xerox has gone rogue again.
2156,3,3,46,52,1.1730769230769231,0.07119510849574463,584,"Dr. Heinsman, you may want to cut you lunch short and get back to the lab."""
2156,1,7,44,52,1.1730769230769231,0.05966948841558946,584,"Security, someone left the lab door open again, and the Bobs are out."
2156,1,7,44,52,1.1730769230769231,0.05966948841558946,584,"Sir, the silent majority has arrived!"
2156,3,3,46,52,1.1730769230769231,0.07119510849574463,584,We have 1000 Groucho clones. Can you send us 1000 identical ducks?
2156,1,7,44,52,1.1730769230769231,0.05966948841558946,584,I think you might be a victim of identity theft.
2156,1,7,44,52,1.1730769230769231,0.05966948841558946,584,This jury has found the defendant Not Guilty of profiling.
2156,2,5,45,52,1.1730769230769231,0.06568558183307435,584,His resume did say he was a multitasker.
2156,2,5,45,52,1.1730769230769231,0.06568558183307435,584,Doris? The copier is on the fritz again.
2156,1,7,44,52,1.1730769230769231,0.05966948841558946,584,"I said ""clowns"" not ""clones"", I have a cold."
2156,1,7,44,52,1.1730769230769231,0.05966948841558946,584,"Balding, hefty, glasses, mustache and striped tie you say. Could you be more specific?"
2156,2,5,45,52,1.1730769230769231,0.06568558183307435,584,"Hey Sam, have you got the Xerox repairman's phone number?"
2156,1,7,44,52,1.1730769230769231,0.05966948841558946,584,"They still can’t agree on a verdict, Your Honor"
2156,2,5,45,52,1.1730769230769231,0.06568558183307435,584,"You won’t believe this, but one of the conference attendees looks exactly like Uncle Fred."
2156,2,5,45,52,1.1730769230769231,0.06568558183307435,584,I think the Clone Anonymous Meeting is breaking for lunch now. I assume they're all having the same thing to eat.
2156,2,5,45,52,1.1730769230769231,0.06568558183307435,584,"No, I said ""book the room and fill in the auditors'"
2156,4,1,47,52,1.1730769230769231,0.07630787172167883,584,Donald Trump is a jackass.
2156,1,7,44,52,1.1730769230769231,0.05966948841558946,584,One of them is bound to be able to unlock his phone.
2156,1,7,44,52,1.1730769230769231,0.05966948841558946,584,Let me check. What does he look like?
2156,1,7,44,52,1.1730769230769231,0.05966948841558946,584,They're looking for the poll site to vote Republican.
2156,2,5,45,52,1.1730769230769231,0.06568558183307435,584,Diversity program? Why in heaven's name would we need a diversity program?
2156,0,9,43,52,1.1730769230769231,0.052974522506642974,584,"Yes, but they all claim they are Rick Deckard."
2156,1,7,44,52,1.1730769230769231,0.05966948841558946,584,The participants in the hair restoration study have arrived.
2156,2,5,45,52,1.1730769230769231,0.06568558183307435,584,I'm not surprised about the layoffs either. Even before the merger our department was always redundant.
2156,2,5,45,52,1.1730769230769231,0.06568558183307435,584,It looks like we've established a viable breeding population.
2156,1,7,44,52,1.1730769230769231,0.05966948841558946,584,How many incognitos do we need?
2156,2,5,45,52,1.1730769230769231,0.06568558183307435,584,I believe we have a winner...
2156,3,3,46,52,1.1730769230769231,0.07119510849574463,584,The conservative caucus is taking a break.
2156,1,7,44,52,1.1730769230769231,0.05966948841558946,584,Phew-my mistake! The George Clooney look-alikes are on the FIFTH floor...
2156,0,9,43,52,1.1730769230769231,0.052974522506642974,584,"Dangit, someone took the door off the supply closet."
2156,1,7,44,52,1.1730769230769231,0.05966948841558946,584,Who said we should dispense with name tags?
2156,2,5,45,52,1.1730769230769231,0.06568558183307435,584,Do I have to have a standing desk?
2156,1,7,44,52,1.1730769230769231,0.05966948841558946,584,"When I said I needed 20 more employees like Larry, I didn't mean it literally."
2156,1,7,44,52,1.1730769230769231,0.05966948841558946,584,I don't have the Serial Number for The Cloning Machine... What do I do now?
2156,1,7,44,52,1.1730769230769231,0.05966948841558946,584,I think Amazon made a mistake.
2156,2,5,45,52,1.1730769230769231,0.06568558183307435,584,It looks like another successful HR seminar just ended.
2156,2,5,45,52,1.1730769230769231,0.06568558183307435,584,"I have no idea who these strange men are, but one of them looks just like my husband."
2156,0,9,43,52,1.1730769230769231,0.052974522506642974,584,"But Sir, they ALL look like Kevin from The Office."
2156,1,7,44,52,1.1730769230769231,0.05966948841558946,584,Looks like we have another case of identity theft.
2156,2,5,45,52,1.1730769230769231,0.06568558183307435,584,"I asked the agency to find me someone just like Phil... of course, I was referring to his qualifications and work history."
2156,2,5,45,52,1.1730769230769231,0.06568558183307435,584,"Chief, I finished the expansion project. What next?"
2156,3,3,46,52,1.1730769230769231,0.07119510849574463,584,He's standing right in front of me.
2156,2,5,45,52,1.1730769230769231,0.06568558183307435,584,The 3D printer's on the blink again.
2156,0,9,43,52,1.1730769230769231,0.052974522506642974,584,The copy machine is running amok!
2156,3,3,46,52,1.1730769230769231,0.07119510849574463,584,The Stepford Schmucks have arrived.
2156,2,5,45,52,1.1730769230769231,0.06568558183307435,584,"I said phone, not clone."
2156,0,9,43,52,1.1730769230769231,0.052974522506642974,584,"Yes, the ""How to Manage Diversity in the Office"" Workshop was a complete success."
2156,1,7,44,52,1.1730769230769231,0.05966948841558946,584,Do you happen to know the last four digits of his Social Security Number?
2156,3,3,46,52,1.1730769230769231,0.07119510849574463,584,Central Casting? Your computer has a virus!
2156,3,3,46,52,1.1730769230769231,0.07119510849574463,584,"Oh, same old same old."
2156,2,5,45,52,1.1730769230769231,0.06568558183307435,584,"No, I distinctly said 'Send in the CLOWNS.'"
2156,2,5,45,52,1.1730769230769231,0.06568558183307435,584,Human Resources? Are clones a protected class?
2156,2,5,45,52,1.1730769230769231,0.06568558183307435,584,I ordered sale drones not male clones.
2156,3,3,46,52,1.1730769230769231,0.07119510849574463,584,"Yeah, the copier's on the fritz again."
2156,2,5,45,52,1.1730769230769231,0.06568558183307435,584,"We'll need to reschedule, the Accountants are migrating again."
2156,1,7,44,52,1.1730769230769231,0.05966948841558946,584,"Success with the male, how'd it got with the female?"
2156,1,7,44,52,1.1730769230769231,0.05966948841558946,584,Cancel that. Looks like Terry got the copier working.
2156,0,9,43,52,1.1730769230769231,0.052974522506642974,584,"...I think it's by John Kabat Zinn - 'Wherever You Go There You Are', in Spirituality or something. Can you send it over asap?"
2156,2,5,45,52,1.1730769230769231,0.06568558183307435,584,Remember when I said the copy machine problem couldn't get any worse?
2156,1,7,44,52,1.1730769230769231,0.05966948841558946,584,The internet must be down again.
2156,2,5,45,52,1.1730769230769231,0.06568558183307435,584,Not MATCHES.COM!!!
2156,1,7,44,52,1.1730769230769231,0.05966948841558946,584,The candidates for the police lineup are here.
2156,2,5,45,52,1.1730769230769231,0.06568558183307435,584,I'm afraid EEO is going to go ballistic.
2156,0,9,43,52,1.1730769230769231,0.052974522506642974,584,Remember when you said you wish you had 50 Carls?
2156,0,9,43,52,1.1730769230769231,0.052974522506642974,584,"Sir, the 3-D printer is out of hair."
2156,2,5,45,52,1.1730769230769231,0.06568558183307435,584,"No, I said send in the clowns, not clones!"
2156,1,7,44,52,1.1730769230769231,0.05966948841558946,584,Mr. Kaplan. Your 9:00 AM through 5:00 PM are here.
2156,2,5,45,52,1.1730769230769231,0.06568558183307435,584,The casting call was for clowns not clones...
2156,1,7,44,52,1.1730769230769231,0.05966948841558946,584,It seems to be a conformist corporate culture
2156,1,7,44,52,1.1730769230769231,0.05966948841558946,584,"""This is why we need diversity in the work place""."
2156,1,7,44,52,1.1730769230769231,0.05966948841558946,584,"If we keep one, and fire the rest, we won't lose a thing."
2156,3,3,46,52,1.1730769230769231,0.07119510849574463,584,It gets even better---they all respond to the same name.
2156,2,5,45,52,1.1730769230769231,0.06568558183307435,584,"Cupertino, we may have some, um, unresolved issues with the facial recognition readiness on the X."
2156,1,7,44,52,1.1730769230769231,0.05966948841558946,584,"Yes, he's here. No. I haven't seen him yet."
2156,2,5,45,52,1.1730769230769231,0.06568558183307435,584,"No, I'm quite sure you said the bank manager's LOANS."
2156,1,7,44,52,1.1730769230769231,0.05966948841558946,584,What did you say he would look like?
2156,1,7,44,52,1.1730769230769231,0.05966948841558946,584,"I said ""I needed 100 copies of THE bill."""
2365,3,3,47,53,1.169811320754717,0.06991519358205821,584,What color shirt is he wearing?
2365,1,7,45,53,1.169811320754717,0.0586238473980282,584,"Jones, Jones, Jones and Jones et al., how may I help you?"
2367,0,8,41,49,1.163265306122449,0.05334825558285075,584,Can you find someone to push 'Stop' on the 3-D printer?
2367,1,6,42,49,1.163265306122449,0.060797833101086655,584,A lot.
2367,1,6,42,49,1.163265306122449,0.060797833101086655,584,I've got good news and bad news. The good news is that the new cloning machine is working perfectly! The bad news is that Herb from accounting stumbled in by accident.
2367,0,8,41,49,1.163265306122449,0.05334825558285075,584,We need more diversity in this office.
2367,0,8,41,49,1.163265306122449,0.05334825558285075,584,We might need to re-think the facial identity security system.
2367,2,4,43,49,1.163265306122449,0.06742934558367009,584,"Xerox, we have a problem."
2367,1,6,42,49,1.163265306122449,0.060797833101086655,584,That is NOT what I ordered!
2367,1,6,42,49,1.163265306122449,0.060797833101086655,584,Even HR can't say this isn't their problem.
2367,2,4,43,49,1.163265306122449,0.06742934558367009,584,"You misheard me. I said, ""Send up the clowns!"""
2367,1,6,42,49,1.163265306122449,0.060797833101086655,584,I’m not sure that telling Mr. Overby you wished you had a hundred more just like him was the right thing to say…
2367,1,6,42,49,1.163265306122449,0.060797833101086655,584,You wanted Frank in accounting? There's more than one.
2367,2,4,43,49,1.163265306122449,0.06742934558367009,584,"Sheldon, why are all the sales staff wearing the same ties?"
2367,1,6,42,49,1.163265306122449,0.060797833101086655,584,"I've located every Tom, now we just need to locate every Dick and Harry"
2367,1,6,42,49,1.163265306122449,0.060797833101086655,584,"Jerry, I'm sorry to tell you, but you're not a one in a million, after all."
2367,1,6,42,49,1.163265306122449,0.060797833101086655,584,I'm having a little trouble finding Waldo.
2367,1,6,42,49,1.163265306122449,0.060797833101086655,584,Who ordered the passel of Poindexters?
2367,0,8,41,49,1.163265306122449,0.05334825558285075,584,"Alright, I found the copy room."
2367,0,8,41,49,1.163265306122449,0.05334825558285075,584,"I have to call you back, my 'Disheartened Nonuplets #2' audition just walked in the door."
2367,1,6,42,49,1.163265306122449,0.060797833101086655,584,The copier is back online.
2367,1,6,42,49,1.163265306122449,0.060797833101086655,584,Better hide the mirrors--the clones are taking a break.
2367,2,4,43,49,1.163265306122449,0.06742934558367009,584,"""I'm sorry, we are starting to run out of middle aged businessmen""."
2367,0,8,41,49,1.163265306122449,0.05334825558285075,584,He says that he meant to clone the mouse.
2367,2,4,43,49,1.163265306122449,0.06742934558367009,584,"Could I speak to the Sorcerer, please? This is his apprentice."
2367,1,6,42,49,1.163265306122449,0.060797833101086655,584,We have to stop buying our ties from China.
2367,2,4,43,49,1.163265306122449,0.06742934558367009,584,The diversity committee just broke.
2367,1,6,42,49,1.163265306122449,0.060797833101086655,584,You better come down here. The copy machine is doing that thing again.
2367,0,8,41,49,1.163265306122449,0.05334825558285075,584,I'll see if I can find him for you.
2367,1,6,42,49,1.163265306122449,0.060797833101086655,584,He's just leaving the meeting room as we speak.
2367,2,4,43,49,1.163265306122449,0.06742934558367009,584,"When I said, ""make copies,"" I meant of the report."
2367,1,6,42,49,1.163265306122449,0.060797833101086655,584,I just *know* it's a family reunion.
2367,0,8,41,49,1.163265306122449,0.05334825558285075,584,But I thought the Hitler 'stache convention was set NEXT week!
2367,1,6,42,49,1.163265306122449,0.060797833101086655,584,I can't even enter the printer room right now because Joe and his big ego learned how to use the 3D printer.
2367,0,8,41,49,1.163265306122449,0.05334825558285075,584,I need to speak to the diversity coordinator immediately.
2367,1,6,42,49,1.163265306122449,0.060797833101086655,584,This is casting; we'll need a super longshot on the battle scene.
2367,1,6,42,49,1.163265306122449,0.060797833101086655,584,"""H.R. Department, we may have a glitch in our diversity profiling plan""!"
2367,1,6,42,49,1.163265306122449,0.060797833101086655,584,Has anyone graduated with honors from an elite university?
2367,1,6,42,49,1.163265306122449,0.060797833101086655,584,I think we'd better cancel the genome project.
2367,1,6,42,49,1.163265306122449,0.060797833101086655,584,I guess the cloning experiment worked.
2367,1,6,42,49,1.163265306122449,0.060797833101086655,584,They claim to be freelancers in search of the gig economy.
2367,1,6,42,49,1.163265306122449,0.060797833101086655,584,"Yes, there are hundreds of them. And, apparently, they're all named 'Sam Nussbaum'."
2367,2,4,43,49,1.163265306122449,0.06742934558367009,584,"Please strangle whoever is singing ""Send in the Clones""."
2367,2,4,43,49,1.163265306122449,0.06742934558367009,584,I've got to hang up-they are cloning again.
2367,2,4,43,49,1.163265306122449,0.06742934558367009,584,"I need more than ""the one with the mustache."""
2367,0,8,41,49,1.163265306122449,0.05334825558285075,584,Josh? I really need that door installed. Now?
2367,0,8,41,49,1.163265306122449,0.05334825558285075,584,Are you sure this is the Committee for Workplace Diversity?
2367,1,6,42,49,1.163265306122449,0.060797833101086655,584,"Hello, 911? It's raining men!"
2367,2,4,43,49,1.163265306122449,0.06742934558367009,584,The apocalypse has started.
2367,1,6,42,49,1.163265306122449,0.060797833101086655,584,The human resources 3D printer needs urgent repair.
2367,2,4,43,49,1.163265306122449,0.06742934558367009,584,What else should I check beside their uniform and posture?
2367,0,8,41,49,1.163265306122449,0.05334825558285075,584,I'd like to add you to my professional network on LinkedIn
2367,1,6,42,49,1.163265306122449,0.060797833101086655,584,I've narrowed it down to four or five candidates from a diverse applicant pool.
2367,0,8,41,49,1.163265306122449,0.05334825558285075,584,Does he have any distinguishing marks?
2367,1,6,42,49,1.163265306122449,0.060797833101086655,584,"please don't take this the wrong way, but to be honest, they all look the same to me"
2367,1,6,42,49,1.163265306122449,0.060797833101086655,584,Someone tell that smart ass down in the 3-D printing room that one Harold in this department is more than enough!
2367,1,6,42,49,1.163265306122449,0.060797833101086655,584,"Ma'am, the grossly unqualified mindless employees you order are demanding birthday cake."
2367,2,4,43,49,1.163265306122449,0.06742934558367009,584,It’s the penalty for Worst Stock Pick of the Month.
2367,1,6,42,49,1.163265306122449,0.060797833101086655,584,I hope my husband's not in there.
2367,1,6,42,49,1.163265306122449,0.060797833101086655,584,I think the copy editors are here.
2367,1,6,42,49,1.163265306122449,0.060797833101086655,584,You want me to find Porter - the bald one with a mustache?
2367,1,6,42,49,1.163265306122449,0.060797833101086655,584,"Did you say he has a mustache, glasses and is balding on top?"
2367,2,4,43,49,1.163265306122449,0.06742934558367009,584,The Smith brothers are hear for their 10:30.
2367,3,2,44,49,1.163265306122449,0.07346466349134413,584,Your algo lacks rhythm.
2367,1,6,42,49,1.163265306122449,0.060797833101086655,584,"I said ""call Dorfman"", not ""calling all Dorfmans""."
2367,1,6,42,49,1.163265306122449,0.060797833101086655,584,Serious problem with the copier.
2367,1,6,42,49,1.163265306122449,0.060797833101086655,584,Security? We need a culling. Sixth floor. Stat!
2367,1,6,42,49,1.163265306122449,0.060797833101086655,584,"Sir, I believe we have the problem of the one and the many."
2367,1,6,42,49,1.163265306122449,0.060797833101086655,584,"Mayday, mayday! Someone called in an office drone strike!"
2367,0,8,41,49,1.163265306122449,0.05334825558285075,584,"How about ""larger animals""? Do you handle larger animals?"
2367,2,4,43,49,1.163265306122449,0.06742934558367009,584,How come I'm the only one wearing a gray flannel suit?
2367,0,8,41,49,1.163265306122449,0.05334825558285075,584,The 3D printer is jammed again.
2367,1,6,42,49,1.163265306122449,0.060797833101086655,584,Remember how you said I shouldn't get him wet?
2367,0,8,41,49,1.163265306122449,0.05334825558285075,584,Your casting agent is a little bit TOO good.
2367,0,8,41,49,1.163265306122449,0.05334825558285075,584,"The job posting was supposed to say office drone, not clone."
2367,2,4,43,49,1.163265306122449,0.06742934558367009,584,Looks like Stanley fixed the copier.
2367,1,6,42,49,1.163265306122449,0.060797833101086655,584,"No, no, no, no--it was supposed to be 'Send in the CLOWNS,' not the CLONES."
2367,2,4,43,49,1.163265306122449,0.06742934558367009,584,I think it's a protest of some sort.
2367,1,6,42,49,1.163265306122449,0.060797833101086655,584,"Mr. Waterhouse, your new accounting robots are here."
2367,1,6,42,49,1.163265306122449,0.060797833101086655,584,The copy machine is doing that thing again.
2367,0,8,41,49,1.163265306122449,0.05334825558285075,584,We were expecting 'a' Mr. John Smith.
2367,1,6,42,49,1.163265306122449,0.060797833101086655,584,Harry's at it again. He's taking selfies on the 3D printer.
2367,1,6,42,49,1.163265306122449,0.060797833101086655,584,I'm having second thoughts about our recruiting strategy.
2367,3,2,44,49,1.163265306122449,0.07346466349134413,584,"Yes, I will direct them all to the Joe Dator cartoon."
2367,0,8,41,49,1.163265306122449,0.05334825558285075,584,"Is it just me, or has casting gotten a little too specific?"
2367,2,4,43,49,1.163265306122449,0.06742934558367009,584,I asked you to get us 100 new ACCOUNTS
2367,1,6,42,49,1.163265306122449,0.060797833101086655,584,Turn off the 3D printer.
2367,1,6,42,49,1.163265306122449,0.060797833101086655,584,Why do I think that the copier's jammed again?
2367,1,6,42,49,1.163265306122449,0.060797833101086655,584,3-D printer repair?
2367,1,6,42,49,1.163265306122449,0.060797833101086655,584,You ordered how many clones?
2367,1,6,42,49,1.163265306122449,0.060797833101086655,584,"The ad was supposed to say ""bold"" and stand ""out"" in a crowd."
2367,1,6,42,49,1.163265306122449,0.060797833101086655,584,Miracle of transduplucation my ass. This is Ed Blechley we're talking about here.
2367,1,6,42,49,1.163265306122449,0.060797833101086655,584,I don't know how we will ever replace Johnson.
2367,1,6,42,49,1.163265306122449,0.060797833101086655,584,"Deborah, you know how you never date ...single... guys?"
2367,1,6,42,49,1.163265306122449,0.060797833101086655,584,He's been cloned. How many do you want?
2367,0,8,41,49,1.163265306122449,0.05334825558285075,584,"Sorry sir, I thought you said, ""Send in the clowns."""
2367,2,4,43,49,1.163265306122449,0.06742934558367009,584,I need Security to Herman Resources.
2367,2,4,43,49,1.163265306122449,0.06742934558367009,584,So much for the iPhone's facial recognition.
2367,0,8,41,49,1.163265306122449,0.05334825558285075,584,The diversity initiative isn't working.
2367,1,6,42,49,1.163265306122449,0.060797833101086655,584,Fred's 2 through 50 are looking for Fred 1. Anyone know the whereabouts of Fred 1?
2367,2,4,43,49,1.163265306122449,0.06742934558367009,584,He must have hit blind carbon copy.
2367,2,4,43,49,1.163265306122449,0.06742934558367009,584,The staff room copier is on the fritz again.
2367,2,4,43,49,1.163265306122449,0.06742934558367009,584,"Hello, IT Department? The copier is malfunctioning again."
2367,0,8,41,49,1.163265306122449,0.05334825558285075,584,I have the toupee models in holding. Should I send them to hair & makeup?
2367,0,8,41,49,1.163265306122449,0.05334825558285075,584,I think the job candidates' requirements you posted were too specific.
2367,0,8,41,49,1.163265306122449,0.05334825558285075,584,Somebody left the 3-D printer on again.
2367,1,6,42,49,1.163265306122449,0.060797833101086655,584,Looks like the copier is acting up again.
2367,1,6,42,49,1.163265306122449,0.060797833101086655,584,The accountants just went on strike for more fun.
2367,0,8,41,49,1.163265306122449,0.05334825558285075,584,Quick question. Has Bosses week rolled around again!
2367,2,4,43,49,1.163265306122449,0.06742934558367009,584,"Jackie, I think they've discovered male privilege again."
2367,1,6,42,49,1.163265306122449,0.060797833101086655,584,I'm sending in the clones.
2367,1,6,42,49,1.163265306122449,0.060797833101086655,584,The CPA Convention is on a break.
2367,0,8,41,49,1.163265306122449,0.05334825558285075,584,I think I'm going to need more than bald with glasses and a moustache.
2367,2,4,43,49,1.163265306122449,0.06742934558367009,584,You'll have work out the bugs in the SexBot before Valentine's Day.
2367,2,4,43,49,1.163265306122449,0.06742934558367009,584,I'm looking for his replacement now.
2367,1,6,42,49,1.163265306122449,0.060797833101086655,584,The copy machine is jammed again.
2367,2,4,43,49,1.163265306122449,0.06742934558367009,584,"Uh oh, I think the copy machine is on the fritz again."
2367,2,4,43,49,1.163265306122449,0.06742934558367009,584,"Uh-oh, you were supposed to look for clowns!"
2367,2,4,43,49,1.163265306122449,0.06742934558367009,584,Got it. I'll find him. You say He looks like Dr. Phil with glasses?
2367,1,6,42,49,1.163265306122449,0.060797833101086655,584,"Ok, let's put our facial recognition technology to the test."
2367,2,4,43,49,1.163265306122449,0.06742934558367009,584,I think the 3D printer has a glitch.
2367,0,8,41,49,1.163265306122449,0.05334825558285075,584,I ordered herbs not Herbs.
2367,1,6,42,49,1.163265306122449,0.060797833101086655,584,Mr. Ross has gotten himself stuck in the 3D printer again; may I help you?
2367,2,4,43,49,1.163265306122449,0.06742934558367009,584,"Oh my god, Thelma! You know that new, advanced 3-D copier we got last week. . . ?"
2367,1,6,42,49,1.163265306122449,0.060797833101086655,584,"Well, what does he look like?"
2367,0,8,41,49,1.163265306122449,0.05334825558285075,584,I think there is something wrong with the copier.
2367,0,8,41,49,1.163265306122449,0.05334825558285075,584,We have a problem in the cloning lab.
2367,0,8,41,49,1.163265306122449,0.05334825558285075,584,But I asked for an accounting school not a school of accountants.
2367,2,4,43,49,1.163265306122449,0.06742934558367009,584,Either this is just a coincidence or they all share the same sperm donor.
2367,1,6,42,49,1.163265306122449,0.060797833101086655,584,"Detective, the volunteers you advertised for to participate in lineups are here."
2367,1,6,42,49,1.163265306122449,0.060797833101086655,584,I think we have a problem with the Xerox..
2367,0,8,41,49,1.163265306122449,0.05334825558285075,584,You said hire the one with the mustache?
2367,0,8,41,49,1.163265306122449,0.05334825558285075,584,So you're telling me this is what Brad Pitt looked like before all the work?
2367,1,6,42,49,1.163265306122449,0.060797833101086655,584,"...but, they're all answering to the Bob Smith page."
2367,0,8,41,49,1.163265306122449,0.05334825558285075,584,The sperm donors are here wondering why nobody is buying their specimens.
2367,1,6,42,49,1.163265306122449,0.060797833101086655,584,Remember when you told Bill from accounting you wished you had a hundred men like him? He seems to have taken you literally.
2367,0,8,41,49,1.163265306122449,0.05334825558285075,584,"Hi, I'm calling about the new copy machine."
2367,3,2,44,49,1.163265306122449,0.07346466349134413,584,I'd like to report a problem with the 3D printer on the 4th floor.
2367,0,8,41,49,1.163265306122449,0.05334825558285075,584,"HR? The board meeting just adjourned, and they're asking about our diversity efforts."
2367,1,6,42,49,1.163265306122449,0.060797833101086655,584,Someone left the 3D printer on all night.
2367,1,6,42,49,1.163265306122449,0.060797833101086655,584,Police? I think I know how that serial killer has got away with it for so long.
2367,1,6,42,49,1.163265306122449,0.060797833101086655,584,Can you send someone up to shut off the 3-D printer?
2367,2,4,43,49,1.163265306122449,0.06742934558367009,584,You must have misunderstood when I asked for an accounting of our bills.
2367,2,4,43,49,1.163265306122449,0.06742934558367009,584,"I said *drone* delivery, not *clone* delivery."
2367,1,6,42,49,1.163265306122449,0.060797833101086655,584,Diversity?
2367,1,6,42,49,1.163265306122449,0.060797833101086655,584,Hello Diversity. You're algorithm is stuck on Bernard.
2367,2,4,43,49,1.163265306122449,0.06742934558367009,584,I think the copy machine is acting up again.
2367,2,4,43,49,1.163265306122449,0.06742934558367009,584,Mr. Bigelow? Thomas Crowne is here for his interview.
2367,1,6,42,49,1.163265306122449,0.060797833101086655,584,Have you been watching 'Fantasia' again?
2367,1,6,42,49,1.163265306122449,0.060797833101086655,584,The 3-D printer is malfunctioning.
2367,0,8,41,49,1.163265306122449,0.05334825558285075,584,Maybe the job description in the ad was too specific
2367,1,6,42,49,1.163265306122449,0.060797833101086655,584,Kevin from accounting found the Xerox again.
2367,1,6,42,49,1.163265306122449,0.060797833101086655,584,Somebody should turn off the 3-D copier. And soon.
2367,0,8,41,49,1.163265306122449,0.05334825558285075,584,Casting call for everyman is now beginning.
2367,1,6,42,49,1.163265306122449,0.060797833101086655,584,I did not tell you to send in the clones!
2367,0,8,41,49,1.163265306122449,0.05334825558285075,584,"They were all very close, but Walter Mitty is just not an easy part to cast."
2367,0,8,41,49,1.163265306122449,0.05334825558285075,584,"Ok, we're sending in the clones."
2367,2,4,43,49,1.163265306122449,0.06742934558367009,584,"Hello tech support, we are having serious problems with the copy machine."
2367,1,6,42,49,1.163265306122449,0.060797833101086655,584,The Freds have arrived.
2367,2,4,43,49,1.163265306122449,0.06742934558367009,584,So your saying Waldo wears a hat.
2367,2,4,43,49,1.163265306122449,0.06742934558367009,584,They all say they're here for a Lego set...
2367,1,6,42,49,1.163265306122449,0.060797833101086655,584,"Tech support, please. There seems to be a problem with the copy machine."
2367,0,8,41,49,1.163265306122449,0.05334825558285075,584,I think the copy machine is broken again.
2367,1,6,42,49,1.163265306122449,0.060797833101086655,584,Yes Ms. Smith ... all your husbands emotions are here.
2367,2,4,43,49,1.163265306122449,0.06742934558367009,584,The accounting department is multiplying again.
2367,1,6,42,49,1.163265306122449,0.060797833101086655,584,The candidates for individual thinker of the year have arrived.
2367,1,6,42,49,1.163265306122449,0.060797833101086655,584,"> Trust me Frankie, it's my job; they mean nothing to me"
2367,0,8,41,49,1.163265306122449,0.05334825558285075,584,The cloning machine is out of control.
2367,2,4,43,49,1.163265306122449,0.06742934558367009,584,"Well, I just pointed my wand and commanded 'imitantur'!"
2367,1,6,42,49,1.163265306122449,0.060797833101086655,584,"Hello Xerox, our copier is on the blink again."
2367,2,4,43,49,1.163265306122449,0.06742934558367009,584,"No, sorry, we don't have anyone here by the name of Waldo."
2367,2,4,43,49,1.163265306122449,0.06742934558367009,584,IT? The copier is acting up again.
2367,2,4,43,49,1.163265306122449,0.06742934558367009,584,Your four-thirty is here.
2367,1,6,42,49,1.163265306122449,0.060797833101086655,584,WHERE AM I?
2367,1,6,42,49,1.163265306122449,0.060797833101086655,584,"Listen, Ma, I gotta go. The guys for the role of forgettable, middle-aged male are here."
2367,0,8,41,49,1.163265306122449,0.05334825558285075,584,We seem to have had a malfunction with the 3-D copy machine.
2367,1,6,42,49,1.163265306122449,0.060797833101086655,584,"I think I must have clicked ""enter"" more than once."
2367,0,8,41,49,1.163265306122449,0.05334825558285075,584,They're heeeere!
2367,2,4,43,49,1.163265306122449,0.06742934558367009,584,"""They are ready for their closeups, Mr. DeMille""."
2367,1,6,42,49,1.163265306122449,0.060797833101086655,584,Shut down the copier NOW!
2367,0,8,41,49,1.163265306122449,0.05334825558285075,584,The cloning committee is on break right now.
2367,2,4,43,49,1.163265306122449,0.06742934558367009,584,I had higher hopes when we moved on from cloning sheep.
2367,1,6,42,49,1.163265306122449,0.060797833101086655,584,"Look, I'm sure they're perfectly good clones, but the fact remains that our order specified three dozen of the 'Brad Pitt.'"
2367,1,6,42,49,1.163265306122449,0.060797833101086655,584,The Lemmings are here.
2367,1,6,42,49,1.163265306122449,0.060797833101086655,584,"""Melman"" with one ""n"" or two?"
2367,1,6,42,49,1.163265306122449,0.060797833101086655,584,"Only about five so far, but the rest are going to figure it out soon."
2367,0,8,41,49,1.163265306122449,0.05334825558285075,584,It's the 3-D copier again.
2367,1,6,42,49,1.163265306122449,0.060797833101086655,584,the replacements are here
2367,1,6,42,49,1.163265306122449,0.060797833101086655,584,"""Hi Mary, he's on his way. You can't miss him. Glasses, mustache, balding. His name is Waldo""."
2367,0,8,41,49,1.163265306122449,0.05334825558285075,584,"The order was for 100 drones, not clones."
2367,0,8,41,49,1.163265306122449,0.05334825558285075,584,"Quick, send up a dozen boxes of cigars."
2367,0,8,41,49,1.163265306122449,0.05334825558285075,584,"Hello, doctor? That same dream has begun again...and again and again..."
2367,2,4,43,49,1.163265306122449,0.06742934558367009,584,"I know we weren't supposed to use the 3-D printer without permission, but Johnson from accounting is really productive and the shareholders have been clamoring for increased efficiency."
2367,0,8,41,49,1.163265306122449,0.05334825558285075,584,So many good looking men -- so little time.
2367,0,8,41,49,1.163265306122449,0.05334825558285075,584,How many should we implant?
2367,2,4,43,49,1.163265306122449,0.06742934558367009,584,Little boxes made of ticky tacky.
2367,1,6,42,49,1.163265306122449,0.060797833101086655,584,Quick--someone got tangled up inside the 3D printer!
2367,2,4,43,49,1.163265306122449,0.06742934558367009,584,Who was in charge of recruiting?
2367,1,6,42,49,1.163265306122449,0.060797833101086655,584,Security? Someone cross wired the 3-D printer and the copy machine.
2367,1,6,42,49,1.163265306122449,0.060797833101086655,584,DRONE program... I said we needed to step up the pace on our DRONE program.
2367,1,6,42,49,1.163265306122449,0.060797833101086655,584,They say they're from some doppelganger society.
2367,1,6,42,49,1.163265306122449,0.060797833101086655,584,Tell Mr. Smith that the dummies have arrived.
2367,1,6,42,49,1.163265306122449,0.060797833101086655,584,Technical Support? Hi. I can't get my 3D printer to turn off.
2367,0,8,41,49,1.163265306122449,0.05334825558285075,584,Another day at the office
2367,3,2,44,49,1.163265306122449,0.07346466349134413,584,Better send someone down here. The back office is swarming earlier than usual this year.
2367,0,8,41,49,1.163265306122449,0.05334825558285075,584,I asked you to send over a Clown not Clones.
2367,2,4,43,49,1.163265306122449,0.06742934558367009,584,"You were right, President Trump, the bureaucracy is out of control!"
2367,1,6,42,49,1.163265306122449,0.060797833101086655,584,Uh-oh--I think Don needs some help with the 3D printer.
2367,2,4,43,49,1.163265306122449,0.06742934558367009,584,Our cloning experiment has had unexpected results.
2367,1,6,42,49,1.163265306122449,0.060797833101086655,584,You expect me to sell them ALL?
2367,1,6,42,49,1.163265306122449,0.060797833101086655,584,"Well, if anything changes, I'll let you know..."
2367,1,6,42,49,1.163265306122449,0.060797833101086655,584,"That was ""send in the CLOWNS""!"
2367,2,4,43,49,1.163265306122449,0.06742934558367009,584,I forgot it's Mel Cooley look-alike day.
2367,2,4,43,49,1.163265306122449,0.06742934558367009,584,I think you misunderstood me; I said send in the clowns
2367,2,4,43,49,1.163265306122449,0.06742934558367009,584,My dating app is stuck on like again.
2367,2,4,43,49,1.163265306122449,0.06742934558367009,584,"We did not get what we ordered. We purchased 50 new smartphones, not smart clones."
2367,1,6,42,49,1.163265306122449,0.060797833101086655,584,"Look, just tell me again what floor the loan department is on? I seem to have gotten off at the clone department!"
2367,1,6,42,49,1.163265306122449,0.060797833101086655,584,"That's right, these interviewees remind of my childhood on the farm. All I need is some chicken feed."
2367,0,8,41,49,1.163265306122449,0.05334825558285075,584,Our 3-D printer is running amok.
2367,0,8,41,49,1.163265306122449,0.05334825558285075,584,He's been using the 3 D printer again.
2367,1,6,42,49,1.163265306122449,0.060797833101086655,584,We've got a diverse pool of applicants this year.
2367,2,4,43,49,1.163265306122449,0.06742934558367009,584,"Lassie, we need some help here."
2367,1,6,42,49,1.163265306122449,0.060797833101086655,584,Norman has been putting his body parts in the 3D Printer again.
2367,3,2,44,49,1.163265306122449,0.07346466349134413,584,Lenny didn't expect his lampshade moustache would be such a hit with the rest of the start-up. However by Wednesday it seemed to prove unique enough the hipsters in the agency followed suit.
2367,0,8,41,49,1.163265306122449,0.05334825558285075,584,My goodness! The 3-D printer is stuck again.
2367,1,6,42,49,1.163265306122449,0.060797833101086655,584,No sir. I'll ring you when the other forty-eight shades arrive.
2367,1,6,42,49,1.163265306122449,0.060797833101086655,584,"No, they're not attacking anything. They're accountant clones looking for some numbers to crunch."
2367,1,6,42,49,1.163265306122449,0.060797833101086655,584,"Mr. Farbes, the lookalike finalists are arriving."
2367,0,8,41,49,1.163265306122449,0.05334825558285075,584,Charles forgot to reset the 3-D printer again
2367,1,6,42,49,1.163265306122449,0.060797833101086655,584,"Hello, 3D copier service? We have a problem."
2367,1,6,42,49,1.163265306122449,0.060797833101086655,584,"Mr. Beasley, I think your ad for a new accountant was too specific."
2367,2,4,43,49,1.163265306122449,0.06742934558367009,584,"Got it, sir! The one with the blue shirt!"
2367,2,4,43,49,1.163265306122449,0.06742934558367009,584,Which one's Mr. Smith? They all look alike to me.
2367,1,6,42,49,1.163265306122449,0.060797833101086655,584,"Get up here, quick! That new copier has gone into CRISPR mode and now there are too many Farquahars."
2367,1,6,42,49,1.163265306122449,0.060797833101086655,584,It looks like the H.R. scheme to right-size and diversify has backfired!
2367,0,8,41,49,1.163265306122449,0.05334825558285075,584,"i found the ""men's room""."
2367,2,4,43,49,1.163265306122449,0.06742934558367009,584,Send tech help to the 3D printer room. This is worse than the time it made 20 hipsters.
2367,0,8,41,49,1.163265306122449,0.05334825558285075,584,"Boss, the guys to fix the photocopy machine are here."
2367,1,6,42,49,1.163265306122449,0.060797833101086655,584,I found the problem - we've got Finkelmans.
2367,1,6,42,49,1.163265306122449,0.060797833101086655,584,I'll see if he's here. Can you describe him?
2367,0,8,41,49,1.163265306122449,0.05334825558285075,584,The Boys from Brazil are middle-aged.
2367,1,6,42,49,1.163265306122449,0.060797833101086655,584,This is not the white-collar focus group I requested.
2367,3,2,44,49,1.163265306122449,0.07346466349134413,584,Just got out of the Gender Equality in Tech convention.
2367,0,8,41,49,1.163265306122449,0.05334825558285075,584,"Hold on, a ton of entitlement just showed up."
2367,2,4,43,49,1.163265306122449,0.06742934558367009,584,The human 3D molding machine has run amok!
2367,0,8,41,49,1.163265306122449,0.05334825558285075,584,Did you forget to shutoff the 3D printer again?
2367,2,4,43,49,1.163265306122449,0.06742934558367009,584,You said he is the one with the stripped tie.
2367,1,6,42,49,1.163265306122449,0.060797833101086655,584,Get the name tags down here QUICK!
2367,1,6,42,49,1.163265306122449,0.060797833101086655,584,Our diversity initiative is going to be more difficult to implement than previously thought.
2367,1,6,42,49,1.163265306122449,0.060797833101086655,584,"Neo, Agent Smith is looking for you."
2367,0,8,41,49,1.163265306122449,0.05334825558285075,584,Someone left the 3D printer on.
2367,0,8,41,49,1.163265306122449,0.05334825558285075,584,You said individual downsizing but they're all cut from the same cloth.
2367,1,6,42,49,1.163265306122449,0.060797833101086655,584,Levittown? We have a problem.
2367,1,6,42,49,1.163265306122449,0.060797833101086655,584,I'm told two of them are twins.
2367,2,4,43,49,1.163265306122449,0.06742934558367009,584,"03/10/2215: ""Hi. Clonemaster Tech Support? My boss hit 'reply all' on the Clonemaster, again."""
2367,1,6,42,49,1.163265306122449,0.060797833101086655,584,Sixty. I said Sixty. Six. Zero. All gray. All 52 long. Got that?
2367,1,6,42,49,1.163265306122449,0.060797833101086655,584,"Sir, the lemmings have arrived."
2367,2,4,43,49,1.163265306122449,0.06742934558367009,584,The new IPhone has met it's match at the copier salesmen convention
2367,0,8,41,49,1.163265306122449,0.05334825558285075,584,I should have taken the blue pill.
2367,0,8,41,49,1.163265306122449,0.05334825558285075,584,You know that secret R&D project...?
2367,2,4,43,49,1.163265306122449,0.06742934558367009,584,Our diversity program isn't quite ready for launching.
2367,1,6,42,49,1.163265306122449,0.060797833101086655,584,"Yes, Mr. Everyman is here."
2367,3,2,44,49,1.163265306122449,0.07346466349134413,584,"Sorry to bother you at home, sir, but the Bobs got out."
2367,0,8,41,49,1.163265306122449,0.05334825558285075,584,"Copy machine's gone crazy again, Ed from Accounting's been trying to fix it, but we'll need a real repairman...but first send up that enthusiastic new intern that works nights and weekends."
2367,1,6,42,49,1.163265306122449,0.060797833101086655,584,"""It's true what they say: ""They do all look alike!""'"
2367,1,6,42,49,1.163265306122449,0.060797833101086655,584,3-D printer repair?
2367,1,6,42,49,1.163265306122449,0.060797833101086655,584,All of his personalities are breaking for lunches.
2367,2,4,43,49,1.163265306122449,0.06742934558367009,584,HR? Perhaps our hiring algorithm needs a little tweak?
2367,0,8,41,49,1.163265306122449,0.05334825558285075,584,"... and change ""uniquely qualified"" to ""unusually qualified."""
2367,2,4,43,49,1.163265306122449,0.06742934558367009,584,Mr. Kaplan's been playing with the 3-D printer again.
2367,1,6,42,49,1.163265306122449,0.060797833101086655,584,"Yes, the 3D printer is jammed again, please hurry!"
2367,0,8,41,49,1.163265306122449,0.05334825558285075,584,"There must have been a mistake. We ordered 200 pens, not 200 men."
2367,1,6,42,49,1.163265306122449,0.060797833101086655,584,"I know this is trouble m'am, but Mr. Trible seems to have brought along some guests."
2367,1,6,42,49,1.163265306122449,0.060797833101086655,584,They will be going to the parking lot and get in their self driving cars.
2367,1,6,42,49,1.163265306122449,0.060797833101086655,584,"Sir, does Jenkins have a 3D printer?"
2367,0,8,41,49,1.163265306122449,0.05334825558285075,584,Uh ... Houston? We have a problem. No ... for real.
2367,1,6,42,49,1.163265306122449,0.060797833101086655,584,This place could use some new faces.
2367,0,8,41,49,1.163265306122449,0.05334825558285075,584,They're looking for the men's room right now.
2367,1,6,42,49,1.163265306122449,0.060797833101086655,584,"I asked for ""Cohen"" not ""clone."""
2367,1,6,42,49,1.163265306122449,0.060797833101086655,584,Your repro order is ready
2367,1,6,42,49,1.163265306122449,0.060797833101086655,584,"Yes sir, I think the Myers Briggs personality test results are quite accurate, maybe a little too accurate."
2367,2,4,43,49,1.163265306122449,0.06742934558367009,584,"The invoice says drones, but we've gotten clones!"
2367,1,6,42,49,1.163265306122449,0.060797833101086655,584,"The 3D printer is working, but you might want to turn it off now."
2367,1,6,42,49,1.163265306122449,0.060797833101086655,584,The 3-D printer is out of order again
2367,2,4,43,49,1.163265306122449,0.06742934558367009,584,"Well which is it, free-range or cage-free?"
2367,2,4,43,49,1.163265306122449,0.06742934558367009,584,"Um, sir? The copy machine was left on again last night."
2367,1,6,42,49,1.163265306122449,0.060797833101086655,584,I said to send in the clowns - not the clones!!
2652,1,5,37,43,1.1627906976744187,0.06597285053646283,584,"Me, tired of dating dangerous men, you, able to format my hard drive, if you know what I mean."
2653,1,6,43,50,1.16,0.05965889433663171,584,"The cloning experiment seems to have been a success. There is a downside, however."
2653,2,4,44,50,1.16,0.06614763944451557,584,The lecherous old bastards are all the same!
2653,1,6,43,50,1.16,0.05965889433663171,584,"When you enter through the door, you must remove your plastic masks, as well as your ties, belts and shoe laces."
2653,0,8,42,50,1.16,0.05237229365663817,584,You don't remember the name? Then please describe him. Be specific!
2653,1,6,43,50,1.16,0.05965889433663171,584,I think we can cancel the diversity training workshop.
2658,1,6,44,51,1.1568627450980393,0.05856150793360032,584,Were we expecting the team from accounting?
2658,1,6,44,51,1.1568627450980393,0.05856150793360032,584,I'm afraid there's been a terrible copier malfuntion.
2658,0,8,43,51,1.1568627450980393,0.051430890386682374,584,The Cloning Machine on the fritz again.
2658,0,8,43,51,1.1568627450980393,0.051430890386682374,584,Office copy and paste working better than expected
2658,0,8,43,51,1.1568627450980393,0.051430890386682374,584,Call the copier tech - the machine's on the fritz.
2658,2,4,45,51,1.1568627450980393,0.06491351120488961,584,911? Someone's breaking the law of averages.
2664,0,8,44,52,1.1538461538461537,0.05052227518686043,584,Wow!Octomom's kids all grown up.
2665,2,5,52,59,1.152542372881356,0.058290267645485117,584,We need I.T. down here now! Something's wrong with the 3-D printer.
2666,0,7,39,46,1.1521739130434783,0.05354479188959757,584,This is not what I meant when I said send me a hundred bills.
2666,2,3,41,46,1.1521739130434783,0.06927778784183837,584,"yes, they've reached consensus."
2666,0,7,39,46,1.1521739130434783,0.05354479188959757,584,"We should have been more specific in the job skills ad when we said, ""multiplication required."""
2666,1,5,40,46,1.1521739130434783,0.061913070618242964,584,"They're all asking, 'Where's Waldo?'"
2666,2,3,41,46,1.1521739130434783,0.06927778784183837,584,You should know the lab has cloned Mr. Whipple.
2666,1,5,40,46,1.1521739130434783,0.061913070618242964,584,"Bob, I asked if we are a pair? I did not say, send in the clones."
2666,1,5,40,46,1.1521739130434783,0.061913070618242964,584,Who's in charge of our diversity program?
2666,1,5,40,46,1.1521739130434783,0.061913070618242964,584,"Remind me, which one is Bob?"
2666,0,7,39,46,1.1521739130434783,0.05354479188959757,584,"So, ummm . . . the busload of Phils you ordered has arrived."""
2666,2,3,41,46,1.1521739130434783,0.06927778784183837,584,This can't last much longer.
2666,2,3,41,46,1.1521739130434783,0.06927778784183837,584,"Bill, Howard, Bob, John, Dick, Tom, Bobby, Matt, Bill, John, Harry, Phil, Jim, Bill, Sam, Doug, Bud, Bob, Tom, Tim......................and Sarah."
2666,1,5,40,46,1.1521739130434783,0.061913070618242964,584,"Sir, I believe your copywriter's here."
2666,1,5,40,46,1.1521739130434783,0.061913070618242964,584,"Yes, I called earlier and our copy machine is STILL doing something weird."
2666,1,5,40,46,1.1521739130434783,0.061913070618242964,584,Somebody left the door to Accounting unlocked again.
2666,1,5,40,46,1.1521739130434783,0.061913070618242964,584,"Oh, are you all working for the Fed?"
2666,2,3,41,46,1.1521739130434783,0.06927778784183837,584,"Well, he's done it. He's re-Peted himself"
2666,2,3,41,46,1.1521739130434783,0.06927778784183837,584,Looks like Joe got stuck in the 3D copier again.
2666,2,3,41,46,1.1521739130434783,0.06927778784183837,584,I think the 3-D printer is jammed on.
2666,1,5,40,46,1.1521739130434783,0.061913070618242964,584,The accountants arrived.
2666,0,7,39,46,1.1521739130434783,0.05354479188959757,584,Boy o boy...talk about same old...same old...same old
2666,2,3,41,46,1.1521739130434783,0.06927778784183837,584,It looks like the copy machine has been fixed.
2666,1,5,40,46,1.1521739130434783,0.061913070618242964,584,"I said I need subjects with Krohns, not clones."
2666,2,3,41,46,1.1521739130434783,0.06927778784183837,584,"No, I'm afraid Waldo didn't show up"
2666,0,7,39,46,1.1521739130434783,0.05354479188959757,584,"Welcome to our seminar, 'Finding the Real You'."
2666,2,3,41,46,1.1521739130434783,0.06927778784183837,584,"I'm concerned that most of them will require ventilators, maybe a stimulant!"
2666,1,5,40,46,1.1521739130434783,0.061913070618242964,584,The diversity training seesion is over
2666,2,3,41,46,1.1521739130434783,0.06927778784183837,584,Tech support get up here---the 3D printer won't stop!
2666,2,3,41,46,1.1521739130434783,0.06927778784183837,584,Which one of you is the Xerox guy?
2666,1,5,40,46,1.1521739130434783,0.061913070618242964,584,Oh my gosh! It's not only machines with artificial intelligence taking our jobs. They've cloned the company man.
2666,1,5,40,46,1.1521739130434783,0.061913070618242964,584,The diversity is in the ties.
2666,0,7,39,46,1.1521739130434783,0.05354479188959757,584,Who's next for the interview?
2666,2,3,41,46,1.1521739130434783,0.06927778784183837,584,"You misunderstood me. We ordered 'drones' not 'clones'."""
2666,0,7,39,46,1.1521739130434783,0.05354479188959757,584,That's the problem... They all fit the profile!
2666,2,3,41,46,1.1521739130434783,0.06927778784183837,584,"What? I said ""Send in the C-L-O-W-N-S""."
2666,1,5,40,46,1.1521739130434783,0.061913070618242964,584,"Yes, Enginerring? Could you get someone up here? Someone forgot to turn off the cloning machine again."
2666,0,7,39,46,1.1521739130434783,0.05354479188959757,584,I'm afraid your job description was a little too specific.
2666,1,5,40,46,1.1521739130434783,0.061913070618242964,584,I've found the 'Deep State!'
2666,2,3,41,46,1.1521739130434783,0.06927778784183837,584,"I did not say ""Send in the clones""."
2666,1,5,40,46,1.1521739130434783,0.061913070618242964,584,"So, I'm with the I phone engineers who created facial recognition software... we ought to talk."
2666,2,3,41,46,1.1521739130434783,0.06927778784183837,584,"Actually, can you give me just a few more details to work with?"
2666,2,3,41,46,1.1521739130434783,0.06927778784183837,584,"I ordered one hundred legal pads, not legal dads."
2666,1,5,40,46,1.1521739130434783,0.061913070618242964,584,You might want to call service...the 3-D copier seems to be broken again.
2666,1,5,40,46,1.1521739130434783,0.061913070618242964,584,"Could you tell the people in R&D I wanted them to ""PHONE"" Norman Steglitz."
2666,1,5,40,46,1.1521739130434783,0.061913070618242964,584,Please come down right away! Chadwick's doppelganger is having doppelgangers.
2666,1,5,40,46,1.1521739130434783,0.061913070618242964,584,Tom? Is Tom here?
2666,2,3,41,46,1.1521739130434783,0.06927778784183837,584,"Yes, sir. We've identified one stand-out applicant."
2666,0,7,39,46,1.1521739130434783,0.05354479188959757,584,we have a little problem in the copy room
2666,1,5,40,46,1.1521739130434783,0.061913070618242964,584,"Doctor, they have also the same symptoms."
2666,2,3,41,46,1.1521739130434783,0.06927778784183837,584,"""I think that the copy machine is up and running again""."
2666,1,5,40,46,1.1521739130434783,0.061913070618242964,584,"They look like geeks, but its hard to tell without the pocket protectors."
2666,2,3,41,46,1.1521739130434783,0.06927778784183837,584,"I was told being an older actor would work to my advantage, less competition."
2666,1,5,40,46,1.1521739130434783,0.061913070618242964,584,"Nope, zero husband potential this time. Don't send anyone down."
2666,1,5,40,46,1.1521739130434783,0.061913070618242964,584,Hold on - he's just walked in.
2666,1,5,40,46,1.1521739130434783,0.061913070618242964,584,"Yes, we're having a little situation in the copy room?"
2666,2,3,41,46,1.1521739130434783,0.06927778784183837,584,Sir! We have a situation in the copier room!
2666,1,5,40,46,1.1521739130434783,0.061913070618242964,584,"Hi, I need a repairman right away...our copier is on the fritz."
2666,2,3,41,46,1.1521739130434783,0.06927778784183837,584,Send someone right away. The 3-D copier is on the fritz.
2666,1,5,40,46,1.1521739130434783,0.061913070618242964,584,"I'm telling you, there's something wrong with the copier."
2666,1,5,40,46,1.1521739130434783,0.061913070618242964,584,Our diversity committee meeting just finished. We need to talk.
2666,1,5,40,46,1.1521739130434783,0.061913070618242964,584,"You say his name is Waldo, balding, glasses, and has a short mustache?"
2666,2,3,41,46,1.1521739130434783,0.06927778784183837,584,It seems the sperm bank did some unauthorized genetic mutations...
2666,1,5,40,46,1.1521739130434783,0.061913070618242964,584,Someone left the copier running again.
2666,2,3,41,46,1.1521739130434783,0.06927778784183837,584,You never said it was a costume party.
2666,1,5,40,46,1.1521739130434783,0.061913070618242964,584,"Hi, Lori from Quality Control. They don't look anything like Brad Pitt."
2666,1,5,40,46,1.1521739130434783,0.061913070618242964,584,Medium. Plain cheese. Regular crust. All 20 of them.
2666,3,1,42,46,1.1521739130434783,0.07593151824596947,584,We're going to need to cancel the iPhone X order for the new employees that started today.
2666,0,7,39,46,1.1521739130434783,0.05354479188959757,584,"I know I ordered clones, but I meant cannabis plants."
2666,1,5,40,46,1.1521739130434783,0.061913070618242964,584,Looks like the boss has finally found a way to micro-manage.
2666,0,7,39,46,1.1521739130434783,0.05354479188959757,584,Mr. Lemmings is here to for directions.
2666,2,3,41,46,1.1521739130434783,0.06927778784183837,584,"The ""uniquely non-conformist"" candidate has arrived for his interview."
2666,2,3,41,46,1.1521739130434783,0.06927778784183837,584,"Yes, everyone looks the same."
2666,2,3,41,46,1.1521739130434783,0.06927778784183837,584,There's a man here to see you.
2666,2,3,41,46,1.1521739130434783,0.06927778784183837,584,There seems to be a problem down here at the copier room.
2666,3,1,42,46,1.1521739130434783,0.07593151824596947,584,Any piercings?
2666,0,7,39,46,1.1521739130434783,0.05354479188959757,584,"I need to speak to the copy center, now."
2666,0,7,39,46,1.1521739130434783,0.05354479188959757,584,Can you call the guy? The copy machine is acting up again.
2666,0,7,39,46,1.1521739130434783,0.05354479188959757,584,"Hey, quick question. Can you look back there and see what happened to that giant egg?"
2666,2,3,41,46,1.1521739130434783,0.06927778784183837,584,The Replicants got out of their cage again.
2666,2,3,41,46,1.1521739130434783,0.06927778784183837,584,"Yes, they are totally lifelike, but keeping up with their food stains is getting a little out of hand."
2666,0,7,39,46,1.1521739130434783,0.05354479188959757,584,You're going to need to be a bit more specific.
2666,1,5,40,46,1.1521739130434783,0.061913070618242964,584,So how many men do you need to screw in that lightbulb?
2666,0,7,39,46,1.1521739130434783,0.05354479188959757,584,How did you say I can recognize Mr. Carbon?
2666,0,7,39,46,1.1521739130434783,0.05354479188959757,584,One of these things is just like the others..
2666,1,5,40,46,1.1521739130434783,0.061913070618242964,584,Someone left the copier on!
2666,0,7,39,46,1.1521739130434783,0.05354479188959757,584,"We have quorum lift off ... repeat, quorum lift off has been achieved."
2666,1,5,40,46,1.1521739130434783,0.061913070618242964,584,"No, I said 101 DALMATIONS"
2666,1,5,40,46,1.1521739130434783,0.061913070618242964,584,"Hello, tech support? The 3-D printer is on the fritz again."
2666,0,7,39,46,1.1521739130434783,0.05354479188959757,584,"Hi, Xerox technical support? It's happening again."
2666,2,3,41,46,1.1521739130434783,0.06927778784183837,584,Do we have any Charmin?
2666,2,3,41,46,1.1521739130434783,0.06927778784183837,584,The moustaches are here.
2666,1,5,40,46,1.1521739130434783,0.061913070618242964,584,"Heads up for management, the cloning machine is stuck on middle age conservative men."
2666,1,5,40,46,1.1521739130434783,0.061913070618242964,584,I think the staff misunderstood the memo about everyone being more like Fred.
2666,2,3,41,46,1.1521739130434783,0.06927778784183837,584,"It's not a rat problem, but close. They're lawyers."
2666,1,5,40,46,1.1521739130434783,0.061913070618242964,584,"Virtual reality, augmented reality, mixed reality. I don't know what it is, but my ex is all over the place."
2666,0,7,39,46,1.1521739130434783,0.05354479188959757,584,"Hello, tech support. The 3D copier appears to have malfunctioned."
2666,2,3,41,46,1.1521739130434783,0.06927778784183837,584,They're calling it the 'Million Middle-Aged Manager March.'
2666,0,7,39,46,1.1521739130434783,0.05354479188959757,584,There's a definite glitch in the copy machine.
2666,0,7,39,46,1.1521739130434783,0.05354479188959757,584,I think the copy machine is acting up again.
2666,1,5,40,46,1.1521739130434783,0.061913070618242964,584,"Yeah, they're all up here, just cloning around."
2666,0,7,39,46,1.1521739130434783,0.05354479188959757,584,"""Um, I guess 'his people' are here to see 'your people', sir""."
2666,2,3,41,46,1.1521739130434783,0.06927778784183837,584,The 'Be Yourself'convention is just letting out.
2666,2,3,41,46,1.1521739130434783,0.06927778784183837,584,These aren't the droids I was hoping for.
2666,1,5,40,46,1.1521739130434783,0.061913070618242964,584,The accountants are here.
2666,1,5,40,46,1.1521739130434783,0.061913070618242964,584,Who knew there'd be so many Dilbert wannabes?
2666,1,5,40,46,1.1521739130434783,0.061913070618242964,584,"Tranquility base here, the pigeons have landed."
2666,0,7,39,46,1.1521739130434783,0.05354479188959757,584,I'm where we agreed to meet. How do I find you?.... striped tie? Got it! ... bald head? Got it!...glasses?...
2666,0,7,39,46,1.1521739130434783,0.05354479188959757,584,"Enter and sign in, please."
2666,1,5,40,46,1.1521739130434783,0.061913070618242964,584,I need a date but I can't decide who to choose.
2666,1,5,40,46,1.1521739130434783,0.061913070618242964,584,I think we have a situation with the 3D copier.
2666,0,7,39,46,1.1521739130434783,0.05354479188959757,584,"Accounting, your clones are here."
2666,1,5,40,46,1.1521739130434783,0.061913070618242964,584,"Casting, we have a problem."
2666,2,3,41,46,1.1521739130434783,0.06927778784183837,584,We ordered MORE men?!
2666,1,5,40,46,1.1521739130434783,0.061913070618242964,584,"Hi I'm the person who left the personal ad 'seeking tall male, glasses, moustache. Over 50.'"
2666,0,7,39,46,1.1521739130434783,0.05354479188959757,584,Wally fell into the copier again.
2666,1,5,40,46,1.1521739130434783,0.061913070618242964,584,It's about Fernberger in the Mitosis Lab and his mysterious lunch hours...
2666,0,7,39,46,1.1521739130434783,0.05354479188959757,584,"The engineers are done, we can have the conference room now."
2666,1,5,40,46,1.1521739130434783,0.061913070618242964,584,"Well, I've arrived at the National Institute of Standards conference, but they're on a break right now."
2666,1,5,40,46,1.1521739130434783,0.061913070618242964,584,I'm getting your copies made.
2666,2,3,41,46,1.1521739130434783,0.06927778784183837,584,"Yes your Honor, Messrs. John Doe are here."
2666,1,5,40,46,1.1521739130434783,0.061913070618242964,584,Could you dismantle the cloning machine? Its gotten a little out of hand.
2666,0,7,39,46,1.1521739130434783,0.05354479188959757,584,Frank got himself stuck in the 3D printer again.
2666,2,3,41,46,1.1521739130434783,0.06927778784183837,584,"Sir, we need to talk about unconscious bias."
2666,1,5,40,46,1.1521739130434783,0.061913070618242964,584,"Bad news, chief! Jenkins has hacked into the 3D printer."
2666,0,7,39,46,1.1521739130434783,0.05354479188959757,584,I think the 3D printer has a glitch.
2666,0,7,39,46,1.1521739130434783,0.05354479188959757,584,One moment. I’ll see if he’s in.
2666,1,5,40,46,1.1521739130434783,0.061913070618242964,584,"Yeah, but they're not DRESSED like penguins...."
2666,2,3,41,46,1.1521739130434783,0.06927778784183837,584,"Well the accounts are going crazy! Apparently, seven ate nine."
2666,2,3,41,46,1.1521739130434783,0.06927778784183837,584,I specifically said NO mustache!
2666,2,3,41,46,1.1521739130434783,0.06927778784183837,584,"No, the cancel button, not the start button."
2666,1,5,40,46,1.1521739130434783,0.061913070618242964,584,"Um, we only ordered one Gross."
2666,2,3,41,46,1.1521739130434783,0.06927778784183837,584,My God! It's the invasion of the walking Cronkites!
2666,1,5,40,46,1.1521739130434783,0.061913070618242964,584,"Thank God , It's not him.."
2666,1,5,40,46,1.1521739130434783,0.061913070618242964,584,The cloning experiment has been a success and a failure.
2666,0,7,39,46,1.1521739130434783,0.05354479188959757,584,There's a major problem with the copier!
2666,2,3,41,46,1.1521739130434783,0.06927778784183837,584,I think the copier is on the fritz again.
2666,0,7,39,46,1.1521739130434783,0.05354479188959757,584,So what are we supposed to do with all the lives that no longer matter?
2666,1,5,40,46,1.1521739130434783,0.061913070618242964,584,Send a tech. The copy machine is on the blink again.
2666,1,5,40,46,1.1521739130434783,0.061913070618242964,584,"Hello, is this the Exterminator"
2666,2,3,41,46,1.1521739130434783,0.06927778784183837,584,Our Cloning Center needs a repairman right away.
2666,1,5,40,46,1.1521739130434783,0.061913070618242964,584,Our chances of winning the diversity award aren't looking too good.
2666,0,7,39,46,1.1521739130434783,0.05354479188959757,584,Turn off the cloner! Hurry!
2666,1,5,40,46,1.1521739130434783,0.061913070618242964,584,He said he would be in his office fixing his 3D printer.
2666,0,7,39,46,1.1521739130434783,0.05354479188959757,584,Same here.
2666,2,3,41,46,1.1521739130434783,0.06927778784183837,584,"Hello, Maintenance Dept.? There seems to be a problem in the Copy Room."
2666,0,7,39,46,1.1521739130434783,0.05354479188959757,584,The xerox machine malfunctioned again.
2666,0,7,39,46,1.1521739130434783,0.05354479188959757,584,"Mr. Monroe, the people from Xerox are here."
2666,1,5,40,46,1.1521739130434783,0.061913070618242964,584,Marvin in Accounting is multiplying again.
2666,2,3,41,46,1.1521739130434783,0.06927778784183837,584,"Hello, Central Casting? I asked you to send in the CLOWNS."
2666,0,7,39,46,1.1521739130434783,0.05354479188959757,584,"I am sure I said we needed a loan, not a clone."
2666,0,7,39,46,1.1521739130434783,0.05354479188959757,584,The photocopier repair guy is here ... somewhere.
2666,2,3,41,46,1.1521739130434783,0.06927778784183837,584,The meeting went badly. He's more than beside himself.
2666,2,3,41,46,1.1521739130434783,0.06927778784183837,584,"Yes, the diversity committee meeting is breaking up now. They say the decision was unanimous."
2666,1,5,40,46,1.1521739130434783,0.061913070618242964,584,"No, ""jammed"" would be an improvement."
2666,1,5,40,46,1.1521739130434783,0.061913070618242964,584,Could you send someone else to fix the copy machine?
2666,0,7,39,46,1.1521739130434783,0.05354479188959757,584,Could you give me that description one more time?
2666,1,5,40,46,1.1521739130434783,0.061913070618242964,584,Herbert has been playing with the 3-D printer again.
2666,0,7,39,46,1.1521739130434783,0.05354479188959757,584,The meeting's just over...it was unanimous.
2666,1,5,40,46,1.1521739130434783,0.061913070618242964,584,He's leaving now.
2666,1,5,40,46,1.1521739130434783,0.061913070618242964,584,The copier's acting up again.
2666,2,3,41,46,1.1521739130434783,0.06927778784183837,584,Xerox repairmen are here.
2666,0,7,39,46,1.1521739130434783,0.05354479188959757,584,Which one's the human being?
2666,2,3,41,46,1.1521739130434783,0.06927778784183837,584,There may be some lingering resentment.
2666,1,5,40,46,1.1521739130434783,0.061913070618242964,584,There's a mistake here. You were supposed to clone Brad Pitt.
2666,1,5,40,46,1.1521739130434783,0.061913070618242964,584,"The reps from Xerox are here to see you, sir."
2666,3,1,42,46,1.1521739130434783,0.07593151824596947,584,George got into the antimatter machine again.
2666,0,7,39,46,1.1521739130434783,0.05354479188959757,584,IT? The problem is my boss and the copier.
2666,2,3,41,46,1.1521739130434783,0.06927778784183837,584,"Casting, I asked for curly hair"
2666,1,5,40,46,1.1521739130434783,0.061913070618242964,584,I think Farnsworth's been messing with the 3-D printer again.
2666,1,5,40,46,1.1521739130434783,0.061913070618242964,584,Which Steve Williams?
2666,1,5,40,46,1.1521739130434783,0.061913070618242964,584,"I don't know who to send in, they're all wearing Groucho Marx glasses..."
2666,2,3,41,46,1.1521739130434783,0.06927778784183837,584,"Uh, so where's Waldo?"
2666,0,7,39,46,1.1521739130434783,0.05354479188959757,584,The 3-D printer is stuck again.
2666,1,5,40,46,1.1521739130434783,0.061913070618242964,584,The invitro experiment? That depends on your definition of success.
2666,0,7,39,46,1.1521739130434783,0.05354479188959757,584,Which customer care executive did you wish to speak to again?
2666,1,5,40,46,1.1521739130434783,0.061913070618242964,584,I can't find him.
2666,0,7,39,46,1.1521739130434783,0.05354479188959757,584,I just asked the intern to run off 100 copies.
2666,1,5,40,46,1.1521739130434783,0.061913070618242964,584,Waldo: W-A-L-D-O. Not Baldo!
2666,0,7,39,46,1.1521739130434783,0.05354479188959757,584,The delegates are leaving the meeting and I feel that I can say with confidence that some type of concensus has been reached.
2666,1,5,40,46,1.1521739130434783,0.061913070618242964,584,Looks like the company's new code of conduct is working.
2666,0,7,39,46,1.1521739130434783,0.05354479188959757,584,"Ma'am, could you give me a few more specifics about your husband?"
2666,2,3,41,46,1.1521739130434783,0.06927778784183837,584,Can you text him so I can hear who he is?
2666,0,7,39,46,1.1521739130434783,0.05354479188959757,584,It's my first attempt at cloning
2666,0,7,39,46,1.1521739130434783,0.05354479188959757,584,Cloner? I thought you said he was a loner!
2666,1,5,40,46,1.1521739130434783,0.061913070618242964,584,Send maintenance. The 3D printer is malfunctioning again.
2666,1,5,40,46,1.1521739130434783,0.061913070618242964,584,"The lawyer claims the ""line up"" was rigged."
2666,0,7,39,46,1.1521739130434783,0.05354479188959757,584,"Hi, boss, it's me. Remember when you said 'I wish we could clone Fred'?"
2666,2,3,41,46,1.1521739130434783,0.06927778784183837,584,I figured out who forgot to turn off the 3-D printer Friday afternoon.
2666,2,3,41,46,1.1521739130434783,0.06927778784183837,584,It's confirmed. This audit is gonna suck.
2666,0,7,39,46,1.1521739130434783,0.05354479188959757,584,He says his name is Waldo.
2666,0,7,39,46,1.1521739130434783,0.05354479188959757,584,"The sign says ""sperm bank, not ""think tank"" annual meeting."
2666,1,5,40,46,1.1521739130434783,0.061913070618242964,584,John Doe is next.
2666,0,7,39,46,1.1521739130434783,0.05354479188959757,584,Ok i think there's a bug with the new accounting artificial intelligence program.
2666,1,5,40,46,1.1521739130434783,0.061913070618242964,584,At least we won't need to use name tags.
2666,1,5,40,46,1.1521739130434783,0.061913070618242964,584,Remember when you said that Ogden wasn't all there? Well he's all here.
2666,1,5,40,46,1.1521739130434783,0.061913070618242964,584,"No, I distinctly said 'Send in the CLOWNS.'"
2666,2,3,41,46,1.1521739130434783,0.06927778784183837,584,Hello?...Get me the 3D printing department immediately.
2666,0,7,39,46,1.1521739130434783,0.05354479188959757,584,Bob's been playing with the 3D copier again!
2666,1,5,40,46,1.1521739130434783,0.061913070618242964,584,I'm thinking those hiring algorithms could use another look-see.
2666,1,5,40,46,1.1521739130434783,0.061913070618242964,584,I asked for George Costanza models.
2666,1,5,40,46,1.1521739130434783,0.061913070618242964,584,That copier is malfunctioning again.
2666,1,5,40,46,1.1521739130434783,0.061913070618242964,584,Are you sure the headhunter said this candidate was one IN a million?
2666,1,5,40,46,1.1521739130434783,0.061913070618242964,584,Maybe the casting call was too specific.
2666,2,3,41,46,1.1521739130434783,0.06927778784183837,584,I think The Wall has solved the diversity problem.
2666,1,5,40,46,1.1521739130434783,0.061913070618242964,584,"Er, ah, I don't see Mr. Swanson."
2666,1,5,40,46,1.1521739130434783,0.061913070618242964,584,I think we have a little glitch in the 'CopyAll' app.
2666,2,3,41,46,1.1521739130434783,0.06927778784183837,584,"I don't know what the hell they are, but here comes another one."
2666,0,7,39,46,1.1521739130434783,0.05354479188959757,584,IT? The copier is acting up again.
2666,1,5,40,46,1.1521739130434783,0.061913070618242964,584,The copier's jammed again.
2666,1,5,40,46,1.1521739130434783,0.061913070618242964,584,The middle managers have breached our security!
2666,1,5,40,46,1.1521739130434783,0.061913070618242964,584,Nope. Mother's maiden name won't work either.
2666,1,5,40,46,1.1521739130434783,0.061913070618242964,584,Someone left the Clone Lab door unlocked again...
2666,2,3,41,46,1.1521739130434783,0.06927778784183837,584,That shipment of the new AI sex toys has arrived
2666,0,7,39,46,1.1521739130434783,0.05354479188959757,584,Yeah is this the exterminator? They're starting to spread.
2666,1,5,40,46,1.1521739130434783,0.061913070618242964,584,Better call IT. That thing with the photocopier is happening again.
2666,3,1,42,46,1.1521739130434783,0.07593151824596947,584,"Hey Carol, the copy machine is on the blink again."
2666,0,7,39,46,1.1521739130434783,0.05354479188959757,584,"How should I know? Something about a mother ship, and needing desks..."
2666,1,5,40,46,1.1521739130434783,0.061913070618242964,584,"Does the 3D printer have an ""end print job"" key?"
2666,2,3,41,46,1.1521739130434783,0.06927778784183837,584,What's the difference between drones and clones again?
2666,1,5,40,46,1.1521739130434783,0.061913070618242964,584,It looks R&D has solved the problem of filling all the accounting temp openings.
2666,2,3,41,46,1.1521739130434783,0.06927778784183837,584,I'd say they're now all on the same page.
2666,1,5,40,46,1.1521739130434783,0.061913070618242964,584,"Would you like me to send them up to your office, Mr. Lemming?"
2666,2,3,41,46,1.1521739130434783,0.06927778784183837,584,Neo? The I.T. guys are here to look at your laptop.
2666,0,7,39,46,1.1521739130434783,0.05354479188959757,584,"Can you be more specific...glasses, mu-stash and striped tie?"
2666,0,7,39,46,1.1521739130434783,0.05354479188959757,584,I think we're going to need some name badges.
2666,0,7,39,46,1.1521739130434783,0.05354479188959757,584,All of you need a sport coat to get into the restaurant !
2666,0,7,39,46,1.1521739130434783,0.05354479188959757,584,"Ummm, what's he look like?"
2666,0,7,39,46,1.1521739130434783,0.05354479188959757,584,The cloning machine is malfunctioning again. This time it's Harvey!
2666,1,5,40,46,1.1521739130434783,0.061913070618242964,584,"The Xerox man...er...men have arrived, sir."
2666,3,1,42,46,1.1521739130434783,0.07593151824596947,584,Clowns. I said we want to audition clowns.
2666,1,5,40,46,1.1521739130434783,0.061913070618242964,584,The Doppelgangers are here.
2666,0,7,39,46,1.1521739130434783,0.05354479188959757,584,So I'm looking for the guy with the light brown belt and shoe with a buckle?
2666,1,5,40,46,1.1521739130434783,0.061913070618242964,584,"Yes sir, Mr. President, they have cloned all the insiders."
2666,2,3,41,46,1.1521739130434783,0.06927778784183837,584,Can you be more specific in your description of him?
2666,2,3,41,46,1.1521739130434783,0.06927778784183837,584,"Sir, I think the accounting department misunderstood when you asked them for more models"
2666,3,1,42,46,1.1521739130434783,0.07593151824596947,584,"I *told* you that clicking the ""Hire"" button repeatedly would result in multiple purchases...."
2666,2,3,41,46,1.1521739130434783,0.06927778784183837,584,Great! Now we can fire the photographer after he takes one employee’s picture.
2666,1,5,40,46,1.1521739130434783,0.061913070618242964,584,It appears there have been multiple identity thefts.
2666,1,5,40,46,1.1521739130434783,0.061913070618242964,584,The copier repair crew is here.
2666,2,3,41,46,1.1521739130434783,0.06927778784183837,584,How many more tweet bots do you need?
2666,0,7,39,46,1.1521739130434783,0.05354479188959757,584,"Thanks, I found the copy room."
2666,1,5,40,46,1.1521739130434783,0.061913070618242964,584,I'm new here. Can you describe him for me?
2666,2,3,41,46,1.1521739130434783,0.06927778784183837,584,Get tech support up here. I think we have a problem with the 3D printer.
2666,1,5,40,46,1.1521739130434783,0.061913070618242964,584,Tell Dr. Bentley his cloning experiment has been disastrously successful.
2666,1,5,40,46,1.1521739130434783,0.061913070618242964,584,"Doctor Frankenstein, your cloning experiment is getting out of hand."
2666,0,7,39,46,1.1521739130434783,0.05354479188959757,584,Did you send Jim more than one invite?
2666,1,5,40,46,1.1521739130434783,0.061913070618242964,584,How many entry-level positions do we have?
2666,0,7,39,46,1.1521739130434783,0.05354479188959757,584,"Boss, it looks like the Orgasmatron isn't working again."
2666,1,5,40,46,1.1521739130434783,0.061913070618242964,584,"Mr. Holdstein, I think you're order came through wrong, this is more than a couple Joes..... No, no, no. None of them appear to be coffee either."
2666,1,5,40,46,1.1521739130434783,0.061913070618242964,584,"Sir, those robot accountants you ordered for the Department of Redundancy Department have just reported for in-processing."
2666,2,3,41,46,1.1521739130434783,0.06927778784183837,584,"I said we need to increase LOANING, not CLONING!"
2666,1,5,40,46,1.1521739130434783,0.061913070618242964,584,"Ah, IT, there seems to be a problem with the copier."
2666,0,7,39,46,1.1521739130434783,0.05354479188959757,584,"Sir, we need to find a bigger room. Everyone wants to hear your diversity in the workplace talk."
2666,0,7,39,46,1.1521739130434783,0.05354479188959757,584,Who posted a job opening in Trump Towers?
2666,2,3,41,46,1.1521739130434783,0.06927778784183837,584,"We have to go back to using passcodes. To these foreign-made phones, they all look alike."
2666,1,5,40,46,1.1521739130434783,0.061913070618242964,584,"Don't be silly Claire, there's tons of divirsitey here."
2666,1,5,40,46,1.1521739130434783,0.061913070618242964,584,It was the worst production of '12 Angry Men' I ever saw.
2666,1,5,40,46,1.1521739130434783,0.061913070618242964,584,"I'm serious, you can have first pick."
2666,0,7,39,46,1.1521739130434783,0.05354479188959757,584,"Of all the people in all the world, they had to clone George!"
2666,0,7,39,46,1.1521739130434783,0.05354479188959757,584,We are overrun with the Joe Shmo clones. How about a few Clooneys or Brad Pitt's?
2666,1,5,40,46,1.1521739130434783,0.061913070618242964,584,It appears that they have stopped cloning and are now starting to mill.
2666,1,5,40,46,1.1521739130434783,0.061913070618242964,584,"Well, it's going to be a tough call."
2666,1,5,40,46,1.1521739130434783,0.061913070618242964,584,Bueller?...Bueller?
2666,1,5,40,46,1.1521739130434783,0.061913070618242964,584,"Okay, our workplace could be more diverse."
2666,1,5,40,46,1.1521739130434783,0.061913070618242964,584,The 3D printer's out of whack again.
2666,1,5,40,46,1.1521739130434783,0.061913070618242964,584,Our Betas are certified cage-free.
2666,3,1,42,46,1.1521739130434783,0.07593151824596947,584,"Joe, we love you but stop cloning around."
2666,1,5,40,46,1.1521739130434783,0.061913070618242964,584,Could you send someone to fix our new 3D printer?
2666,0,7,39,46,1.1521739130434783,0.05354479188959757,584,None of that is remotely helpful. I'll just find out who stayed at a Holiday Inn Express last night.
2666,0,7,39,46,1.1521739130434783,0.05354479188959757,584,"They are still looking for Waldo, sir."
2666,1,5,40,46,1.1521739130434783,0.061913070618242964,584,It must be love. I see his face everywhere.
2666,0,7,39,46,1.1521739130434783,0.05354479188959757,584,Uh... I wanted 100 dollar bills not 100 bills.
2666,2,3,41,46,1.1521739130434783,0.06927778784183837,584,Did you say he's bald with a mustache and glasses?
2666,1,5,40,46,1.1521739130434783,0.061913070618242964,584,CLOWNS. I definitely said to send in the clowns.
2666,1,5,40,46,1.1521739130434783,0.061913070618242964,584,I think you can turn the copier off
2666,0,7,39,46,1.1521739130434783,0.05354479188959757,584,"Security, come quick! Leroy is playing with the 3-D printer again!"
2666,1,5,40,46,1.1521739130434783,0.061913070618242964,584,Where are you Waldo ?
2666,0,7,39,46,1.1521739130434783,0.05354479188959757,584,Tell me again. Who gets the notice of redundancy?
2666,2,3,41,46,1.1521739130434783,0.06927778784183837,584,The copier is on the fritz again.
2666,0,7,39,46,1.1521739130434783,0.05354479188959757,584,Maybe that want ad for an accountant was a bit too specific.
2666,1,5,40,46,1.1521739130434783,0.061913070618242964,584,The Society of Clones has just arrived.
2666,0,7,39,46,1.1521739130434783,0.05354479188959757,584,What did you say about the Matrix?
2666,0,7,39,46,1.1521739130434783,0.05354479188959757,584,"They're binge watchers, just watch them."
2666,0,7,39,46,1.1521739130434783,0.05354479188959757,584,"What do you call 1,000 lawyers walking into a room?"
2666,1,5,40,46,1.1521739130434783,0.061913070618242964,584,Yes I will get Mr. Norton. Will you describe what he looks like?
2666,1,5,40,46,1.1521739130434783,0.061913070618242964,584,You are all here for a diversity workshop.
2951,1,6,46,53,1.150943396226415,0.056482695855704056,584,They all look alike!
2952,1,5,41,47,1.148936170212766,0.06066790909183939,584,Someone just broke the copy machine
2952,2,3,42,47,1.148936170212766,0.06786504677504616,584,I think we may have gone overboard in describing the ideal candidate for the job...
2952,2,3,42,47,1.148936170212766,0.06786504677504616,584,You know the funding Dr Smuzlemeiter received for Quantum Duplication? I think you're going to want to come down here.
2952,1,5,41,47,1.148936170212766,0.06066790909183939,584,I think someone gave accounting a 3D printer.
2952,2,3,42,47,1.148936170212766,0.06786504677504616,584,"I thought you said clone, not phone?"
2952,2,3,42,47,1.148936170212766,0.06786504677504616,584,"You heard me, 'Total Lock Bown and put me through to Genetic Engineering A.S.A.P!!!!'"
2952,1,5,41,47,1.148936170212766,0.06066790909183939,584,I'm gonna try leaning in
2952,0,7,40,47,1.148936170212766,0.05249310253140096,584,You added too much Fred to the formula.
2952,0,7,40,47,1.148936170212766,0.05249310253140096,584,"""It's all good now, the copier repair guy is here""!"
2952,0,7,40,47,1.148936170212766,0.05249310253140096,584,"All he told me was ""I'm going to trim my mustache,"" and now this. . ."
2952,2,3,42,47,1.148936170212766,0.06786504677504616,584,You can send up the women now
2952,2,3,42,47,1.148936170212766,0.06786504677504616,584,"The salesman from the hologram company is here, sir.."
2952,2,3,42,47,1.148936170212766,0.06786504677504616,584,I'm looking for Phyllis.
2952,0,7,40,47,1.148936170212766,0.05249310253140096,584,The Orphan Black fan convention is just finishing up.
2952,0,7,40,47,1.148936170212766,0.05249310253140096,584,Fred's been playing with the copier again.
2952,1,5,41,47,1.148936170212766,0.06066790909183939,584,The middle-manager prototypes passed the door trial; we're ready for beta testing.
2952,1,5,41,47,1.148936170212766,0.06066790909183939,584,"Operation Clone, successful, but why Bob?"
2952,1,5,41,47,1.148936170212766,0.06066790909183939,584,You can call off the search. I believe I just discovered where 'The Short Bald Men With Mustaches While Wearing Glasses and Striped Ties Along With Wingtips and Ill Fitting Pants' were meeting.
2952,1,5,41,47,1.148936170212766,0.06066790909183939,584,The guy working on the copier...what did he look like?
2952,0,7,40,47,1.148936170212766,0.05249310253140096,584,"No, it's NOT 'the more the merrier'!"
2952,2,3,42,47,1.148936170212766,0.06786504677504616,584,"Not ""guys."" At lunch, I said I wish I could clone my French fries."
2952,2,3,42,47,1.148936170212766,0.06786504677504616,584,"Sir, your look alikes are here"
2952,1,5,41,47,1.148936170212766,0.06066790909183939,584,"I said send in the clowns, the clowns. [Italicize second reference.]"
2952,2,3,42,47,1.148936170212766,0.06786504677504616,584,I've just realized I'm too old for this job!
2952,1,5,41,47,1.148936170212766,0.06066790909183939,584,The copy machine is stuck again
2952,1,5,41,47,1.148936170212766,0.06066790909183939,584,Identity theft victims. They say they are looking for themselves.
2952,1,5,41,47,1.148936170212766,0.06066790909183939,584,"Mr. Finster, Stanley from IT is here to demonstrate the new copier."
2952,1,5,41,47,1.148936170212766,0.06066790909183939,584,I'm afraid the clone drones have unionized!
2952,1,5,41,47,1.148936170212766,0.06066790909183939,584,I gotta go. The copier's on the Fritz again.
2952,1,5,41,47,1.148936170212766,0.06066790909183939,584,"'Looks like Steve Bannon is at the 3D copier again."""
2952,1,5,41,47,1.148936170212766,0.06066790909183939,584,Simmons got stuck in the 3-D printer again.
2952,2,3,42,47,1.148936170212766,0.06786504677504616,584,He's here.
2952,1,5,41,47,1.148936170212766,0.06066790909183939,584,The Boys from Brazil arecoming out on a bathroom break.
2952,1,5,41,47,1.148936170212766,0.06066790909183939,584,Mr. Jones? Your three o'clocks are here.
2952,1,5,41,47,1.148936170212766,0.06066790909183939,584,"So, I'll find soup on his tie?"
2952,1,5,41,47,1.148936170212766,0.06066790909183939,584,"It looks like a dopple-dopple-dopple-dopple-dopple-dopple-dopple-dopple-dopple-dopple-dopple-dopple-dopple-dopple-dopple-dopple-dopple-doppleganger and his twins, sir."
2952,0,7,40,47,1.148936170212766,0.05249310253140096,584,Attack of the middle-aged accountant.
2952,0,7,40,47,1.148936170212766,0.05249310253140096,584,We've overproduced George. Please switch to Jill immediately.
2952,1,5,41,47,1.148936170212766,0.06066790909183939,584,"It's a Presidential look-alike contest, but we've lost track of the President."
2952,0,7,40,47,1.148936170212766,0.05249310253140096,584,I need to report a problem with the photocopier.
2952,1,5,41,47,1.148936170212766,0.06066790909183939,584,"Hello doctor Leeds, remember when you said to ""say when?"""
2952,1,5,41,47,1.148936170212766,0.06066790909183939,584,"Hello, Congressional Duplicating Services"
2952,1,5,41,47,1.148936170212766,0.06066790909183939,584,The sorcerer's copier is broken again.
2952,2,3,42,47,1.148936170212766,0.06786504677504616,584,We'll downplay the gmo clone part and push the locally sourced.
2952,0,7,40,47,1.148936170212766,0.05249310253140096,584,"Well yes, I guess our leadership does have a diversity problem."
2952,1,5,41,47,1.148936170212766,0.06066790909183939,584,What do you want me to do with all these heterosexuals?
2952,0,7,40,47,1.148936170212766,0.05249310253140096,584,Can someone from maintenance get down to the copy center?
2952,2,3,42,47,1.148936170212766,0.06786504677504616,584,...and we should have given it a little more thought before choosing someone to be the first human clone.
2952,2,3,42,47,1.148936170212766,0.06786504677504616,584,"I said additional ""loan officers"" not ""cloned officers""."
3001,1,6,47,54,1.1481481481481481,0.05549729066741694,584,"You've heard of 'Five Guys Named Moe?'"" ""Yeah, well I've got five hundred guys named Ralph here to see you."
3002,2,3,43,48,1.1458333333333333,0.06650856696625959,584,I know you said that he was one in a million but this is ridiculous.
3002,1,5,42,48,1.1458333333333333,0.059471544937141164,584,"Apparently you told him ""Be all you can be!"""
3002,1,5,42,48,1.1458333333333333,0.059471544937141164,584,Episode XI Attack of the Clives?
3005,0,8,47,55,1.1454545454545455,0.04797713974560777,584,"?You wanted an update on the cloning lab?"""
3006,0,7,42,49,1.1428571428571428,0.050507627227610534,584,"Hello, Customer Service? There's been a mistake. We ordered clones of Jane Austen, not Walter Mitty."
3006,1,5,43,49,1.1428571428571428,0.05832118435198043,584,Remember how you wanted someone who could multitask?
3006,2,3,44,49,1.1428571428571428,0.06520506636966264,584,"Well, yes, I suppose one of these guys does stand out."
3006,0,7,42,49,1.1428571428571428,0.050507627227610534,584,Call Malkovich.
3010,1,6,50,57,1.1403508771929824,0.05273590328947571,584,"We're going to need 400 pastrami sandwiches, 600 cans of seltzer or ginger ale, and all the cole slaw you've got. And make sure the pastrami's very lean or we're going to have a LOT of kvetching!."
3010,0,8,49,57,1.1403508771929824,0.046416689667799826,584,"You heard me, 'Total Lock Bown and put me through to Genetic Engineering A.S.A.P!!!!'"
3012,0,6,37,43,1.1395348837209303,0.05346670079545209,584,"Mr. Smithers, your 11:30's are here."
3012,0,6,37,43,1.1395348837209303,0.05346670079545209,584,"I said 30 copies of ""medium ochre"""
3012,1,4,38,43,1.1395348837209303,0.06297704189640278,584,The A.C. is still broken but they got the copier fixed.
3012,0,6,37,43,1.1395348837209303,0.05346670079545209,584,The johns are here. How many did we order?
3016,1,5,45,51,1.1372549019607843,0.05614831789520141,584,Which white dude was that?
3017,1,4,39,44,1.1363636363636365,0.06161077006722115,584,No Waldo yet.
3017,1,4,39,44,1.1363636363636365,0.06161077006722115,584,"Emily, I think I have proof that man evolved from protozoa."
3017,0,6,38,44,1.1363636363636365,0.05233358898302985,584,"Bill, the attendees for the accountant's convention have arrived."
3017,1,4,39,44,1.1363636363636365,0.06161077006722115,584,Tell Joe in Cloning things just got weird.
3017,1,4,39,44,1.1363636363636365,0.06161077006722115,584,It's hard to choose - they're all equally qualified.
3017,0,6,38,44,1.1363636363636365,0.05233358898302985,584,I hate this company's nepotism!
3017,1,4,39,44,1.1363636363636365,0.06161077006722115,584,They're back with a vengeance
3017,0,6,38,44,1.1363636363636365,0.05233358898302985,584,Jerry's here.
3017,0,6,38,44,1.1363636363636365,0.05233358898302985,584,Oh no! My boss copied himself in the new Bio-3D copying machine and I can't tell who the original is!
3017,1,4,39,44,1.1363636363636365,0.06161077006722115,584,"And you'll find our company isn't plagued with any of those ""artsy-fartsy-here's-a-crazy-idea"" people."
3017,0,6,38,44,1.1363636363636365,0.05233358898302985,584,She hit 100 on the copy machine
3017,0,6,38,44,1.1363636363636365,0.05233358898302985,584,Here come the clones...
3017,0,6,38,44,1.1363636363636365,0.05233358898302985,584,The proposition was passed unanimously.
3017,1,4,39,44,1.1363636363636365,0.06161077006722115,584,The dad-dancing team are in the zone.
3017,1,4,39,44,1.1363636363636365,0.06161077006722115,584,There is no one here who fits that description.
3017,0,6,38,44,1.1363636363636365,0.05233358898302985,584,I think something's wrong with the photocopier.
3017,0,6,38,44,1.1363636363636365,0.05233358898302985,584,bring in the clones
3017,1,4,39,44,1.1363636363636365,0.06161077006722115,584,"Yes, I wrote down your message. Just remind me what he looks like."
3017,1,4,39,44,1.1363636363636365,0.06161077006722115,584,"I told my agent I would never appear in ""The Far Side!"
3017,1,4,39,44,1.1363636363636365,0.06161077006722115,584,I blame Indeed.com.
3017,0,6,38,44,1.1363636363636365,0.05233358898302985,584,"Step one complete sir, I have opened up the gates of Herb"
3017,1,4,39,44,1.1363636363636365,0.06161077006722115,584,I think we need to cut off Smithcart's clone-funding.
3017,1,4,39,44,1.1363636363636365,0.06161077006722115,584,The targeted ad worked. Really well.
3017,1,4,39,44,1.1363636363636365,0.06161077006722115,584,Which one is John in Accounting again?
3017,1,4,39,44,1.1363636363636365,0.06161077006722115,584,"How does it go: ""Send in the Clones - Don't Bother, They're Here""?"
3017,0,6,38,44,1.1363636363636365,0.05233358898302985,584,I said retweet not re-pete!
3017,0,6,38,44,1.1363636363636365,0.05233358898302985,584,"Milton, I _told_ you we have a serious problem with the Xerox machine."
3017,0,6,38,44,1.1363636363636365,0.05233358898302985,584,"Yes, we're having a problem with our copier."
3017,0,6,38,44,1.1363636363636365,0.05233358898302985,584,That's not what Sondheim said.
3017,2,2,40,44,1.1363636363636365,0.06966325746551968,584,"No, this is the way they look every day."
3017,1,4,39,44,1.1363636363636365,0.06161077006722115,584,Will the real Slim Shady please stand up?
3017,1,4,39,44,1.1363636363636365,0.06161077006722115,584,The copier is out of toner.
3017,0,6,38,44,1.1363636363636365,0.05233358898302985,584,"""Your 11:00 is here."" ""Your 11:00 is here."" ""Your 11:00 is here."" Uh-0h."
3017,1,4,39,44,1.1363636363636365,0.06161077006722115,584,"Sir, the Whipleys are loose."
3017,0,6,38,44,1.1363636363636365,0.05233358898302985,584,"Help, the copier has run amuck."
3017,1,4,39,44,1.1363636363636365,0.06161077006722115,584,"No, I asked for a meeting about Games of Thrones, not Game of Clones."
3017,2,2,40,44,1.1363636363636365,0.06966325746551968,584,"COME QUICK, THE 3D PRINTER HAS JAMMED . . ."
3017,1,4,39,44,1.1363636363636365,0.06161077006722115,584,Who sent in the clones?
3017,2,2,40,44,1.1363636363636365,0.06966325746551968,584,Herbs from Accounting are here.
3017,2,2,40,44,1.1363636363636365,0.06966325746551968,584,The mirror room is issuing live reflections again.
3017,1,4,39,44,1.1363636363636365,0.06161077006722115,584,Could you describe to me what he looks like ?
3017,1,4,39,44,1.1363636363636365,0.06161077006722115,584,The roosters have hatched. Are the chickens ready?
3017,2,2,40,44,1.1363636363636365,0.06966325746551968,584,"No, send in the clowns. Clones are next Tuesday."
3017,0,6,38,44,1.1363636363636365,0.05233358898302985,584,"Hundreds of them... Yes, all quite the same... No, none of them has a caption."
3017,1,4,39,44,1.1363636363636365,0.06161077006722115,584,"Sir, the 3-D printer is acting up again!"
3017,0,6,38,44,1.1363636363636365,0.05233358898302985,584,I'm happy to report the success of our cloning experiment.
3017,1,4,39,44,1.1363636363636365,0.06161077006722115,584,The seat fillers for the accountant award ceremony have arrived.
3017,1,4,39,44,1.1363636363636365,0.06161077006722115,584,Please hurry! WiFi's down and those clones of the Accounting Department are wandering around looking lost again!
3017,0,6,38,44,1.1363636363636365,0.05233358898302985,584,Looks like the copier in accounting has gone haywire again
3017,2,2,40,44,1.1363636363636365,0.06966325746551968,584,I can't believe they cloned Bob.
3017,0,6,38,44,1.1363636363636365,0.05233358898302985,584,"No, I ordered two dozen scones ... not clones!"
3017,1,4,39,44,1.1363636363636365,0.06161077006722115,584,The Esperanto Club members have arrived and seem to be looking around for any slight irregularity.
3017,1,4,39,44,1.1363636363636365,0.06161077006722115,584,The penguins are setting up theit migration now.
3017,0,6,38,44,1.1363636363636365,0.05233358898302985,584,Ummmm... about that 3-D printer we just got..
3017,1,4,39,44,1.1363636363636365,0.06161077006722115,584,"No, I don't see her anywhere."
3017,1,4,39,44,1.1363636363636365,0.06161077006722115,584,"The clones? Don't worry, they're here."
3017,0,6,38,44,1.1363636363636365,0.05233358898302985,584,"""Does he wear glasses?"" ""Is he bald?"" ""Does he have a small mustache?"" "" We got him."" ""I'll ask one of them to come and see you. I think they got the message about being a team player one for all and all for one."
3017,0,6,38,44,1.1363636363636365,0.05233358898302985,584,Help desk--our 3-D copier needs a clone repair technician
3017,0,6,38,44,1.1363636363636365,0.05233358898302985,584,"Marge, I hate to trouble you, but Mr. Denton has been making his own copies again."
3017,0,6,38,44,1.1363636363636365,0.05233358898302985,584,"I'm sure I said cut and paste, not copy and paste."
3017,1,4,39,44,1.1363636363636365,0.06161077006722115,584,They're coming out of the duplicating room.
3017,1,4,39,44,1.1363636363636365,0.06161077006722115,584,"Oh my God, Doris! Bob has been playing with the 3D printer again,"
3017,1,4,39,44,1.1363636363636365,0.06161077006722115,584,The diversity conference just ended
3017,0,6,38,44,1.1363636363636365,0.05233358898302985,584,"What was the name of that ""Advertising Company"" who was looking for ""HERBS""?"
3017,1,4,39,44,1.1363636363636365,0.06161077006722115,584,"Waldo, I'm waiting for you in the hallway."
3017,2,2,40,44,1.1363636363636365,0.06966325746551968,584,I am not sure eliminating the HR department was a good idea
3017,1,4,39,44,1.1363636363636365,0.06161077006722115,584,"This isn't what I meant when I said, ""Seeking male, 35-40."""
3017,0,6,38,44,1.1363636363636365,0.05233358898302985,584,I think I know where all the editorial writers went.
3017,2,2,40,44,1.1363636363636365,0.06966325746551968,584,"I guess I misunderstood when you said every Tom, Dick and Harry."
3017,1,4,39,44,1.1363636363636365,0.06161077006722115,584,Good news and bad news from the cloning lab.
3017,1,4,39,44,1.1363636363636365,0.06161077006722115,584,I said I needed to check all the LOANS!
3017,1,4,39,44,1.1363636363636365,0.06161077006722115,584,"Yes, but I said ""exactly"" the same size!"
3017,2,2,40,44,1.1363636363636365,0.06966325746551968,584,The Johnson brothers are here sir.
3017,1,4,39,44,1.1363636363636365,0.06161077006722115,584,The 3-D printer. It's doing it again.
3017,0,6,38,44,1.1363636363636365,0.05233358898302985,584,Hello! I asked for the George Clooney clones!
3017,1,4,39,44,1.1363636363636365,0.06161077006722115,584,I'm not the only one with a herd mentality.
3017,2,2,40,44,1.1363636363636365,0.06966325746551968,584,Mr. Abernathy? The 3D printer in accounting seems to be acting up again.
3017,1,4,39,44,1.1363636363636365,0.06161077006722115,584,Maybe we should consider a diversity hire.
3017,1,4,39,44,1.1363636363636365,0.06161077006722115,584,Did the ad say 'above average'? They all look very average.
3017,1,4,39,44,1.1363636363636365,0.06161077006722115,584,"Fred cloned himself again, he's such an egoist. He wants to write a screenplay called ""Home a Clone: A Scientist's Journey of Self Discovery."""
3017,1,4,39,44,1.1363636363636365,0.06161077006722115,584,Stop the 3D printer--we've got enough of them!
3017,1,4,39,44,1.1363636363636365,0.06161077006722115,584,Some idiot tried a butt copy on the 3-D printer.
3017,1,4,39,44,1.1363636363636365,0.06161077006722115,584,I guess he figured out how to use the copy machine.
3017,1,4,39,44,1.1363636363636365,0.06161077006722115,584,Who ordered the ham on rye?
3017,2,2,40,44,1.1363636363636365,0.06966325746551968,584,"Security: we've got aging, bald men that say this floor is where their annual convention is to be held."
3017,1,4,39,44,1.1363636363636365,0.06161077006722115,584,Each one seems very qualified...in their own way
3017,0,6,38,44,1.1363636363636365,0.05233358898302985,584,"But I said ""Send in the clowns. . . """
3017,0,6,38,44,1.1363636363636365,0.05233358898302985,584,The bodies for your personalities have arrived.
3017,0,6,38,44,1.1363636363636365,0.05233358898302985,584,"Well, at least they're not sheep."
3017,2,2,40,44,1.1363636363636365,0.06966325746551968,584,My mistake. I thought you said 'clown convention'.
3017,1,4,39,44,1.1363636363636365,0.06161077006722115,584,The gluten free diet has finally had its desired effect.
3017,1,4,39,44,1.1363636363636365,0.06161077006722115,584,"Siri, I said, ""Send in the clowns!"" not clones."
3017,1,4,39,44,1.1363636363636365,0.06161077006722115,584,Tech support? I think the 3-D printer is on the blink again.
3017,0,6,38,44,1.1363636363636365,0.05233358898302985,584,The first shipment has arrived.
3017,1,4,39,44,1.1363636363636365,0.06161077006722115,584,Hello Zerox?
3017,0,6,38,44,1.1363636363636365,0.05233358898302985,584,"I thought we had asked the research team to advance our ""drone"" technology."
3017,1,4,39,44,1.1363636363636365,0.06161077006722115,584,I think we need a new diversity policy.
3017,0,6,38,44,1.1363636363636365,0.05233358898302985,584,Early count shows complete success in every detail!
3017,1,4,39,44,1.1363636363636365,0.06161077006722115,584,Can you please provide more descriptions of him?
3017,0,6,38,44,1.1363636363636365,0.05233358898302985,584,They brought him in from 1697
3017,1,4,39,44,1.1363636363636365,0.06161077006722115,584,Let's just say you have a lot of options.
3017,1,4,39,44,1.1363636363636365,0.06161077006722115,584,Like Will Smith? OK I think I see you.
3017,1,4,39,44,1.1363636363636365,0.06161077006722115,584,The diversity seminar finished a little early today.
3017,1,4,39,44,1.1363636363636365,0.06161077006722115,584,"Yes, this is Cookie Cutter Employment Agency."
3017,0,6,38,44,1.1363636363636365,0.05233358898302985,584,"So, the only variation is the penis size?"
3017,0,6,38,44,1.1363636363636365,0.05233358898302985,584,"Well, the good news, sir, is that I've found Ted and he seems OK."
3017,1,4,39,44,1.1363636363636365,0.06161077006722115,584,"Sir, we are having a problem with the 3D printer."
3017,1,4,39,44,1.1363636363636365,0.06161077006722115,584,"You said ""bowtie"", no he's not here."
3017,1,4,39,44,1.1363636363636365,0.06161077006722115,584,"IT, unplug the AI."
3017,1,4,39,44,1.1363636363636365,0.06161077006722115,584,Tell HR that we already have enough Willy Lomans. What we need are closers.
3017,0,6,38,44,1.1363636363636365,0.05233358898302985,584,"I'm not sure ""zombies"" is the right word."
3017,0,6,38,44,1.1363636363636365,0.05233358898302985,584,I clearly ordered one hundred business pens.
3017,0,6,38,44,1.1363636363636365,0.05233358898302985,584,"No, I distinctly remember ordering three dozen golf balls. ""golf"" should be highlighted (bold, non-italic)"
3017,1,4,39,44,1.1363636363636365,0.06161077006722115,584,When did we stop issuing deodorant?
3017,0,6,38,44,1.1363636363636365,0.05233358898302985,584,"I tried that too, but now everyone's pager is beeping."
3017,0,6,38,44,1.1363636363636365,0.05233358898302985,584,'It looks like the CPA conventioneers are taking their break and so I need to try and get some free tax advice.'
3017,1,4,39,44,1.1363636363636365,0.06161077006722115,584,This is an obscene clone call.
3017,0,6,38,44,1.1363636363636365,0.05233358898302985,584,"I've narrowed down the applicants to Tom, Dick, and Harry."
3017,0,6,38,44,1.1363636363636365,0.05233358898302985,584,"Don't you think God could have been more creative with the Sputnik family reunion by adding something to their gene pool, like looks?"
3017,0,6,38,44,1.1363636363636365,0.05233358898302985,584,"Marge, remember those big eggs we found in storage marked ""Car Salesmen""? Yeah, well, I think they hatched...and they look an awful lot like Bernie..."
3017,0,6,38,44,1.1363636363636365,0.05233358898302985,584,I think they're Marxists.
3017,0,6,38,44,1.1363636363636365,0.05233358898302985,584,"Ma'am, you said that I am to give this to a bald man, who has a big nose, glasses, a mustache, white shirt with a striped tie, dark pants, accessorized by matching belt and shoes. Could you be more specific? I don't see any ONE by that description."
3017,1,4,39,44,1.1363636363636365,0.06161077006722115,584,"Sir, you said you wanted to hire a certain look, well........"
3017,1,4,39,44,1.1363636363636365,0.06161077006722115,584,"Hi Phil, I think our diversity program is failing."
3017,1,4,39,44,1.1363636363636365,0.06161077006722115,584,"I said, 'clowns, not clones.'"
3017,0,6,38,44,1.1363636363636365,0.05233358898302985,584,"Mom, I've got to run. We're in the middle of casting Orphan Mack."
3017,0,6,38,44,1.1363636363636365,0.05233358898302985,584,"No, its' not the sheep for the presentation... I think Dr. Schmidt watched ""Multiplicity"" again and fell asleep at the cloning machine."
3017,2,2,40,44,1.1363636363636365,0.06966325746551968,584,"Sir, you'd better come quickly, somebody's been messing with the sex doll program!"
3017,0,6,38,44,1.1363636363636365,0.05233358898302985,584,Our CEO is somewhat unique in that he embraces groupthink as a concept.
3017,0,6,38,44,1.1363636363636365,0.05233358898302985,584,"Flo, has the copier repairman already left?"
3017,1,4,39,44,1.1363636363636365,0.06161077006722115,584,"You know how people used to photocopy certain body parts? Well, I have sort of bad news from the cloning lab."
3017,1,4,39,44,1.1363636363636365,0.06161077006722115,584,I see him!
3017,1,4,39,44,1.1363636363636365,0.06161077006722115,584,"No question about it, the redundancy is obvious."
3017,0,6,38,44,1.1363636363636365,0.05233358898302985,584,"Hi Bill, I'm just calling to let you know, we did not achieve the desired test result."
3017,1,4,39,44,1.1363636363636365,0.06161077006722115,584,Copier's acting up again.
3017,1,4,39,44,1.1363636363636365,0.06161077006722115,584,Please send me up some diversity.
3017,0,6,38,44,1.1363636363636365,0.05233358898302985,584,We must have a bad connection. We're needing bold men with thighs!
3017,0,6,38,44,1.1363636363636365,0.05233358898302985,584,"Larrys are here to see you, sir."
3017,2,2,40,44,1.1363636363636365,0.06966325746551968,584,Has HR reviewed the job application form recently?
3017,1,4,39,44,1.1363636363636365,0.06161077006722115,584,Can we have some binders sent up?
3017,2,2,40,44,1.1363636363636365,0.06966325746551968,584,Mr. Smith from accounting is here to see you.
3017,0,6,38,44,1.1363636363636365,0.05233358898302985,584,Agent Smith is here to see you
3017,1,4,39,44,1.1363636363636365,0.06161077006722115,584,He passed gas in the elevator.
3017,1,4,39,44,1.1363636363636365,0.06161077006722115,584,I think we need to take another look at the new Diversity Training module.
3017,0,6,38,44,1.1363636363636365,0.05233358898302985,584,Whose idea was it to send in the clones?
3017,0,6,38,44,1.1363636363636365,0.05233358898302985,584,HR? The 3D printer is stuck on the Henry setting again.
3017,2,2,40,44,1.1363636363636365,0.06966325746551968,584,"I told you they would find a way out, they're engineers what did you expect?"
3017,1,4,39,44,1.1363636363636365,0.06161077006722115,584,It is finished raining men. Now what?
3017,0,6,38,44,1.1363636363636365,0.05233358898302985,584,I only asked for one copy!
3017,1,4,39,44,1.1363636363636365,0.06161077006722115,584,These pale white officer worker disguises are going to be a big hit for refugees this Halloween.
3017,1,4,39,44,1.1363636363636365,0.06161077006722115,584,I thought we agreed on more diversity in these focus groups?
3017,1,4,39,44,1.1363636363636365,0.06161077006722115,584,Mr. President? The delegation from Smithville is here?
3017,0,6,38,44,1.1363636363636365,0.05233358898302985,584,Maybe the personnel ad shouldn't have been quite so specific.
3017,1,4,39,44,1.1363636363636365,0.06161077006722115,584,Is it Joe or John Doppelganger I'm looking for?
3017,1,4,39,44,1.1363636363636365,0.06161077006722115,584,Call IT. Henry did a selfie again on the three D printer
3017,1,4,39,44,1.1363636363636365,0.06161077006722115,584,Could you please turn off the power for the mail room? Joe has broken the copier again.
3017,0,6,38,44,1.1363636363636365,0.05233358898302985,584,"Tell me again, what are his distinguishing features?"
3017,0,6,38,44,1.1363636363636365,0.05233358898302985,584,The 3-D printer needs maintenance again.
3017,1,4,39,44,1.1363636363636365,0.06161077006722115,584,I think our corporate DNA lacks diversity.
3017,1,4,39,44,1.1363636363636365,0.06161077006722115,584,I asked for clones. You sent clowns.
3017,2,2,40,44,1.1363636363636365,0.06966325746551968,584,I guess it's alright--they're all Republicans.
3017,0,6,38,44,1.1363636363636365,0.05233358898302985,584,A Mr. Adams? Bald? Moustache? Hmm...This could be a problem.
3017,2,2,40,44,1.1363636363636365,0.06966325746551968,584,The copy machine has overstepped again.
3017,1,4,39,44,1.1363636363636365,0.06161077006722115,584,"Yes, they just arrived. But I think there's been a mistake. I said I needed 100 copies of Stan's report. Not a 100 copies of Stan!"
3017,1,4,39,44,1.1363636363636365,0.06161077006722115,584,I saw the world record of twins already.
3017,1,4,39,44,1.1363636363636365,0.06161077006722115,584,"""Sorry, I can't interrupt him- he's doing some serious multitasking""."
3017,1,4,39,44,1.1363636363636365,0.06161077006722115,584,Dave got into the copy room again.
3017,0,6,38,44,1.1363636363636365,0.05233358898302985,584,"Name tags won't help. They're all ""John Smith""."
3017,1,4,39,44,1.1363636363636365,0.06161077006722115,584,"'Send in the Clones' -- Act 1, Scene 1"
3017,1,4,39,44,1.1363636363636365,0.06161077006722115,584,"Boss, you better get down to the cloning lab."
3017,0,6,38,44,1.1363636363636365,0.05233358898302985,584,"Yes Sir, I think it's him, but face recognition won't work."
3017,1,4,39,44,1.1363636363636365,0.06161077006722115,584,"I ordered 100 new iPhones, not iClones."
3017,1,4,39,44,1.1363636363636365,0.06161077006722115,584,"Yes, that’s right: I requested quality over quantity."
3017,2,2,40,44,1.1363636363636365,0.06966325746551968,584,Come quickly... Nelson has gotten ahold of the 3-D printer again.
3017,0,6,38,44,1.1363636363636365,0.05233358898302985,584,To hell with biological clocks. I will continue to embrace my spontaneity and funk.
3017,1,4,39,44,1.1363636363636365,0.06161077006722115,584,The Xerox machine is malfunctioning again
3193,1,5,46,52,1.1346153846153846,0.055121189353288455,584,Men all look alike to me in the dark and on the elevator.
3194,0,6,39,45,1.1333333333333333,0.05124707431905384,584,"Harry, the computer engineers are here."
3195,1,7,60,68,1.1323529411764706,0.0463998528118308,584,Our casting call for a Sad Sack was mistakenly routed through the Genome Project.
3196,2,3,48,53,1.1320754716981132,0.06046347269649694,584,The candidates for the Trump necktie and protruding belly contest have arrived.
3196,0,7,46,53,1.1320754716981132,0.04695159976668159,584,There's been a mistake in our request.
3198,0,8,53,61,1.1311475409836065,0.04357902084672543,584,Can you send a seasoned tech to fix the copier? None of these other techs seem to know what they're doing.
3199,1,4,41,46,1.1304347826086956,0.059047967499893814,584,This is the opposite of diversity.
3200,0,6,41,47,1.127659574468085,0.04920290896196927,584,"Ok, your cloning app worked. Now what do I do with 100 accountants?"
3200,0,6,41,47,1.127659574468085,0.04920290896196927,584,Malkovich Malkovich has never looked better - not!
3200,0,6,41,47,1.127659574468085,0.04920290896196927,584,Do you know how many times I've tried to phone you?
3200,0,6,41,47,1.127659574468085,0.04920290896196927,584,"Sir, the twins are here for their '30 Kids and Counting' audition."
3204,0,7,48,55,1.1272727272727272,0.04535342286998717,584,Help! The 3-D printer is malfunctioning again.
3204,0,7,48,55,1.1272727272727272,0.04535342286998717,584,"Frankly, Josh, if this is Corporate's idea of performance art, I am not impressed."
3206,0,5,35,40,1.125,0.05295740910852021,584,"We ran out of spreadsheets, they are getting hungry."
3206,0,5,35,40,1.125,0.05295740910852021,584,A six-digit password might not be so bad after all.
3206,2,1,37,40,1.125,0.07327066086497203,584,I must have stumbled into the casting call for The Thomas Crown Affair.
3206,0,5,35,40,1.125,0.05295740910852021,584,I only ordered a body double.
3206,0,5,35,40,1.125,0.05295740910852021,584,"Yes, sir, they are all here and please stop calling me the clonedyke."
3206,0,5,35,40,1.125,0.05295740910852021,584,Not quite sure. They say they're looking for a Waldo.
3206,1,4,43,48,1.125,0.056689086094851654,584,"Yes I'm looking at a room full of Ken Bones, we need to shut down the R&D department of dna.com stat!"
3206,1,4,43,48,1.125,0.056689086094851654,584,Which one of them is Donald Trump? They all look alike.
3206,0,7,49,56,1.125,0.04459412925079223,584,Doctor the cloning lab had another accident and finding Leo this time isn't going to be that easy.
3215,1,5,51,57,1.1228070175438596,0.05049985383360874,584,"The desk you ordered from Amazon came, but the packaging is really bizarre."
3216,0,5,36,41,1.1219512195121952,0.051739520574625435,584,"I'm sending them in, but I should warn you... the clowns weren't available."
3216,0,5,36,41,1.1219512195121952,0.051739520574625435,584,The cloning machine is acting up again
3216,0,5,36,41,1.1219512195121952,0.051739520574625435,584,"Nancy, I think the pharmacy misunderstood your request for doctor refills."
3216,1,3,37,41,1.1219512195121952,0.06242187264424257,584,""" Yes, Sir. Apparently Match.com screwed up up"
3216,1,3,37,41,1.1219512195121952,0.06242187264424257,584,"Trump Failed on Job Promises, the Applications are Overflowing"
3216,0,5,36,41,1.1219512195121952,0.051739520574625435,584,"Yes, bald head, small mustache and thin tie - all of them fired?"
3216,1,3,37,41,1.1219512195121952,0.06242187264424257,584,The accountants are here for the Inclusion and Diversity module.
3216,0,5,36,41,1.1219512195121952,0.051739520574625435,584,"I understand Murray, but how do I tell them the Dr. Oz. look alike contest has been cancelled?"
3216,0,5,36,41,1.1219512195121952,0.051739520574625435,584,I'm afraid our new facial recognition security system is going to have a problem.
3216,1,3,37,41,1.1219512195121952,0.06242187264424257,584,The 3D printer is ready for the next election.
3216,0,5,36,41,1.1219512195121952,0.051739520574625435,584,There's a parliament of Als in the hallway.
3216,1,3,37,41,1.1219512195121952,0.06242187264424257,584,"Remember that nut who said he could clone people? He came back, and he’s not alone."
3216,2,1,38,41,1.1219512195121952,0.07152623560300088,584,"cloning IT really, no, I mean REALLY worked."
3216,0,5,36,41,1.1219512195121952,0.051739520574625435,584,I think they're here for the Dr. Phil taping.
3216,0,5,36,41,1.1219512195121952,0.051739520574625435,584,Looks like Google's all-hands employee meeting is over.
3216,0,5,36,41,1.1219512195121952,0.051739520574625435,584,He misconstrued your exponential growth spiel
3216,0,5,36,41,1.1219512195121952,0.051739520574625435,584,Call you back. Candidates for the paintbrush add are just leaving.
3216,0,5,36,41,1.1219512195121952,0.051739520574625435,584,They say theyr'e looking for Uncle Walter.
3216,0,5,36,41,1.1219512195121952,0.051739520574625435,584,That 3D printer really works!
3216,0,5,36,41,1.1219512195121952,0.051739520574625435,584,"No, sir. There's no obvious choice."
3216,1,3,37,41,1.1219512195121952,0.06242187264424257,584,Yes and ... the marketing video for Clone Cologne will show them all transforming into virile Fabios
3216,1,3,37,41,1.1219512195121952,0.06242187264424257,584,"If I've seen one, I've .... Oh, yes, now I understand."
3216,0,5,36,41,1.1219512195121952,0.051739520574625435,584,"So to confirm, I'm looking for the balding man with glasses and a moustache..."
3216,0,5,36,41,1.1219512195121952,0.051739520574625435,584,Frank: Come down to the 8th floor - the copier is broken!
3216,1,3,37,41,1.1219512195121952,0.06242187264424257,584,"Sir, I can see why we were sued for lack of diversity"
3216,1,3,37,41,1.1219512195121952,0.06242187264424257,584,"Yeah, I'll let Thomas know you called."
3216,1,3,37,41,1.1219512195121952,0.06242187264424257,584,"Joan, I think I typed an extra zero into the 3D printer..."
3216,2,1,38,41,1.1219512195121952,0.07152623560300088,584,Does Secretary Mnuchin have any other distinguishing features?
3216,0,5,36,41,1.1219512195121952,0.051739520574625435,584,"Hey, I got to go, I just found the rest of my engineering team."
3216,1,3,37,41,1.1219512195121952,0.06242187264424257,584,"Better get here quick, Bill is trying to duplicate votes again !"
3216,2,1,38,41,1.1219512195121952,0.07152623560300088,584,I think the copy machine is on the fritz again.
3216,0,5,36,41,1.1219512195121952,0.051739520574625435,584,I should have been more specific. I told him to make me 50 copies.
3216,1,3,37,41,1.1219512195121952,0.06242187264424257,584,"Gentlemen, We are now boarding the Underbelly Class, you can stand in any air gap or sit on top of bags in the cargo hold."
3216,0,5,36,41,1.1219512195121952,0.051739520574625435,584,Our mentoring program is amazingly effective.
3216,0,5,36,41,1.1219512195121952,0.051739520574625435,584,"I said that the boss wanted you to phone our accountant, not clone him !"
3216,1,3,37,41,1.1219512195121952,0.06242187264424257,584,Your middle-aged white men are here.
3216,1,3,37,41,1.1219512195121952,0.06242187264424257,584,A gracefilly aging Hitler...you're going to have to be more specific.
3216,1,3,37,41,1.1219512195121952,0.06242187264424257,584,Clowns! I said send in the clowns!
3216,1,3,37,41,1.1219512195121952,0.06242187264424257,584,"Remember in Grease, where John Travolta is like ""I've got chills, they're multiplying...""?"
3216,1,3,37,41,1.1219512195121952,0.06242187264424257,584,I begged you not to play with the copier.
3216,0,5,36,41,1.1219512195121952,0.051739520574625435,584,"The conference room is available, Mt. Winther. The Society of Marvin Mandlebaums has just adjourned."
3216,1,3,37,41,1.1219512195121952,0.06242187264424257,584,I'd like to order a few hundred pink toupee's please
3216,0,5,36,41,1.1219512195121952,0.051739520574625435,584,The 3-D printer is acting up again.
3216,1,3,37,41,1.1219512195121952,0.06242187264424257,584,Can you describe him for me?
3216,1,3,37,41,1.1219512195121952,0.06242187264424257,584,"Hello? Office Services? Yes, I'd like to report a problem with the 3D printer in the accounting department."
3216,0,5,36,41,1.1219512195121952,0.051739520574625435,584,Fred's in.
3216,1,3,37,41,1.1219512195121952,0.06242187264424257,584,"Oh, yes, I see him now ..."
3216,0,5,36,41,1.1219512195121952,0.051739520574625435,584,Looks like anybody who's everybody is here.
3216,1,3,37,41,1.1219512195121952,0.06242187264424257,584,The new copier doing it again sir.
3216,0,5,36,41,1.1219512195121952,0.051739520574625435,584,"Yes, we have found all the missing Waldo's. FYI, they've aged."
3216,0,5,36,41,1.1219512195121952,0.051739520574625435,584,SOMETHING TELLS ME THAT THEY WILL ALL HAVE THE SAME OPINION!!
3216,0,5,36,41,1.1219512195121952,0.051739520574625435,584,HELP! The clones have just broken out.
3216,0,5,36,41,1.1219512195121952,0.051739520574625435,584,It's reining men.
3216,0,5,36,41,1.1219512195121952,0.051739520574625435,584,The 3D printer is jammed in accounting.
3216,1,3,37,41,1.1219512195121952,0.06242187264424257,584,I need you right away - the 3D copier is on the fritz again!
3216,0,5,36,41,1.1219512195121952,0.051739520574625435,584,apparently the conference was successful resolvingl differences.
3216,1,3,37,41,1.1219512195121952,0.06242187264424257,584,"... if you asked how things are at work today, oh well, I suppose it's just the same-old, same-old"
3216,2,1,38,41,1.1219512195121952,0.07152623560300088,584,The copy machine has gone rogue.
3216,0,5,36,41,1.1219512195121952,0.051739520574625435,584,"Quick, pull the plug on the 3-D printer."
3216,1,3,37,41,1.1219512195121952,0.06242187264424257,584,"Sir, John Doe is here to see you."
3216,1,3,37,41,1.1219512195121952,0.06242187264424257,584,Genetics Department? Please ask Professor Pendergast to stop cloning around.
3216,1,3,37,41,1.1219512195121952,0.06242187264424257,584,I think we've solved our middle management problem.
3216,0,5,36,41,1.1219512195121952,0.051739520574625435,584,I've got an update on the self-driving copier
3216,0,5,36,41,1.1219512195121952,0.051739520574625435,584,"You're right. If you've seen one used car salesman, you've seen them all."
3216,1,3,37,41,1.1219512195121952,0.06242187264424257,584,IT? The 3D printer is on the fritz again.
3216,2,1,38,41,1.1219512195121952,0.07152623560300088,584,"Neo, hurry!"
3216,0,5,36,41,1.1219512195121952,0.051739520574625435,584,Tell H&R Block the experiment appears to have been successful.
3216,0,5,36,41,1.1219512195121952,0.051739520574625435,584,"I'm terribly sorry Mr. Orbach, it looks like they sent us a bunch of clones by mistake."
3216,1,3,37,41,1.1219512195121952,0.06242187264424257,584,You sent same old problems. We need new sets of eyes.
3216,0,5,36,41,1.1219512195121952,0.051739520574625435,584,Orkin? I found the spawning nest for those white duffers. Please hurry!
3216,1,3,37,41,1.1219512195121952,0.06242187264424257,584,Has the genius been playing with the copier again?
3216,0,5,36,41,1.1219512195121952,0.051739520574625435,584,"I'll gotta call you back, the Uber CEO candidates are here."
3216,0,5,36,41,1.1219512195121952,0.051739520574625435,584,Horawitz is cloning himself again!
3216,1,3,37,41,1.1219512195121952,0.06242187264424257,584,Doe? John Doe?
3216,1,3,37,41,1.1219512195121952,0.06242187264424257,584,My manager can't talk right now. He's simply beside himself.
3216,0,5,36,41,1.1219512195121952,0.051739520574625435,584,"Hello, IT, can you send someone to Harry's office? The new AI copier is on the fritz again."
3216,0,5,36,41,1.1219512195121952,0.051739520574625435,584,But am I allowed to say that I really dislike his kind?
3216,0,5,36,41,1.1219512195121952,0.051739520574625435,584,Yes! There's something terribly wrong with our new copier!
3216,1,3,37,41,1.1219512195121952,0.06242187264424257,584,"I told you to send 100 drones, not clone..."
3216,1,3,37,41,1.1219512195121952,0.06242187264424257,584,The copier repair tech is here.
3216,1,3,37,41,1.1219512195121952,0.06242187264424257,584,"Tell those geniuses at R&D, that the Cloner 9000 is on the fritz again."
3216,1,3,37,41,1.1219512195121952,0.06242187264424257,584,Groucho Marx look alike contest. Who on first.
3216,1,3,37,41,1.1219512195121952,0.06242187264424257,584,Here comes the middle-aged cookie cutter bunch.
3216,1,3,37,41,1.1219512195121952,0.06242187264424257,584,The new drug has an ugly side-effect.
3216,0,5,36,41,1.1219512195121952,0.051739520574625435,584,"Now, they'll be yes men."
3216,1,3,37,41,1.1219512195121952,0.06242187264424257,584,"Honey, I think I lost your father."
3216,0,5,36,41,1.1219512195121952,0.051739520574625435,584,The Glens are out again.
3216,1,3,37,41,1.1219512195121952,0.06242187264424257,584,I see someone 's been playing with the 3D printer again.
3216,0,5,36,41,1.1219512195121952,0.051739520574625435,584,The copier's doing that thing again.
3216,0,5,36,41,1.1219512195121952,0.051739520574625435,584,"Phil, Phil, ""Slight problem. Your cloning request has had an exponential outcome."""
3216,1,3,37,41,1.1219512195121952,0.06242187264424257,584,The Clonerator™ is jammed again.
3216,1,3,37,41,1.1219512195121952,0.06242187264424257,584,"Yes, the 3D printer works."
3216,0,5,36,41,1.1219512195121952,0.051739520574625435,584,I believe our client's case against ClonesRUs is now a class action.
3216,1,3,37,41,1.1219512195121952,0.06242187264424257,584,How do you turn off the cloning machine?
3216,1,3,37,41,1.1219512195121952,0.06242187264424257,584,"Clown Convention? Sorry, this is the Clone Convention."
3216,1,3,37,41,1.1219512195121952,0.06242187264424257,584,Keeps using the wrong pronouns.
3216,0,5,36,41,1.1219512195121952,0.051739520574625435,584,The copier in Accounting is on the fritz again.
3216,1,3,37,41,1.1219512195121952,0.06242187264424257,584,They call themselves the PowerPoint gang. And they say they mean business.
3216,0,5,36,41,1.1219512195121952,0.051739520574625435,584,"Call security, someone left the door open to accounting."
3216,0,5,36,41,1.1219512195121952,0.051739520574625435,584,'Take Your Clone To Work' day appears to be getting a lot of traction.
3216,1,3,37,41,1.1219512195121952,0.06242187264424257,584,"Sir, I think that Genome Team might have been a little upset by your funding cuts."
3216,1,3,37,41,1.1219512195121952,0.06242187264424257,584,Fritz is on the copier again.
3216,1,3,37,41,1.1219512195121952,0.06242187264424257,584,"Well, the agency did say not to let him get wet."
3216,0,5,36,41,1.1219512195121952,0.051739520574625435,584,There was a typo in our Bachelor ad. Must love DOS
3216,0,5,36,41,1.1219512195121952,0.051739520574625435,584,Mr. Adams your look alike applicants are here.
3216,0,5,36,41,1.1219512195121952,0.051739520574625435,584,They're all a they that all look like a he.
3216,1,3,37,41,1.1219512195121952,0.06242187264424257,584,Who among you is John Smith?
3216,0,5,36,41,1.1219512195121952,0.051739520574625435,584,You're going to have to give me more hints as to who I'm supposed to fire.
3216,0,5,36,41,1.1219512195121952,0.051739520574625435,584,Howard just used the new 3-D printer and you won't believe what happened.
3216,1,3,37,41,1.1219512195121952,0.06242187264424257,584,"Hi, Apple? Yes, facial recognition has a problem!"
3216,2,1,38,41,1.1219512195121952,0.07152623560300088,584,They didn't follow your orders to break the mold.
3216,2,1,38,41,1.1219512195121952,0.07152623560300088,584,Tech Support? I have a question about our 3D copier.
3216,1,3,37,41,1.1219512195121952,0.06242187264424257,584,About the cloning experiment...
3216,0,5,36,41,1.1219512195121952,0.051739520574625435,584,"We asked for multicultural, not monoculture."
3216,1,3,37,41,1.1219512195121952,0.06242187264424257,584,"Uh oh, I accidentally butt=dialed the clone app."
3216,0,5,36,41,1.1219512195121952,0.051739520574625435,584,"Yes, yes: the applicant pool is quite diverse."
3216,1,3,37,41,1.1219512195121952,0.06242187264424257,584,Will the real Slim Shady stand up?
3216,1,3,37,41,1.1219512195121952,0.06242187264424257,584,We have a problem. The new digital assistants are choosing their own customers.
3216,0,5,36,41,1.1219512195121952,0.051739520574625435,584,This is their 17th Conformists Anonymous meeting. I think they're going to need a lot more work.
3216,1,3,37,41,1.1219512195121952,0.06242187264424257,584,I think there is something wrong with the 3-D printer.
3216,1,3,37,41,1.1219512195121952,0.06242187264424257,584,"I'm sorry, m'aam. Your description will have to be a bit more specific."
3216,0,5,36,41,1.1219512195121952,0.051739520574625435,584,He was here just a minute ago.
3216,1,3,37,41,1.1219512195121952,0.06242187264424257,584,The google executive management team just ended. You can clean up the room now.
3216,0,5,36,41,1.1219512195121952,0.051739520574625435,584,Looks like the 3-D printer's acting up again.
3216,0,5,36,41,1.1219512195121952,0.051739520574625435,584,"Hello, Service? I think our 3-D printer is on the fritz."
3216,1,3,37,41,1.1219512195121952,0.06242187264424257,584,"Yes sir, but what is the plural of dufus?"
3216,1,3,37,41,1.1219512195121952,0.06242187264424257,584,I think we've just figured out how many Republicans can fit in a room.
3216,1,3,37,41,1.1219512195121952,0.06242187264424257,584,"I knew there was a problem with the photocopying machine, but this is serious."
3216,0,5,36,41,1.1219512195121952,0.051739520574625435,584,"Hello, maintenance -- Mr. Casper has been playing with the 3-D printer again...."
3216,0,5,36,41,1.1219512195121952,0.051739520574625435,584,Someone forgot to close the gate behind them in Accounting.
3216,0,5,36,41,1.1219512195121952,0.051739520574625435,584,"There must be some mistake. He said he'd like to be ""alone"", not ""a clone""..."
3216,0,5,36,41,1.1219512195121952,0.051739520574625435,584,Don't worry. We're going to save a boatload of money on name-tags.
3216,2,1,38,41,1.1219512195121952,0.07152623560300088,584,The staff from the copy room just arrived.
3216,0,5,36,41,1.1219512195121952,0.051739520574625435,584,Something's gone wrong in the clone lab
3216,0,5,36,41,1.1219512195121952,0.051739520574625435,584,I think the meeting of the Copying Department is over.
3216,1,3,37,41,1.1219512195121952,0.06242187264424257,584,"No, no, it worked too well."
3216,0,5,36,41,1.1219512195121952,0.051739520574625435,584,"I am looking for him, can you give me a better description...."
3216,0,5,36,41,1.1219512195121952,0.051739520574625435,584,I don't see him yet. Could you describe him to me again?
3216,1,3,37,41,1.1219512195121952,0.06242187264424257,584,"Yes sir, Congress is here...."
3216,0,5,36,41,1.1219512195121952,0.051739520574625435,584,Was the name of that song Send In The Clones?
3216,1,3,37,41,1.1219512195121952,0.06242187264424257,584,Franklin has picked the focus group again!
3216,0,5,36,41,1.1219512195121952,0.051739520574625435,584,Waldo? Haven't seen 'em.
3216,1,3,37,41,1.1219512195121952,0.06242187264424257,584,"Help, Hurry, pull the plug on the 3d printer"
3216,1,3,37,41,1.1219512195121952,0.06242187264424257,584,"George, I think you need to check the executive copier."
3216,0,5,36,41,1.1219512195121952,0.051739520574625435,584,The guy they send to fix the copy machine is out of control
3216,0,5,36,41,1.1219512195121952,0.051739520574625435,584,You were supposed to clone the manatee.
3216,0,5,36,41,1.1219512195121952,0.051739520574625435,584,What color tie did you say he was wearing?
3216,0,5,36,41,1.1219512195121952,0.051739520574625435,584,You are right. All Bob Smiths look alike.
3216,0,5,36,41,1.1219512195121952,0.051739520574625435,584,I'll be longer than i thought...
3216,0,5,36,41,1.1219512195121952,0.051739520574625435,584,"Dawn, hide the avocado toast. The Millennials are here, and they've taken normcore to the next level."
3216,1,3,37,41,1.1219512195121952,0.06242187264424257,584,Time lapse photo of a guy looking for a bathroom.
3216,1,3,37,41,1.1219512195121952,0.06242187264424257,584,"Help! Lordy, Lordy! Someone unlocked room #444. It's the old mimeograph room incarnate. You know the ditto machine."
3216,0,5,36,41,1.1219512195121952,0.051739520574625435,584,The mensch for your casting call have just schlepped in.
3216,0,5,36,41,1.1219512195121952,0.051739520574625435,584,I think we cloned the wrong guy
3216,1,3,37,41,1.1219512195121952,0.06242187264424257,584,Cancel the mixer!
3216,0,5,36,41,1.1219512195121952,0.051739520574625435,584,"Yes... This is Gretchen? --Doctor Steadman's Assistant? I'm in Building 18, Level C, 7th Floor, East Wing, Hallway 12 J next to Lab 35 B just outside Exit door 16??-- The doppelgangers in Room 7 are escaping?"
3216,1,3,37,41,1.1219512195121952,0.06242187264424257,584,You're clones are here. They are ready to work!
3216,0,5,36,41,1.1219512195121952,0.051739520574625435,584,"Hello tech, we're having a problem with the 3-D printer again."
3216,0,5,36,41,1.1219512195121952,0.051739520574625435,584,Looks like the 3-D printer jammed again.
3216,1,3,37,41,1.1219512195121952,0.06242187264424257,584,your people are looking for my people
3216,0,5,36,41,1.1219512195121952,0.051739520574625435,584,I don't know if I can get trained by all these guys.
3216,1,3,37,41,1.1219512195121952,0.06242187264424257,584,We need someone to fix the 3D printer.
3216,0,5,36,41,1.1219512195121952,0.051739520574625435,584,The Accountant Conference just ended.
3216,0,5,36,41,1.1219512195121952,0.051739520574625435,584,"Yes, they are sending in the clones as I speak."
3216,0,5,36,41,1.1219512195121952,0.051739520574625435,584,Please hurry! We've had a malfunction in Experimental Cloning!
3216,2,1,38,41,1.1219512195121952,0.07152623560300088,584,First the good news: It appears Bob got the 3D printer back online.
3216,0,5,36,41,1.1219512195121952,0.051739520574625435,584,The form says the in-vitro fertilization worked much better than expected.
3216,0,5,36,41,1.1219512195121952,0.051739520574625435,584,This is why there are no opposing views
3216,1,3,37,41,1.1219512195121952,0.06242187264424257,584,STOP THE CLONING OPERATION IMMEDIATELY!!!!!!!!!!
3216,0,5,36,41,1.1219512195121952,0.051739520574625435,584,Let me call you back. I think the copy button is stuck on the 3D printer again.
3216,0,5,36,41,1.1219512195121952,0.051739520574625435,584,The 3D printer is jammed again.
3216,0,5,36,41,1.1219512195121952,0.051739520574625435,584,I think there was a typo Dr. Warren. I thought the grant proposal was to clone a new generation of BOLD men
3216,2,1,38,41,1.1219512195121952,0.07152623560300088,584,"Yes, I need to report a malfunctioning copy machine on the sixth floor."
3216,1,3,37,41,1.1219512195121952,0.06242187264424257,584,Suddenly Cynthia realized that she pushed the wrong copy button.
3216,1,3,37,41,1.1219512195121952,0.06242187264424257,584,Alert HR: The matrix seems to have kicked into overdrive.
3216,1,3,37,41,1.1219512195121952,0.06242187264424257,584,can we skip roll call today Susan
3216,1,3,37,41,1.1219512195121952,0.06242187264424257,584,I finally spotted the man of my dreams!
3216,1,3,37,41,1.1219512195121952,0.06242187264424257,584,"No! Not you, I want him!"
3216,0,5,36,41,1.1219512195121952,0.051739520574625435,584,"Hello? Yes, the accounting department is having problems with their copier again."
3216,0,5,36,41,1.1219512195121952,0.051739520574625435,584,"Yes, they all meet the profile, but..........."
3216,0,5,36,41,1.1219512195121952,0.051739520574625435,584,"I know I said I wanted qualified candidates that fit the corporate mold, but we are a Silicon Valley Start up Company."
3216,1,3,37,41,1.1219512195121952,0.06242187264424257,584,Code Red...the entire Congress showed up wearing too-short ties today...
3216,1,3,37,41,1.1219512195121952,0.06242187264424257,584,"No, I said I wanted CLOWNS for the party."
3216,0,5,36,41,1.1219512195121952,0.051739520574625435,584,Urgent: The 3D printer won't shut down!
3216,1,3,37,41,1.1219512195121952,0.06242187264424257,584,OMG Mr Rogers. I warned Charlie that he was too involved with our CRISPR portfolio.
3216,1,3,37,41,1.1219512195121952,0.06242187264424257,584,"Either the copier is on the fritz... or Fritz is on the copier, again."
3216,0,5,36,41,1.1219512195121952,0.051739520574625435,584,Our 3D printer is caught in a do loop.
3216,1,3,37,41,1.1219512195121952,0.06242187264424257,584,"No, I said to phone Grandpa, not clone him!"
3216,1,3,37,41,1.1219512195121952,0.06242187264424257,584,"Who issued the order to ""send in the clones""?"
3216,0,5,36,41,1.1219512195121952,0.051739520574625435,584,You got your wish...there are at least 100 Stans out here
3216,0,5,36,41,1.1219512195121952,0.051739520574625435,584,The Clone Machine is working.
3216,0,5,36,41,1.1219512195121952,0.051739520574625435,584,What time does the snowplow come by?
3216,1,3,37,41,1.1219512195121952,0.06242187264424257,584,Is this the past or the future?
3216,0,5,36,41,1.1219512195121952,0.051739520574625435,584,I'm just waiting for my turn on the new copier.
3216,0,5,36,41,1.1219512195121952,0.051739520574625435,584,"Hi, this is HR again, my control-v is still stuck"
3216,0,5,36,41,1.1219512195121952,0.051739520574625435,584,The all look alike to me
3216,1,3,37,41,1.1219512195121952,0.06242187264424257,584,We shouldn't have picked Middle Management for our cloning experiment.
3216,0,5,36,41,1.1219512195121952,0.051739520574625435,584,"Yes, I realize Bob said he was against diversity, but this is a bit much."
3216,0,5,36,41,1.1219512195121952,0.051739520574625435,584,"Uh, Roger? Remember when you told HR it would be great to have a whole department of Nevilles?"
3216,2,1,38,41,1.1219512195121952,0.07152623560300088,584,"Yes, they are all here now!"
3216,1,3,37,41,1.1219512195121952,0.06242187264424257,584,"It looks like Jerry took it a little to literally when his theorist told him to ""Find Himself"""
3216,1,3,37,41,1.1219512195121952,0.06242187264424257,584,Could you please send me a more diverse group of candidates?
3216,1,3,37,41,1.1219512195121952,0.06242187264424257,584,"No, I can't give the paper to Mr Jensen. All those Executives look like to me."
3216,0,5,36,41,1.1219512195121952,0.051739520574625435,584,"Don't worry Gina. Chad's are like lemmings, just lead the first one towards the balcony."
3216,0,5,36,41,1.1219512195121952,0.051739520574625435,584,"This is Molly, casting director for ""Invasion of the Zombie CPAs"" - - I asked for 10, not 100!"
3216,1,3,37,41,1.1219512195121952,0.06242187264424257,584,"Sir, we seem to have a problem with the new 3D copying machine."
3216,1,3,37,41,1.1219512195121952,0.06242187264424257,584,Who's in charge? How would I know? They all look alike to me.
3216,0,5,36,41,1.1219512195121952,0.051739520574625435,584,Did we pay last month's clonebill? All I'm getting is white boys.
3216,0,5,36,41,1.1219512195121952,0.051739520574625435,584,I need the phone number of our new temp agency
3216,0,5,36,41,1.1219512195121952,0.051739520574625435,584,I need Human Resources up here right away!
3216,0,5,36,41,1.1219512195121952,0.051739520574625435,584,I'm afraid you're going to have be a little more specific...
3216,0,5,36,41,1.1219512195121952,0.051739520574625435,584,"And the new partners emerge from the breeding cubicles, one by one, moving instinctively toward the executive washroom."
3216,0,5,36,41,1.1219512195121952,0.051739520574625435,584,"Wow, this new 3D printer is so realistic!"
3216,1,3,37,41,1.1219512195121952,0.06242187264424257,584,Who wrote the slope-shouldered pencil-neck purchase order?
3216,1,3,37,41,1.1219512195121952,0.06242187264424257,584,The copier's doing it again...
3216,1,3,37,41,1.1219512195121952,0.06242187264424257,584,Oops! Facial ID system did it again...
3216,0,5,36,41,1.1219512195121952,0.051739520574625435,584,I think our internal audit department has a diversity problem.
3216,1,3,37,41,1.1219512195121952,0.06242187264424257,584,"I'm not going to tell 'em, YOU tell 'em!"
3216,0,5,36,41,1.1219512195121952,0.051739520574625435,584,I'm having a little trouble counting heads.
3216,0,5,36,41,1.1219512195121952,0.051739520574625435,584,"At first it was doubles, doctor, but now I'm seeing multiples."
3216,1,3,37,41,1.1219512195121952,0.06242187264424257,584,"Tall, balding, glasses, thick moustache you said?"
3216,0,5,36,41,1.1219512195121952,0.051739520574625435,584,Couldn't you have made them look sharper?
3216,0,5,36,41,1.1219512195121952,0.051739520574625435,584,We need stricter rules for using the 3-D printer.
3216,0,5,36,41,1.1219512195121952,0.051739520574625435,584,Tell tech support the 3D printer needs rebooting.
3216,1,3,37,41,1.1219512195121952,0.06242187264424257,584,Emergency! Cut the power to that 3D printer now!
3216,0,5,36,41,1.1219512195121952,0.051739520574625435,584,"Can we check the copier settings? I only wanted 1, not 111."
3216,1,3,37,41,1.1219512195121952,0.06242187264424257,584,The 3-D printer is on the Fritz again.
3216,2,1,38,41,1.1219512195121952,0.07152623560300088,584,"Oh, you said clowns. I thought you said clones."
3216,1,3,37,41,1.1219512195121952,0.06242187264424257,584,Which one is Bill? Accountants all look alike to me.
3216,0,5,36,41,1.1219512195121952,0.051739520574625435,584,The Xerox accounting meeting is wrapping up.
3216,1,3,37,41,1.1219512195121952,0.06242187264424257,584,We are looking for an exceptional candidate
3216,0,5,36,41,1.1219512195121952,0.051739520574625435,584,I think we need to call IT about the 3D printer.........
3216,2,1,38,41,1.1219512195121952,0.07152623560300088,584,"I WAS distinct! The ad should have read, 'CLOWNS Wanted For Child's Birthday Party'."
3216,0,5,36,41,1.1219512195121952,0.051739520574625435,584,You'll be pleased to know that the applicant filter is working.
3216,1,3,37,41,1.1219512195121952,0.06242187264424257,584,"Okay, it works--send in Mr. Clooney."
3216,1,3,37,41,1.1219512195121952,0.06242187264424257,584,They're awfully big for second graders.
3216,1,3,37,41,1.1219512195121952,0.06242187264424257,584,Yes Acme clone services? We have a problem with the duplicator again and I can't find the original.
3216,1,3,37,41,1.1219512195121952,0.06242187264424257,584,Hmmmm I guess I didn't get the memo?
3216,1,3,37,41,1.1219512195121952,0.06242187264424257,584,"ID Card department? There is a change in plan, only one photo shoot will be required today."
3216,0,5,36,41,1.1219512195121952,0.051739520574625435,584,"I asked you to send in the clowns, not the clones."
3216,0,5,36,41,1.1219512195121952,0.051739520574625435,584,I think I can recognize him by his face print.
3216,0,5,36,41,1.1219512195121952,0.051739520574625435,584,Does the guy you trying to reach have a middle name?
3216,0,5,36,41,1.1219512195121952,0.051739520574625435,584,I told the lab to only send three clones!
3216,0,5,36,41,1.1219512195121952,0.051739520574625435,584,"""Sigh, Larry's breaking dress code again""."
3216,0,5,36,41,1.1219512195121952,0.051739520574625435,584,When you've seen one you've seen them all
3216,0,5,36,41,1.1219512195121952,0.051739520574625435,584,The Myrons are here for their emasculation celebration.
3216,0,5,36,41,1.1219512195121952,0.051739520574625435,584,I need to talk to the cloning department.
3216,0,5,36,41,1.1219512195121952,0.051739520574625435,584,I think I know who stole our CRISPR machine.
3216,1,3,37,41,1.1219512195121952,0.06242187264424257,584,"You asked for ""Send in the clowns""? I heard ""clones"". Sorry."
3216,1,3,37,41,1.1219512195121952,0.06242187264424257,584,"Surely this qualifies as a see something, say something incident."
3216,0,5,36,41,1.1219512195121952,0.051739520574625435,584,I think central casting has finally perfected their algorithm.
3216,1,3,37,41,1.1219512195121952,0.06242187264424257,584,1200 angry men.
3216,1,3,37,41,1.1219512195121952,0.06242187264424257,584,I think Bob's making progress on the duplicator.
3216,1,3,37,41,1.1219512195121952,0.06242187264424257,584,Yes the casting call was for a penguin
3216,0,5,36,41,1.1219512195121952,0.051739520574625435,584,Welcome to Matrix Hair Restoration. Which one of you is agent Smith?
3216,1,3,37,41,1.1219512195121952,0.06242187264424257,584,"Great news Hillary! The clone machine is fixed, and they're all Democrats!"
3216,0,5,36,41,1.1219512195121952,0.051739520574625435,584,"I'm pretty sure I said I wanted two dozen photocopies of the ""guide"" not the ""guy""..."
3216,1,3,37,41,1.1219512195121952,0.06242187264424257,584,The copier in accounts payable is on the fritz again.
3216,0,5,36,41,1.1219512195121952,0.051739520574625435,584,The 'Orphan Black' accounting team is here.
3216,0,5,36,41,1.1219512195121952,0.051739520574625435,584,Where's the off switch on the cloning machine?
3216,0,5,36,41,1.1219512195121952,0.051739520574625435,584,"...but boss, I placed a help wanted ad for an accountant in the Stepford newspaper just like you asked."
3216,0,5,36,41,1.1219512195121952,0.051739520574625435,584,IT says you are probably standing too close to the copier.
3216,1,3,37,41,1.1219512195121952,0.06242187264424257,584,The Stanleys are here.
3216,0,5,36,41,1.1219512195121952,0.051739520574625435,584,"It's Jenkins from accounting, sir. He's multiplying."
3216,0,5,36,41,1.1219512195121952,0.051739520574625435,584,Hello? This is the number on the side of my cloning machine. Yes I tried unplugging it.
3216,1,3,37,41,1.1219512195121952,0.06242187264424257,584,We're gonna need name tags.
3216,0,5,36,41,1.1219512195121952,0.051739520574625435,584,Actually I do mind holding for customer service for my cloning app.
3216,0,5,36,41,1.1219512195121952,0.051739520574625435,584,Hiring all these clones makes my job in HR much easier.
3216,1,3,37,41,1.1219512195121952,0.06242187264424257,584,"Yeah, Jim's been using the copy machine again."
3216,0,5,36,41,1.1219512195121952,0.051739520574625435,584,Not a problem. What's he wearing?
3216,1,3,37,41,1.1219512195121952,0.06242187264424257,584,The photocopier technicians are here.
3216,1,3,37,41,1.1219512195121952,0.06242187264424257,584,I think we have a problem with the copier.
3216,1,3,37,41,1.1219512195121952,0.06242187264424257,584,We need to diversify our workforce. They all look alike to me.
3216,1,3,37,41,1.1219512195121952,0.06242187264424257,584,The lemmings have arrived!
3216,1,3,37,41,1.1219512195121952,0.06242187264424257,584,"Maintenance, we have a multi-copy jam again!"
3216,0,5,36,41,1.1219512195121952,0.051739520574625435,584,The Matrix would like to see you.
3216,1,3,37,41,1.1219512195121952,0.06242187264424257,584,"Yes, hello, I’d like to report a non-hostile corporate takeover."
3216,1,3,37,41,1.1219512195121952,0.06242187264424257,584,George has been tinkering with the 3D printer again.
3216,0,5,36,41,1.1219512195121952,0.051739520574625435,584,Schrodinger's here. We're holding him for observation.
3216,1,3,37,41,1.1219512195121952,0.06242187264424257,584,I think there is something wrong with the copier.
3216,1,3,37,41,1.1219512195121952,0.06242187264424257,584,The mannequerian candidates have arrived.
3216,1,3,37,41,1.1219512195121952,0.06242187264424257,584,Looks like the clone machine is back up and running
3216,0,5,36,41,1.1219512195121952,0.051739520574625435,584,"Security,."" we have enough suspects for the lineup."
3216,0,5,36,41,1.1219512195121952,0.051739520574625435,584,Hey Frank? We need to rethink our diversity initiative.
3216,0,5,36,41,1.1219512195121952,0.051739520574625435,584,They don't seem to understand who they're wearing.
3216,0,5,36,41,1.1219512195121952,0.051739520574625435,584,Tell Ralph to stop playing around with the new 3D printer.
3216,0,5,36,41,1.1219512195121952,0.051739520574625435,584,The androids are on the move and appear to be looking for the coat check room.
3216,2,1,38,41,1.1219512195121952,0.07152623560300088,584,Looks like the copier is broken again.
3216,0,5,36,41,1.1219512195121952,0.051739520574625435,584,"Headquarters, I found Walter. Copy that."
3216,0,5,36,41,1.1219512195121952,0.051739520574625435,584,"Ma'am, I'm afraid I'm gonna have to call you back in 2020."
3216,1,3,37,41,1.1219512195121952,0.06242187264424257,584,Uh oh! The copier is on the Fritz again!
3216,1,3,37,41,1.1219512195121952,0.06242187264424257,584,GMO vs. Organic
3216,1,3,37,41,1.1219512195121952,0.06242187264424257,584,I'll have 85 turkey on ryes.
3216,1,3,37,41,1.1219512195121952,0.06242187264424257,584,"Don't wig out, but there are way too many guys here for the toupee free trial."
3216,0,5,36,41,1.1219512195121952,0.051739520574625435,584,"Not clones, I said clowns."
3216,0,5,36,41,1.1219512195121952,0.051739520574625435,584,The Alberts are on the move. Release the Sheilas.
3216,0,5,36,41,1.1219512195121952,0.051739520574625435,584,"Quick, send in the clones. Oh, wait, don't bother, they're here."
3216,1,3,37,41,1.1219512195121952,0.06242187264424257,584,"I'd call it an identity crisis. Not only do they look alike, but appear to all wear matching neckties."
3216,1,3,37,41,1.1219512195121952,0.06242187264424257,584,"Hey Alice, the copier is broken again!"
3216,1,3,37,41,1.1219512195121952,0.06242187264424257,584,Babemagnet4427?
3216,1,3,37,41,1.1219512195121952,0.06242187264424257,584,The clones have reached critical mass. Release the iPhones.
3216,0,5,36,41,1.1219512195121952,0.051739520574625435,584,You call this diversity ?
3216,1,3,37,41,1.1219512195121952,0.06242187264424257,584,"Hi, is this tech support? My husband is having some trouble with CTRL-V."
3216,1,3,37,41,1.1219512195121952,0.06242187264424257,584,I thought you said tech companies were hiring women now?
3216,1,3,37,41,1.1219512195121952,0.06242187264424257,584,The Cabinet meeting just ended.
3216,1,3,37,41,1.1219512195121952,0.06242187264424257,584,The auditors are swarming.
3216,1,3,37,41,1.1219512195121952,0.06242187264424257,584,The corporate compliance training program seems to have worked tremendously this time.
3216,0,5,36,41,1.1219512195121952,0.051739520574625435,584,Cancel the order on another copying machine.
3216,0,5,36,41,1.1219512195121952,0.051739520574625435,584,Yes I'm here at the national meeting of the Association of Certified Public Accountants.
3216,0,5,36,41,1.1219512195121952,0.051739520574625435,584,Looks like the 'Dolly Project' failed to adequately budget for supplemental employees.
3216,1,3,37,41,1.1219512195121952,0.06242187264424257,584,I thought I clicked on diversity.
3216,1,3,37,41,1.1219512195121952,0.06242187264424257,584,"Bald guy, mustache, no jacket? Hold on and let me find him."
3216,0,5,36,41,1.1219512195121952,0.051739520574625435,584,I think you can stop the printer now. We have enough.
3216,1,3,37,41,1.1219512195121952,0.06242187264424257,584,Call A.I. and tell them to turn off the copy machine.
3216,1,3,37,41,1.1219512195121952,0.06242187264424257,584,"I can't get the machine to stop cloning ""generic middle manager"""
3216,0,5,36,41,1.1219512195121952,0.051739520574625435,584,The casting call was way too specific.
3216,1,3,37,41,1.1219512195121952,0.06242187264424257,584,"Yes, please give me your service department: our copier is malfunctioning again."
3216,1,3,37,41,1.1219512195121952,0.06242187264424257,584,Tech support? We're having a serious problem with the copier.
3216,2,1,38,41,1.1219512195121952,0.07152623560300088,584,"What do you mean my clones are here? I said ""send in the CLOWNS!"""
3216,1,3,37,41,1.1219512195121952,0.06242187264424257,584,"I said the meeting was ""same place, same time"" not ""same face, same tie!"""
3216,2,1,38,41,1.1219512195121952,0.07152623560300088,584,We're having cake in the cloning department if you want to come down.
3216,2,1,38,41,1.1219512195121952,0.07152623560300088,584,Hello? We have office lemmings again.
3216,0,5,36,41,1.1219512195121952,0.051739520574625435,584,"That's right, but instead of human flesh they want Arthur's dinner, La-Z-Boy, a hard lemonade, and Netflix."
3216,0,5,36,41,1.1219512195121952,0.051739520574625435,584,"My god, they're breeding like CPA's!"
3216,0,5,36,41,1.1219512195121952,0.051739520574625435,584,I told them the 3d printer could be a problem.
3216,1,3,37,41,1.1219512195121952,0.06242187264424257,584,"As far as I can tell, they're all named Bob."
3216,1,3,37,41,1.1219512195121952,0.06242187264424257,584,He's just coming out now. I never forget a face.
3216,0,5,36,41,1.1219512195121952,0.051739520574625435,584,I found the lost ... but lost the found.
3216,0,5,36,41,1.1219512195121952,0.051739520574625435,584,They look great but can they all do the Macarena?
3216,0,5,36,41,1.1219512195121952,0.051739520574625435,584,I called Bob's name but then they all came in!
3216,1,3,37,41,1.1219512195121952,0.06242187264424257,584,My husband's new phone was hacked and it went viral....
3216,0,5,36,41,1.1219512195121952,0.051739520574625435,584,HR here. Tech help PDQ. 3D printer malfunction.
3216,0,5,36,41,1.1219512195121952,0.051739520574625435,584,They all look the same. What do I do now?
3216,0,5,36,41,1.1219512195121952,0.051739520574625435,584,"Hello, Acme CRISPR Service? Our copier’s on the blink again."
3216,1,3,37,41,1.1219512195121952,0.06242187264424257,584,"When his profile said he was ""one in a million,"" I didn't take it literally."
3216,1,3,37,41,1.1219512195121952,0.06242187264424257,584,HR? We need to talk about the orientation process.
3216,1,3,37,41,1.1219512195121952,0.06242187264424257,584,I wanted to rent 'A Thousand Clowns'; not a thousand CLONES.
3216,1,3,37,41,1.1219512195121952,0.06242187264424257,584,Something has gone terribly wrong in Lab 47.
3216,1,3,37,41,1.1219512195121952,0.06242187264424257,584,Hey! Remember that new copier we got for the DNA lab?
3216,0,5,36,41,1.1219512195121952,0.051739520574625435,584,I think there's been a mix-up. I ordered 100 Brad Pitt clones.
3216,1,3,37,41,1.1219512195121952,0.06242187264424257,584,We'll figure out who your husband is and have him call home as soon as we get the DNA tests back in a couple of months.
3216,1,3,37,41,1.1219512195121952,0.06242187264424257,584,The 3D printer is running a mock.
3216,0,5,36,41,1.1219512195121952,0.051739520574625435,584,"I've got to go, Mom. Tom's coming out of his meeting."
3216,1,3,37,41,1.1219512195121952,0.06242187264424257,584,"""Apparently they've reached aggreement."
3216,1,3,37,41,1.1219512195121952,0.06242187264424257,584,"Yes, they all graduated from Penn."
3216,0,5,36,41,1.1219512195121952,0.051739520574625435,584,Tell Walter his clones are loose again.
3216,0,5,36,41,1.1219512195121952,0.051739520574625435,584,They're demanding their stapler back.
3216,1,3,37,41,1.1219512195121952,0.06242187264424257,584,Sid used the 3-D printer for selfies again last night.
3216,0,5,36,41,1.1219512195121952,0.051739520574625435,584,Employee Relations? We need a diversity specialist here stat.
3216,1,3,37,41,1.1219512195121952,0.06242187264424257,584,We're ready to begin the reliability test for the iPhone X.
3216,1,3,37,41,1.1219512195121952,0.06242187264424257,584,"On a positive note, we should be able to fill that opening in accounts payable."
3216,1,3,37,41,1.1219512195121952,0.06242187264424257,584,"I think we have a diversity problem here, Bob."
3216,1,3,37,41,1.1219512195121952,0.06242187264424257,584,"Yes sir, I do believe our new diversity policy will have an impact."
3216,0,5,36,41,1.1219512195121952,0.051739520574625435,584,I thought you hired just three.
3216,1,3,37,41,1.1219512195121952,0.06242187264424257,584,Mr. Smith is here to see you again...and again...and again...and again...and again.. .and again..
3216,0,5,36,41,1.1219512195121952,0.051739520574625435,584,"I said phone, not clone."
3216,1,3,37,41,1.1219512195121952,0.06242187264424257,584,I'm afraid the infinite monkeys got access to the human genome and have cloned an infinite number of Hamlets.
3216,2,1,38,41,1.1219512195121952,0.07152623560300088,584,I'm afraid there's been a misunderstanding. We asked you to send in the clowns.
3216,0,5,36,41,1.1219512195121952,0.051739520574625435,584,The Taylor Swift fan club is here.
3216,1,3,37,41,1.1219512195121952,0.06242187264424257,584,"Clowns, dammit. I said we needed clowns!"
3216,1,3,37,41,1.1219512195121952,0.06242187264424257,584,It looks like the 3D copier needs tweeking.
3216,0,5,36,41,1.1219512195121952,0.051739520574625435,584,"I'm beginning to think the boss has a ""type"""
3216,1,3,37,41,1.1219512195121952,0.06242187264424257,584,"Oh, there you are Mr. Burns, I've been looking all over for you."
3216,1,3,37,41,1.1219512195121952,0.06242187264424257,584,Just how specific were your job applicant requirements?
3216,0,5,36,41,1.1219512195121952,0.051739520574625435,584,"Just heading over to the set of the new zombie show, the Walking Fred"
3216,0,5,36,41,1.1219512195121952,0.051739520574625435,584,They heard there was a tax deduction around here.
3216,1,3,37,41,1.1219512195121952,0.06242187264424257,584,"Ylou sent clones when the theme of the party was "" send in the clowns "" !"
3216,0,5,36,41,1.1219512195121952,0.051739520574625435,584,The Clone Machine is working.
3216,1,3,37,41,1.1219512195121952,0.06242187264424257,584,"Look, Janet, we've all got a lot on our plate OK!"
3216,1,3,37,41,1.1219512195121952,0.06242187264424257,584,It was John Doe you wanted?
3216,1,3,37,41,1.1219512195121952,0.06242187264424257,584,The conference is going well. It just lacks variety.
3216,1,3,37,41,1.1219512195121952,0.06242187264424257,584,"No, I never saw the anti-diversity memo."
3216,1,3,37,41,1.1219512195121952,0.06242187264424257,584,Talk about bad stock options.
3216,1,3,37,41,1.1219512195121952,0.06242187264424257,584,Not exactly the clones I was looking for....
3216,0,5,36,41,1.1219512195121952,0.051739520574625435,584,"Yes, I'm quite sure the cloning experiment was a success"
3216,1,3,37,41,1.1219512195121952,0.06242187264424257,584,"Hello, I'd like to report a clone spill on the fifth floor."
3216,1,3,37,41,1.1219512195121952,0.06242187264424257,584,"I said ""Send in the CLOWNS"""
3216,1,3,37,41,1.1219512195121952,0.06242187264424257,584,Please let the director know that the actors auditioning for the role of 'Bald Man with Glasses and Mustache' have arrived.
3216,0,5,36,41,1.1219512195121952,0.051739520574625435,584,That copier salesman really earned his commission.
3216,1,3,37,41,1.1219512195121952,0.06242187264424257,584,I think I remember where we found Al from Accounting
3216,2,1,38,41,1.1219512195121952,0.07152623560300088,584,The off button on the 3D printer is stuck again
3216,1,3,37,41,1.1219512195121952,0.06242187264424257,584,"I need a reservation for Clones, party of 100."
3216,1,3,37,41,1.1219512195121952,0.06242187264424257,584,"Copy machine operator? Click ""Quality."""
3216,0,5,36,41,1.1219512195121952,0.051739520574625435,584,I think there's a problem with the copier.
3216,1,3,37,41,1.1219512195121952,0.06242187264424257,584,I forgot to reset the 3D printer to one
3216,1,3,37,41,1.1219512195121952,0.06242187264424257,584,"No, no, the director said clowns, not clones"
3216,0,5,36,41,1.1219512195121952,0.051739520574625435,584,They sent in the clones.
3216,0,5,36,41,1.1219512195121952,0.051739520574625435,584,The casting call applicants for 'Cloned Zombie Accountants' have arrived.
3604,0,5,37,42,1.119047619047619,0.05057601944205112,584,"Beverly, I think the clone machine is on the fritz again."
3604,0,5,37,42,1.119047619047619,0.05057601944205112,584,I didn't mean the term random accountants to be used literally..
3604,0,5,37,42,1.119047619047619,0.05057601944205112,584,I think we should tweak the hiring algorithm as soon as possible.
3604,1,3,38,42,1.119047619047619,0.060986670088086975,584,"Well, they sing a very moving song called 'Send in the Clones,' but I think we'll need Aldo in wardrobe to work his magic."
3604,0,5,37,42,1.119047619047619,0.05057601944205112,584,"No, I said 250 copies FOR Ned Finklestein, not OF Ned Finklestein!"
3604,1,3,38,42,1.119047619047619,0.060986670088086975,584,Remember that cloning experiment we were working on.
3604,0,5,37,42,1.119047619047619,0.05057601944205112,584,You say your uncle's missing. Can you describe him?
3611,0,6,45,51,1.1176470588235294,0.04556450995538139,584,"This is DoD calling. We ordered the ""Clone Warriors,"" not the ""Clone Lawyers."""
3612,1,3,39,43,1.1162790697674418,0.059615808787130756,584,This is just to let you know that we in the cloning department have met and exceeded our monthly quota. You can ship them out to the Amazon fullfillment center any time.
3612,1,3,39,43,1.1162790697674418,0.059615808787130756,584,We have a white male problem.
3612,0,5,38,43,1.1162790697674418,0.04946336973228635,584,"Yes, I'll let him know when he comes in."
3612,0,5,38,43,1.1162790697674418,0.04946336973228635,584,It appears that the accountant cloning experiment was a great success.
3616,0,6,47,53,1.1132075471698113,0.043938680706010445,584,Wow! The gene editing really works!
3617,0,5,40,45,1.1111111111111112,0.047377936967913425,584,The clones have landed.
3617,0,5,40,45,1.1111111111111112,0.047377936967913425,584,"No, no decision yet."
3617,0,6,48,54,1.1111111111111112,0.043168260549211725,584,It's either a flash-mob or our COBOL programmers are molting.
3620,0,5,41,46,1.108695652173913,0.04639945099589022,584,Tell Payroll it's going to be a late night.
3621,0,4,33,37,1.1081081081081081,0.05175281663547772,584,"The cloning technology is perfect, we're just missing that ""wow"" factor"
3621,0,4,33,37,1.1081081081081081,0.05175281663547772,584,Are you ready for the next replicant?
3621,0,4,33,37,1.1081081081081081,0.05175281663547772,584,There's a problem -- we didn't include anything to hold the pocket protector.
3621,0,4,33,37,1.1081081081081081,0.05175281663547772,584,Another day at the office
3621,0,4,33,37,1.1081081081081081,0.05175281663547772,584,The copying machine has gone out of control again.
3621,1,2,34,37,1.1081081081081081,0.06465180222706,584,"Hello, yes, let me call you back -- the Gary's just got out of the meeting on equality."
3621,1,2,34,37,1.1081081081081081,0.06465180222706,584,"No! No! No! I said ""Phones!"" Not clones!"
3621,0,4,33,37,1.1081081081081081,0.05175281663547772,584,Looks like the cloning experiment was a huge success.
3621,0,4,33,37,1.1081081081081081,0.05175281663547772,584,"They've sent in the clowns, ummmm....clones."
3621,1,2,34,37,1.1081081081081081,0.06465180222706,584,It looks like the copier is on the fritz again.
3621,0,4,33,37,1.1081081081081081,0.05175281663547772,584,The clones have arrived
3621,1,2,34,37,1.1081081081081081,0.06465180222706,584,I feel like our company could benefit from some workplace diversity.
3621,0,4,33,37,1.1081081081081081,0.05175281663547772,584,"Supply room? I asked for two dozen file folders, not 24 Phil Fodders!"
3621,0,4,33,37,1.1081081081081081,0.05175281663547772,584,We’re lousy with Bobs from accounts payable.
3621,1,2,34,37,1.1081081081081081,0.06465180222706,584,"Mr. President, your TwitterBots are here to see you."
3621,1,2,34,37,1.1081081081081081,0.06465180222706,584,"No! Really, they all look alike."
3621,0,4,33,37,1.1081081081081081,0.05175281663547772,584,They say they have a meeting with... Agent Smith.
3621,1,2,34,37,1.1081081081081081,0.06465180222706,584,"Hello Human Resources, I think that we need a meeting soon to discuss workforce diversity."
3621,0,4,33,37,1.1081081081081081,0.05175281663547772,584,The Xerox board meeting adjourns.
3621,1,2,34,37,1.1081081081081081,0.06465180222706,584,Please tell the president that all the applicants for open cabinet posts have arrived.
3621,0,4,33,37,1.1081081081081081,0.05175281663547772,584,I have to talk to HR about updating our 3-D printer algorithms.
3621,0,4,33,37,1.1081081081081081,0.05175281663547772,584,Someone forgot to turn the accountant cloning machine off last night.
3621,1,2,34,37,1.1081081081081081,0.06465180222706,584,"Did you hit ""reply all"" again?"
3621,0,4,33,37,1.1081081081081081,0.05175281663547772,584,Can I tell them who's calling?
3621,1,2,34,37,1.1081081081081081,0.06465180222706,584,"Uh, yes ma'am, I'd say the new team appears to be like-minded."
3621,1,2,34,37,1.1081081081081081,0.06465180222706,584,Bill fixed the copy machine.
3621,0,4,33,37,1.1081081081081081,0.05175281663547772,584,Hello IT? That new copier is on the fritz again.
3621,0,4,33,37,1.1081081081081081,0.05175281663547772,584,Are you sure your identity has not been stolen?
3621,0,4,33,37,1.1081081081081081,0.05175281663547772,584,Call accounting. We have a new batch on their way over from the clone lab.
3621,0,4,33,37,1.1081081081081081,0.05175281663547772,584,"Now, send in the clowns."
3621,1,2,34,37,1.1081081081081081,0.06465180222706,584,Oh my God! I wanted John to go to the Phone Lab. Instead he went to the Clone Lab!
3621,1,2,34,37,1.1081081081081081,0.06465180222706,584,Who's our diversity officer?
3621,0,4,33,37,1.1081081081081081,0.05175281663547772,584,"We're ready to start the auditions for ""Zombie Accountants""."
3621,0,4,33,37,1.1081081081081081,0.05175281663547772,584,I ordered a gross of cones. Not clones!
3621,0,4,33,37,1.1081081081081081,0.05175281663547772,584,You call this marching in formation?
3621,0,4,33,37,1.1081081081081081,0.05175281663547772,584,Something's wrong with the copy machine.
3621,1,2,34,37,1.1081081081081081,0.06465180222706,584,"I requisitioned 100 phones, not clones."
3621,1,2,34,37,1.1081081081081081,0.06465180222706,584,"May I speak with Mr. John Doe, please?"
3621,0,4,33,37,1.1081081081081081,0.05175281663547772,584,"Frankly, Sir, all you middle age white guys look alike to me."
3621,0,4,33,37,1.1081081081081081,0.05175281663547772,584,I need to talk with you regarding that new 3-D printer.
3621,0,4,33,37,1.1081081081081081,0.05175281663547772,584,Just in: We have a bias in our hiring practices.
3621,0,4,33,37,1.1081081081081081,0.05175281663547772,584,Peters. With an 's'.
3621,0,4,33,37,1.1081081081081081,0.05175281663547772,584,Now I understand why cloning should be illegal.
3621,0,4,33,37,1.1081081081081081,0.05175281663547772,584,Uh oh. Looks like Accounting has let slip the dogs of war again.
3621,1,2,34,37,1.1081081081081081,0.06465180222706,584,"No, nothing special. Just samo-samo."
3621,1,2,34,37,1.1081081081081081,0.06465180222706,584,"Cliff, get down here. We've got a leak in accounting."
3621,0,4,33,37,1.1081081081081081,0.05175281663547772,584,That efficiency consultant you retained just arrived.
3621,0,4,33,37,1.1081081081081081,0.05175281663547772,584,"Yes, I would like to expedite his prescription!"
3621,0,4,33,37,1.1081081081081081,0.05175281663547772,584,"Why, yes, we've got plenty in stock right now. Which model were you most interested in?"
3621,1,2,34,37,1.1081081081081081,0.06465180222706,584,Exit polls show a surprising uniformity in voters' intentions.
3621,2,0,35,37,1.1081081081081081,0.07537477716523201,584,I told you to send in the clowns!
3621,1,2,34,37,1.1081081081081081,0.06465180222706,584,Hurry! Charlie has cloned himself!
3621,0,4,33,37,1.1081081081081081,0.05175281663547772,584,Carl's been at the 3D printer again...
3621,0,4,33,37,1.1081081081081081,0.05175281663547772,584,"Bob, the Katz brothers are here."
3621,0,4,33,37,1.1081081081081081,0.05175281663547772,584,We have to change the formula.
3621,0,4,33,37,1.1081081081081081,0.05175281663547772,584,It's the copy machine again.
3621,0,4,33,37,1.1081081081081081,0.05175281663547772,584,What do you mean there is no second phase to this project!
3621,1,2,34,37,1.1081081081081081,0.06465180222706,584,"Boss, something has gone terribly wrong with the sex dolls."
3621,1,2,34,37,1.1081081081081081,0.06465180222706,584,How will I know him? They all look alike to me.
3621,1,2,34,37,1.1081081081081081,0.06465180222706,584,The bio-research department solved our employee conflict issues but our diversity goals took a hit in the process
3621,1,2,34,37,1.1081081081081081,0.06465180222706,584,"Not only has the copier gone haywire, but we'll never make our diversity targets."
3621,0,4,33,37,1.1081081081081081,0.05175281663547772,584,I think he's having an identity crisis.
3621,1,2,34,37,1.1081081081081081,0.06465180222706,584,Get maintenance down here: someone didn't turn off the cloning machine last night.
3621,0,4,33,37,1.1081081081081081,0.05175281663547772,584,I said I needed clowns for the party. Not clones!
3621,0,4,33,37,1.1081081081081081,0.05175281663547772,584,"When I said we were no longer considering other candidates, I think you misunderstood."
3621,1,2,34,37,1.1081081081081081,0.06465180222706,584,I'm supposed to meet with the copy editors.
3621,0,4,33,37,1.1081081081081081,0.05175281663547772,584,I think we should crank up the randomizer.
3621,1,2,34,37,1.1081081081081081,0.06465180222706,584,"Yes, Mr. President, I'd suggest another wall ASAP."
3621,0,4,33,37,1.1081081081081081,0.05175281663547772,584,Neo? Trinity's father is here to see you.
3621,1,2,34,37,1.1081081081081081,0.06465180222706,584,"The Hitler clones have arrived, but they did not age well."
3621,0,4,33,37,1.1081081081081081,0.05175281663547772,584,"""Where's Waldo"", 25th Anniversary edition"
3621,0,4,33,37,1.1081081081081081,0.05175281663547772,584,"Hello, Fire Marshal? Overcrowding at the Schlub Convention."
3621,1,2,34,37,1.1081081081081081,0.06465180222706,584,I think they made too many copies
3621,0,4,33,37,1.1081081081081081,0.05175281663547772,584,They seem harmless -- it's just that there are so many of them.
3621,0,4,33,37,1.1081081081081081,0.05175281663547772,584,"I thought I went to the right room, but this doesn't look like the diversity conference."
3621,0,4,33,37,1.1081081081081081,0.05175281663547772,584,HR? Can you send us a few diversity candidates?
3621,1,2,34,37,1.1081081081081081,0.06465180222706,584,The copy machine is broken.
3621,2,0,35,37,1.1081081081081081,0.07537477716523201,584,"I requested ""Send in the Clowns"" , not ""Clones"" !"
3621,0,4,33,37,1.1081081081081081,0.05175281663547772,584,"If I haven't already missed the stockade cartoon, then my caption is as follows: I prefer stock art to hanging the Masters."
3621,0,4,33,37,1.1081081081081081,0.05175281663547772,584,"Nothing on sexual harassment, but we may have proof of group think."
3621,0,4,33,37,1.1081081081081081,0.05175281663547772,584,"I had texted, ""Send in the clowns."""
3621,0,4,33,37,1.1081081081081081,0.05175281663547772,584,Yes Mr. President. I understand. Russian geeks cannot emigrate to the U.S. unless the know how to hack into the DNC.
3621,0,4,33,37,1.1081081081081081,0.05175281663547772,584,"Get me the 3D Printing Department, and please hurry!"
3621,1,2,34,37,1.1081081081081081,0.06465180222706,584,They're coming out of the printing department.
3621,0,4,33,37,1.1081081081081081,0.05175281663547772,584,"I said a 100 drones by Friday, not a 100 clones of Freddie."
3621,0,4,33,37,1.1081081081081081,0.05175281663547772,584,"Mr. Washburn, your clones have arrived."
3621,0,4,33,37,1.1081081081081081,0.05175281663547772,584,"Mr. Cheney, your clones are here. Shall I put them in conference room 4?"
3621,0,4,33,37,1.1081081081081081,0.05175281663547772,584,"George, the copier clone function is acting up again!"
3621,1,2,34,37,1.1081081081081081,0.06465180222706,584,"""No not really, other than they're not wearing jackets""."
3621,1,2,34,37,1.1081081081081081,0.06465180222706,584,Can we get Maintenance up to floor nine? We've got Walters.
3621,1,2,34,37,1.1081081081081081,0.06465180222706,584,"Get serious, Wilson, stop cloning around."
3621,0,4,33,37,1.1081081081081081,0.05175281663547772,584,They didn't get the memo about needing to wear jackets.
3621,1,2,34,37,1.1081081081081081,0.06465180222706,584,They all look 50.
3621,1,2,34,37,1.1081081081081081,0.06465180222706,584,"No, I'm sorry, he hasn't arrived yet."
3621,0,4,33,37,1.1081081081081081,0.05175281663547772,584,"""Wait,you want the guy with the white shirt and tie with stripes?."
3621,1,2,34,37,1.1081081081081081,0.06465180222706,584,Do you give a volume discount?
3621,0,4,33,37,1.1081081081081081,0.05175281663547772,584,I think the job description might have been too specific.
3621,0,4,33,37,1.1081081081081081,0.05175281663547772,584,You forgot to break the mould!!!
3621,0,4,33,37,1.1081081081081081,0.05175281663547772,584,I think the copier is broken again.
3621,0,4,33,37,1.1081081081081081,0.05175281663547772,584,"No, not the living dead. Honestly, I'm not really sure what kind of apocalypse that email triggered."
3621,0,4,33,37,1.1081081081081081,0.05175281663547772,584,We really need to restrict Greg's access to the 3D printer.
3621,0,4,33,37,1.1081081081081081,0.05175281663547772,584,"Security, the clones are loose again."
3621,1,2,34,37,1.1081081081081081,0.06465180222706,584,"Tell me again, which one did you want?"
3621,1,2,34,37,1.1081081081081081,0.06465180222706,584,"No! I said, ""clone my phone""... ... not ""clone Mike Rowe"""
3621,0,4,33,37,1.1081081081081081,0.05175281663547772,584,Send Security to the copy room.
3621,0,4,33,37,1.1081081081081081,0.05175281663547772,584,Please send someone down to the copying department right away.
3621,0,4,33,37,1.1081081081081081,0.05175281663547772,584,Hello Central Casting? Thanks for all your help for our clone movie!
3621,2,0,35,37,1.1081081081081081,0.07537477716523201,584,"Sir, please hurry! Something terrible has gone wrong in the penguin lab."
3621,1,2,34,37,1.1081081081081081,0.06465180222706,584,"I thought you said ""clown"" convention; I think I'm outside the ""clone"" convention."
3621,1,2,34,37,1.1081081081081081,0.06465180222706,584,"There all so handsome, I don't know which one to choose."
3621,0,4,33,37,1.1081081081081081,0.05175281663547772,584,I must say I like the diversity in the applicants.
3621,1,2,34,37,1.1081081081081081,0.06465180222706,584,"No.I said send in the next applicants,not replicants."
3621,0,4,33,37,1.1081081081081081,0.05175281663547772,584,"Hello, Geek Squad? The copier is on the fritz again."
3621,1,2,34,37,1.1081081081081081,0.06465180222706,584,Is there any chance we have a cloning division?
3621,0,4,33,37,1.1081081081081081,0.05175281663547772,584,When can you get somewhere to fix the copy machine?
3621,1,2,34,37,1.1081081081081081,0.06465180222706,584,"Call security, Harvey has been fooling around with the 3-D printer again."
3621,1,2,34,37,1.1081081081081081,0.06465180222706,584,I warned you we would be seeing a lot of him.
3621,0,4,33,37,1.1081081081081081,0.05175281663547772,584,I need a new profile. Not a one is my type.
3621,0,4,33,37,1.1081081081081081,0.05175281663547772,584,Bob's been messing with the 3-D printer again.
3621,0,4,33,37,1.1081081081081081,0.05175281663547772,584,"Regarding the actor needed to play the part of Mortimer, your highly detailed description of a big-nosed, bald man and a striped tie overlying a jacketless white shirt was enormously successful - come see for yourself and don't forget the contract."
3621,0,4,33,37,1.1081081081081081,0.05175281663547772,584,The clones have arrived
3621,0,4,33,37,1.1081081081081081,0.05175281663547772,584,"Yes. I do. I remember ""The Thomas Crown Affair""."
3621,0,4,33,37,1.1081081081081081,0.05175281663547772,584,I thought you'd said you we.re releasing the Kraken.
3621,0,4,33,37,1.1081081081081081,0.05175281663547772,584,He is all here for the interview.
3621,1,2,34,37,1.1081081081081081,0.06465180222706,584,Ned from accounting is stuck in the Cloneamatic again.
3621,2,0,35,37,1.1081081081081081,0.07537477716523201,584,And get this. Every last one of them left the seat up.
3621,0,4,33,37,1.1081081081081081,0.05175281663547772,584,The new diversity team is arriving as we speak.
3621,0,4,33,37,1.1081081081081081,0.05175281663547772,584,"I am looking for a guy they call ""Baldy"". He said he would be wearing a striped tie. Joe Pitts Washington, DC"
3621,0,4,33,37,1.1081081081081081,0.05175281663547772,584,"Well, we did describe ourselves to each other."
3621,1,2,34,37,1.1081081081081081,0.06465180222706,584,I think they're heading for the windows.
3621,0,4,33,37,1.1081081081081081,0.05175281663547772,584,It's dozens of them and they all look like Ernie except without that sexy eyebrow arch.
3621,1,2,34,37,1.1081081081081081,0.06465180222706,584,Something's gone seriously wrong with the copier ...
3621,1,2,34,37,1.1081081081081081,0.06465180222706,584,"Hello, Maintenance? The copier is showboating again."
3621,1,2,34,37,1.1081081081081081,0.06465180222706,584,"Call the repair service, the copier is doing it again."
3621,0,4,33,37,1.1081081081081081,0.05175281663547772,584,"Quick, stock up on grey flannel."
3621,2,0,35,37,1.1081081081081081,0.07537477716523201,584,I think accounting has found the 3-D copier.
3621,0,4,33,37,1.1081081081081081,0.05175281663547772,584,Remember that wish you made about cloning your best salesman?
3621,0,4,33,37,1.1081081081081081,0.05175281663547772,584,"That moment when you meet babe's other personalities, but you are nine months into deep."
3621,0,4,33,37,1.1081081081081081,0.05175281663547772,584,Bad news. We cloned the wrong Frank Jones.
3621,0,4,33,37,1.1081081081081081,0.05175281663547772,584,"Sorry, I have to go. The copymachine is on the fritz again."
3621,1,2,34,37,1.1081081081081081,0.06465180222706,584,Surprisingly effective part of the motivation program.
3621,1,2,34,37,1.1081081081081081,0.06465180222706,584,Send a technician. The 3D printer is broken.
3621,1,2,34,37,1.1081081081081081,0.06465180222706,584,The good news is she's down to one personality.
3621,1,2,34,37,1.1081081081081081,0.06465180222706,584,"Mr. Jones from accounting and his army of clones have arrived, sir."
3621,1,2,34,37,1.1081081081081081,0.06465180222706,584,"But I said ""Send in the clowns. . . """
3621,0,4,33,37,1.1081081081081081,0.05175281663547772,584,I didn't call for you
3621,0,4,33,37,1.1081081081081081,0.05175281663547772,584,Quick! Call the repair shop! The duplicating printer has gone out of control.
3621,1,2,34,37,1.1081081081081081,0.06465180222706,584,I think somebody over spiked the Kool-Aid.
3621,0,4,33,37,1.1081081081081081,0.05175281663547772,584,The results of the Cloning Experiment are in.
3621,0,4,33,37,1.1081081081081081,0.05175281663547772,584,I needed a hundred bucks not a hundred Chucks
3621,0,4,33,37,1.1081081081081081,0.05175281663547772,584,Looks like the 3D printer won't stop.
3621,0,4,33,37,1.1081081081081081,0.05175281663547772,584,...but apparently I registered at Mitch.com.
3621,1,2,34,37,1.1081081081081081,0.06465180222706,584,How many Clarence clones did you order?
3621,0,4,33,37,1.1081081081081081,0.05175281663547772,584,"girl, i'm gonna fuck tonight"
3621,0,4,33,37,1.1081081081081081,0.05175281663547772,584,"Sir, the Johnson & Johnsons Company is here to see you."
3621,1,2,34,37,1.1081081081081081,0.06465180222706,584,"So on the workplace diversity issue, I'm happy to report it's a unanimous ""no problem"" from Google's engineers."
3621,0,4,33,37,1.1081081081081081,0.05175281663547772,584,"Quick, the toner is about to run out in the 3D printer."
3621,2,0,35,37,1.1081081081081081,0.07537477716523201,584,"I assumed I was only ordering the tie, not the human wearing it."
3621,0,4,33,37,1.1081081081081081,0.05175281663547772,584,It's the copy machine again.
3621,1,2,34,37,1.1081081081081081,0.06465180222706,584,Tell Mr. Trump his personal leal time is here.
3621,0,4,33,37,1.1081081081081081,0.05175281663547772,584,"Yes, I'm sure the cloning project was a success."
3621,0,4,33,37,1.1081081081081081,0.05175281663547772,584,"It's either Compliance or Accounting, I can't tell yet."
3621,1,2,34,37,1.1081081081081081,0.06465180222706,584,"Call the service center, the copier is having trouble again."
3621,1,2,34,37,1.1081081081081081,0.06465180222706,584,Randy? You were right. I'm one in a million!
3621,0,4,33,37,1.1081081081081081,0.05175281663547772,584,"Yes you can help me. I ordered a group of male strippers for an office birthday party, but you sent us Groucho Marxes!"
3621,0,4,33,37,1.1081081081081081,0.05175281663547772,584,The 3-D printer has taken revenge.
3621,0,4,33,37,1.1081081081081081,0.05175281663547772,584,"You'd better get here quickly, something has gone very wrong with the 3-D printer."
3621,0,4,33,37,1.1081081081081081,0.05175281663547772,584,Remember that Groupthink problem I was telling you about? You're not going to believe this...
3621,0,4,33,37,1.1081081081081081,0.05175281663547772,584,I think our diversity initiative needs some work.
3621,0,4,33,37,1.1081081081081081,0.05175281663547772,584,"I ordered snazzy looking robots, not schnozzy ones."
3621,1,2,34,37,1.1081081081081081,0.06465180222706,584,The copy machine is fixed.
3621,1,2,34,37,1.1081081081081081,0.06465180222706,584,"You said to hire the blandest candidate, but what do we do in the case of a 700 way tie?"
3621,0,4,33,37,1.1081081081081081,0.05175281663547772,584,"I told you to call that ""drone"" from finance, not clone the guy from finance!!"
3621,0,4,33,37,1.1081081081081081,0.05175281663547772,584,Tell the boss that the engineers are arriving from clones.com.
3621,2,0,35,37,1.1081081081081081,0.07537477716523201,584,I'm afraid Fengston's gotten to the 3D copier-printer again.
3621,1,2,34,37,1.1081081081081081,0.06465180222706,584,I think he tried to fix the 3D copier again.
3621,0,4,33,37,1.1081081081081081,0.05175281663547772,584,Mr. Noodleman is playing with the 3-D printer again.
3621,0,4,33,37,1.1081081081081081,0.05175281663547772,584,"Yeah, I'm going to be a little late, the 3-D printer's on the fritz again."
3621,1,2,34,37,1.1081081081081081,0.06465180222706,584,It's a new startup that replaces the corner market with a bunch of white guys
3621,0,4,33,37,1.1081081081081081,0.05175281663547772,584,Hello maintenance? I think the copier's broken again.
3621,0,4,33,37,1.1081081081081081,0.05175281663547772,584,"Hello, I think our copier needs service"
3621,1,2,34,37,1.1081081081081081,0.06465180222706,584,"Send someone from I.T., the clone button is stuck again"
3621,1,2,34,37,1.1081081081081081,0.06465180222706,584,The corporate CPA audit staff has arrived !
3621,1,2,34,37,1.1081081081081081,0.06465180222706,584,They all have one brown show!
3621,1,2,34,37,1.1081081081081081,0.06465180222706,584,I think they drained the swamp...
3621,1,2,34,37,1.1081081081081081,0.06465180222706,584,Engineering : Hurray our 3D printer is malfunctioning.
3621,0,4,33,37,1.1081081081081081,0.05175281663547772,584,"Bald, glasses, small stash, bulbous nose and tie with stripes from lower left to upper right. Got it."
3621,1,2,34,37,1.1081081081081081,0.06465180222706,584,Can you send a repairman over? I think it's stuck again.
3621,0,4,33,37,1.1081081081081081,0.05175281663547772,584,"Gentlemen, you’re all named Uncle Sam?"
3621,0,4,33,37,1.1081081081081081,0.05175281663547772,584,The Roberts are taking over.
3621,0,4,33,37,1.1081081081081081,0.05175281663547772,584,They're starting to make their way through the door. What should I do now?
3621,1,2,34,37,1.1081081081081081,0.06465180222706,584,"I'll have to call you back, I think I'm in a mantrap."
3621,0,4,33,37,1.1081081081081081,0.05175281663547772,584,Its called Speed Dating. I get three minutes with each bachelor!
3621,0,4,33,37,1.1081081081081081,0.05175281663547772,584,"Ummm. I wanted a thousand CLOWNS for this shoot, not a thousand CLONES!"
3621,0,4,33,37,1.1081081081081081,0.05175281663547772,584,"Yes, the cloning conference is going well."
3621,0,4,33,37,1.1081081081081081,0.05175281663547772,584,It's raining Accountants!
3621,0,4,33,37,1.1081081081081081,0.05175281663547772,584,"The middle management training went well, yes. Maybe a little too well."
3621,0,4,33,37,1.1081081081081081,0.05175281663547772,584,"Lately, pillory is definitely trending over stocks."
3621,1,2,34,37,1.1081081081081081,0.06465180222706,584,"I would send in Mr. Smith, but they are all Mr. Smith."
3621,1,2,34,37,1.1081081081081081,0.06465180222706,584,It's my first attempt at cloning
3621,0,4,33,37,1.1081081081081081,0.05175281663547772,584,I think we have a copier problem in accounting!
3621,1,2,34,37,1.1081081081081081,0.06465180222706,584,"Sir, the Mr. Petersons have arrived for the 3:30 consult."
3621,1,2,34,37,1.1081081081081081,0.06465180222706,584,Why didn't you tell me that Ralph was a twin.
3621,1,2,34,37,1.1081081081081081,0.06465180222706,584,Security: Our face recognition protocols are being put to the test.
3621,1,2,34,37,1.1081081081081081,0.06465180222706,584,"It's the CloningApp, Sir. I'm afraid somethings gone terribly wrong!"
3621,0,4,33,37,1.1081081081081081,0.05175281663547772,584,He's playing with the 3D printer again!
3621,0,4,33,37,1.1081081081081081,0.05175281663547772,584,They're all very good but one in particular stands out from the pack.
3621,1,2,34,37,1.1081081081081081,0.06465180222706,584,They were right. Drones are proliferating.
3621,1,2,34,37,1.1081081081081081,0.06465180222706,584,Black Ants....
3621,0,4,33,37,1.1081081081081081,0.05175281663547772,584,They say they want to be taken to our leader.
3621,0,4,33,37,1.1081081081081081,0.05175281663547772,584,"Boss, Schmitty is playing with the copy machine again!"
3621,1,2,34,37,1.1081081081081081,0.06465180222706,584,Too many clones
3621,0,4,33,37,1.1081081081081081,0.05175281663547772,584,I think we ordered the wrong kind of copy machine.
3621,1,2,34,37,1.1081081081081081,0.06465180222706,584,"Taylor! Taylor! It's your cousin Stacey Swift. You know that new sound you were looking for? Well, listen to this."
3621,2,0,35,37,1.1081081081081081,0.07537477716523201,584,"Yes, the new employee orientation program is working exceedingly well."
3621,0,4,33,37,1.1081081081081081,0.05175281663547772,584,"The ""Clone Wars"" is about to begin filming sir."
3837,0,4,34,38,1.105263157894737,0.050452767712569575,584,"Well, it isn't the Whig Party I can tell ya!"
3837,1,2,35,38,1.105263157894737,0.06299172069839128,584,"YES, MR. FARNSWORTH, THAT WAS THE COPY MACHINE REPAIRMAN CACKLING AS HE LEFT THE BUILDING."
3837,1,2,35,38,1.105263157894737,0.06299172069839128,584,"""Well, they all said their name was Dick, so I guess we have a bunch of Dicks here now""."
3837,1,2,35,38,1.105263157894737,0.06299172069839128,584,Apparently diversity is not a priority here.
3837,1,2,35,38,1.105263157894737,0.06299172069839128,584,"Mr. Cliff, a Mr. Lemming is here to see you."
3837,1,2,35,38,1.105263157894737,0.06299172069839128,584,"""He made them in his image""."
3837,1,2,35,38,1.105263157894737,0.06299172069839128,584,I'm afraid there's been a power surge in 3-D printing
3837,0,4,34,38,1.105263157894737,0.050452767712569575,584,The Accountants Anonymous meeting adjourned prematurely after word spread that Doris was on the phone having this cartoon audited.
3837,0,4,34,38,1.105263157894737,0.050452767712569575,584,He fixed the copier.
3837,1,2,35,38,1.105263157894737,0.06299172069839128,584,Hello. I need some instruction on our Cut And Paste option.
3837,0,4,34,38,1.105263157894737,0.050452767712569575,584,Those idiots in the Cloning Department are drunk again.
3837,1,2,35,38,1.105263157894737,0.06299172069839128,584,"When I asked for a Gene replicator, this is not what I had in mind."
3837,1,2,35,38,1.105263157894737,0.06299172069839128,584,"Gimme Shelter, a storm is threatening my very life today..."
3837,1,2,35,38,1.105263157894737,0.06299172069839128,584,I think you mixed up the placebo and the real stuff.
3837,0,4,34,38,1.105263157894737,0.050452767712569575,584,Here he comes now...
3837,0,4,34,38,1.105263157894737,0.050452767712569575,584,I tried an ax already
3837,0,4,34,38,1.105263157894737,0.050452767712569575,584,"Mr. Sanders, the Hanks are here."
3837,1,2,35,38,1.105263157894737,0.06299172069839128,584,"Hello Xerox? I don't know what I pressed, but they're a little light on top."
3837,2,0,36,38,1.105263157894737,0.07341956131188587,584,"tardily for #583: ""Clever--a new profit center for the stocksbroker."""
3837,1,2,35,38,1.105263157894737,0.06299172069839128,584,The Nobel Prize sperm bank progeny reunion is overbooked
3837,1,2,35,38,1.105263157894737,0.06299172069839128,584,"The ""Dare to be Different"" session is just ending."
3837,1,2,35,38,1.105263157894737,0.06299172069839128,584,Yea so... I just found a typo in our diversity policy.
3837,0,4,34,38,1.105263157894737,0.050452767712569575,584,"Turn left at Westworld and follow the signs to ""Auditland"""
3837,0,4,34,38,1.105263157894737,0.050452767712569575,584,Never wear a short skirt during a full moon...
3837,1,2,35,38,1.105263157894737,0.06299172069839128,584,Someone left the grunt worker replicator on overnight.
3837,1,2,35,38,1.105263157894737,0.06299172069839128,584,There is a total lack of indivuality in this group!
3837,0,4,34,38,1.105263157894737,0.050452767712569575,584,"""Gotta go, the new guy Waldo is supposed to be here any minute""."
3837,0,4,34,38,1.105263157894737,0.050452767712569575,584,"Apparently, nobody read the memo about our new diversity in the workplace policy."
3837,1,2,35,38,1.105263157894737,0.06299172069839128,584,There's a problem with Fred in Accounting.
3837,1,2,35,38,1.105263157894737,0.06299172069839128,584,"Doc, remember that boss I told you about? Yeah, I think you need to increase my meds."
3837,1,2,35,38,1.105263157894737,0.06299172069839128,584,All the presidents men
3837,1,2,35,38,1.105263157894737,0.06299172069839128,584,Help! The copier has gone mad!
3837,1,2,35,38,1.105263157894737,0.06299172069839128,584,"Stop the copier, now!"
3837,0,4,34,38,1.105263157894737,0.050452767712569575,584,"Send down the clean up crew, Jenkins from accounting got into the cloning machine again."
3837,1,2,35,38,1.105263157894737,0.06299172069839128,584,Security? Looks like Ted ran himself through the copier again...
3837,0,4,34,38,1.105263157894737,0.050452767712569575,584,Guess I'll wait for them to fix the copier again...
3837,1,2,35,38,1.105263157894737,0.06299172069839128,584,So far each one has been asking for Waldo.
3837,0,4,34,38,1.105263157894737,0.050452767712569575,584,"Bald ... striped tie ... glasses ... mustache -- Yeah, he's coming out now."
3837,0,4,34,38,1.105263157894737,0.050452767712569575,584,The copy machine's broken again.
3837,0,4,34,38,1.105263157894737,0.050452767712569575,584,What an awful tie.
3837,0,4,34,38,1.105263157894737,0.050452767712569575,584,HR? We have a problem.
3837,0,4,34,38,1.105263157894737,0.050452767712569575,584,The copy machine has gone haywire again.
3837,0,4,34,38,1.105263157894737,0.050452767712569575,584,I think I.T. has a virus.
3837,0,4,34,38,1.105263157894737,0.050452767712569575,584,Masquerade Party at the IdentityTheives Convention
3837,1,2,35,38,1.105263157894737,0.06299172069839128,584,"I need help, the copying guy is stuck again!!"
3837,1,2,35,38,1.105263157894737,0.06299172069839128,584,Mr. Lemming to see you Sir
3837,0,4,34,38,1.105263157894737,0.050452767712569575,584,"Okay, you made your point...one-in-a-million is not such a big deal."
3837,1,2,35,38,1.105263157894737,0.06299172069839128,584,Remember Joe from the Human Resources copy room?
3837,1,2,35,38,1.105263157894737,0.06299172069839128,584,Ties win!
3837,1,2,35,38,1.105263157894737,0.06299172069839128,584,"Yes, they're all here, but perhaps the requirements were a bit too specific."
3837,0,4,34,38,1.105263157894737,0.050452767712569575,584,"Hi Susan, I know we talked about making him redundant, but these are all duplicate Bills."
3837,0,4,34,38,1.105263157894737,0.050452767712569575,584,Mr. Smith has just arrived for the interview
3837,1,2,35,38,1.105263157894737,0.06299172069839128,584,It appears there is a problem with the new copy machine
3837,1,2,35,38,1.105263157894737,0.06299172069839128,584,This mentoring thing is getting out of hand.
3837,0,4,34,38,1.105263157894737,0.050452767712569575,584,I've just been informed that my position has become redundant.
3837,0,4,34,38,1.105263157894737,0.050452767712569575,584,"Sorry Sir, I didn't know it was, 'Bring Your Identical Octuplets To Work Day'."
3837,1,2,35,38,1.105263157894737,0.06299172069839128,584,"Well the cloning worked, now what?"
3837,0,4,34,38,1.105263157894737,0.050452767712569575,584,Your 10 o' clocks are here.
3837,0,4,34,38,1.105263157894737,0.050452767712569575,584,Oh.....You said bring in the drones?
3837,0,4,34,38,1.105263157894737,0.050452767712569575,584,"Yes, I'm calling about a problem with our copier."
3837,1,2,35,38,1.105263157894737,0.06299172069839128,584,There is a serious problem with our new copier.
3837,0,4,34,38,1.105263157894737,0.050452767712569575,584,Looks like the 3-D printer is on the fritz.
3837,0,4,34,38,1.105263157894737,0.050452767712569575,584,"Sir, I think Hobbs has been playing around with the new duplicator again!"
3837,0,4,34,38,1.105263157894737,0.050452767712569575,584,"I said cyclones, not Cy clones"
3837,1,2,35,38,1.105263157894737,0.06299172069839128,584,I think the copier guy's here.
3837,0,4,34,38,1.105263157894737,0.050452767712569575,584,I think we were a little too specific about who should apply.
3837,0,4,34,38,1.105263157894737,0.050452767712569575,584,You heard wrong.... I said send in the clowns !
3837,0,4,34,38,1.105263157894737,0.050452767712569575,584,Marketing better revisit the current policy of type-casting its men's wear ads
3837,0,4,34,38,1.105263157894737,0.050452767712569575,584,"My bad, fat finger on my new genetic cloning app."
3837,0,4,34,38,1.105263157894737,0.050452767712569575,584,First the good news? The new 3D printer is incredible!
3837,0,4,34,38,1.105263157894737,0.050452767712569575,584,The mass production experts are here.
3837,2,0,36,38,1.105263157894737,0.07341956131188587,584,If I see this guy one more time I'm gonna scream.
3837,1,2,35,38,1.105263157894737,0.06299172069839128,584,"Listen, I gotta run...the Bobs just arrived."
3837,0,4,34,38,1.105263157894737,0.050452767712569575,584,There are several Ernies here. Can you describe him to me?
3837,0,4,34,38,1.105263157894737,0.050452767712569575,584,Has anyone reviewed our diversity compliance program recently?
3837,0,4,34,38,1.105263157894737,0.050452767712569575,584,Tech support? The 3-D copier is going bonkers!
3837,0,4,34,38,1.105263157894737,0.050452767712569575,584,Can you please describe him to me?
3837,1,2,35,38,1.105263157894737,0.06299172069839128,584,Not clones...I wanted funny looking clowns
3837,0,4,34,38,1.105263157894737,0.050452767712569575,584,Clone Orientation
3837,1,2,35,38,1.105263157894737,0.06299172069839128,584,Next week is the Hitler; this week is the Himmler!
3837,1,2,35,38,1.105263157894737,0.06299172069839128,584,"We ordered mash and bangers, not doppelgängers."
3837,0,4,34,38,1.105263157894737,0.050452767712569575,584,Focus group was a huge success
3837,0,4,34,38,1.105263157894737,0.050452767712569575,584,We've got a fesnyng of ferrets.
3837,1,2,35,38,1.105263157894737,0.06299172069839128,584,I don't think just saying 'Harry?' is going to work.
3837,0,4,34,38,1.105263157894737,0.050452767712569575,584,"I think I am seeing double, oh wait maybe triple?"
3837,1,2,35,38,1.105263157894737,0.06299172069839128,584,I accidentally copied Ron and All on this morning's email.
3837,0,4,34,38,1.105263157894737,0.050452767712569575,584,Tech Support? Our copier is malfunctioning again.
3837,1,2,35,38,1.105263157894737,0.06299172069839128,584,Something is up with the copy machine again.
3837,0,4,34,38,1.105263157894737,0.050452767712569575,584,i asked you to cure me for i see all people alike but i realise that what i really need is to overcome my fear of moustaches
3837,0,4,34,38,1.105263157894737,0.050452767712569575,584,"Sir, should I send in the CPA clones?"
3837,0,4,34,38,1.105263157894737,0.050452767712569575,584,They seem to have made a major break-though in this cloning thing.
3837,0,4,34,38,1.105263157894737,0.050452767712569575,584,"Boss, they're here."
3837,0,4,34,38,1.105263157894737,0.050452767712569575,584,I've found the answer to our root cause analysis.
3837,1,2,35,38,1.105263157894737,0.06299172069839128,584,"President Trump, your women's health policy advisors have arrived."
3837,0,4,34,38,1.105263157894737,0.050452767712569575,584,"Yes, Mr. James, they've sent in the clones."
3837,1,2,35,38,1.105263157894737,0.06299172069839128,584,Somebody left the 3-D printer on again.
3837,0,4,34,38,1.105263157894737,0.050452767712569575,584,The diversity initiative has failed.
3837,1,2,35,38,1.105263157894737,0.06299172069839128,584,Check John's gene experiment in the lab.
3837,1,2,35,38,1.105263157894737,0.06299172069839128,584,"Spartacus is here for you, Sir"
3837,1,2,35,38,1.105263157894737,0.06299172069839128,584,The good news is our 3-D printer works. The bad news is…
3837,0,4,34,38,1.105263157894737,0.050452767712569575,584,Sorry. Sir. I can't find Waldo!
3837,1,2,35,38,1.105263157894737,0.06299172069839128,584,The Finklesteins are here for their cloneoscopy.
3837,0,4,34,38,1.105263157894737,0.050452767712569575,584,The business has been in the family for generations.
3837,1,2,35,38,1.105263157894737,0.06299172069839128,584,The people from Xerox are here.
3837,1,2,35,38,1.105263157894737,0.06299172069839128,584,"I said ""Send in the CLOWNS"""
3837,1,2,35,38,1.105263157894737,0.06299172069839128,584,What happened to Bob?
3837,0,4,34,38,1.105263157894737,0.050452767712569575,584,Other than that they all seem perfectly suited.
3837,0,4,34,38,1.105263157894737,0.050452767712569575,584,"Only one of them is the real CEO, so come over and I'll show you who's boss."
3837,0,4,34,38,1.105263157894737,0.050452767712569575,584,I'm calling to report a case of identity theft.
3837,1,2,35,38,1.105263157894737,0.06299172069839128,584,Shall I have them wait?
3837,1,2,35,38,1.105263157894737,0.06299172069839128,584,I thought I'd give 'It's Just Lunch' a try.
3837,1,2,35,38,1.105263157894737,0.06299172069839128,584,"Yes, I tried turning it off and back on again."
3837,0,4,34,38,1.105263157894737,0.050452767712569575,584,I think Robinson fell asleep at the copy machine.
3837,0,4,34,38,1.105263157894737,0.050452767712569575,584,You picked a bad time to send in the clones.
3837,0,4,34,38,1.105263157894737,0.050452767712569575,584,"Hello, Morrie and Sons. May I help you.?"
3837,0,4,34,38,1.105263157894737,0.050452767712569575,584,The Far Side is on the upper East Side.
3837,2,0,36,38,1.105263157894737,0.07341956131188587,584,It appears Mr. Beadley's genome has gotten stuck in the copier.
3837,1,2,35,38,1.105263157894737,0.06299172069839128,584,"Please tell Central Casting that we requested 'A man in a million', and not 'A man among a million'!"
3837,1,2,35,38,1.105263157894737,0.06299172069839128,584,"I said office phones, not office drones!"
3837,1,2,35,38,1.105263157894737,0.06299172069839128,584,"Jones' Unlimited, how may I help you?"
3837,0,4,34,38,1.105263157894737,0.050452767712569575,584,Yes Sir...the 3D printer is busy printing your sales team.
3837,0,4,34,38,1.105263157894737,0.050452767712569575,584,"Okay, so I took all my lovers from when I was single and brought them together for one night -- and maybe I do have a type."
3837,1,2,35,38,1.105263157894737,0.06299172069839128,584,"I said ""make loans,"" not ""make clones"""
3837,0,4,34,38,1.105263157894737,0.050452767712569575,584,"Scott, it looks like the 3D printer is jammed again."
3837,1,2,35,38,1.105263157894737,0.06299172069839128,584,Who said it was okay to send in the clones?
3837,0,4,34,38,1.105263157894737,0.050452767712569575,584,The casting director thinks you may have been too inflexible in your criteria.
3837,1,2,35,38,1.105263157894737,0.06299172069839128,584,The Xerox repairman is here.
3837,1,2,35,38,1.105263157894737,0.06299172069839128,584,"As usual, each one has been saying he's different from the rest!"
3837,0,4,34,38,1.105263157894737,0.050452767712569575,584,"Bill, the copy machine's broken again."
3837,0,4,34,38,1.105263157894737,0.050452767712569575,584,The WILSON octapulets are here.
3837,1,2,35,38,1.105263157894737,0.06299172069839128,584,"Oh my god!...... My boss has cloned himself, and it is out of control! ----- like the water and Mickey Mouse scene in Fantasia, but with flood of Harvey Knucklesteins."
3837,1,2,35,38,1.105263157894737,0.06299172069839128,584,"""Come quickly!!! George has been playing with the 3-D printer again!"
3837,1,2,35,38,1.105263157894737,0.06299172069839128,584,Looks like someone's been goofing around with the Xerox machine again.
3837,1,2,35,38,1.105263157894737,0.06299172069839128,584,"Yes, the 3D printer is definitely plugged in."
3837,1,2,35,38,1.105263157894737,0.06299172069839128,584,The accounting department is here for the diversity training.
3837,1,2,35,38,1.105263157894737,0.06299172069839128,584,How do you want to proceed with the audition? 250 men and they all fit the part
3837,0,4,34,38,1.105263157894737,0.050452767712569575,584,"Can we get "" Send in the Clones"" removed from our office playlist?"
3837,0,4,34,38,1.105263157894737,0.050452767712569575,584,Please move Bob away from the 3D printer...
3837,1,2,35,38,1.105263157894737,0.06299172069839128,584,"Ugh. I'm gonna have to call you back, Dr. White split the wrong atom."
3837,1,2,35,38,1.105263157894737,0.06299172069839128,584,What do you mean he looks like Groucho Marx?
3837,1,2,35,38,1.105263157894737,0.06299172069839128,584,Quick! Call the copier repairman.
3837,1,2,35,38,1.105263157894737,0.06299172069839128,584,Hollingsworth fell into the 3D copier.
3837,0,4,34,38,1.105263157894737,0.050452767712569575,584,Accounting? Your copy machine is malfunctioning again.
3837,1,2,35,38,1.105263157894737,0.06299172069839128,584,"I said jokingly, bring in the clowns, definitely not the clones!"
3837,1,2,35,38,1.105263157894737,0.06299172069839128,584,Pretty sure it's been Carl who's been into the 3-D printer.
3837,0,4,34,38,1.105263157894737,0.050452767712569575,584,A few seem to be maze-bright.
3837,0,4,34,38,1.105263157894737,0.050452767712569575,584,"Oh, so this is what hipsters grow into."
3837,1,2,35,38,1.105263157894737,0.06299172069839128,584,It is my distinct honor to welcome all of you to the First Annual Cloning Convention!
3837,0,4,34,38,1.105263157894737,0.050452767712569575,584,"Morpheus, get me out, there's a glitch in the matrix!"
3837,0,4,34,38,1.105263157894737,0.050452767712569575,584,"No, I can assure you it wasn't Human Resources's idea to clone a middle-manager."
3837,1,2,35,38,1.105263157894737,0.06299172069839128,584,"Hello Uber, do you have a clone car?"
3837,0,4,34,38,1.105263157894737,0.050452767712569575,584,I only asked for one body double.
3837,1,2,35,38,1.105263157894737,0.06299172069839128,584,Phil ? Your clones have arrived.
3837,1,2,35,38,1.105263157894737,0.06299172069839128,584,Start the music. I'm sending in the clones.
3837,1,2,35,38,1.105263157894737,0.06299172069839128,584,"The ""funny glasses, nose and groucho mustache"" group just finished."
3837,0,4,34,38,1.105263157894737,0.050452767712569575,584,"Sir, the applicants for the accounting position are here."
3837,1,2,35,38,1.105263157894737,0.06299172069839128,584,There seems to be a problem with the copier.
3837,1,2,35,38,1.105263157894737,0.06299172069839128,584,Please describe this Mr. Jones.
3837,0,4,34,38,1.105263157894737,0.050452767712569575,584,ACME Pest Control? I've got a swarm of Lennie's that just hatched.
3837,0,4,34,38,1.105263157894737,0.050452767712569575,584,That's enough for now.
3837,1,2,35,38,1.105263157894737,0.06299172069839128,584,"I said three dozen scones, not clones."
3837,0,4,34,38,1.105263157894737,0.050452767712569575,584,The bestselling author of 'Why Go It Alone When You Can Have Yourself Cloned?' just arrived.
3837,0,4,34,38,1.105263157894737,0.050452767712569575,584,It's like being in 'The Matrix'. They're everywhere.
3837,0,4,34,38,1.105263157894737,0.050452767712569575,584,"Barbara, get down here quick, there appears to a issue with the magnetic shielding around the Tedverse."
3837,1,2,35,38,1.105263157894737,0.06299172069839128,584,"""There has been a breach in the clone barrier. I repeat, there has been a breach in the clone barrier. They are over-flowing into the hallway as we speak. Call in the containment team, Now!"
3837,0,4,34,38,1.105263157894737,0.050452767712569575,584,"Oh dear, I knew about Dolly the sheep, but ..... oh my !"
3837,0,4,34,38,1.105263157894737,0.050452767712569575,584,"There must have been a typo - our casting ad said 'Blond,' not 'Bland.'"
3837,0,4,34,38,1.105263157894737,0.050452767712569575,584,The copier's broken
3837,0,4,34,38,1.105263157894737,0.050452767712569575,584,All the other shelters are too close to schools.
3837,1,2,35,38,1.105263157894737,0.06299172069839128,584,"Sandwich order: 120 pastrami's, no mustard, no mayo, and hold the pickles."
3837,0,4,34,38,1.105263157894737,0.050452767712569575,584,Get down here fast. There's a sale on cuckolds.
3837,1,2,35,38,1.105263157894737,0.06299172069839128,584,"Well, I think Craig fixed the copy machine, but that's not the issue."
3837,2,0,36,38,1.105263157894737,0.07341956131188587,584,The glare is going to be blinding.
3837,1,2,35,38,1.105263157894737,0.06299172069839128,584,I told you after all the hot guys the nerds would start coming our of the closet.
3837,0,4,34,38,1.105263157894737,0.050452767712569575,584,"""It's not a 3D printer prank. I'm pretty sure it's ""Accounting""."
3837,0,4,34,38,1.105263157894737,0.050452767712569575,584,Looks like Harold is playing with the 3D printer again.
3837,0,4,34,38,1.105263157894737,0.050452767712569575,584,Quick! Tell someone the door to accounting is jammed open.
3837,0,4,34,38,1.105263157894737,0.050452767712569575,584,And I thought I was the one with multiple personalities!
3837,1,2,35,38,1.105263157894737,0.06299172069839128,584,"The shortlisted candidates for 'Diversity Officer"" are here"
3837,0,4,34,38,1.105263157894737,0.050452767712569575,584,Call for Mr. Waldo!
3837,1,2,35,38,1.105263157894737,0.06299172069839128,584,I'm telling you Nancy all men are the same.
3837,0,4,34,38,1.105263157894737,0.050452767712569575,584,"Sir, the 3-D printer in Accounting is stuck on ""Duplicate"" again."
3837,0,4,34,38,1.105263157894737,0.050452767712569575,584,"Hello tech support, the 3-D printer has malfunctioned again"
3837,0,4,34,38,1.105263157894737,0.050452767712569575,584,"Yessir, but you might want to re-think the company photographs."
3837,1,2,35,38,1.105263157894737,0.06299172069839128,584,"So, they went with Larry for the clone program, not George Clooney."
3837,1,2,35,38,1.105263157894737,0.06299172069839128,584,They all pitched in for a new iPhone.
3837,0,4,34,38,1.105263157894737,0.050452767712569575,584,I don't know... maybe fingerprints would help?
3837,1,2,35,38,1.105263157894737,0.06299172069839128,584,It's the ties that bind them.
3837,0,4,34,38,1.105263157894737,0.050452767712569575,584,Stop the machine! This A.I. model definately won't sell!
3837,1,2,35,38,1.105263157894737,0.06299172069839128,584,I want to report a problem with the copier.
3837,0,4,34,38,1.105263157894737,0.050452767712569575,584,"Hold on, I'll see if he's here."
3837,1,2,35,38,1.105263157894737,0.06299172069839128,584,The cloning room works!
3837,1,2,35,38,1.105263157894737,0.06299172069839128,584,The Conformity Practices meeting is breaking up.
3837,0,4,34,38,1.105263157894737,0.050452767712569575,584,Tell Rob he left the Clone Machine on again last night.
3837,1,2,35,38,1.105263157894737,0.06299172069839128,584,The Xerox man...er...men...are here...
3837,0,4,34,38,1.105263157894737,0.050452767712569575,584,"Yes, I know there's a creative drought in Hollywood, but I don't think Orphan Bob is going to cut it."
3837,0,4,34,38,1.105263157894737,0.050452767712569575,584,The recruiter has hit on a very effective algorithm.
3837,1,2,35,38,1.105263157894737,0.06299172069839128,584,Get tech support down here...the copier is on the fritz again...and call Fred's wife to see if she can swing by to pick up her husbands.
3837,0,4,34,38,1.105263157894737,0.050452767712569575,584,There's been a robbery.
3837,1,2,35,38,1.105263157894737,0.06299172069839128,584,The clones from accounting are on the floor!
3837,1,2,35,38,1.105263157894737,0.06299172069839128,584,I think they've reached consensus.
3837,0,4,34,38,1.105263157894737,0.050452767712569575,584,It was a sell-out but I don't think we met the diversity goal.
3837,0,4,34,38,1.105263157894737,0.050452767712569575,584,"'Quick, the cloning antidote!'"
3837,1,2,35,38,1.105263157894737,0.06299172069839128,584,101 Dalmatians: 40 Years Later
3837,0,4,34,38,1.105263157894737,0.050452767712569575,584,The clone drones have arrived.
3837,0,4,34,38,1.105263157894737,0.050452767712569575,584,"Hello, Tech Support ? I think we're having a problem with the 3-D printer."
3837,0,4,34,38,1.105263157894737,0.050452767712569575,584,They sent a thousand clones instead of clowns.
3837,0,4,34,38,1.105263157894737,0.050452767712569575,584,Hello Maintenance? The copy machine on floor 14 is on the fritz again.
3837,1,2,35,38,1.105263157894737,0.06299172069839128,584,What we have proven is that all species do not prefer free range.
3837,0,4,34,38,1.105263157894737,0.050452767712569575,584,Department of Treasury? We've had a CPA spill!
3837,0,4,34,38,1.105263157894737,0.050452767712569575,584,"Sir, the Johnson multiplets are here to see you. Should I send them to the auditorium?"
3837,2,0,36,38,1.105263157894737,0.07341956131188587,584,They are looking for a second opinion
3837,1,2,35,38,1.105263157894737,0.06299172069839128,584,I'm going to need some help here in the college admissions branch...
3837,0,4,34,38,1.105263157894737,0.050452767712569575,584,"Get Charlie up here right away, the 3D printer is going bonkers again!"
3837,1,2,35,38,1.105263157894737,0.06299172069839128,584,"Hi, this is Jill in HR....."
3837,0,4,34,38,1.105263157894737,0.050452767712569575,584,I think there's been a mishap with the copying machine.
3837,2,0,36,38,1.105263157894737,0.07341956131188587,584,You want me to introduce EACH by name?
3837,1,2,35,38,1.105263157894737,0.06299172069839128,584,What do you mean talk to the bald guy with the striped tie?
3837,1,2,35,38,1.105263157894737,0.06299172069839128,584,You can always count on Mr. Jones to break the mold in men's trousers.
3837,0,4,34,38,1.105263157894737,0.050452767712569575,584,I am looking for him. Did you say he has a mustache?
3837,0,4,34,38,1.105263157894737,0.050452767712569575,584,"I said I need ed a nerd, not a herd"
3837,0,4,34,38,1.105263157894737,0.050452767712569575,584,"Yes, it's a success. Now turn off the cloning machine"
3837,0,4,34,38,1.105263157894737,0.050452767712569575,584,"Mom, when you said you had a few options to set me up with. How many is a few?"
3837,0,4,34,38,1.105263157894737,0.050452767712569575,584,The copying machine malfunctioned.
3837,0,4,34,38,1.105263157894737,0.050452767712569575,584,"Hello, The drone clones you hired from the temp agency just arrived."
3837,1,2,35,38,1.105263157894737,0.06299172069839128,584,We're trying to promote diversity in the office.
3837,0,4,34,38,1.105263157894737,0.050452767712569575,584,"Enough, switch to the model with hair now."
3837,0,4,34,38,1.105263157894737,0.050452767712569575,584,"I think we should have been more specific in the casting call than, ""Should also look the part of an accountant."""
3837,0,4,34,38,1.105263157894737,0.050452767712569575,584,About that copier upgrade...
3837,0,4,34,38,1.105263157894737,0.050452767712569575,584,Hello Maintenance....there seems to be a serious malfunction in the photocopier room!
3837,1,2,35,38,1.105263157894737,0.06299172069839128,584,Is there someone efficient in charge of the blue blazers?
3837,1,2,35,38,1.105263157894737,0.06299172069839128,584,"Typo on his resume - ""Expertise in stocks and bondage""."
3837,0,4,34,38,1.105263157894737,0.050452767712569575,584,The octuplets are here.
3837,1,2,35,38,1.105263157894737,0.06299172069839128,584,I said turn off the copy machine not the coffee machine!
3837,0,4,34,38,1.105263157894737,0.050452767712569575,584,"The auditions for ""Lee Mur on Broadway"" are here."
3837,0,4,34,38,1.105263157894737,0.050452767712569575,584,There's an overflow crowd for the Groucho Marx audition.
3837,1,2,35,38,1.105263157894737,0.06299172069839128,584,"OK enough already, now start cloning the women."
3837,0,4,34,38,1.105263157894737,0.050452767712569575,584,Geez! Trump's populism is only the beginning. Here come the robots.
3837,0,4,34,38,1.105263157894737,0.050452767712569575,584,"Yes, but what do we tell his wife?"
3837,0,4,34,38,1.105263157894737,0.050452767712569575,584,"I know our goal is diversity, but there is a problem here."
3837,1,2,35,38,1.105263157894737,0.06299172069839128,584,"John, what does your Uncle look like? I think he may have just come into the office."
3837,1,2,35,38,1.105263157894737,0.06299172069839128,584,"Sir, I believe that your face data has been hacked!"
3837,0,4,34,38,1.105263157894737,0.050452767712569575,584,Tine to use the chip implant
3837,0,4,34,38,1.105263157894737,0.050452767712569575,584,I think I found the water cooler room.
3837,1,2,35,38,1.105263157894737,0.06299172069839128,584,The Trump-voter androids are ready for their 10-month checkup.
3837,1,2,35,38,1.105263157894737,0.06299172069839128,584,"No, no, no! I said 'Send in the CLOWNS, not the CLONES!'"
3837,1,2,35,38,1.105263157894737,0.06299172069839128,584,Tell HR that the people in accounting are multiplying again.
3837,0,4,34,38,1.105263157894737,0.050452767712569575,584,Which one of you is John Smith?
3837,0,4,34,38,1.105263157894737,0.050452767712569575,584,Please cancel the diversity training session.
3837,0,4,34,38,1.105263157894737,0.050452767712569575,584,The 3d copier is on the blitz again.
3837,1,2,35,38,1.105263157894737,0.06299172069839128,584,I think it is time to shut down that clone experiment.
3837,0,4,34,38,1.105263157894737,0.050452767712569575,584,I said clone my business not my employees
3837,0,4,34,38,1.105263157894737,0.050452767712569575,584,Who shall I say is transitioning?
3837,1,2,35,38,1.105263157894737,0.06299172069839128,584,Mayday! The experimental and control groups mingled.
3837,0,4,34,38,1.105263157894737,0.050452767712569575,584,Your face-identity iPhone has a problem...
3837,0,4,34,38,1.105263157894737,0.050452767712569575,584,Bills' here.
3837,1,2,35,38,1.105263157894737,0.06299172069839128,584,"Larry, turn off the clone machine immediately."
3837,0,4,34,38,1.105263157894737,0.050452767712569575,584,Hello Amazon? I was mistakenly send the wrong order. I wanted a year supply of corporate accounting forms not corporate accountants.
3837,1,2,35,38,1.105263157894737,0.06299172069839128,584,You said his name was John Doe?
4096,1,2,36,39,1.1025641025641026,0.06141463024552095,584,You owe me $30.00.
4096,0,4,35,39,1.1025641025641026,0.04921614717627658,584,"Quick, give me Human Resources. We have a diversity emergency!"
4096,0,4,35,39,1.1025641025641026,0.04921614717627658,584,Could you send someone to the copy room?
4096,0,4,35,39,1.1025641025641026,0.04921614717627658,584,May I speak to the copier repair man.
4096,1,2,36,39,1.1025641025641026,0.06141463024552095,584,This is Gladys calling. How do you say I would recognize Mr. Schultz?
4096,1,2,36,39,1.1025641025641026,0.06141463024552095,584,Did you send in the clones?
4096,0,4,35,39,1.1025641025641026,0.04921614717627658,584,"Hold on...I found the 3-D printer, it's in Accounting."
4096,1,2,36,39,1.1025641025641026,0.06141463024552095,584,What do you mean they all look alike?
4096,0,4,35,39,1.1025641025641026,0.04921614717627658,584,"All I said was, 'Bob Smith, please come to the door.'"
4096,1,2,36,39,1.1025641025641026,0.06141463024552095,584,"..""some thing has gone horribly wrong with your ""copy and psste!"""
4096,0,4,35,39,1.1025641025641026,0.04921614717627658,584,I asked Central Casting for just one geek!
4096,0,4,35,39,1.1025641025641026,0.04921614717627658,584,"Jesus Greg, get away from the copier!!"
4096,1,2,36,39,1.1025641025641026,0.06141463024552095,584,"A big misunderstanding, they must have said, ""send in the clone"", instead of ""the clown""."
4096,0,4,35,39,1.1025641025641026,0.04921614717627658,584,"Mary, will you please tell Mr. Emmet I need him urgently at the Duplicating Department."
4096,0,4,35,39,1.1025641025641026,0.04921614717627658,584,Please send someone down here from duplicating immediately
4111,0,5,44,49,1.1020408163265305,0.0436912672743712,584,"ahh... Mrs. Anderson, we've been expecting you."
4111,0,5,44,49,1.1020408163265305,0.0436912672743712,584,"No, it's not an improvement on smiley faces."
4113,0,4,36,40,1.1,0.04803844614152615,584,"Yes, we have all the Progressives in the building here now. How do you want us to indoctrinate them? All at once or in stages, as has been the custom?"
4113,1,2,37,40,1.1,0.05991446895152781,584,"OK, but what should I tell the Sorcerer?"
4113,0,4,36,40,1.1,0.04803844614152615,584,Yes Sir. I think there are at least two who could play twin zombies.
4113,1,2,37,40,1.1,0.05991446895152781,584,"No,here he is.Bob just walked in,and Bob and Bob and Bob and Bob and.................."
4113,0,4,36,40,1.1,0.04803844614152615,584,"hello, Unique Employment Services ?"
4113,0,5,45,50,1.1,0.04285714285714286,584,"You better get down here, Frank. The Robo-Man machine's on the blink again."
4119,0,4,37,41,1.0975609756097562,0.046915570882125224,584,"Sir, I think all of the applicants went to the same college. In fact, I will take it a step further and say they are all from the same shallow gene pool."
4119,1,2,38,41,1.0975609756097562,0.05848575028430145,584,"NO, I said ""bring in the clowns"" not the clones"
4121,0,4,38,42,1.0952380952380953,0.045843796413450766,584,"The phalanx of accountants you ordered is here, sir."
4121,0,4,38,42,1.0952380952380953,0.045843796413450766,584,Stop making copies.
4123,0,4,39,43,1.0930232558139534,0.04481972612369448,584,OMG It's the boys from bristle.
4124,1,3,51,55,1.0909090909090908,0.04694525268130203,584,I can't talk now. I'm at the Ashley Madison convention.
4124,0,4,40,44,1.0909090909090908,0.04384025656094653,584,The operation was a success.
4126,0,4,41,45,1.0888888888888888,0.042902546629485463,584,Oh my! Is this the first Octuplet convention?
4126,0,4,41,45,1.0888888888888888,0.042902546629485463,584,It looks like the boring robots are replicating again.
4128,0,3,31,34,1.088235294117647,0.04937482703908927,584,We need to talk to our head of diversity. It's just not working out.
4128,0,3,31,34,1.088235294117647,0.04937482703908927,584,Uh-Oh... looks like the accounting guy we laid off last week has hacked our new AI copier
4128,1,1,32,34,1.088235294117647,0.06496464222510488,584,Stop the 3D printing NOW!!
4128,1,1,32,34,1.088235294117647,0.06496464222510488,584,"Casting? I said Game of Thrones, not clones."
4128,0,3,31,34,1.088235294117647,0.04937482703908927,584,"You know, Ed... Ed. You met him at the Werners' party. Bald,glasses, small mustache."
4128,0,3,31,34,1.088235294117647,0.04937482703908927,584,At least it's not just his butt anymore.
4128,0,3,31,34,1.088235294117647,0.04937482703908927,584,Is that 23rd Century copiers? I wanted to let you know our copier is working now.
4128,0,3,31,34,1.088235294117647,0.04937482703908927,584,It's the Walking Fred
4128,0,3,31,34,1.088235294117647,0.04937482703908927,584,I know we want consistency with our customer service but this is just weird.
4128,0,3,31,34,1.088235294117647,0.04937482703908927,584,The committee concluded there might be a need for more diversity in our hiring practices.
4128,0,3,31,34,1.088235294117647,0.04937482703908927,584,"Sir, the ChromeDomeClone Group meeting has ended."
4128,1,1,32,34,1.088235294117647,0.06496464222510488,584,I'm sorry. He is taking a vacation day today.
4128,0,3,31,34,1.088235294117647,0.04937482703908927,584,Tell the diversity coordinator this is an emergency.
4128,0,3,31,34,1.088235294117647,0.04937482703908927,584,"Anderson jammed the 3D printer again, sir!"
4128,0,3,31,34,1.088235294117647,0.04937482703908927,584,"No. Have ties, need waists."
4128,1,1,32,34,1.088235294117647,0.06496464222510488,584,I'm the real Shady
4128,0,3,31,34,1.088235294117647,0.04937482703908927,584,I thought those guys who cloned Dolly had gone out of business.
4128,0,3,31,34,1.088235294117647,0.04937482703908927,584,I just knew that some day they would all come looking for the doner.
4128,1,1,32,34,1.088235294117647,0.06496464222510488,584,Oh dear! How many models of the accountant did you order?
4128,1,1,32,34,1.088235294117647,0.06496464222510488,584,The Clone Brothers are here to see you.
4128,0,3,31,34,1.088235294117647,0.04937482703908927,584,Notify IT their 3D copier is acting up again.
4128,0,3,31,34,1.088235294117647,0.04937482703908927,584,Your new tax-policy focus group is here.
4128,0,3,31,34,1.088235294117647,0.04937482703908927,584,"Sir, it's Doris. The cloning room was a success."
4128,0,3,31,34,1.088235294117647,0.04937482703908927,584,"Also Kathy, if you see Bob, ask him why he had to order the most expensive copy machine in the catalogue."
4128,0,3,31,34,1.088235294117647,0.04937482703908927,584,"Eighty-seven ayes, zero nays."
4128,1,1,32,34,1.088235294117647,0.06496464222510488,584,Mr. Flood is here.
4128,1,1,32,34,1.088235294117647,0.06496464222510488,584,I think they're all here.
4128,0,3,31,34,1.088235294117647,0.04937482703908927,584,"Where are the clones? Don't bother, they're here."
4128,0,3,31,34,1.088235294117647,0.04937482703908927,584,The new version of dominos to wow the audience.
4128,1,1,32,34,1.088235294117647,0.06496464222510488,584,"...no, your IRA program is remarkable..."
4128,0,3,31,34,1.088235294117647,0.04937482703908927,584,The Clone Accountant Agency is here.
4128,1,1,32,34,1.088235294117647,0.06496464222510488,584,I think the 3-D duplicator may have turned on us.
4128,1,1,32,34,1.088235294117647,0.06496464222510488,584,Gotta go—guys are here from the copy center.
4128,1,1,32,34,1.088235294117647,0.06496464222510488,584,Just don't ask whodunit.
4128,1,1,32,34,1.088235294117647,0.06496464222510488,584,"'Send in the clowns,' I said. Clowns!"
4128,0,3,31,34,1.088235294117647,0.04937482703908927,584,"Ellen, you need to call the Xerox guy again."
4128,1,1,32,34,1.088235294117647,0.06496464222510488,584,"Sir? I'm not sure this ""Rapture"" idea was such a great one..."
4128,0,3,31,34,1.088235294117647,0.04937482703908927,584,The auditors are here ma'am.
4128,1,1,32,34,1.088235294117647,0.06496464222510488,584,Turn off the machine!
4128,0,3,31,34,1.088235294117647,0.04937482703908927,584,"Please send the repair man, our copier is on the fritz again."
4128,0,3,31,34,1.088235294117647,0.04937482703908927,584,"Hi, I'm calling to report a problem with my 3D copy machine."
4128,0,3,31,34,1.088235294117647,0.04937482703908927,584,They broke the mold when it came to you.
4128,0,3,31,34,1.088235294117647,0.04937482703908927,584,Someone opened the door to the cyber-auditors.
4128,0,3,31,34,1.088235294117647,0.04937482703908927,584,Are you still in the copy room?
4128,0,3,31,34,1.088235294117647,0.04937482703908927,584,"Sir, I believe Bill was only joking when he said ""Why don't you just clone me."
4128,0,3,31,34,1.088235294117647,0.04937482703908927,584,Ooooh . . . I must be dreaming!
4128,1,1,32,34,1.088235294117647,0.06496464222510488,584,We're still looking for the original.
4128,0,3,31,34,1.088235294117647,0.04937482703908927,584,You have reached the Cloning Institute of America (CIA); how may I help you?
4128,0,3,31,34,1.088235294117647,0.04937482703908927,584,Does he have any OTHER distinguishing features?
4128,0,3,31,34,1.088235294117647,0.04937482703908927,584,Cloning 101?
4128,0,3,31,34,1.088235294117647,0.04937482703908927,584,Help! I can't get the CRISPR off overdrive!
4128,1,1,32,34,1.088235294117647,0.06496464222510488,584,"Your not kidding, these guys are a dime a dozen."
4128,0,3,31,34,1.088235294117647,0.04937482703908927,584,"Hi, yeah, the copy machine is broken again."
4128,0,3,31,34,1.088235294117647,0.04937482703908927,584,"I think we should turn off the overhead lights, reduce the glare."
4128,0,3,31,34,1.088235294117647,0.04937482703908927,584,Remember your comment that 'no two accountants would prepare the same tax retunr?'
4128,0,3,31,34,1.088235294117647,0.04937482703908927,584,the Doppelgangers are here to see you
4128,0,3,31,34,1.088235294117647,0.04937482703908927,584,Somebody's playing with the 3D printer again.
4128,1,1,32,34,1.088235294117647,0.06496464222510488,584,"Yes, Wilma, it's happened again. George got into the copy machine."
4128,1,1,32,34,1.088235294117647,0.06496464222510488,584,"No, I only ordered the Groucho Marx glasses, not the models."
4128,0,3,31,34,1.088235294117647,0.04937482703908927,584,"I said legal-size, not lawyer-size."
4128,1,1,32,34,1.088235294117647,0.06496464222510488,584,The Edgars are here
4128,1,1,32,34,1.088235294117647,0.06496464222510488,584,"Very funny, Mr. Handford, you're little Waldo is all grown up now, and it seems he's HERE."
4128,0,3,31,34,1.088235294117647,0.04937482703908927,584,More fierce than rabbits.
4128,0,3,31,34,1.088235294117647,0.04937482703908927,584,I think we should retire the copier.
4128,1,1,32,34,1.088235294117647,0.06496464222510488,584,"It's claiming to be the original ""They/Them/Their."""
4128,0,3,31,34,1.088235294117647,0.04937482703908927,584,My dealer said this stuff was mild.
4128,0,3,31,34,1.088235294117647,0.04937482703908927,584,um... Who let the Dougs out?
4128,0,3,31,34,1.088235294117647,0.04937482703908927,584,"Whilson, you know how much we love your 1 hour delivery, but we ordered 300 scones."
4128,0,3,31,34,1.088235294117647,0.04937482703908927,584,"Can you tell me which one was my husband, please?"
4128,0,3,31,34,1.088235294117647,0.04937482703908927,584,"No, you misunderstood me. I said we needed clowns!"
4128,1,1,32,34,1.088235294117647,0.06496464222510488,584,"Sir, about our client...it's not a male cologne company."
4128,1,1,32,34,1.088235294117647,0.06496464222510488,584,"We have a problem with the copier, again!"
4128,1,1,32,34,1.088235294117647,0.06496464222510488,584,I just love seeing everyone so excited about their jobs.
4128,1,1,32,34,1.088235294117647,0.06496464222510488,584,"When I said that I needed more workers like you, I didn't mean it literally."
4128,1,1,32,34,1.088235294117647,0.06496464222510488,584,"Well, the down-side to permitted immigrants bound for the U.S. is that ... they all have Myopia."
4128,0,3,31,34,1.088235294117647,0.04937482703908927,584,The paper jam is fixed but now there seems to be another problem.
4128,1,1,32,34,1.088235294117647,0.06496464222510488,584,The 3-D printer settings were changed again.
4128,1,1,32,34,1.088235294117647,0.06496464222510488,584,"Suzanne, could you check to see if Bob from Programming is at the 3D printer again?"
4128,0,3,31,34,1.088235294117647,0.04937482703908927,584,"Well, there might be diversity in the model of their IPHONES."
4128,0,3,31,34,1.088235294117647,0.04937482703908927,584,Wait... That's not what I ordered!
4128,1,1,32,34,1.088235294117647,0.06496464222510488,584,But they ALL have mustaches!
4128,0,3,31,34,1.088235294117647,0.04937482703908927,584,"Yes, I understand. Straight ahead to the cliff, please."
4128,0,3,31,34,1.088235294117647,0.04937482703908927,584,It's morning in America.
4128,0,3,31,34,1.088235294117647,0.04937482703908927,584,All the Waldos have been found.
4128,0,3,31,34,1.088235294117647,0.04937482703908927,584,Cloning humans is much less risky than cloning brooms.
4128,1,1,32,34,1.088235294117647,0.06496464222510488,584,I'm not sure our affirmative action plan is working that well.
4128,1,1,32,34,1.088235294117647,0.06496464222510488,584,I don't see him here.
4128,0,3,31,34,1.088235294117647,0.04937482703908927,584,No I'm not getting old. I just can't remember what he looks like.
4128,0,3,31,34,1.088235294117647,0.04937482703908927,584,Get maintenance up here; that new copy machine is acting up again.
4128,0,3,31,34,1.088235294117647,0.04937482703908927,584,"Mr. Musk, the new drones have arrived."
4128,0,3,31,34,1.088235294117647,0.04937482703908927,584,"I found him, but he's hiding among his clones again."
4128,1,1,32,34,1.088235294117647,0.06496464222510488,584,The candidates for advancement have arrived. I'm getting insight into why minorities tend not to be promoted.
4128,0,3,31,34,1.088235294117647,0.04937482703908927,584,Oh my! How will we ever achieve our diversity goals?
4128,0,3,31,34,1.088235294117647,0.04937482703908927,584,I think there's a problem with the copier.
4128,1,1,32,34,1.088235294117647,0.06496464222510488,584,You want me to send in the one with the mustache
4128,0,3,31,34,1.088235294117647,0.04937482703908927,584,This way...this way please if you are responding to the Tinder posting looking for Robert Redford look-a-likes with bad vision.
4128,0,3,31,34,1.088235294117647,0.04937482703908927,584,Hello? Charles Darwin? I'm afraid the latest cloning experiment has gone terribly wrong!
4128,0,3,31,34,1.088235294117647,0.04937482703908927,584,It is the bald one with glasses and a mustache
4128,0,3,31,34,1.088235294117647,0.04937482703908927,584,I said that we're going to start manufacturing drones not clones.
4128,1,1,32,34,1.088235294117647,0.06496464222510488,584,Go forth and multiply
4128,0,3,31,34,1.088235294117647,0.04937482703908927,584,best speed dating event ever!
4128,0,3,31,34,1.088235294117647,0.04937482703908927,584,"Dr Whitcomb, the Fink quadraguples are here for the IVF follow-up."
4128,1,1,32,34,1.088235294117647,0.06496464222510488,584,"Yes, the identity theft appears to have begun in our accounting department."
4128,0,3,31,34,1.088235294117647,0.04937482703908927,584,Didn't we get him trained in 3D printing last week?
4128,0,3,31,34,1.088235294117647,0.04937482703908927,584,"Yes, hello. Can you connect me to the cloning department?"
4128,0,3,31,34,1.088235294117647,0.04937482703908927,584,The copy machine has gone haywire again.
4128,1,1,32,34,1.088235294117647,0.06496464222510488,584,I think the vote was unanimous.
4128,0,3,31,34,1.088235294117647,0.04937482703908927,584,"Sorry, gotta go. Looks like Gene's been doing his 3-D printer prank again."
4128,0,3,31,34,1.088235294117647,0.04937482703908927,584,Please stop sending applicants through. Not enough rolls of tissue avaliable for squeezing.
4128,1,1,32,34,1.088235294117647,0.06496464222510488,584,"Hello IT department, The 3D printer is on the fritz again."
4128,0,3,31,34,1.088235294117647,0.04937482703908927,584,You were right: combining a micro-wave oven with a photocopy machine was a bad idea.
4128,0,3,31,34,1.088235294117647,0.04937482703908927,584,Hi Tracy...Stuart entered his employee ID in the 'copies needed' again.
4128,0,3,31,34,1.088235294117647,0.04937482703908927,584,Will the real Clone 1.16 please step forward.
4128,0,3,31,34,1.088235294117647,0.04937482703908927,584,Houston -- We have a problem!
4128,0,3,31,34,1.088235294117647,0.04937482703908927,584,There's a problem in the copy room.
4128,0,3,31,34,1.088235294117647,0.04937482703908927,584,He just got laid off and he's beside himself.
4128,1,1,32,34,1.088235294117647,0.06496464222510488,584,"Hey Boss, I think we have a slight problem in the break room."
4128,0,3,31,34,1.088235294117647,0.04937482703908927,584,The copy machine is on the fritz again.
4128,0,3,31,34,1.088235294117647,0.04937482703908927,584,"Mr. Peters, this is Gwen in HR...., yes sir all the interviews are completed...mmmm, which one did you hire again?"
4128,0,3,31,34,1.088235294117647,0.04937482703908927,584,"I said, Frank Oz is 'The Flash'"
4128,0,3,31,34,1.088235294117647,0.04937482703908927,584,Sir - you might want to reconsider laying off the diversity and inclusion officer...
4128,1,1,32,34,1.088235294117647,0.06496464222510488,584,"Hey, our copy machine is broken again."
4128,1,1,32,34,1.088235294117647,0.06496464222510488,584,It looks like Hiram got the 3-D printer working but we have a new problem.
4128,1,1,32,34,1.088235294117647,0.06496464222510488,584,I'm not 100% sure.
4128,0,3,31,34,1.088235294117647,0.04937482703908927,584,It’s just as you feared. He’s cloned mediocrity.
4128,0,3,31,34,1.088235294117647,0.04937482703908927,584,Cloning is now cheaper than recruiting.
4128,1,1,32,34,1.088235294117647,0.06496464222510488,584,"The CPA we can use, but can we have him without the CGI?"
4128,0,3,31,34,1.088235294117647,0.04937482703908927,584,It's about the new 3D printer...
4128,0,3,31,34,1.088235294117647,0.04937482703908927,584,I think you'd better come down. The guys from the cloning convention are here!
4128,1,1,32,34,1.088235294117647,0.06496464222510488,584,Hello IT? I'd like to report that I'm seeing some un-malicious male ware. And it's replicating.
4128,0,3,31,34,1.088235294117647,0.04937482703908927,584,I found out what that button on our new 3D printer does.
4128,0,3,31,34,1.088235294117647,0.04937482703908927,584,They've come from being tested by Apple.
4128,0,3,31,34,1.088235294117647,0.04937482703908927,584,"When I said the copy machine is on the fritz, I meant it made a couple dozen Fritzs."
4128,0,3,31,34,1.088235294117647,0.04937482703908927,584,Cross-breeding successful. They're ready for transfer to the Faukland Islands.
4128,1,1,32,34,1.088235294117647,0.06496464222510488,584,"Jim, the copy machine is glitching again."
4128,0,3,31,34,1.088235294117647,0.04937482703908927,584,They are not nearly as flamboyant as last year.
4128,0,3,31,34,1.088235294117647,0.04937482703908927,584,Something's gone wrong with either the copier or the genetics lab.
4128,1,1,32,34,1.088235294117647,0.06496464222510488,584,Which Mr. Wilson did you wish to see?
4128,0,3,31,34,1.088235294117647,0.04937482703908927,584,Shall I send in the clones?
4128,0,3,31,34,1.088235294117647,0.04937482703908927,584,"The ad was supposed to read bird wanted, not nerd."
4128,0,3,31,34,1.088235294117647,0.04937482703908927,584,The board members are here.
4128,0,3,31,34,1.088235294117647,0.04937482703908927,584,"We never should've paid the first clone, now they all want a salary."
4128,0,3,31,34,1.088235294117647,0.04937482703908927,584,OK - Send in the next group for the Conformity 101 workshop.
4128,0,3,31,34,1.088235294117647,0.04937482703908927,584,"I said phone the accountant, not clone the accountant!"
4128,0,3,31,34,1.088235294117647,0.04937482703908927,584,We may want to be more precise about multiplying shareholders' stock
4128,0,3,31,34,1.088235294117647,0.04937482703908927,584,"I can't believe it, The Glass Ceiling just got a mustache and middle-aged gut and yes, bald."
4128,1,1,32,34,1.088235294117647,0.06496464222510488,584,"They said he was at the convention and -- oh, wait. I see him."
4128,0,3,31,34,1.088235294117647,0.04937482703908927,584,Remember when I said not to put the copy machine next to the microwave?
4128,0,3,31,34,1.088235294117647,0.04937482703908927,584,The meeting of the clone society is over. The meeting of the clone society is over. The meeting of the clone society is over. The meeting of the clone society is over. The . . .
4128,0,3,31,34,1.088235294117647,0.04937482703908927,584,"Hold on, something went wrong when I reserved the meeting room for Mr. Sims multiple times."
4128,1,1,32,34,1.088235294117647,0.06496464222510488,584,Mr. Bixby just left the meeting on improving diversity.
4128,0,3,31,34,1.088235294117647,0.04937482703908927,584,IT? Our 3D printer is stuck on 'bald and middle-aged' again!
4128,0,3,31,34,1.088235294117647,0.04937482703908927,584,"Well, we were anticipating exponential growth this quarter..."
4128,0,3,31,34,1.088235294117647,0.04937482703908927,584,"I'm afraid they sent clones, not clowns for the function."
4128,0,3,31,34,1.088235294117647,0.04937482703908927,584,The computer's on the fritz again.Could yo send down the cute guy in accounting.
4128,1,1,32,34,1.088235294117647,0.06496464222510488,584,I think they've finally reached an agreement.
4128,0,3,31,34,1.088235294117647,0.04937482703908927,584,"""Uh oh, I think the 3D copier is broken again""."
4128,1,1,32,34,1.088235294117647,0.06496464222510488,584,"Sir, I'm telling you it's very difficult to generate diversity in the accounting department."
4128,1,1,32,34,1.088235294117647,0.06496464222510488,584,Looks like the speed-dating session is going to be speedier than I expected.
4128,0,3,31,34,1.088235294117647,0.04937482703908927,584,I don't think these are the clones the Empire wants.
4128,0,3,31,34,1.088235294117647,0.04937482703908927,584,The enhanced personality profile in our new recruitment guideline appears to be optimized.
4128,1,1,32,34,1.088235294117647,0.06496464222510488,584,"On my mark, release the Stepford wives."
4128,1,1,32,34,1.088235294117647,0.06496464222510488,584,"You know how people say we all have a doppelganger? Well, Fred from Accounting apparently has 75, and they all look hungry."
4128,0,3,31,34,1.088235294117647,0.04937482703908927,584,How many Mr. Jones will you need?
4128,0,3,31,34,1.088235294117647,0.04937482703908927,584,I said send me copies of the accounts - not the accountants.
4128,0,3,31,34,1.088235294117647,0.04937482703908927,584,"Boss, did you switch the job posting description with a Tinder profile?"
4128,1,1,32,34,1.088235294117647,0.06496464222510488,584,Say 'Yes' to the Tie
4128,0,3,31,34,1.088235294117647,0.04937482703908927,584,The copier is broken again.
4128,0,3,31,34,1.088235294117647,0.04937482703908927,584,"They're coming out of the motivational training session now, sir."
4128,0,3,31,34,1.088235294117647,0.04937482703908927,584,"Yes, I'm happy to report that the cloning project is a BIG success."
4128,0,3,31,34,1.088235294117647,0.04937482703908927,584,"I want the Phones, not the clones!!!"
4128,0,3,31,34,1.088235294117647,0.04937482703908927,584,Irises! Irises! not IRS's!
4128,0,3,31,34,1.088235294117647,0.04937482703908927,584,Hello IT? the 3D printer copier is acting up again.
4128,0,3,31,34,1.088235294117647,0.04937482703908927,584,Did the president order a clone strike?
4128,0,3,31,34,1.088235294117647,0.04937482703908927,584,Quantum recruiting appears to have a downside.
4128,0,3,31,34,1.088235294117647,0.04937482703908927,584,This company can really use some more diversity.
4128,0,3,31,34,1.088235294117647,0.04937482703908927,584,You know that new copier we just had installed...?
4128,1,1,32,34,1.088235294117647,0.06496464222510488,584,I heard stocks were up
4128,1,1,32,34,1.088235294117647,0.06496464222510488,584,“Is it possible that he’s wearing a toupee?
4128,1,1,32,34,1.088235294117647,0.06496464222510488,584,No. We ordered genetically modified WITH work station assignments.
4128,0,3,31,34,1.088235294117647,0.04937482703908927,584,CALL GENENTECH NOW !!
4128,0,3,31,34,1.088235294117647,0.04937482703908927,584,We're going to need a lot more coffee.
4128,0,3,31,34,1.088235294117647,0.04937482703908927,584,"Carol, I gotta go."
4128,0,3,31,34,1.088235294117647,0.04937482703908927,584,Field a softball team? No problem!
4128,0,3,31,34,1.088235294117647,0.04937482703908927,584,Perhaps our hiring criteria checklist is a little too specific.
4128,1,1,32,34,1.088235294117647,0.06496464222510488,584,"The overflow crowd exits the ""Learn Ro Be Yourself"" Symposium."
4128,1,1,32,34,1.088235294117647,0.06496464222510488,584,That professor doing the cloning experiments sure has a bizarre seance of humor.
4128,1,1,32,34,1.088235294117647,0.06496464222510488,584,"Mr. Bannon, I'm afraid the applicants are more diverse than expected."
4128,0,3,31,34,1.088235294117647,0.04937482703908927,584,Tell the I.T. department the 3-D printer is malfunctioning again.
4128,0,3,31,34,1.088235294117647,0.04937482703908927,584,Fred! I think there's something wrong with the copier again!
4128,1,1,32,34,1.088235294117647,0.06496464222510488,584,"Sir, SOS! We need more space...the clones are overflowing."
4128,0,3,31,34,1.088235294117647,0.04937482703908927,584,But they're all wearing glasses.
4128,0,3,31,34,1.088235294117647,0.04937482703908927,584,That darn copy machine got stuck again !
4128,0,3,31,34,1.088235294117647,0.04937482703908927,584,Explain to me again the purpose of this cloning experiment.
4128,1,1,32,34,1.088235294117647,0.06496464222510488,584,"Sheep! I said we wanted to clone sheep, not the veep."
4128,0,3,31,34,1.088235294117647,0.04937482703908927,584,Good news...your stockbrokers have more than doubled.
4128,1,1,32,34,1.088235294117647,0.06496464222510488,584,Bill is leaning on the copy machine!!
4128,0,3,31,34,1.088235294117647,0.04937482703908927,584,The Clone Boors have begun!
4128,0,3,31,34,1.088235294117647,0.04937482703908927,584,The 3D printer is misbehaving again.
4128,0,3,31,34,1.088235294117647,0.04937482703908927,584,Revoke Carl's access to the 3D Printer immediately!
4128,1,1,32,34,1.088235294117647,0.06496464222510488,584,all balding white men with mustache look alike to me.
4128,0,3,31,34,1.088235294117647,0.04937482703908927,584,"In the next ad, can you back off on the previous job experience requirements?"
4128,0,3,31,34,1.088235294117647,0.04937482703908927,584,I asked for multiple applicants but I guess they forgot to break the mold.
4128,0,3,31,34,1.088235294117647,0.04937482703908927,584,The accountants are multiplying!
4128,0,3,31,34,1.088235294117647,0.04937482703908927,584,"The product testing is showing consistent results, sir."
4128,1,1,32,34,1.088235294117647,0.06496464222510488,584,"Who put ""applicants must match requirements exactly"" in this ad?"
4128,0,3,31,34,1.088235294117647,0.04937482703908927,584,He did say his biggest weakness was his swarm of aimless clones.
4128,0,3,31,34,1.088235294117647,0.04937482703908927,584,"""Oh no, is it slack, tie, glasses, and mustache day today?"
4128,0,3,31,34,1.088235294117647,0.04937482703908927,584,The Clone-a-Matic has gone bananas! We need the repairman and 75 toupees immediately.
4128,0,3,31,34,1.088235294117647,0.04937482703908927,584,We better call the CDC. It's spreading.
4128,0,3,31,34,1.088235294117647,0.04937482703908927,584,You're damn right the hiring committee screwed up. I asked for a guy we could count on..not guys for us to count on
4128,0,3,31,34,1.088235294117647,0.04937482703908927,584,You need to stop cloning around!
4128,0,3,31,34,1.088235294117647,0.04937482703908927,584,They say everyone has a double....but honestly this is more like a cartoon clone nightmare!
4128,1,1,32,34,1.088235294117647,0.06496464222510488,584,"You sent me to Clones, Incorporated. I want DRONES Incorporated!"
4128,0,3,31,34,1.088235294117647,0.04937482703908927,584,We've got to start recruiting from outside the company.
4128,0,3,31,34,1.088235294117647,0.04937482703908927,584,"Can you describe him in a little more detail, please?"
4128,1,1,32,34,1.088235294117647,0.06496464222510488,584,"Like the phases of the moon, but for office procrastination."
4128,0,3,31,34,1.088235294117647,0.04937482703908927,584,All we needed cloned is his finger print to pass the biometric scanner!
4128,1,1,32,34,1.088235294117647,0.06496464222510488,584,"""CLOWNS, not clones. Send in the clowns!"" (Isn't it rich?)"
4128,0,3,31,34,1.088235294117647,0.04937482703908927,584,"John, John, John, John, and, uh, ..... John are here to see you."
4128,0,3,31,34,1.088235294117647,0.04937482703908927,584,Counting the number of clones who can fit in the conference room is not in my job description.
4128,0,3,31,34,1.088235294117647,0.04937482703908927,584,HR better get down here quick! The diversity initiative is not working.
4128,1,1,32,34,1.088235294117647,0.06496464222510488,584,This mentoring thing is getting out of hand.
4128,1,1,32,34,1.088235294117647,0.06496464222510488,584,The drones for the office have arrived.
4128,0,3,31,34,1.088235294117647,0.04937482703908927,584,"I.T. Dept., we have an emergency. Artificial intelligence has spread to the copy machine and it has a wicked sense of humor!"
4128,0,3,31,34,1.088235294117647,0.04937482703908927,584,I think this corporate training session finally did the job.
4128,1,1,32,34,1.088235294117647,0.06496464222510488,584,"Pre-computer graphics, 2,500 identical men were required to play the falling scenes in 'The Matrix'."
4128,1,1,32,34,1.088235294117647,0.06496464222510488,584,Online dating just got a little scarier...
4128,0,3,31,34,1.088235294117647,0.04937482703908927,584,"Yes, doctor, I think Mr. Rosen has stopped taking his medication."
4128,0,3,31,34,1.088235294117647,0.04937482703908927,584,"Variety? I thought you said to put the casting call for ""Streetcar"" in the Wall St Journal."
4128,0,3,31,34,1.088235294117647,0.04937482703908927,584,I'll call you back. The copier's acting up again.
4128,1,1,32,34,1.088235294117647,0.06496464222510488,584,I'm afraid we're gonna have to collate Frank.
4128,0,3,31,34,1.088235294117647,0.04937482703908927,584,I wonder how fertile their mother was
4128,0,3,31,34,1.088235294117647,0.04937482703908927,584,I said call the FEDS not the Teds!
4128,0,3,31,34,1.088235294117647,0.04937482703908927,584,The clones are here. Would you like me to send them in?
4128,1,1,32,34,1.088235294117647,0.06496464222510488,584,"5,000 brown cardigans ASAP."
4128,0,3,31,34,1.088235294117647,0.04937482703908927,584,"No, Phil cleared the jam before he tripped."
4128,0,3,31,34,1.088235294117647,0.04937482703908927,584,"Mr. Sondheim, they're here."""
4128,0,3,31,34,1.088235294117647,0.04937482703908927,584,Can someone turn the copier off?
4128,0,3,31,34,1.088235294117647,0.04937482703908927,584,The photocopier is broken again.
4128,0,3,31,34,1.088235294117647,0.04937482703908927,584,When you have just graduated the ninja school and you show it off what you have learned to your crush at work.
4128,0,3,31,34,1.088235294117647,0.04937482703908927,584,OMG an infestation of Culprits!
4128,0,3,31,34,1.088235294117647,0.04937482703908927,584,Hello? Missing persons?
4128,0,3,31,34,1.088235294117647,0.04937482703908927,584,We're cloning Ollies today.
4128,0,3,31,34,1.088235294117647,0.04937482703908927,584,Jones has been tinkering with the copier again.
4128,1,1,32,34,1.088235294117647,0.06496464222510488,584,Someone is playing with the 3D copier!
4128,0,3,31,34,1.088235294117647,0.04937482703908927,584,Did You Say You Were Taking Your 11:30 AM Appointment To Lunch ?
4128,0,3,31,34,1.088235294117647,0.04937482703908927,584,There seems to be some confusion between the men's room and the copy room.
4128,1,1,32,34,1.088235294117647,0.06496464222510488,584,Yeah we've started shooting The Matrix Accountants.
4128,0,3,31,34,1.088235294117647,0.04937482703908927,584,The copy machine's behaving strangely!
4128,0,3,31,34,1.088235294117647,0.04937482703908927,584,I think I better understand his split personality.
4128,0,3,31,34,1.088235294117647,0.04937482703908927,584,"They're still here looking for their jobs. Yes, I told them they were obsolete."
4128,0,3,31,34,1.088235294117647,0.04937482703908927,584,I think the photocloning machine needs a reboot.
4128,0,3,31,34,1.088235294117647,0.04937482703908927,584,"Sir, you need to get down here! Your electro human duplicator does seem to be working, but I can't turn it off."
4128,0,3,31,34,1.088235294117647,0.04937482703908927,584,"She said she couldn't get enough of me. So, I stepped up my game."
4128,1,1,32,34,1.088235294117647,0.06496464222510488,584,Yes 200 of the same order
4128,0,3,31,34,1.088235294117647,0.04937482703908927,584,I just don't buy that tech has a diversity problem.
4128,1,1,32,34,1.088235294117647,0.06496464222510488,584,Your clones look sleepy: Please bring some coffee or a lot of mattresses and pillows.
4128,0,3,31,34,1.088235294117647,0.04937482703908927,584,Hello duplicating? I think you misunderstood my request.
4128,0,3,31,34,1.088235294117647,0.04937482703908927,584,"Yes sir, the new employees are here. Yes sir, they fit your personality preferences. We'll need name tags."
4128,0,3,31,34,1.088235294117647,0.04937482703908927,584,We have to get a sense of urgency into these fire drills.
4128,0,3,31,34,1.088235294117647,0.04937482703908927,584,The clones are coming out now... who do you want to speak to?
4128,0,3,31,34,1.088235294117647,0.04937482703908927,584,Can you give me a slightly better description as to who I'm looking for?
4128,1,1,32,34,1.088235294117647,0.06496464222510488,584,So what if there's nothing else like them? They still don't help our diversity.
4128,0,3,31,34,1.088235294117647,0.04937482703908927,584,"Sir, the Novak centuplets are here for part 2 of the Making Sense of Birth Order workshop."
4128,0,3,31,34,1.088235294117647,0.04937482703908927,584,I think a Starbucks card would be a better productivity incentive.
4128,1,1,32,34,1.088235294117647,0.06496464222510488,584,Looks like the cloning conference has gone well!
4128,0,3,31,34,1.088235294117647,0.04937482703908927,584,"Howard, you're replacements have arrived."
4128,0,3,31,34,1.088235294117647,0.04937482703908927,584,Didn't you say the accident in the cloning department was contained?
4128,1,1,32,34,1.088235294117647,0.06496464222510488,584,George Clooney has arrived.
4128,0,3,31,34,1.088235294117647,0.04937482703908927,584,"Contact Muzak fast: ""Stop playing '""Send in the Clones' ""!"
4128,1,1,32,34,1.088235294117647,0.06496464222510488,584,Oh my God! It's the Singularity!
4128,0,3,31,34,1.088235294117647,0.04937482703908927,584,"Yes they are dreamers, but not my dreamers."
4128,1,1,32,34,1.088235294117647,0.06496464222510488,584,Sorry to bother you sir ... Chuck messed with the 3D printer again.
4128,0,3,31,34,1.088235294117647,0.04937482703908927,584,"Yes, sir, they're just coming in now. You're right. I don't like the looks of that third one either."
4128,1,1,32,34,1.088235294117647,0.06496464222510488,584,Perhaps we should reassess the diversity initiative.
4128,0,3,31,34,1.088235294117647,0.04937482703908927,584,Diversity Department? I think we have a problem.
4128,0,3,31,34,1.088235294117647,0.04937482703908927,584,"I can't find a plumber, but if you need an accountant..."
4128,0,3,31,34,1.088235294117647,0.04937482703908927,584,The nerd clones are coming out of the closet!
4128,0,3,31,34,1.088235294117647,0.04937482703908927,584,Perkins has been playing with copier again
4128,0,3,31,34,1.088235294117647,0.04937482703908927,584,I don't think the results of the DNA test will be necessary.
4128,0,3,31,34,1.088235294117647,0.04937482703908927,584,"Hey Chief, I think the 3-D printer's on the fritz again."
4128,0,3,31,34,1.088235294117647,0.04937482703908927,584,I'm not sure. Could you describe him for me?
4128,0,3,31,34,1.088235294117647,0.04937482703908927,584,Tell Mr. Trump to forget the wall... we've got a bigger problem.
4128,0,3,31,34,1.088235294117647,0.04937482703908927,584,"Hey, I think I figured out why the 3-D printer is way over budget."
4128,0,3,31,34,1.088235294117647,0.04937482703908927,584,Good news. We only need one iPhone for the entire staff.
4128,1,1,32,34,1.088235294117647,0.06496464222510488,584,I'm in the middle of a meeting for middle-aged mid-level managers who have no hips.
4128,0,3,31,34,1.088235294117647,0.04937482703908927,584,The clone workers are all set. Now all we need is ten dozen name tags.
4128,0,3,31,34,1.088235294117647,0.04937482703908927,584,I don't think we're going to make our diversity hiring objectives this month
4128,0,3,31,34,1.088235294117647,0.04937482703908927,584,"Hey Marge, better call Bob, Wilfred’s been playing with the 3D printer again."
4128,0,3,31,34,1.088235294117647,0.04937482703908927,584,The boss' order of warm bodies has arrived
4128,1,1,32,34,1.088235294117647,0.06496464222510488,584,I think the new drones you ordered have arrived.
4128,1,1,32,34,1.088235294117647,0.06496464222510488,584,"Yes, they're all here."
4128,1,1,32,34,1.088235294117647,0.06496464222510488,584,"Our 3D printer is on the blink again....yeah, this time I think we'll need Security to help out."
4128,1,1,32,34,1.088235294117647,0.06496464222510488,584,"Drones??! No, this is the Office of Clones!"
4128,0,3,31,34,1.088235294117647,0.04937482703908927,584,Couldn't you have made the office clones a touch more dashing?
4128,0,3,31,34,1.088235294117647,0.04937482703908927,584,"Quick, turn off the accountant cloning machine"
4128,0,3,31,34,1.088235294117647,0.04937482703908927,584,This is Frank Stella's latest construction - a fresh surprising twist on green cross-hatches.
4128,0,3,31,34,1.088235294117647,0.04937482703908927,584,"Yes, but wouldn't it be better to ask for Mister Waldo?"
4128,1,1,32,34,1.088235294117647,0.06496464222510488,584,"Wearing a NECKTIE bomb, you say? Trigger's in the BELT BUCKLE?"
4128,0,3,31,34,1.088235294117647,0.04937482703908927,584,"You're going to want to halt production Marv, somebody's gone and set the duplicator to ""Dilbert""."
4128,0,3,31,34,1.088235294117647,0.04937482703908927,584,The Cloning Convention is on break right now.I'll call you back.
4128,1,1,32,34,1.088235294117647,0.06496464222510488,584,Did I miss the 'Bring Your Clone To Work' memo?
4128,0,3,31,34,1.088235294117647,0.04937482703908927,584,"Yes, the meeting in duplicating has just ended."
4128,0,3,31,34,1.088235294117647,0.04937482703908927,584,Better call the exterminator. I think we have another invasion of accountants.
4128,0,3,31,34,1.088235294117647,0.04937482703908927,584,Grover's Mill immigration office.
4128,0,3,31,34,1.088235294117647,0.04937482703908927,584,"My Apple Music order was 'Send in the Clowns', not 'Send in the Clones'."
4128,0,3,31,34,1.088235294117647,0.04937482703908927,584,Someone didn't clear the number of copies on the 3 D printer.
4128,0,3,31,34,1.088235294117647,0.04937482703908927,584,Copier's on the fritz again...
4128,0,3,31,34,1.088235294117647,0.04937482703908927,584,"I.T., get down here a.s.a.p. The 3-D printer has gone haywire again."
4128,0,3,31,34,1.088235294117647,0.04937482703908927,584,Your repeat of the atom splitting experiment has gone horribly wrong!
4128,0,3,31,34,1.088235294117647,0.04937482703908927,584,I'm sorry but I think this is carrying gender equality too far.
4128,0,3,31,34,1.088235294117647,0.04937482703908927,584,The copier's malfunctioning again!
4128,0,3,31,34,1.088235294117647,0.04937482703908927,584,"I said to clone a work army, not a dork army! You're not getting a good Yelp review I can tell you that much missy."
4128,0,3,31,34,1.088235294117647,0.04937482703908927,584,"Forr the nwxt scene I requested 81 Bold men, not 81 Bald men."
4128,0,3,31,34,1.088235294117647,0.04937482703908927,584,Looks like somebody left the 3D printer on again
4128,1,1,32,34,1.088235294117647,0.06496464222510488,584,"Oh yeah, I also need to order a copier."
4128,0,3,31,34,1.088235294117647,0.04937482703908927,584,Yeah...I think the copier is messed up again...
4128,1,1,32,34,1.088235294117647,0.06496464222510488,584,It appears that there may be a side effect to your new anti-aging cream.
4128,0,3,31,34,1.088235294117647,0.04937482703908927,584,He'll be hard to reach if he doesn't have a unique ring-tone.
4128,0,3,31,34,1.088235294117647,0.04937482703908927,584,Has anybody seen Ned?
4128,0,3,31,34,1.088235294117647,0.04937482703908927,584,"The effect of the ""school spirit"" talk was stunning !"
4128,0,3,31,34,1.088235294117647,0.04937482703908927,584,"They all look the same, disoriented, like all of their i Phones are nowhere to be found."
4128,0,3,31,34,1.088235294117647,0.04937482703908927,584,That new detailed headhunter app may have over done it.
4128,1,1,32,34,1.088235294117647,0.06496464222510488,584,"""The Zerox guy is here."
4128,0,3,31,34,1.088235294117647,0.04937482703908927,584,"Well, we're screwed in the cloning case."
4128,1,1,32,34,1.088235294117647,0.06496464222510488,584,Hello? There's been a mistake. We said we wanted to test your new cologne maker!
4128,0,3,31,34,1.088235294117647,0.04937482703908927,584,We need to stop duplicating the work load!
4128,0,3,31,34,1.088235294117647,0.04937482703908927,584,Our redundancy analyst had a run in with the 3-D printer.
4128,1,1,32,34,1.088235294117647,0.06496464222510488,584,"i'm confused, i thought we agreed to kill off this nasty character..?"
4128,1,1,32,34,1.088235294117647,0.06496464222510488,584,The hologram machine duplicate button is stuck again...
4128,0,3,31,34,1.088235294117647,0.04937482703908927,584,"He's right here, I'll put him on speakerphone."
4128,0,3,31,34,1.088235294117647,0.04937482703908927,584,and they're all named Groncho!
4128,0,3,31,34,1.088235294117647,0.04937482703908927,584,"no, our play is called a thousand CLOWNS!!!!"
4128,0,3,31,34,1.088235294117647,0.04937482703908927,584,Hey Bob do you remember that movie Multiplicity?
4128,1,1,32,34,1.088235294117647,0.06496464222510488,584,I guess he changed his stance on diversity.
4128,0,3,31,34,1.088235294117647,0.04937482703908927,584,I thought we were cloning secretaries not mid level non decision makers.
4128,0,3,31,34,1.088235294117647,0.04937482703908927,584,Is Rich there? There's an embarrassment of Riches.
4128,0,3,31,34,1.088235294117647,0.04937482703908927,584,The clones you ordered have come. Where should I put them?
4128,1,1,32,34,1.088235294117647,0.06496464222510488,584,...I told you having Jeffrey Tambour as our speaker was a bad idea.
4128,1,1,32,34,1.088235294117647,0.06496464222510488,584,Can we get someone up here from IT? The 3-D copier is jammed again.
4128,1,1,32,34,1.088235294117647,0.06496464222510488,584,"How many carbon copies of 'Bill' did you say you needed, sir?"
4128,0,3,31,34,1.088235294117647,0.04937482703908927,584,"Yes, sir. I am looking for Waldo and I can assure you that he's not here!"
4128,0,3,31,34,1.088235294117647,0.04937482703908927,584,"Mr. President,did you want the good news or the bad news about money spent on cloning research?"
4128,0,3,31,34,1.088235294117647,0.04937482703908927,584,"Apparently, there has been a malfunction in our copier."
4128,0,3,31,34,1.088235294117647,0.04937482703908927,584,Fritz is on the copier again.
4128,0,3,31,34,1.088235294117647,0.04937482703908927,584,"I ordered clowns, not clones."
4128,1,1,32,34,1.088235294117647,0.06496464222510488,584,I have a feeling that all the men that enrolled in this speed date lied about their looks.
4128,0,3,31,34,1.088235294117647,0.04937482703908927,584,It's our worst nightmare!
4128,0,3,31,34,1.088235294117647,0.04937482703908927,584,Mr. Palmer believes his look alikes are more efficient.
4128,1,1,32,34,1.088235294117647,0.06496464222510488,584,...and they all claim their name is John Smith.
4128,0,3,31,34,1.088235294117647,0.04937482703908927,584,Fred! You sent the Milton look-alikes for the Office Space remake to the wrong casting office!
4128,1,1,32,34,1.088235294117647,0.06496464222510488,584,I knew I should have taken the red pill.
4128,1,1,32,34,1.088235294117647,0.06496464222510488,584,Who said Nepotism is dead?
4128,1,1,32,34,1.088235294117647,0.06496464222510488,584,There was an explosion in the cloning factory.
4128,1,1,32,34,1.088235294117647,0.06496464222510488,584,"Sir, the men for the new 'Where's Wilbur' photo shoot are here, but you're not going to like this."
4128,0,3,31,34,1.088235294117647,0.04937482703908927,584,"Yes sir, but while I agree the results of your uniform work cubicle policy are very remarkable..."
4128,0,3,31,34,1.088235294117647,0.04937482703908927,584,We can go ahead and cancel the second experiment.
4128,1,1,32,34,1.088235294117647,0.06496464222510488,584,"Umm, I'm not sure if I'll be able to keep up with the Joneses today."
4128,0,3,31,34,1.088235294117647,0.04937482703908927,584,Looks like the copier is broken again.
4128,1,1,32,34,1.088235294117647,0.06496464222510488,584,I think I have meet all of Roger's personalities!!
4128,1,1,32,34,1.088235294117647,0.06496464222510488,584,"Sir, the 3D printer is stuck again; and now we've got 40 Harry's from accounting!"
4128,1,1,32,34,1.088235294117647,0.06496464222510488,584,I have a call for Harry Smith XXXVIII
4128,0,3,31,34,1.088235294117647,0.04937482703908927,584,Something went terribly wrong in the lab.  Send help!
4128,1,1,32,34,1.088235294117647,0.06496464222510488,584,The early adopters for the IPhone X have arrived.
4128,0,3,31,34,1.088235294117647,0.04937482703908927,584,The Ralphs are loose.
4128,0,3,31,34,1.088235294117647,0.04937482703908927,584,"Well, they're certainly bald"
4128,0,3,31,34,1.088235294117647,0.04937482703908927,584,Gibbons in procurement screwed up again. I clearly told him to order a bunch of clowns for this year's retreat!
4128,0,3,31,34,1.088235294117647,0.04937482703908927,584,What wording did you use for this casting call?
4128,0,3,31,34,1.088235294117647,0.04937482703908927,584,Tell someone to turn off the 3-D printer.
4128,0,3,31,34,1.088235294117647,0.04937482703908927,584,The eyewitness is certain we have the right man.
4128,0,3,31,34,1.088235294117647,0.04937482703908927,584,Gender Equality: the secretaryal pool is all Bobs'
4128,0,3,31,34,1.088235294117647,0.04937482703908927,584,"Maintenance, the cloning machine is jammed, again!"
4128,0,3,31,34,1.088235294117647,0.04937482703908927,584,Can you be a little more specific in the description of Mr. Jones?
4128,0,3,31,34,1.088235294117647,0.04937482703908927,584,"Yes, she is coming out now. I am sure I will recognize her."
4128,0,3,31,34,1.088235294117647,0.04937482703908927,584,"He says you shouted ""DUPLICATE !"" and it happened."
4128,0,3,31,34,1.088235294117647,0.04937482703908927,584,"You're right, that new 3D printer is awesome!"
4128,0,3,31,34,1.088235294117647,0.04937482703908927,584,"The Lacey dectuplets are here, sir."
4128,1,1,32,34,1.088235294117647,0.06496464222510488,584,The vex toys are restless.
4128,0,3,31,34,1.088235294117647,0.04937482703908927,584,"We need more work for accounting, their projections are duplicative."
4128,0,3,31,34,1.088235294117647,0.04937482703908927,584,"No,this would be easier for everyone if YOU had worn a pink carnation today."
4128,0,3,31,34,1.088235294117647,0.04937482703908927,584,There seems to be something amiss in the genome lab.
4128,1,1,32,34,1.088235294117647,0.06496464222510488,584,The Diversity Task Force is just letting out. We need to talk.
4128,1,1,32,34,1.088235294117647,0.06496464222510488,584,"Remember those guys from the old ""I keep hitting copy and nothing happens"" cartoon? Well, I found out where they are now."
4128,0,3,31,34,1.088235294117647,0.04937482703908927,584,"Well, there's not a whole lot of choice here."
4128,1,1,32,34,1.088235294117647,0.06496464222510488,584,Our cloning experiment has had unexpected results.
4128,0,3,31,34,1.088235294117647,0.04937482703908927,584,"Yes, I see him. He stands out like a sore thumb."
4128,0,3,31,34,1.088235294117647,0.04937482703908927,584,"Sir, Wendell fixed the 3-D printer."
4128,0,3,31,34,1.088235294117647,0.04937482703908927,584,Staches are out.
4128,0,3,31,34,1.088235294117647,0.04937482703908927,584,"Yes, but they are ALL Caucasion."
4128,0,3,31,34,1.088235294117647,0.04937482703908927,584,"Hello,Maintenance? The 3d printer in Accounting is broken again."
4128,1,1,32,34,1.088235294117647,0.06496464222510488,584,"Hello Tech Support, the 3-D copier is MALEfunctioning again."
4128,0,3,31,34,1.088235294117647,0.04937482703908927,584,Let you know as soon as who arrives?
4128,1,1,32,34,1.088235294117647,0.06496464222510488,584,Uh-oh. The copier is still broken.
4128,1,1,32,34,1.088235294117647,0.06496464222510488,584,Oh my gosh! How can you tell the politicians apart?
4128,0,3,31,34,1.088235294117647,0.04937482703908927,584,It's gotta be a family reunion of some kind
4128,1,1,32,34,1.088235294117647,0.06496464222510488,584,We have a problem! Our cloning machine is out of control.
4128,0,3,31,34,1.088235294117647,0.04937482703908927,584,We never should have given Ted access to the 3D printer.
4128,0,3,31,34,1.088235294117647,0.04937482703908927,584,"I haven't spotted him yet, but I'm pretty sure he's our kind of guy."
4128,1,1,32,34,1.088235294117647,0.06496464222510488,584,I told you to clone the bolder employees. Not the balder!
4128,1,1,32,34,1.088235294117647,0.06496464222510488,584,Yes. They're all demanding sitting desks.
4128,1,1,32,34,1.088235294117647,0.06496464222510488,584,Tell the copier repair guy to come back.
4128,0,3,31,34,1.088235294117647,0.04937482703908927,584,"I know, I know...but it's 3-D printer that won't turn off!"
4128,0,3,31,34,1.088235294117647,0.04937482703908927,584,John Smith? I'm looking for Mr. John Smith.
4128,1,1,32,34,1.088235294117647,0.06496464222510488,584,A message ? Sure I can give him a message. What does he look like ?
4128,1,1,32,34,1.088235294117647,0.06496464222510488,584,The Groucho look-alike contestants are leaving. Apparently they couldn't decide on a winner. It was a tie.
4128,1,1,32,34,1.088235294117647,0.06496464222510488,584,The overcrowding is driving them in-same.
4128,1,1,32,34,1.088235294117647,0.06496464222510488,584,Hello Morpheus? This is Trinity. The convention of retiring Agent Smith has arrived.
4536,0,4,42,46,1.0869565217391304,0.04200399056866503,584,I know you said I couldn't miss him but which bald guy with glasses and a mustache would he be?
4537,1,1,33,35,1.0857142857142856,0.06313156292770737,584,"Art Department wants a word, Sir."
4537,0,3,32,35,1.0857142857142856,0.04800960288096031,584,Uh.... something has gone terribly wrong with the Brad Pitt duplicates.
4537,1,1,33,35,1.0857142857142856,0.06313156292770737,584,The robotic copier in Accounting is acting up again.
4537,0,3,32,35,1.0857142857142856,0.04800960288096031,584,What's the number for photocopier repairs?
4537,0,3,32,35,1.0857142857142856,0.04800960288096031,584,"Hello, HR? Please send your Diversity Officer up to my department, pronto!"
4537,0,3,32,35,1.0857142857142856,0.04800960288096031,584,"okay, so we cooked our books a little...i think one or two would be enough"
4537,0,3,32,35,1.0857142857142856,0.04800960288096031,584,Clyde is abusing the 3D printer again.
4537,0,3,32,35,1.0857142857142856,0.04800960288096031,584,"Sir, they're breaking out of the conference womb!"
4537,0,3,32,35,1.0857142857142856,0.04800960288096031,584,This is worse then finding Waldo.
4537,0,3,32,35,1.0857142857142856,0.04800960288096031,584,"Okay, I released the Clones. Now what?"
4537,0,3,32,35,1.0857142857142856,0.04800960288096031,584,"No, nothing new. Same. Same."
4537,0,3,32,35,1.0857142857142856,0.04800960288096031,584,Can you rustle up a few more I.D. badges?
4537,0,3,32,35,1.0857142857142856,0.04800960288096031,584,Hello Mr. Enolc. The Dollys are here to see you!
4537,0,3,32,35,1.0857142857142856,0.04800960288096031,584,Is this all one family?
4537,0,3,32,35,1.0857142857142856,0.04800960288096031,584,It's bring a Drone to Work Day.
4552,0,4,43,47,1.0851063829787233,0.041142194186747603,584,"I ordered a bunch of bread, not a bunch of Fred's."
4553,0,3,33,36,1.0833333333333333,0.04671765921511568,584,This explains last month's copy room expenses.
4553,1,1,34,36,1.0833333333333333,0.06139903313441727,584,We’ll call it “The Matrix Re-Audited: Agent Smith Goes to Washington.” The machine-world IRS maintains control over humans through tax audits and seeks to re-possess Zion for unpaid taxes.
4553,0,3,33,36,1.0833333333333333,0.04671765921511568,584,I would say that your clone academy is working.
4553,0,3,33,36,1.0833333333333333,0.04671765921511568,584,It should be a little while before Ian Brown's motion reaches homeostasis.
4553,0,3,33,36,1.0833333333333333,0.04671765921511568,584,"Sir, Thomas Crown is here to see you."
4553,0,3,33,36,1.0833333333333333,0.04671765921511568,584,He expects his chances for a raise to multiply.
4553,0,3,33,36,1.0833333333333333,0.04671765921511568,584,"Yes, I believe you may just have misunderstood me a bit. I said I need a room full of clowns not clones."
4553,0,3,33,36,1.0833333333333333,0.04671765921511568,584,They told Harold he should get out of bonds and into stocks.
4553,0,3,33,36,1.0833333333333333,0.04671765921511568,584,"George, turn off the 3-D printer NOW."
4553,0,3,33,36,1.0833333333333333,0.04671765921511568,584,I think the 3-D printer went haywire!
4553,1,1,34,36,1.0833333333333333,0.06139903313441727,584,"Hi, I'd like to book a one way flight."
4553,1,1,34,36,1.0833333333333333,0.06139903313441727,584,"I think there's something wrong with our copy machine, yes I'll hold."
4553,0,3,33,36,1.0833333333333333,0.04671765921511568,584,Something's gone horribly wrong with the copy machine.
4553,0,3,33,36,1.0833333333333333,0.04671765921511568,584,I'm looking for my wife.
4553,0,3,33,36,1.0833333333333333,0.04671765921511568,584,How do you turn off the cloning machine?
4553,0,3,33,36,1.0833333333333333,0.04671765921511568,584,"oh no, the cloning was a success, but..."
4553,0,3,33,36,1.0833333333333333,0.04671765921511568,584,"Clowns! I said send in the clowns, not the clones!"
4553,0,3,33,36,1.0833333333333333,0.04671765921511568,584,"Warning ... while great minds think alike, they never dress alike ... let alone look alike. Be afraid, be very afraid!"
4571,0,3,34,37,1.0810810810810811,0.045493265488117475,584,"Mr. Watson — come here, I want to see you."
4571,0,3,34,37,1.0810810810810811,0.045493265488117475,584,"Not bad, but Ed from Accounting is missing that Dolly the Sheep charisma."
4571,0,3,34,37,1.0810810810810811,0.045493265488117475,584,This is Anderson. The copier on 14 is acting up again.
4571,1,1,35,37,1.0810810810810811,0.05975900523162883,584,All the individuals have arrived.
4571,0,3,34,37,1.0810810810810811,0.045493265488117475,584,"O.K., Waldo is his first name. What's his last name?"
4571,0,3,34,37,1.0810810810810811,0.045493265488117475,584,"Yes, the diversity training class was very well attended....I'll have to call you back."
4571,0,3,34,37,1.0810810810810811,0.045493265488117475,584,Perhaps we should have specified which Mr Mumford was required.
4571,0,3,34,37,1.0810810810810811,0.045493265488117475,584,"Yes, I know I asked for ""someone to meet my every need"" but this isn't what I had in mind."
4571,1,1,35,37,1.0810810810810811,0.05975900523162883,584,Oh my! I think the copy machine is broken...!
4571,1,1,35,37,1.0810810810810811,0.05975900523162883,584,"""I am Spartacus""!"
4571,0,3,34,37,1.0810810810810811,0.045493265488117475,584,I need to get back to you later. The CRISPR CREAM conference just concluded.
4582,0,2,23,25,1.08,0.055377492419453826,584,"Strange, but apparently there are no woman shoe salesman at this convention."
4582,0,2,23,25,1.08,0.055377492419453826,584,.. some sort of super power
4584,0,3,35,38,1.0789473684210527,0.044331271812937195,584,Who let the docs out?
4584,0,3,35,38,1.0789473684210527,0.044331271812937195,584,Uh-oh! The cat's out of the bag!
4584,1,1,36,38,1.0789473684210527,0.058204267603313695,584,"I’m here for the ‘3rd accountant from the right’ audition, what part are you going for?"
4584,0,3,35,38,1.0789473684210527,0.044331271812937195,584,"Bob, I will have to clone you back."
4588,0,3,36,39,1.0769230769230769,0.04322703745761662,584,I thought you requested quantity over quality.
4588,0,3,36,39,1.0769230769230769,0.04322703745761662,584,Google autocompleted clones for clowns?
4588,0,3,36,39,1.0769230769230769,0.04322703745761662,584,Auto repeat request for a bookkeeper got stuck!
4591,0,3,37,40,1.075,0.04217636961434866,584,"I've got some bad news on the ""designer babies"" front."
4591,0,3,37,40,1.075,0.04217636961434866,584,"So far, the new identical pill is working."
4593,0,3,38,41,1.0731707317073171,0.04117547077105886,584,The Ingenuity Seminar is just ending. Hopefully it will have some effect.
4593,0,3,38,41,1.0731707317073171,0.04117547077105886,584,"Mr. Vader: I struck him down, just like you said, and now he's become more powerful than I could possibly imagine."
4595,0,3,39,42,1.0714285714285714,0.04022089331224806,584,Come quickly-- the 3D printer in the engineering department won't stop
4595,0,3,39,42,1.0714285714285714,0.04022089331224806,584,"You say I should stop the mustached, bald headed guy and tell him he needs to report to work at 8:00 A.M. tomorrow."
4597,0,2,28,30,1.0666666666666667,0.046320555585310084,584,"Remember when you said, ""Find one thing you're good at and master it?"""
4598,0,2,29,31,1.064516129032258,0.04485301852605202,584,Please stop the bloody cloning system!
4598,0,2,29,31,1.064516129032258,0.04485301852605202,584,Tell Mr. Duke we have a foolproof way to maintain a white majority.
4598,1,0,30,31,1.064516129032258,0.06451612903225803,584,It's all teachers and no pupils
4598,1,0,30,31,1.064516129032258,0.06451612903225803,584,They all wear glasses too.
4598,0,2,29,31,1.064516129032258,0.04485301852605202,584,Which Mr. Charles C. Riggs do you wish to speak with?
4598,0,2,29,31,1.064516129032258,0.04485301852605202,584,"Oh my god, 3-D printing is so advanced?"
4598,0,2,29,31,1.064516129032258,0.04485301852605202,584,3-D printer's gone nuts.
4598,0,2,29,31,1.064516129032258,0.04485301852605202,584,They all go by Joe Blow!
4598,0,2,29,31,1.064516129032258,0.04485301852605202,584,"I didn't say ""send me a million Chucks"" when we were in the annual budget meeting!"
4598,0,2,29,31,1.064516129032258,0.04485301852605202,584,One of our Repro guys has figured out how to get more than one paycheck.
4598,0,2,29,31,1.064516129032258,0.04485301852605202,584,The Sorceress's Apprentice is back in HR again.
4598,1,0,30,31,1.064516129032258,0.06451612903225803,584,"The Lou Bots are headed downstairs. You can send Phil up."""
4598,0,2,29,31,1.064516129032258,0.04485301852605202,584,"No, Mary isn't a part of the executive committee, they’re just getting out now."
4598,0,2,29,31,1.064516129032258,0.04485301852605202,584,I'm the type of guy that really grows on you.
4598,0,2,29,31,1.064516129032258,0.04485301852605202,584,I told you...Mr. Jones is more than two faced.
4598,0,2,29,31,1.064516129032258,0.04485301852605202,584,The copier is down again.
4598,0,2,29,31,1.064516129032258,0.04485301852605202,584,We have a strict dress code. I need to order 500 blue blazers.
4598,1,0,30,31,1.064516129032258,0.06451612903225803,584,"Get me Neo on the phone stat, IRS Agent Smith is going viral."
4598,0,2,29,31,1.064516129032258,0.04485301852605202,584,"EMERGENCY! The cloning department is stuck on ""Repeat""!"
4598,0,2,29,31,1.064516129032258,0.04485301852605202,584,"Did he leave any better description than ""I'll be the dork with the mustache""?"
4598,0,2,29,31,1.064516129032258,0.04485301852605202,584,I think the copy machine has been hacked.
4598,0,2,29,31,1.064516129032258,0.04485301852605202,584,Why do we keep using generic cloning samples in our experiments?
4598,0,2,29,31,1.064516129032258,0.04485301852605202,584,"Don't bother, they're here."
4598,1,0,30,31,1.064516129032258,0.06451612903225803,584,"Sir, the hive mind is here for its interview..."
4598,0,2,29,31,1.064516129032258,0.04485301852605202,584,The photocopier is acting up again.
4598,0,2,29,31,1.064516129032258,0.04485301852605202,584,Looks like Bob fixed the copier.
4598,0,2,29,31,1.064516129032258,0.04485301852605202,584,"Mr. Nelson, we have a problem, the name tags were never delivered."
4598,0,2,29,31,1.064516129032258,0.04485301852605202,584,Can you give me again the clue how to spot a Master of illusions?
4598,0,2,29,31,1.064516129032258,0.04485301852605202,584,All Frank has busted loose.
4598,0,2,29,31,1.064516129032258,0.04485301852605202,584,The IT guy dockerized himself again.
4598,0,2,29,31,1.064516129032258,0.04485301852605202,584,The new hires just came out of Herd Training.
4598,0,2,29,31,1.064516129032258,0.04485301852605202,584,"Hello, maintenance? It looks like the copy machine on the second floor is acting up again. Better hurry!"
4598,0,2,29,31,1.064516129032258,0.04485301852605202,584,"No, really, the cloning research is going fine."
4598,0,2,29,31,1.064516129032258,0.04485301852605202,584,"What do you mean ""what glass ceiling?"""
4598,0,2,29,31,1.064516129032258,0.04485301852605202,584,Call the 3-D copier hotline--fast!
4598,0,2,29,31,1.064516129032258,0.04485301852605202,584,'I think we are being too narrow job focus'?
4598,0,2,29,31,1.064516129032258,0.04485301852605202,584,"Just how many sperm donations did you make in college, Tom?"
4598,0,2,29,31,1.064516129032258,0.04485301852605202,584,"Yes, they are interchangeable, but I'm not sure it's by design."
4598,0,2,29,31,1.064516129032258,0.04485301852605202,584,Looks like Carl's been made redundant.
4598,0,2,29,31,1.064516129032258,0.04485301852605202,584,Can you be more specific? This place is crawling with nerdy looking guys.
4598,0,2,29,31,1.064516129032258,0.04485301852605202,584,We need to update our diversity policy.
4598,0,2,29,31,1.064516129032258,0.04485301852605202,584,"Yes, the seminar on creating your Yes, the seminar on ""Creating Your Own Idenity"" just finished."
4598,1,0,30,31,1.064516129032258,0.06451612903225803,584,"Sir, the Cloning Conference is just taking a break now."
4598,0,2,29,31,1.064516129032258,0.04485301852605202,584,"Building maintenance? Yes, there's a problem with the copy room."
4598,0,2,29,31,1.064516129032258,0.04485301852605202,584,Copier's acting up again.
4598,0,2,29,31,1.064516129032258,0.04485301852605202,584,"""The new photocopier just made 10,000 copies of our HR manager, Francis X. Erox."
4598,0,2,29,31,1.064516129032258,0.04485301852605202,584,"I know Harold does a good job, but do we really need so many of him?"
4598,0,2,29,31,1.064516129032258,0.04485301852605202,584,"Send Tech Support, now! Something's happened in the Copy Room!"
4598,0,2,29,31,1.064516129032258,0.04485301852605202,584,"It's an anonymous vote, alright."
4598,0,2,29,31,1.064516129032258,0.04485301852605202,584,"Yes, I know I called -- what kind of copier company are you?"
4598,0,2,29,31,1.064516129032258,0.04485301852605202,584,I just gotta be me.
4598,0,2,29,31,1.064516129032258,0.04485301852605202,584,The Zombie Apocalypse I think it’s begun!
4598,0,2,29,31,1.064516129032258,0.04485301852605202,584,"I think the copy machine is broken again, Henry."
4598,1,0,30,31,1.064516129032258,0.06451612903225803,584,Hey Fred....your self-cloning program has worked a little bit too well.
4598,0,2,29,31,1.064516129032258,0.04485301852605202,584,"I know sequels are easy money, but Agent Smith has not aged well."
4598,0,2,29,31,1.064516129032258,0.04485301852605202,584,"Yes, I'm sure. He said his name was ""Mr. Penguin ""."
4598,0,2,29,31,1.064516129032258,0.04485301852605202,584,We're going to need more bologna sandwiches.
4598,1,0,30,31,1.064516129032258,0.06451612903225803,584,It looks like he's here.
4598,0,2,29,31,1.064516129032258,0.04485301852605202,584,I don't know who organized the conference but I think they're all accountants.
4598,0,2,29,31,1.064516129032258,0.04485301852605202,584,"Marge, I thought you said it was a woman's seminar"
4598,0,2,29,31,1.064516129032258,0.04485301852605202,584,"Well, ma'am, there was a typo. They sent us one hundred men instead of one hundred pens."
4598,1,0,30,31,1.064516129032258,0.06451612903225803,584,"Joe's fooling with the 3-D printer, again."
4598,0,2,29,31,1.064516129032258,0.04485301852605202,584,"Where are the clones? Quick send in the clones. Don't bother,....they're here."
4598,0,2,29,31,1.064516129032258,0.04485301852605202,584,We've got Sids again.
4598,0,2,29,31,1.064516129032258,0.04485301852605202,584,Looks like another ones lost everything in the stocks
4598,0,2,29,31,1.064516129032258,0.04485301852605202,584,"Did you give me the wrong address? Yes I requested middle-aged, but male models nonetheless. And why are Bannon, Spicer and Scaramucci here? They can all go. Pronto. But at least they'll never hear me say: ""You're fired!"
4598,0,2,29,31,1.064516129032258,0.04485301852605202,584,They have already hung their jackets on chairs.
4598,0,2,29,31,1.064516129032258,0.04485301852605202,584,"Remember ""we sue at dawn""? The accountants you requisitioned to ""count""er are here."
4598,0,2,29,31,1.064516129032258,0.04485301852605202,584,We need to improve our interview process.
4598,0,2,29,31,1.064516129032258,0.04485301852605202,584,"When Hell is full, the dead will walk the earth . . . oh, my fucking God!"
4598,0,2,29,31,1.064516129032258,0.04485301852605202,584,Is this the right place for auditions?
4598,0,2,29,31,1.064516129032258,0.04485301852605202,584,"I heard phone, not clone. Oh dear, you do look tired."
4598,0,2,29,31,1.064516129032258,0.04485301852605202,584,The copy room's jammed again.
4598,0,2,29,31,1.064516129032258,0.04485301852605202,584,This is what happens when we run low on workers at the genetics lab
4598,0,2,29,31,1.064516129032258,0.04485301852605202,584,Did you send Otto to Duplicating again?
4598,0,2,29,31,1.064516129032258,0.04485301852605202,584,I think the copier's on the fritz.
4598,0,2,29,31,1.064516129032258,0.04485301852605202,584,Help! The hiring freeze unthawed unexpectedly!
4598,0,2,29,31,1.064516129032258,0.04485301852605202,584,"I know you gave me a picture of him, but there is a slight problem."
4598,0,2,29,31,1.064516129032258,0.04485301852605202,584,I'll be there in a minute. There's a logjam at the copier.
4598,0,2,29,31,1.064516129032258,0.04485301852605202,584,Quick! Turn off the 3-D copier!
4598,0,2,29,31,1.064516129032258,0.04485301852605202,584,All I can say is once you see one Sir Dean you've seen them all.
4598,0,2,29,31,1.064516129032258,0.04485301852605202,584,"He's bald, with glasses and a mustache and is wearing a white shirt and tie? OK, I got this."
4598,0,2,29,31,1.064516129032258,0.04485301852605202,584,"I wanted drones, not clones!"
4598,0,2,29,31,1.064516129032258,0.04485301852605202,584,I need to speak to the recruitment department. Their diversity initiatives are not working.
4598,0,2,29,31,1.064516129032258,0.04485301852605202,584,The male half of the Clone family has arrived.
4598,0,2,29,31,1.064516129032258,0.04485301852605202,584,Which Mr. Lemming would you care to speak to?
4598,0,2,29,31,1.064516129032258,0.04485301852605202,584,Someone spilled water on Mr. Gizmo.
4598,0,2,29,31,1.064516129032258,0.04485301852605202,584,I said 'Clowns!'
4598,0,2,29,31,1.064516129032258,0.04485301852605202,584,I'd like to place a delivery order. Five hundred pastrami on rye.
4598,0,2,29,31,1.064516129032258,0.04485301852605202,584,I think the 3D printer is malfunctioning again
4598,0,2,29,31,1.064516129032258,0.04485301852605202,584,Bob's stuck in the clonatron again.
4598,0,2,29,31,1.064516129032258,0.04485301852605202,584,"No, the 3D printer. Brent thought it just needed ink or something."
4598,0,2,29,31,1.064516129032258,0.04485301852605202,584,"The cloning program does work, but the sample to be copied could have been chosen more carefully ."
4598,1,0,30,31,1.064516129032258,0.06451612903225803,584,"Mr. Schnebly, the clone is more than a success. Will the original Mr Schnebly step forward."
4598,0,2,29,31,1.064516129032258,0.04485301852605202,584,"How do the new interviewees look? Seen one, seen 'em all."
4598,0,2,29,31,1.064516129032258,0.04485301852605202,584,"Boss, I think Mr. Jenkins misunderstood you when you asked him to obtain some LOANS for the office."
4598,0,2,29,31,1.064516129032258,0.04485301852605202,584,Sir: the diversity meeting has just concluded.
4598,0,2,29,31,1.064516129032258,0.04485301852605202,584,"Jan, I think the copier is on the fritz again."
4598,0,2,29,31,1.064516129032258,0.04485301852605202,584,Can you send someone up to the copy center? The 3-D printer has gone mad!!
4598,0,2,29,31,1.064516129032258,0.04485301852605202,584,To which Mr. Smith do you wish to speak?
4598,0,2,29,31,1.064516129032258,0.04485301852605202,584,The political convention is on break. How do I find Senator Thompson?
4598,1,0,30,31,1.064516129032258,0.06451612903225803,584,Short-listing my short-list.
4598,0,2,29,31,1.064516129032258,0.04485301852605202,584,The horror! The horror!
4598,0,2,29,31,1.064516129032258,0.04485301852605202,584,Larry's from the fertility clinic are here to see you.
4598,0,2,29,31,1.064516129032258,0.04485301852605202,584,How do I tell which one has the big cock?
4598,1,0,30,31,1.064516129032258,0.06451612903225803,584,We're going to need more coffee.
4598,0,2,29,31,1.064516129032258,0.04485301852605202,584,"I thought you said,""Make a clone call""."
4598,0,2,29,31,1.064516129032258,0.04485301852605202,584,"Chief? We sent Perkins from IT down to check out the 3D copier and...well, looks like it's malfunctioning pretty badly."
4598,0,2,29,31,1.064516129032258,0.04485301852605202,584,I need help fast! The 3D printer is going berserk!
4598,0,2,29,31,1.064516129032258,0.04485301852605202,584,"Could you send another technician, please? The copier machine is acting up again."
4598,0,2,29,31,1.064516129032258,0.04485301852605202,584,We need a copier repairman repairman
4598,0,2,29,31,1.064516129032258,0.04485301852605202,584,"Sir, I believe the ""I wish I could be in more than one place at a time"" you ordered has arrived."
4598,1,0,30,31,1.064516129032258,0.06451612903225803,584,Have H.R. ease up on their recruitment filters.
4598,0,2,29,31,1.064516129032258,0.04485301852605202,584,I've a feeling this Hiring Diversity Meeting may face one or two challenges.
4598,1,0,30,31,1.064516129032258,0.06451612903225803,584,Stop hitting copy!
4598,1,0,30,31,1.064516129032258,0.06451612903225803,584,"Can you be more specific about what you mean by, “a diverse and inclusive applicant pool?”"
4598,0,2,29,31,1.064516129032258,0.04485301852605202,584,There's been a mistake. They sent in the clones.
4598,0,2,29,31,1.064516129032258,0.04485301852605202,584,The Freds are here.
4598,0,2,29,31,1.064516129032258,0.04485301852605202,584,Security! The Walking Ed has taken over accounting!
4598,0,2,29,31,1.064516129032258,0.04485301852605202,584,The 3D printer seems to be malfunctioning again.
4598,0,2,29,31,1.064516129032258,0.04485301852605202,584,You won't believe this...the copier just went kerflooey again!
4598,0,2,29,31,1.064516129032258,0.04485301852605202,584,Someone told them we had cookies up here.
4598,0,2,29,31,1.064516129032258,0.04485301852605202,584,You said he had a doppelganger.
4598,0,2,29,31,1.064516129032258,0.04485301852605202,584,Mr. Withers? Your four o'clocks are here...
4598,0,2,29,31,1.064516129032258,0.04485301852605202,584,Security? There seems to be a problem in the Hall of Mirrors.
4598,0,2,29,31,1.064516129032258,0.04485301852605202,584,Ok! Can you describe him?
4598,0,2,29,31,1.064516129032258,0.04485301852605202,584,Our 3D printer has gone overboard.
4598,0,2,29,31,1.064516129032258,0.04485301852605202,584,"Sir, we ordered too many accountants."
4598,0,2,29,31,1.064516129032258,0.04485301852605202,584,I've got Phils. They're multiplying.
4598,0,2,29,31,1.064516129032258,0.04485301852605202,584,Never mind. The copier's working fine now.
4598,1,0,30,31,1.064516129032258,0.06451612903225803,584,"Hello H.R? Who said ""send in the clones?"""
4598,1,0,30,31,1.064516129032258,0.06451612903225803,584,"And your guess for the number of Mr. Jelly Beans in the container was, . . . what???"
4598,0,2,29,31,1.064516129032258,0.04485301852605202,584,The c.p.a. Seminar just broke for lunch. Should I tell them now that lunch is not included?
4598,0,2,29,31,1.064516129032258,0.04485301852605202,584,You'd better send someone downto look at the photocopier.
4598,1,0,30,31,1.064516129032258,0.06451612903225803,584,"I said scones, not clones!"
4598,0,2,29,31,1.064516129032258,0.04485301852605202,584,Will the real Bald Doe please enter...
4598,0,2,29,31,1.064516129032258,0.04485301852605202,584,"Sir, the copier is doing it again."
4598,0,2,29,31,1.064516129032258,0.04485301852605202,584,"We need him, but not Golden Handcuffs need him"
4598,0,2,29,31,1.064516129032258,0.04485301852605202,584,Can you give me any other identifying features?
4598,0,2,29,31,1.064516129032258,0.04485301852605202,584,I've heard of gender identity but never middle aged bald guy identity...
4598,0,2,29,31,1.064516129032258,0.04485301852605202,584,I believe all those appli KENTS just arrived.
4598,0,2,29,31,1.064516129032258,0.04485301852605202,584,"Call repair, the duplictaing machine is on the fritz again."
4598,0,2,29,31,1.064516129032258,0.04485301852605202,584,The Self-Reflection Conference is just getting out.
4598,0,2,29,31,1.064516129032258,0.04485301852605202,584,Tell IT there's a problem with the copy machine again...
4598,0,2,29,31,1.064516129032258,0.04485301852605202,584,I guess the casting call was too broad.
4598,0,2,29,31,1.064516129032258,0.04485301852605202,584,"You say it's an emergency and that Mr. Feldman is bald, has a mustache, wears glasses and has a tie."
4598,0,2,29,31,1.064516129032258,0.04485301852605202,584,"I don't know, hold on and I'll ask five of them the same question."
4598,0,2,29,31,1.064516129032258,0.04485301852605202,584,"Well, they have a diversity of perspectives."
4598,0,2,29,31,1.064516129032258,0.04485301852605202,584,"Hi, this is Barbara calling from inside the Matrix. Could you tell Agent Smith that his dad is here to see him?"
4598,0,2,29,31,1.064516129032258,0.04485301852605202,584,Red Alert! Compliance has cloned itself
4598,0,2,29,31,1.064516129032258,0.04485301852605202,584,"...yeah, hi... this Marjorie Davis in Personnel. This is your last chance, Frank... enough messing with the 3D copier!"
4598,0,2,29,31,1.064516129032258,0.04485301852605202,584,Who let the docs out?
4598,0,2,29,31,1.064516129032258,0.04485301852605202,584,My guess is that they are penguins incognito!
4598,0,2,29,31,1.064516129032258,0.04485301852605202,584,I'm sorry. I can't get in to turn off the copier.
4598,0,2,29,31,1.064516129032258,0.04485301852605202,584,The Edgars are here
4598,0,2,29,31,1.064516129032258,0.04485301852605202,584,"I think your casting call for Groucho lookalikes is way out of hand, sir!"
4598,0,2,29,31,1.064516129032258,0.04485301852605202,584,Call for help! It's the Accounting Apocalypse!
4598,0,2,29,31,1.064516129032258,0.04485301852605202,584,"You asked for extras for the show, so here we are!"
4598,0,2,29,31,1.064516129032258,0.04485301852605202,584,"Balding, glasses, striped tie. Got it. I'll see that he gets your message."
4598,0,2,29,31,1.064516129032258,0.04485301852605202,584,"OK, I'm liking this new approach to diversity."
4598,0,2,29,31,1.064516129032258,0.04485301852605202,584,Yes Security? Something's off at the Cloning Department.
4598,0,2,29,31,1.064516129032258,0.04485301852605202,584,"Oh, yes... The copier IS working..."
4598,0,2,29,31,1.064516129032258,0.04485301852605202,584,"I said, ""The clone machine needs fixing--immediately!"""
4598,1,0,30,31,1.064516129032258,0.06451612903225803,584,"""The Zerox guy is here."
4598,0,2,29,31,1.064516129032258,0.04485301852605202,584,"I'm telling you, this new branch, it's like I'm in Being Non Malkovich."
4598,0,2,29,31,1.064516129032258,0.04485301852605202,584,"The World Conference on Human Cloning is going well, but we're running low on name tags."
4598,0,2,29,31,1.064516129032258,0.04485301852605202,584,The clone masters contingency has arrived.
4598,0,2,29,31,1.064516129032258,0.04485301852605202,584,Herman tried to do a selfie on the copy machine. I think he broke it.
4598,0,2,29,31,1.064516129032258,0.04485301852605202,584,Tell HR I think I've found the problem.
4598,0,2,29,31,1.064516129032258,0.04485301852605202,584,The refugees from hurricane Dolly are here.
4598,1,0,30,31,1.064516129032258,0.06451612903225803,584,"I don't know, it's slow. A little more Miralax?"
4598,0,2,29,31,1.064516129032258,0.04485301852605202,584,I think we turned the cloning machine up too high!
4598,0,2,29,31,1.064516129032258,0.04485301852605202,584,Can you be a little more specific about what he looks like?
4598,0,2,29,31,1.064516129032258,0.04485301852605202,584,"The audition call was for clowns, not clones."
4598,0,2,29,31,1.064516129032258,0.04485301852605202,584,She's the clone arranger.
4598,0,2,29,31,1.064516129032258,0.04485301852605202,584,I think we've been transported back to 1955.
4598,0,2,29,31,1.064516129032258,0.04485301852605202,584,"Hello, Ajax Theatrical Supply? How will I recognize Ryan and McConnell?"
4598,0,2,29,31,1.064516129032258,0.04485301852605202,584,I wished for few problems not new!
4598,0,2,29,31,1.064516129032258,0.04485301852605202,584,Cancel the 3D print job.
4598,0,2,29,31,1.064516129032258,0.04485301852605202,584,"Sir, you did ask me to send in the clones, didn't you?"
4598,0,2,29,31,1.064516129032258,0.04485301852605202,584,"Personally, I think R&D's cloning project has gotten out of hand."
4598,0,2,29,31,1.064516129032258,0.04485301852605202,584,"Tell your so-called genius Watson it’s a song from a musical, and this time spell it out."
4598,1,0,30,31,1.064516129032258,0.06451612903225803,584,"The new compliance standards are working like a charm. Unfortunately, the elevator is not."
4598,0,2,29,31,1.064516129032258,0.04485301852605202,584,Come quick! Alfred's smartphone 3-D selfie camera is stuck in the COPY-PASTE mode.
4598,0,2,29,31,1.064516129032258,0.04485301852605202,584,Match.com doesn't work this way.
4598,0,2,29,31,1.064516129032258,0.04485301852605202,584,It's time for your meeting with Jefferies.
4598,0,2,29,31,1.064516129032258,0.04485301852605202,584,The Dudes program is getting out of hand!
4598,0,2,29,31,1.064516129032258,0.04485301852605202,584,I think our diversity program still needs a little work.
4598,1,0,30,31,1.064516129032258,0.06451612903225803,584,"Yes sir, the anonymous clowns meeting has just let out."
4598,0,2,29,31,1.064516129032258,0.04485301852605202,584,"We might want to rethink the facial recognition app, Bill."
4598,0,2,29,31,1.064516129032258,0.04485301852605202,584,The copier's gone haywire again.
4598,0,2,29,31,1.064516129032258,0.04485301852605202,584,Which one??
4598,0,2,29,31,1.064516129032258,0.04485301852605202,584,It's a Gene thing.
4598,1,0,30,31,1.064516129032258,0.06451612903225803,584,Cloning has its disadvantages!
4598,0,2,29,31,1.064516129032258,0.04485301852605202,584,Your 3:333 o'clock is here.
4598,0,2,29,31,1.064516129032258,0.04485301852605202,584,The copy machine's malfunctioning again.
4598,0,2,29,31,1.064516129032258,0.04485301852605202,584,Service Department? Come quick--the #D printer is out of control again!
4598,0,2,29,31,1.064516129032258,0.04485301852605202,584,"The cast of ""Meet The Clones"" is just leaving. The room is free!"""
4598,0,2,29,31,1.064516129032258,0.04485301852605202,584,"... and this is a Déjà vu Gallery, devoted to identity theft victims."
4598,0,2,29,31,1.064516129032258,0.04485301852605202,584,"Hello, Security? I think we have had an, um, incident down in the cloning lab."
4598,0,2,29,31,1.064516129032258,0.04485301852605202,584,I'll just bring in the best looking one first.
4598,0,2,29,31,1.064516129032258,0.04485301852605202,584,Tell security I can't find the guy with the bowtie as yet.
4598,0,2,29,31,1.064516129032258,0.04485301852605202,584,It's a bit strange but I think someone cloned Schmedley.
4598,0,2,29,31,1.064516129032258,0.04485301852605202,584,The new 3-D printer seems to be working now.
4598,0,2,29,31,1.064516129032258,0.04485301852605202,584,"Yes, there seems to be some trouble with Mr. Tribble."
4598,0,2,29,31,1.064516129032258,0.04485301852605202,584,"Leslie, please turn off the copier!"
4598,1,0,30,31,1.064516129032258,0.06451612903225803,584,Cloning Central calling- how's your supply of graying toupees?
4598,0,2,29,31,1.064516129032258,0.04485301852605202,584,Hello? The copier is broken again.
4598,0,2,29,31,1.064516129032258,0.04485301852605202,584,Tech Support? I think the copy machine is broken again.
4598,0,2,29,31,1.064516129032258,0.04485301852605202,584,"I can't find him, all these white male executives looks the same."
4598,1,0,30,31,1.064516129032258,0.06451612903225803,584,Thar all say they're here to run for Congress.
4598,0,2,29,31,1.064516129032258,0.04485301852605202,584,"Oh, no, they've all been brain washed"
4598,0,2,29,31,1.064516129032258,0.04485301852605202,584,Which one of you fuckers is Mr. Smith?
4598,0,2,29,31,1.064516129032258,0.04485301852605202,584,"Yes, we hit the stop button but it's still turning him out."
4598,0,2,29,31,1.064516129032258,0.04485301852605202,584,"Jeremy, I found the Chinese IT Association meeting room"
4598,0,2,29,31,1.064516129032258,0.04485301852605202,584,It's the Walking Ted from accounting. We need a larger room and entrails.
4598,1,0,30,31,1.064516129032258,0.06451612903225803,584,"I said to hire a millennial, not many Neal."
4598,0,2,29,31,1.064516129032258,0.04485301852605202,584,Good news: the copier's fixed. Bad news: it now duplicates in ways in which it wasn't meant to.
4598,0,2,29,31,1.064516129032258,0.04485301852605202,584,"Marge, the 'Claim Adjuster Seminar' has just ended and I'm feeling very horny."
4598,0,2,29,31,1.064516129032258,0.04485301852605202,584,"Hold on, please. Senator Smith is just entering the room."
4598,0,2,29,31,1.064516129032258,0.04485301852605202,584,"No, our casting call doesn't include a height requirement."
4598,0,2,29,31,1.064516129032258,0.04485301852605202,584,I have 25 identical morons auditioning for a stripper role.
4598,0,2,29,31,1.064516129032258,0.04485301852605202,584,"I.T., I think we have a problem."
4598,0,2,29,31,1.064516129032258,0.04485301852605202,584,"Looks like we aren't going to need the name tags, Cindy."
4598,1,0,30,31,1.064516129032258,0.06451612903225803,584,Just to let you know that your cloning experiment was sort of a success.
4598,0,2,29,31,1.064516129032258,0.04485301852605202,584,"Did someone sneak in and use the DNA replicator, maybe Joe from Sales?"
4598,0,2,29,31,1.064516129032258,0.04485301852605202,584,Mr. Escher is here.
4598,0,2,29,31,1.064516129032258,0.04485301852605202,584,"Sir, the Diversity Champs are here"
4598,1,0,30,31,1.064516129032258,0.06451612903225803,584,"Doctor, we have enough now for the call of volunteers for the consciousness study in self-awareness."
4598,0,2,29,31,1.064516129032258,0.04485301852605202,584,Sir! We have a situation with the new 3D copier!
4598,0,2,29,31,1.064516129032258,0.04485301852605202,584,"They've been delivered, but they sure don't look like an Apple product to me."
4598,0,2,29,31,1.064516129032258,0.04485301852605202,584,"You misunderstood, I said ""send in the clowns"""
4598,0,2,29,31,1.064516129032258,0.04485301852605202,584,"Kathy, the ad said 'Three males; not females...'"
4598,0,2,29,31,1.064516129032258,0.04485301852605202,584,"I guess I didn't know what to expect when you said it was a ""Bob"" convention."
4598,0,2,29,31,1.064516129032258,0.04485301852605202,584,"The job applicants fit your ad description to a ""T."""
4598,0,2,29,31,1.064516129032258,0.04485301852605202,584,You better call the exterminator again....looks like the accountants are back.
4598,0,2,29,31,1.064516129032258,0.04485301852605202,584,"No, no; I texted ""'clowns', Send in the clowns."""
4598,0,2,29,31,1.064516129032258,0.04485301852605202,584,Im so glad we decided to call it Eau de Clone
4598,0,2,29,31,1.064516129032258,0.04485301852605202,584,And they're all named Waldo.
4598,0,2,29,31,1.064516129032258,0.04485301852605202,584,Which one was from Harvard again?
4598,0,2,29,31,1.064516129032258,0.04485301852605202,584,The new iClone is amazing.
4598,0,2,29,31,1.064516129032258,0.04485301852605202,584,Remember when you said you wish you had more Hermans?
4598,0,2,29,31,1.064516129032258,0.04485301852605202,584,"Yes, they ordered three hundred, Agnes, can't imagine why."
4598,0,2,29,31,1.064516129032258,0.04485301852605202,584,The new copier unit is not the model we ordered
4598,0,2,29,31,1.064516129032258,0.04485301852605202,584,Their father sells copiers.
4598,0,2,29,31,1.064516129032258,0.04485301852605202,584,Quick. Get me the new iClone.
4598,1,0,30,31,1.064516129032258,0.06451612903225803,584,Jeff's been playing with the copier again!
4598,0,2,29,31,1.064516129032258,0.04485301852605202,584,"Mr. Sondheim, we have a problem. They just sent in the clones."
4598,0,2,29,31,1.064516129032258,0.04485301852605202,584,"Yes, the Republicans have arrived."
4598,0,2,29,31,1.064516129032258,0.04485301852605202,584,Oh No! The photocopy machine is running wild again!
4598,1,0,30,31,1.064516129032258,0.06451612903225803,584,All I said to him was to make sure next time he copied himself!
4598,0,2,29,31,1.064516129032258,0.04485301852605202,584,The 3-D printer is malfunctioning.
4598,0,2,29,31,1.064516129032258,0.04485301852605202,584,"Ma'am, which of your husbands do you want to speak with again?"
4598,1,0,30,31,1.064516129032258,0.06451612903225803,584,The copy room is working at peak efficiency.
4598,0,2,29,31,1.064516129032258,0.04485301852605202,584,We have a situation in the copy room.
4598,1,0,30,31,1.064516129032258,0.06451612903225803,584,Apparently they're all called Waldo !.
4598,0,2,29,31,1.064516129032258,0.04485301852605202,584,Copier malfunction on seven!
4598,0,2,29,31,1.064516129032258,0.04485301852605202,584,"'Send in the clowns?' I thought you said, 'send in the clones.'"
4598,0,2,29,31,1.064516129032258,0.04485301852605202,584,"I said I wanted you over for ""tea,"" not infinity!"
4598,0,2,29,31,1.064516129032258,0.04485301852605202,584,Your 10 o' clocks are here.
4598,0,2,29,31,1.064516129032258,0.04485301852605202,584,I think the copier is broken!
4598,0,2,29,31,1.064516129032258,0.04485301852605202,584,"Sir, the candidates that the Applicant Tracking System selected have arrived."
4598,1,0,30,31,1.064516129032258,0.06451612903225803,584,"Dr Clone, when I said I wish we had another 100 accountants as good as Harold......"
4598,0,2,29,31,1.064516129032258,0.04485301852605202,584,Alexa just sent us 135 accountants.
4598,0,2,29,31,1.064516129032258,0.04485301852605202,584,"Balding, glasses, mustache, paunch."
4598,0,2,29,31,1.064516129032258,0.04485301852605202,584,"Unique and irreplaceable, I told the agency..."
4598,0,2,29,31,1.064516129032258,0.04485301852605202,584,"Susan, send an exterminator down to the comptroller's office right away."
4598,0,2,29,31,1.064516129032258,0.04485301852605202,584,""" I told them the DNA for for this experiment was labeled under ""T"" for Tom Brady, what dimwit went into the ""S"" for Schlub"" ?"
4598,1,0,30,31,1.064516129032258,0.06451612903225803,584,????????????????????????????????????????????????????????????????????????????????????
4598,0,2,29,31,1.064516129032258,0.04485301852605202,584,??????????????????????????????WHY'S??THERE??SO??MANY??BALD??DUDES??IN??THAT??ROOM??OMG????????????????????????????????????
4598,1,0,30,31,1.064516129032258,0.06451612903225803,584,"Sir, the Phils are here to see you"
4598,0,2,29,31,1.064516129032258,0.04485301852605202,584,There better be more to this new line of our male sex bots. WAY MORE.
4598,0,2,29,31,1.064516129032258,0.04485301852605202,584,I've discovered why 'Send in the Clones' is playing on the office music system.
4598,0,2,29,31,1.064516129032258,0.04485301852605202,584,"No Alice, I'm pretty sure this is not what the Emperor expected when he ordered a Clone Army."
4598,0,2,29,31,1.064516129032258,0.04485301852605202,584,Send in the CEO candidates!
4598,0,2,29,31,1.064516129032258,0.04485301852605202,584,Some meeting's just ending - I think it's the Diversity Committee.
4598,1,0,30,31,1.064516129032258,0.06451612903225803,584,"I said, ""Bring in the clowns,"""
4598,0,2,29,31,1.064516129032258,0.04485301852605202,584,What does the cross-dresser wear??
4598,0,2,29,31,1.064516129032258,0.04485301852605202,584,The Look-a-Like Contest finalists are just leaving.
4598,0,2,29,31,1.064516129032258,0.04485301852605202,584,"Challenge is, they all look alike to me."
4598,0,2,29,31,1.064516129032258,0.04485301852605202,584,"We've just finished ""The Immortal Life of Henry Lacking""."
4598,0,2,29,31,1.064516129032258,0.04485301852605202,584,"Hey Boss, did you order a gross of Artie Gross's?"
4598,0,2,29,31,1.064516129032258,0.04485301852605202,584,I think you can stop production on the Groucho Marx disguise gag.
4598,0,2,29,31,1.064516129032258,0.04485301852605202,584,"Ok, we've got enough Mutt look-alikes, send in the Jeffs."
4598,0,2,29,31,1.064516129032258,0.04485301852605202,584,The men's room has become too literal.
4598,0,2,29,31,1.064516129032258,0.04485301852605202,584,"Yes, it's impressive that it works, but was cloning NATHAN really the right choice?"
4598,0,2,29,31,1.064516129032258,0.04485301852605202,584,The 3D printer did it again.
4598,0,2,29,31,1.064516129032258,0.04485301852605202,584,Tell Chip that shutting down the cloning lab is going to be trickier than we thought.
4598,0,2,29,31,1.064516129032258,0.04485301852605202,584,There's a problem in the controlled breeding lab.
4598,0,2,29,31,1.064516129032258,0.04485301852605202,584,"Security, security. I think we have a toupee thief in the building."
4598,0,2,29,31,1.064516129032258,0.04485301852605202,584,"He will be tied up all day, Mr. Krause. He has to pick a new hire."
4598,0,2,29,31,1.064516129032258,0.04485301852605202,584,what is exactly this convention about again and who exactly am I interviewing for tonight's news grab.
4598,0,2,29,31,1.064516129032258,0.04485301852605202,584,The copier is stuck again.
4598,0,2,29,31,1.064516129032258,0.04485301852605202,584,"Sir, this is Ellen from cloning..."
4598,0,2,29,31,1.064516129032258,0.04485301852605202,584,The accounting temps are here.
4598,0,2,29,31,1.064516129032258,0.04485301852605202,584,Seems they were finally able to reach a consensus!
4598,1,0,30,31,1.064516129032258,0.06451612903225803,584,"I can only describe it as ""The March of the Pin-heads."""
4598,0,2,29,31,1.064516129032258,0.04485301852605202,584,Randy has been fiddling with the cloning machine again. Seal the exits!
4598,1,0,30,31,1.064516129032258,0.06451612903225803,584,Ok well how many is IT in Roman numerals?
4598,0,2,29,31,1.064516129032258,0.04485301852605202,584,We cloned the wrong George Clooney
4598,0,2,29,31,1.064516129032258,0.04485301852605202,584,OK . . .which one?
4598,0,2,29,31,1.064516129032258,0.04485301852605202,584,You have to come quick. The accountants arrived to consolidate our financial statements.
4598,0,2,29,31,1.064516129032258,0.04485301852605202,584,Oh - you didn't get the memo that it is casual Friday
4598,0,2,29,31,1.064516129032258,0.04485301852605202,584,The gentleman with multiple personality disorder has arrived.
4598,0,2,29,31,1.064516129032258,0.04485301852605202,584,Does our building insurance cover Cy clones?
4598,0,2,29,31,1.064516129032258,0.04485301852605202,584,"In my defense, office drones and office clones sounds so similar!"
4598,0,2,29,31,1.064516129032258,0.04485301852605202,584,How many interviews did you schedule for the hair transplant commercial!
4598,1,0,30,31,1.064516129032258,0.06451612903225803,584,OMG the copy machine did it again!
4598,0,2,29,31,1.064516129032258,0.04485301852605202,584,"""high performer clones, these are what we need"" - Corporate"
4598,1,0,30,31,1.064516129032258,0.06451612903225803,584,The Xerox people are here.
4598,0,2,29,31,1.064516129032258,0.04485301852605202,584,it's always a weird time when the centuplets come to town.
4598,1,0,30,31,1.064516129032258,0.06451612903225803,584,"I know, but remember that experiment you started before going on vacation?"
4598,0,2,29,31,1.064516129032258,0.04485301852605202,584,Send IT up here fast. Thompson has been messing with the 3D printer again.
4598,0,2,29,31,1.064516129032258,0.04485301852605202,584,I'll send in the clones.
4598,0,2,29,31,1.064516129032258,0.04485301852605202,584,The Xerox has gone horribly wrong.
4598,0,2,29,31,1.064516129032258,0.04485301852605202,584,"Oh yes, the cloning program has worked. I'm just not sure it is the best thing we have done!"
4598,0,2,29,31,1.064516129032258,0.04485301852605202,584,Casual Fridays were such a morale booster we thought we'd give Dad Bod Mondays a try.
4598,0,2,29,31,1.064516129032258,0.04485301852605202,584,The new employee is playing with the copier again!
4598,0,2,29,31,1.064516129032258,0.04485301852605202,584,I'm afraid we have a mutation in the mustache-gene pool.
4598,0,2,29,31,1.064516129032258,0.04485301852605202,584,He's here ..the bald guy with a diagonal striped tie...now what do I do?
4598,0,2,29,31,1.064516129032258,0.04485301852605202,584,He's on the move
4598,0,2,29,31,1.064516129032258,0.04485301852605202,584,"Hello Staples, copy department?"
4598,0,2,29,31,1.064516129032258,0.04485301852605202,584,The subpoenas for Does 1-100 have been served.
4598,0,2,29,31,1.064516129032258,0.04485301852605202,584,"It's Nelson again, fooling around with the 3D printer."
4598,1,0,30,31,1.064516129032258,0.06451612903225803,584,"Gregory, I said to PHONE Mr. Braithwaite, not CLONE him!"
4598,1,0,30,31,1.064516129032258,0.06451612903225803,584,"Yeah, I asked for Dolly. You sent Ed from Accounting."
4598,0,2,29,31,1.064516129032258,0.04485301852605202,584,How can I tell? They look like brainless clones to me.
4598,0,2,29,31,1.064516129032258,0.04485301852605202,584,"Yes, I can also show them how to personalize their desktop wallpaper."
4598,0,2,29,31,1.064516129032258,0.04485301852605202,584,I don't know -- penguins in disguise?
4598,1,0,30,31,1.064516129032258,0.06451612903225803,584,"Hello, Diversity Is Us? There's a problem with our order."
4598,0,2,29,31,1.064516129032258,0.04485301852605202,584,"Send somebody up from Tech, right away. We have an issue with the copier."
4598,0,2,29,31,1.064516129032258,0.04485301852605202,584,The sticky note read '100 3-D copies TO Walter...not OF Walter!'
4598,0,2,29,31,1.064516129032258,0.04485301852605202,584,Fred - maybe our requirements listed in the job posting were too specific
4598,0,2,29,31,1.064516129032258,0.04485301852605202,584,Did you order a business incubator from Monsanto?
4598,0,2,29,31,1.064516129032258,0.04485301852605202,584,"Sorry sir, but Waldo has changed clothes"
4598,1,0,30,31,1.064516129032258,0.06451612903225803,584,I don't think they were programmed for coffee breaks.
4598,1,0,30,31,1.064516129032258,0.06451612903225803,584,There's a malfunctioning 3D printer.
4598,0,2,29,31,1.064516129032258,0.04485301852605202,584,I'm sending in the clones.
4598,0,2,29,31,1.064516129032258,0.04485301852605202,584,It looks like the copier is on the fritz again.
4598,1,0,30,31,1.064516129032258,0.06451612903225803,584,The Miss America cloning failed.
4598,0,2,29,31,1.064516129032258,0.04485301852605202,584,I gotta call you back...Frank's been messing around with the 3-D printer again.
4598,0,2,29,31,1.064516129032258,0.04485301852605202,584,Sincere? Yes. Flattering? No.
4598,0,2,29,31,1.064516129032258,0.04485301852605202,584,The 3-D copier works fine. Do you mind using it on the mens's room?
4598,0,2,29,31,1.064516129032258,0.04485301852605202,584,Does the cloning machine have an off switch?
4598,0,2,29,31,1.064516129032258,0.04485301852605202,584,B.N. Cloned Accounting Solutions - I can I help you ?
4598,0,2,29,31,1.064516129032258,0.04485301852605202,584,"President, "" —,"" your Cabinet is here, ready to kiss your tusch."
4598,0,2,29,31,1.064516129032258,0.04485301852605202,584,"Sir, it's about that Costco purchase..."
4598,0,2,29,31,1.064516129032258,0.04485301852605202,584,The whole Accounting Department is quitting!
4598,0,2,29,31,1.064516129032258,0.04485301852605202,584,"It was for U.S. border clones, not order clones."
4598,0,2,29,31,1.064516129032258,0.04485301852605202,584,Which one used NOGAINE?
4598,0,2,29,31,1.064516129032258,0.04485301852605202,584,Have you seen their jackets?
4598,0,2,29,31,1.064516129032258,0.04485301852605202,584,"They all look like father, mother."
4598,0,2,29,31,1.064516129032258,0.04485301852605202,584,"Flashmob is rolling in the lobby, cue Gangnam Style over the PA in 5."
4598,0,2,29,31,1.064516129032258,0.04485301852605202,584,"Look, I said 50 extras, not 50s' extras on the set!"
4598,0,2,29,31,1.064516129032258,0.04485301852605202,584,I asked for only one duplicate copy.
4598,0,2,29,31,1.064516129032258,0.04485301852605202,584,This is not what I meant when I asked for multiples.
4598,0,2,29,31,1.064516129032258,0.04485301852605202,584,We should clone the lab too.
4598,0,2,29,31,1.064516129032258,0.04485301852605202,584,"Yes, the Clone Wars ARE starting."
4598,0,2,29,31,1.064516129032258,0.04485301852605202,584,Hello? I think the copy machine is on the fritz again.
4598,1,0,30,31,1.064516129032258,0.06451612903225803,584,They're baaack!
4598,0,2,29,31,1.064516129032258,0.04485301852605202,584,Remember when you asked me what could be worse than having  old caterpillar lip working here? r
4598,0,2,29,31,1.064516129032258,0.04485301852605202,584,Next time try cloning someone a little less penguinesque.
4598,0,2,29,31,1.064516129032258,0.04485301852605202,584,The Marksmen have arrived for the audition.
4598,0,2,29,31,1.064516129032258,0.04485301852605202,584,"Gladys, I think they got the memo."
4598,0,2,29,31,1.064516129032258,0.04485301852605202,584,I think we've gone too far with the dress code policy.
4598,0,2,29,31,1.064516129032258,0.04485301852605202,584,I'm tired of your ex-husband following you everywhere.
4598,0,2,29,31,1.064516129032258,0.04485301852605202,584,Wait. Wait. I'm sure he said a purple shirt.
4598,0,2,29,31,1.064516129032258,0.04485301852605202,584,"Yes, they all have Trump ties."
4598,0,2,29,31,1.064516129032258,0.04485301852605202,584,I don't care if Legal says it technically works as advertised. We're still not taking Hair Multiplier to market.
4598,0,2,29,31,1.064516129032258,0.04485301852605202,584,Someone took my iPhoneX
4598,0,2,29,31,1.064516129032258,0.04485301852605202,584,The applicants are here.
4598,0,2,29,31,1.064516129032258,0.04485301852605202,584,OMG! 50-yearold hecatontads!
4970,0,2,30,32,1.0625,0.04347552147751577,584,The director says each actor's outfit should represent men's fashion trend from each year of the past millennium.
4970,0,2,30,32,1.0625,0.04347552147751577,584,Doesn't look right off as if they have cloned a super race
4970,0,2,30,32,1.0625,0.04347552147751577,584,"The bald, Groucho Marx look-alike contestants are here !"
4970,0,2,30,32,1.0625,0.04347552147751577,584,"The Gordons are here for their ten o'clock, sir, and I think the Harveys and Irvings are right behind them."
4970,0,2,30,32,1.0625,0.04347552147751577,584,Mr. Baker found the new 3-D copier.
4970,0,2,30,32,1.0625,0.04347552147751577,584,"Hello, clones r us?"
4970,0,2,30,32,1.0625,0.04347552147751577,584,Your 2:00 Groupthink team is here.
4977,1,0,32,33,1.0606060606060606,0.06060606060606058,584,"'The Doe brothers are here."""
4977,0,2,31,33,1.0606060606060606,0.04218003305174255,584,Who let all these noseeeey men in?
4977,0,2,31,33,1.0606060606060606,0.04218003305174255,584,I told you not to leave the cookies in the cloning machine.
4980,0,3,47,50,1.06,0.033926691677251195,584,"Yes, They are all genetically identical in in every way"
4981,0,2,32,34,1.0588235294117647,0.0409594484601642,584,They all look alike. Isn't that what you wanted?
4981,0,2,32,34,1.0588235294117647,0.0409594484601642,584,"It's speed dating, not cloning!"
4981,0,2,32,34,1.0588235294117647,0.0409594484601642,584,Who ordered a lot of losers?
4981,0,2,32,34,1.0588235294117647,0.0409594484601642,584,Call you back -- it looks like our middle manager storage has just sprung a leak.
4981,0,2,32,34,1.0588235294117647,0.0409594484601642,584,Mr. Smith from accounting will meet you in the lobby.
4981,0,2,32,34,1.0588235294117647,0.0409594484601642,584,"I'll need a better description, they all look the same to me."
4981,0,2,32,34,1.0588235294117647,0.0409594484601642,584,They all voted for Hillary.
4981,0,2,32,34,1.0588235294117647,0.0409594484601642,584,They're specifically asking for you Barbara.
4981,0,2,32,34,1.0588235294117647,0.0409594484601642,584,"OH, HOLD ON A SECOND. HERE COMES MR.CLONE NOW."
4981,0,2,32,34,1.0588235294117647,0.0409594484601642,584,"A scene from the failed horror film, 'Penguin Man Clones Himself'"
4981,0,2,32,34,1.0588235294117647,0.0409594484601642,584,The Trump clones are finally here ....but there's a problem.
4992,0,2,33,35,1.0571428571428572,0.039807459772527774,584,Tell HR the 3-D printer is working.
4992,0,2,33,35,1.0571428571428572,0.039807459772527774,584,It's the photocopier again.
4992,0,2,33,35,1.0571428571428572,0.039807459772527774,584,Which one of you is Mr. Baldmidage Witglass
4995,0,2,34,36,1.0555555555555556,0.0387184473576205,584,We have a problem. Call Disney.
4995,1,0,35,36,1.0555555555555556,0.05555555555555553,584,Send Maintenance upstairs immediately! The button on the iClone is stuck again.
4995,0,2,34,36,1.0555555555555556,0.0387184473576205,584,My husband's a reap trendsetter...
4995,0,2,34,36,1.0555555555555556,0.0387184473576205,584,The revenue of the average Joe.
4999,0,2,35,37,1.054054054054054,0.03768738858261605,584,Are you sure this is the Latin dance group?!?
4999,0,2,35,37,1.054054054054054,0.03768738858261605,584,I'm going to have to call you back... 'not all men' has arrived.
4999,0,2,35,37,1.054054054054054,0.03768738858261605,584,I think the copier is acting up again.
5002,0,2,36,38,1.0526315789473684,0.0367097806559429,584,Yessir. I've discovered why the Cloning Department is running over budget.
5003,0,2,37,39,1.0512820512820513,0.03578157512432619,584,Wow! They fixed the clone machine
5004,0,2,40,42,1.0476190476190477,0.033258585512837065,584,"No, it doesn't look like he's lost any support."
5005,0,1,25,26,1.0384615384615385,0.03922322702763681,584,Do not send in the clones.
5005,0,1,25,26,1.0384615384615385,0.03922322702763681,584,Can you tell Mr. Musk the copier's AI is upset again?
5005,0,1,25,26,1.0384615384615385,0.03922322702763681,584,"You're right, accountants of a certain age do all look alike."
5005,0,1,25,26,1.0384615384615385,0.03922322702763681,584,The Kelly boys are here.
5005,0,1,25,26,1.0384615384615385,0.03922322702763681,584,"Please hurry, I think the copy macine in accounting is evolving."
5005,0,1,25,26,1.0384615384615385,0.03922322702763681,584,About the new 3D printer...
5005,0,1,25,26,1.0384615384615385,0.03922322702763681,584,"Yeah,can we get someone down here to check the 3-D copier?"
5005,0,1,25,26,1.0384615384615385,0.03922322702763681,584,"Mr. President, your staff have arrived."
5005,0,1,25,26,1.0384615384615385,0.03922322702763681,584,He just left the copy room.
5005,0,1,25,26,1.0384615384615385,0.03922322702763681,584,The clown factory? I thought you said go to the clone factory.
5005,0,1,25,26,1.0384615384615385,0.03922322702763681,584,"I said let's work on the DRONES, not the clones!"
5005,0,1,25,26,1.0384615384615385,0.03922322702763681,584,We need more chairs for the self-actualization session.
5005,0,1,25,26,1.0384615384615385,0.03922322702763681,584,"No, herbs--like basil."
5005,0,1,25,26,1.0384615384615385,0.03922322702763681,584,He voted for Pillory.
5005,0,1,25,26,1.0384615384615385,0.03922322702763681,584,Can you send someone up to the copier room?
5005,0,1,25,26,1.0384615384615385,0.03922322702763681,584,Is he the one with a fly on his head?
5005,0,1,25,26,1.0384615384615385,0.03922322702763681,584,Um..... Remember Dolly?
5005,0,1,25,26,1.0384615384615385,0.03922322702763681,584,"Despite their differences, they have one important thing in common."
5005,0,1,25,26,1.0384615384615385,0.03922322702763681,584,Hello. Is that the photocopy engineer?
5005,0,1,25,26,1.0384615384615385,0.03922322702763681,584,"It's spell check, Dave. I ordered 100 cones."
5005,0,1,25,26,1.0384615384615385,0.03922322702763681,584,I don't get it
5005,0,1,25,26,1.0384615384615385,0.03922322702763681,584,"I said clowns, not clones: bring on the clowns! Oh, and I was speaking figuratively."
5005,0,1,25,26,1.0384615384615385,0.03922322702763681,584,I DON'T THINK WORKING IN ROBOTICS IS SUCH A GOOD IDEA1
5005,0,1,25,26,1.0384615384615385,0.03922322702763681,584,"Sir, your no drinking policy has the staff ""tying one on"" in a different way."
5005,0,1,25,26,1.0384615384615385,0.03922322702763681,584,These bots have the wrong face on. Don't let Mr. Bell see them.
5005,0,1,25,26,1.0384615384615385,0.03922322702763681,584,"Sir, there's a problem with the 3D printer..."
5005,0,1,25,26,1.0384615384615385,0.03922322702763681,584,I found the Clone Convention !
5005,0,1,25,26,1.0384615384615385,0.03922322702763681,584,You may sit anywhere - the name signs are all the same.
5005,0,1,25,26,1.0384615384615385,0.03922322702763681,584,It was love at first sight.
5005,0,1,25,26,1.0384615384615385,0.03922322702763681,584,The half-suits are arriving.
5005,0,1,25,26,1.0384615384615385,0.03922322702763681,584,Copy on that.
5005,0,1,25,26,1.0384615384615385,0.03922322702763681,584,"Sir, I think someone left the 3D printer on all night."
5005,0,1,25,26,1.0384615384615385,0.03922322702763681,584,The 3-D printer is on the Fritz again.
5005,0,1,25,26,1.0384615384615385,0.03922322702763681,584,"Trust me, I'll recognize George Clooney when I see him"
5005,0,1,25,26,1.0384615384615385,0.03922322702763681,584,Help. The 3-D printer is running amok.
5005,0,1,25,26,1.0384615384615385,0.03922322702763681,584,Clone him! I hardly know him!
5005,0,1,25,26,1.0384615384615385,0.03922322702763681,584,I think I know who stole our CRISPR toolkit.
5005,0,1,25,26,1.0384615384615385,0.03922322702763681,584,"Hi, this is Kate from Clone Casting. We are ready to go here."
5005,0,1,25,26,1.0384615384615385,0.03922322702763681,584,"We found Eckersly, he was napping in the cloning machine."
5005,0,1,25,26,1.0384615384615385,0.03922322702763681,584,"Quick, warn the CFO! The government has cloned IRS agents."
5005,0,1,25,26,1.0384615384615385,0.03922322702763681,584,The Assertive Accountancy class is just turning out ...
5005,0,1,25,26,1.0384615384615385,0.03922322702763681,584,I need more than white shirt and grey pant to track him.
5005,0,1,25,26,1.0384615384615385,0.03922322702763681,584,"Well, the patriarchy has arrived."
5005,0,1,25,26,1.0384615384615385,0.03922322702763681,584,"Yes, Sally. Pick the best looking one."
5005,0,1,25,26,1.0384615384615385,0.03922322702763681,584,Just how many John Smiths did you ask to come in for interviews?
5005,0,1,25,26,1.0384615384615385,0.03922322702763681,584,"Hello, customer service? Our 3D printer is on the fritz again"
5005,0,1,25,26,1.0384615384615385,0.03922322702763681,584,"I did not say ""Send in the clones""."
5005,0,1,25,26,1.0384615384615385,0.03922322702763681,584,"I'm going to need more than just bald, with a mustache and glasses."
5005,0,1,25,26,1.0384615384615385,0.03922322702763681,584,And they can all share the same benefits package!
5005,0,1,25,26,1.0384615384615385,0.03922322702763681,584,"Sir, I ordered their jackets for the rally. They'll be alternating between Confederate Red, Supreme White, and Patriotic Blue."
5005,0,1,25,26,1.0384615384615385,0.03922322702763681,584,"looking for ""an average man"" to play the role"
5005,0,1,25,26,1.0384615384615385,0.03922322702763681,584,Ok...the accounting department meeting just ended.
5005,0,1,25,26,1.0384615384615385,0.03922322702763681,584,Did you watch the Twin Peaks finale?
5005,0,1,25,26,1.0384615384615385,0.03922322702763681,584,"Sir, I have good news and bad. The good, cloning works."
5005,0,1,25,26,1.0384615384615385,0.03922322702763681,584,Hello? Guiness Book of Records? What's your high water mark for the number of clones?
5005,0,1,25,26,1.0384615384615385,0.03922322702763681,584,Our company focus is marked individuality
5005,0,1,25,26,1.0384615384615385,0.03922322702763681,584,The copy machine is on the fritz again.
5005,0,1,25,26,1.0384615384615385,0.03922322702763681,584,You're right. We need to revisit our equal employment opportunity policy.
5005,0,1,25,26,1.0384615384615385,0.03922322702763681,584,It's the invasion of the body snatchers! I thought it was just my social security number and identity that was stolen!
5005,0,1,25,26,1.0384615384615385,0.03922322702763681,584,"No, my eyes aren't deceiving me."
5005,0,1,25,26,1.0384615384615385,0.03922322702763681,584,"Sorry Woody, the 3D printer seems to be stuck on Louis C.K."
5005,0,1,25,26,1.0384615384615385,0.03922322702763681,584,"What does he look like? Oh, boy."
5005,0,1,25,26,1.0384615384615385,0.03922322702763681,584,I thought I specified in triplicate.
5005,0,1,25,26,1.0384615384615385,0.03922322702763681,584,The bewildereds are here in the lobby.
5005,0,1,25,26,1.0384615384615385,0.03922322702763681,584,Diversity is not our strong suit here.
5005,0,1,25,26,1.0384615384615385,0.03922322702763681,584,"Don't tell me there no such thing as cloning, I have a whole room of the same looking bookkeeper."
5005,0,1,25,26,1.0384615384615385,0.03922322702763681,584,"Yes, we are ready for the face, voice, height and weight recognition as well as the dress code for Mr. Smith's computer, phone and door bell systems."
5005,0,1,25,26,1.0384615384615385,0.03922322702763681,584,The Xerox representatives are here.
5005,0,1,25,26,1.0384615384615385,0.03922322702763681,584,"""Yes Men R Us""... may I help you?"
5005,0,1,25,26,1.0384615384615385,0.03922322702763681,584,"Someone must have hit the ""Continuous"" button on the 3D printer."
5005,0,1,25,26,1.0384615384615385,0.03922322702763681,584,just bc others are doing it... does not mean you need to
5005,0,1,25,26,1.0384615384615385,0.03922322702763681,584,"No, not the coffee machine..."
5005,0,1,25,26,1.0384615384615385,0.03922322702763681,584,I thought we were reproducing sheep!
5005,0,1,25,26,1.0384615384615385,0.03922322702763681,584,Hello H.R? Your cloning project in Accounting needs some supervision.
5005,0,1,25,26,1.0384615384615385,0.03922322702763681,584,They're filing out. Could you describe him again?
5005,0,1,25,26,1.0384615384615385,0.03922322702763681,584,The Penguin Accounting guys have arrived.
5005,0,1,25,26,1.0384615384615385,0.03922322702763681,584,"I said make Hex Bugs, not Rex Scruggs."
5005,0,1,25,26,1.0384615384615385,0.03922322702763681,584,I think there is a problem with the new photo-copier.
5005,0,1,25,26,1.0384615384615385,0.03922322702763681,584,It looks like the Annual Accountants Luncheon is just letting out.
5005,0,1,25,26,1.0384615384615385,0.03922322702763681,584,"Honey, I'll call you back...someone let out the C.P.A.s again...it's audit season."
5005,0,1,25,26,1.0384615384615385,0.03922322702763681,584,"Mr. Luntz, the undecided voters are here for your town hall meeting."
5005,0,1,25,26,1.0384615384615385,0.03922322702763681,584,He told me he would be wearing a striped tie.
5005,0,1,25,26,1.0384615384615385,0.03922322702763681,584,"I see Albert walking toward me now. Fortunately, the clones can't move, and he's made his escape. But will you please turn off the replicator?"
5005,0,1,25,26,1.0384615384615385,0.03922322702763681,584,The clone app is a go.
5005,0,1,25,26,1.0384615384615385,0.03922322702763681,584,Check the cloning button - it's stuck!
5005,0,1,25,26,1.0384615384615385,0.03922322702763681,584,So this IS the 3D printer repairman?
5005,0,1,25,26,1.0384615384615385,0.03922322702763681,584,The Matrix is alive and well at MIT.
5005,0,1,25,26,1.0384615384615385,0.03922322702763681,584,Maybe if you could describe him a little... .
5005,0,1,25,26,1.0384615384615385,0.03922322702763681,584,"I think this is it, Susan. But first, remind me of Saturday's RSVP list..."
5005,0,1,25,26,1.0384615384615385,0.03922322702763681,584,Something happened to the copier.
5005,0,1,25,26,1.0384615384615385,0.03922322702763681,584,I dunno- I think I'd call it a Klone Kar
5005,0,1,25,26,1.0384615384615385,0.03922322702763681,584,Who did you say I should be on the lookout for?
5005,0,1,25,26,1.0384615384615385,0.03922322702763681,584,I'm just wondering who gave Ted the codes to the Time Machine?
5005,0,1,25,26,1.0384615384615385,0.03922322702763681,584,The Nonconformists International meeting just broke up
5005,0,1,25,26,1.0384615384615385,0.03922322702763681,584,Uh oh. I must have touched that HDR icon on the camera and Fred burst again.
5005,0,1,25,26,1.0384615384615385,0.03922322702763681,584,the democrats are here
5005,0,1,25,26,1.0384615384615385,0.03922322702763681,584,Release is confirmed. So far not one has asked for directions.
5005,0,1,25,26,1.0384615384615385,0.03922322702763681,584,Can you let personnel the clone training just ended?
5005,0,1,25,26,1.0384615384615385,0.03922322702763681,584,"Yes Jane, they're fine, but none of them has a pocket protector."
5005,0,1,25,26,1.0384615384615385,0.03922322702763681,584,I don't think a physical description is going to help you much.
5005,0,1,25,26,1.0384615384615385,0.03922322702763681,584,I didn't think ‘old crone’ convention could be right.
5005,0,1,25,26,1.0384615384615385,0.03922322702763681,584,"Sir, your army of accountants have arrived."
5005,0,1,25,26,1.0384615384615385,0.03922322702763681,584,"Yes, absolutely! We can, in fact, recommend independent directors for your board. Let us know if you need any chemicals certified as well."
5005,0,1,25,26,1.0384615384615385,0.03922322702763681,584,"We have enough accountants, set the clone machine for stone cold killers."
5005,0,1,25,26,1.0384615384615385,0.03922322702763681,584,The cloning machine is malfunctioning.
5005,0,1,25,26,1.0384615384615385,0.03922322702763681,584,Be still my heart!
5005,0,1,25,26,1.0384615384615385,0.03922322702763681,584,It's the screen test for the film version of The Organization Man.
5005,0,1,25,26,1.0384615384615385,0.03922322702763681,584,"Well, it actually a pretty average looking group this time."
5005,0,1,25,26,1.0384615384615385,0.03922322702763681,584,Central Casting? What if we skip the mustache?
5005,0,1,25,26,1.0384615384615385,0.03922322702763681,584,I think the copy machine is on the fritz again.
5005,0,1,25,26,1.0384615384615385,0.03922322702763681,584,We need a technician to the copier room!
5005,0,1,25,26,1.0384615384615385,0.03922322702763681,584,"Hello, is this Clone-O-Matic repair?"
5005,0,1,25,26,1.0384615384615385,0.03922322702763681,584,Please send a technician the copier is stuck again.
5005,0,1,25,26,1.0384615384615385,0.03922322702763681,584,Let's tweak the wording on our next casting call notice.
5005,0,1,25,26,1.0384615384615385,0.03922322702763681,584,I found them.
5005,0,1,25,26,1.0384615384615385,0.03922322702763681,584,"For the audition we asked for clowns, not clones!"
5005,0,1,25,26,1.0384615384615385,0.03922322702763681,584,I was told not to think outside the box.
5005,0,1,25,26,1.0384615384615385,0.03922322702763681,584,Send in the clones! Don't bother they're here.
5005,0,1,25,26,1.0384615384615385,0.03922322702763681,584,Harold's been made redundant.
5005,0,1,25,26,1.0384615384615385,0.03922322702763681,584,Mr. Kerlak has been sitting on the copy machine again.
5005,0,1,25,26,1.0384615384615385,0.03922322702763681,584,"I told Alexa I wanted 100 metal miniatures, not 100 middle managers!"
5005,0,1,25,26,1.0384615384615385,0.03922322702763681,584,"Sir, can we slow down on the CPA cloning?"
5005,0,1,25,26,1.0384615384615385,0.03922322702763681,584,"Face doubles are here, sir. Shall I get Robert's iPhone?"
5005,0,1,25,26,1.0384615384615385,0.03922322702763681,584,Quick! Unplug the 3-D printer.
5005,0,1,25,26,1.0384615384615385,0.03922322702763681,584,We need a more diverse group to conduct the line-up
5005,0,1,25,26,1.0384615384615385,0.03922322702763681,584,It's an overworked 3D printer kind of day.
5005,0,1,25,26,1.0384615384615385,0.03922322702763681,584,"Taken by surprise, Pegg alerts Megg that the Herm have arrived."
5005,0,1,25,26,1.0384615384615385,0.03922322702763681,584,"Yes, I'd like to speak to our diversity coordinator."
5005,0,1,25,26,1.0384615384615385,0.03922322702763681,584,"Technical Service? Yes, I need assistance: the virtual reality feature on my new phone seems to be stuck on repeat in the Really Reality mode."
5005,0,1,25,26,1.0384615384615385,0.03922322702763681,584,"Floor 10, sector C. We have renegades."
5005,0,1,25,26,1.0384615384615385,0.03922322702763681,584,He's been sitting on the copier again.
5005,0,1,25,26,1.0384615384615385,0.03922322702763681,584,"...then after the power came back on, there was a loud noise in the copy room where Louis was on the glass, making copies of his face."
5005,0,1,25,26,1.0384615384615385,0.03922322702763681,584,The copy machine is doing that thing again.
5005,0,1,25,26,1.0384615384615385,0.03922322702763681,584,"So, about your vacation at the Black Lodge, Bob..."
5005,0,1,25,26,1.0384615384615385,0.03922322702763681,584,We have a glitch in the mimeocloning machine.
5005,0,1,25,26,1.0384615384615385,0.03922322702763681,584,The Harolds are here.
5005,0,1,25,26,1.0384615384615385,0.03922322702763681,584,"Yeah, it looks like they fixed the copier."
5005,0,1,25,26,1.0384615384615385,0.03922322702763681,584,Beta testing the Apple iClone.
5005,0,1,25,26,1.0384615384615385,0.03922322702763681,584,Do you happen to stock glass flooring?
5005,0,1,25,26,1.0384615384615385,0.03922322702763681,584,"Hello, maintenance? The copier is malfunctioning again."
5005,0,1,25,26,1.0384615384615385,0.03922322702763681,584,"Sir, it looks like we have another sausage fest on our hands!"
5005,0,1,25,26,1.0384615384615385,0.03922322702763681,584,"Sir, the new hires have finished their orientation."
5005,0,1,25,26,1.0384615384615385,0.03922322702763681,584,Smith just 3-D himself.
5005,0,1,25,26,1.0384615384615385,0.03922322702763681,584,"Jeeves, welcome to the ""Clones Club""."
5005,0,1,25,26,1.0384615384615385,0.03922322702763681,584,So does he look like Walter Cronkite with a lot of time to kill?
5005,0,1,25,26,1.0384615384615385,0.03922322702763681,584,Mr. Dunder has cloned himself again.
5005,0,1,25,26,1.0384615384615385,0.03922322702763681,584,"Boss, I think there may be a problem with the Copy Center...."
5005,0,1,25,26,1.0384615384615385,0.03922322702763681,584,I think we need a more diverse lead character.
5005,0,1,25,26,1.0384615384615385,0.03922322702763681,584,They wanted to be able to share i-Phones.
5005,0,1,25,26,1.0384615384615385,0.03922322702763681,584,I have no idea what convention this is but it clearly is not the Nuns for Motorcycles convention that you asked me to cover.
5005,0,1,25,26,1.0384615384615385,0.03922322702763681,584,"No,....I'm in LA."
5005,0,1,25,26,1.0384615384615385,0.03922322702763681,584,This is Hilda in the travel department. I thought we only sent one of Derek to Kamino.
5005,0,1,25,26,1.0384615384615385,0.03922322702763681,584,Cafeteria? How we fixed for milk toast?
5005,0,1,25,26,1.0384615384615385,0.03922322702763681,584,"Yes sir, the iClone 9 you ordered is just about ready."
5005,0,1,25,26,1.0384615384615385,0.03922322702763681,584,"Hello, IT? It's almost 5 pm and the copier is malfunctioning again!"
5005,0,1,25,26,1.0384615384615385,0.03922322702763681,584,We need to reexamine our design.
5005,0,1,25,26,1.0384615384615385,0.03922322702763681,584,'The Association of Inspired Thinkers is arriving.'
5005,0,1,25,26,1.0384615384615385,0.03922322702763681,584,"Thank you for calling Goldberg, Ginsberg, Goldberg & Goldberg, Attorneys at Law. Which Mr. Goldberg do you wish to speak with?"
5005,0,1,25,26,1.0384615384615385,0.03922322702763681,584,"Call security, Harold's been messing with the 3D copier again."
5005,0,1,25,26,1.0384615384615385,0.03922322702763681,584,I think our CRISPR formula may be flawed.
5005,0,1,25,26,1.0384615384615385,0.03922322702763681,584,"Yes, the infestation has spread to this floor too!"
5005,0,1,25,26,1.0384615384615385,0.03922322702763681,584,Looks like the Clone Department meeting is over.
5005,0,1,25,26,1.0384615384615385,0.03922322702763681,584,"Sir, I think the company's drive on workforce diversity has taken a very wrong turn."
5005,0,1,25,26,1.0384615384615385,0.03922322702763681,584,"""Unbelievable! The people that are showing up for the 'Hair growth seminar', they all look the same""."
5005,0,1,25,26,1.0384615384615385,0.03922322702763681,584,Ed copied himself on the 3-D printer again.
5005,0,1,25,26,1.0384615384615385,0.03922322702763681,584,Mr. James Smith? This call is for you!
5005,0,1,25,26,1.0384615384615385,0.03922322702763681,584,Cones! We ordered a gross of cones.
5005,0,1,25,26,1.0384615384615385,0.03922322702763681,584,"No, I haven't seen Waldo yet."
5005,0,1,25,26,1.0384615384615385,0.03922322702763681,584,I'm afraid the job requirements were too detailed.
5005,0,1,25,26,1.0384615384615385,0.03922322702763681,584,The RNC's diversity committee just adjourned.
5005,0,1,25,26,1.0384615384615385,0.03922322702763681,584,It looks as though Tweeblefester has mastered the art of cloning.
5005,0,1,25,26,1.0384615384615385,0.03922322702763681,584,"OMG, someone's been playing with the 3D printer again."
5005,0,1,25,26,1.0384615384615385,0.03922322702763681,584,Can we get someone fromTech Support? The 3D printer has malfunctioned again.
5005,0,1,25,26,1.0384615384615385,0.03922322702763681,584,"Central casting, we requested preppie like and I believe our text autocorrected to penguin like ?"
5005,0,1,25,26,1.0384615384615385,0.03922322702763681,584,Quick! Call the copier tech.
5005,0,1,25,26,1.0384615384615385,0.03922322702763681,584,Just how long have you been waiting?
5005,0,1,25,26,1.0384615384615385,0.03922322702763681,584,they all have mustaches
5005,0,1,25,26,1.0384615384615385,0.03922322702763681,584,Just got to Cy's office. Talk to you later.
5005,0,1,25,26,1.0384615384615385,0.03922322702763681,584,Will the real Mr. Jones please come here.
5005,0,1,25,26,1.0384615384615385,0.03922322702763681,584,"Um, George Cloney is here."
5005,0,1,25,26,1.0384615384615385,0.03922322702763681,584,I was mutter-hummming. Send in the clowns must have beeen misunderstood.
5005,0,1,25,26,1.0384615384615385,0.03922322702763681,584,I asked you to send over about 30 clowns for the carnival -- not clones!!!
5005,0,1,25,26,1.0384615384615385,0.03922322702763681,584,The iPhone says: 'Will the real Dr. Watson please step forward? '
5005,0,1,25,26,1.0384615384615385,0.03922322702763681,584,"The contestants for the ""look alike"" contest have arrived"
5005,0,1,25,26,1.0384615384615385,0.03922322702763681,584,Ladies night at Applebee's.
5005,0,1,25,26,1.0384615384615385,0.03922322702763681,584,I'm waiting to the left of the elevator I don't know if I'll recognize you from your LinkedIn Photo
5005,0,1,25,26,1.0384615384615385,0.03922322702763681,584,"Hi, it's Sam. Could you please put me through to Genetics?"
5005,0,1,25,26,1.0384615384615385,0.03922322702763681,584,"I said we want ""Here's Groucho!"" not every Marx brother who ever lived!"
5005,0,1,25,26,1.0384615384615385,0.03922322702763681,584,"Yes, Team Bland has arrived."
5005,0,1,25,26,1.0384615384615385,0.03922322702763681,584,I hate the Monday after Fashion Week.
5005,0,1,25,26,1.0384615384615385,0.03922322702763681,584,I can report that project clone has exceeded expectations!
5005,0,1,25,26,1.0384615384615385,0.03922322702763681,584,Which one is Steve again?
5005,0,1,25,26,1.0384615384615385,0.03922322702763681,584,"The 3D copier is on the fritz again, but this time I know the culprit."
5005,0,1,25,26,1.0384615384615385,0.03922322702763681,584,I think you better call Xerox.
5005,0,1,25,26,1.0384615384615385,0.03922322702763681,584,I have stumbled on an episode of Actuaries Gone Wild
5005,0,1,25,26,1.0384615384615385,0.03922322702763681,584,The Revenge Of Thomas Dewey Who Lost The 1948 Presidential Election To Harry Truman Perhaps Because Of Anti Moustache Bias (If Not Allegation Of Wedding Cake Groom Lookalike).
5005,0,1,25,26,1.0384615384615385,0.03922322702763681,584,The Axelrods have gotten loose again.
5005,0,1,25,26,1.0384615384615385,0.03922322702763681,584,"I may sound jaded, but they're all the same..."
5005,0,1,25,26,1.0384615384615385,0.03922322702763681,584,"He's here, alright. I think."
5005,0,1,25,26,1.0384615384615385,0.03922322702763681,584,Maintenance? The copier is on the fritz again.
5005,0,1,25,26,1.0384615384615385,0.03922322702763681,584,"Whoa, who authorized the release of the clones?"
5005,0,1,25,26,1.0384615384615385,0.03922322702763681,584,Will the real Slim Shady please stand up?
5005,0,1,25,26,1.0384615384615385,0.03922322702763681,584,"Yes sir, your leadership is definitely infectious."
5005,0,1,25,26,1.0384615384615385,0.03922322702763681,584,"Sir, your guinea pigs for the hair growth product have arrived!"
5005,0,1,25,26,1.0384615384615385,0.03922322702763681,584,"How many clones have you ordered, sir?"
5005,0,1,25,26,1.0384615384615385,0.03922322702763681,584,This time I think Bob really needs to Synergize.
5005,0,1,25,26,1.0384615384615385,0.03922322702763681,584,I think the copier is broken!
5005,0,1,25,26,1.0384615384615385,0.03922322702763681,584,"Wait, we cloned the one male feminist in the company?"
5005,0,1,25,26,1.0384615384615385,0.03922322702763681,584,911? We're being invaded
5005,0,1,25,26,1.0384615384615385,0.03922322702763681,584,I specifically ordered them with shirt pockets and protectors
5005,0,1,25,26,1.0384615384615385,0.03922322702763681,584,HR's diversity program is toast.
5005,0,1,25,26,1.0384615384615385,0.03922322702763681,584,"Attention CEOs! Your tax cut is on its way.""."
5005,0,1,25,26,1.0384615384615385,0.03922322702763681,584,"I'll tell them, sir. A tax auditor's job is never done."
5005,0,1,25,26,1.0384615384615385,0.03922322702763681,584,Looks like Melvin has been fucking with the 3-D printer again.
5005,0,1,25,26,1.0384615384615385,0.03922322702763681,584,"I don't know, Smitty --- they all look the same to me?"
5005,0,1,25,26,1.0384615384615385,0.03922322702763681,584,That new 3-d printer is brought again.
5005,0,1,25,26,1.0384615384615385,0.03922322702763681,584,"His usual big presence, he's collecting himself now; unblended currently..."
5005,0,1,25,26,1.0384615384615385,0.03922322702763681,584,Looks like the cloning trial went a little too well.
5005,0,1,25,26,1.0384615384615385,0.03922322702763681,584,"All the arrivals are dressed alike. Could you describe him, please?"
5005,0,1,25,26,1.0384615384615385,0.03922322702763681,584,Did someone request a temp from The Sorcerer's Accountant?
5005,0,1,25,26,1.0384615384615385,0.03922322702763681,584,I think the new printer works a little too good.
5005,0,1,25,26,1.0384615384615385,0.03922322702763681,584,Burning Man is so tight.
5005,0,1,25,26,1.0384615384615385,0.03922322702763681,584,"Ummm, about that special project we've been incubating..."
5005,0,1,25,26,1.0384615384615385,0.03922322702763681,584,Recruiting? Emergency... we need to relax how detailed we made the position description!
5005,0,1,25,26,1.0384615384615385,0.03922322702763681,584,I think my boss is testing me.
5005,0,1,25,26,1.0384615384615385,0.03922322702763681,584,Where's Mr. Waldo?
5005,0,1,25,26,1.0384615384615385,0.03922322702763681,584,"His name is ""Sam""?"
5005,0,1,25,26,1.0384615384615385,0.03922322702763681,584,The Account bots are loose again!
5005,0,1,25,26,1.0384615384615385,0.03922322702763681,584,"I said 5 Harolds, not 500."
5005,0,1,25,26,1.0384615384615385,0.03922322702763681,584,"He's tall, bald and is wearing grey pants, white shirt and a striped tie."
5005,0,1,25,26,1.0384615384615385,0.03922322702763681,584,"Yes, the clones *are* footloose... but at the moment they're not quite fancy-free."
5005,0,1,25,26,1.0384615384615385,0.03922322702763681,584,"Are we hosting free mustache trimmings, today?"
5005,0,1,25,26,1.0384615384615385,0.03922322702763681,584,"Your Shortly order has arrived, sir."
5005,0,1,25,26,1.0384615384615385,0.03922322702763681,584,I am telling you there is no accounting for them.
5005,0,1,25,26,1.0384615384615385,0.03922322702763681,584,"I'll have to call you back, Larry from accounts is having some trouble with the photocopier."
5005,0,1,25,26,1.0384615384615385,0.03922322702763681,584,"Well, it is especially hard to be the only woman in a conference about cloning."
5005,0,1,25,26,1.0384615384615385,0.03922322702763681,584,Looks like the merger between Doppelgangers and Clones has been finalized
5005,0,1,25,26,1.0384615384615385,0.03922322702763681,584,Omg the Matrix is real...
5005,0,1,25,26,1.0384615384615385,0.03922322702763681,584,Tell HR they can turn off the 3-D printer now.
5005,0,1,25,26,1.0384615384615385,0.03922322702763681,584,"Your 1:00 appointment is here, I think."
5005,0,1,25,26,1.0384615384615385,0.03922322702763681,584,Our Family Referral program needs a non-clones clause.
5005,0,1,25,26,1.0384615384615385,0.03922322702763681,584,"Sir ...When we were out in the warehouse, earlier - were you squeezing the Charmin, when you said 'I wish I had a hundred more like me?'"
5005,0,1,25,26,1.0384615384615385,0.03922322702763681,584,Sir the delegation for Penguins Lives Matter is here.
5005,0,1,25,26,1.0384615384615385,0.03922322702763681,584,The accountants have gotten loose!
5005,0,1,25,26,1.0384615384615385,0.03922322702763681,584,"Boss, we have an HR problem in the Duplicating Department."
5005,0,1,25,26,1.0384615384615385,0.03922322702763681,584,He fixed the copier.
5005,0,1,25,26,1.0384615384615385,0.03922322702763681,584,The 3D printer seems to be having a problem.
5005,0,1,25,26,1.0384615384615385,0.03922322702763681,584,"I don't know who they are. They just keep repeating, ""Say the magic word and win $50""."
5005,0,1,25,26,1.0384615384615385,0.03922322702763681,584,I thought you'd solve our little 3D-printer issue.
5005,0,1,25,26,1.0384615384615385,0.03922322702763681,584,"Hello, Match.com, I didn't think you meant this kind of matching."
5005,0,1,25,26,1.0384615384615385,0.03922322702763681,584,Casting here. The balding mustached accountants with no waistline are here.
5005,0,1,25,26,1.0384615384615385,0.03922322702763681,584,I'm having a hard time distinguishing Mr. Smith from the crowd
5005,0,1,25,26,1.0384615384615385,0.03922322702763681,584,You REALLY did mean Cy Clones were on the way?
5005,0,1,25,26,1.0384615384615385,0.03922322702763681,584,"Mother, I know I need to remove my dating profile from Clone.com."
5005,0,1,25,26,1.0384615384615385,0.03922322702763681,584,"Well, the accountants are all on time but I don't see anyone from sales yet."
5005,0,1,25,26,1.0384615384615385,0.03922322702763681,584,Mr. Musk will not be pleased.
5005,0,1,25,26,1.0384615384615385,0.03922322702763681,584,I wish these geneticists would stop cloning around
5005,0,1,25,26,1.0384615384615385,0.03922322702763681,584,That man is here again. This time en force.
5005,0,1,25,26,1.0384615384615385,0.03922322702763681,584,I think there's a problem with the copy machine.
5005,0,1,25,26,1.0384615384615385,0.03922322702763681,584,Does anyone have schematics for a border wall?
5005,0,1,25,26,1.0384615384615385,0.03922322702763681,584,Are these the men in the Grey Flannel Suits?
5005,0,1,25,26,1.0384615384615385,0.03922322702763681,584,They quantify but do they qualify for the job.
5005,0,1,25,26,1.0384615384615385,0.03922322702763681,584,"Gentlemen, welcome to Acme Assembly Line, Inc. Our product is one of a ....forget it."
5005,0,1,25,26,1.0384615384615385,0.03922322702763681,584,Accountants all look alike to me.
5005,0,1,25,26,1.0384615384615385,0.03922322702763681,584,"No, my client requested a clown troupe, not a clone troupe!"
5005,0,1,25,26,1.0384615384615385,0.03922322702763681,584,The Diversity and Inclusion task force meeting just broke up.
5005,0,1,25,26,1.0384615384615385,0.03922322702763681,584,I think our Carl copier is on the fritz.
5005,0,1,25,26,1.0384615384615385,0.03922322702763681,584,"Mr. Ferrell, you need to get down to underwriting. Someone's released all the Dennises."
5005,0,1,25,26,1.0384615384615385,0.03922322702763681,584,"OMG, who let the robots loose?"
5005,0,1,25,26,1.0384615384615385,0.03922322702763681,584,Exactly how many engineers does it take to screw in a light bulb?
5005,0,1,25,26,1.0384615384615385,0.03922322702763681,584,"Sir, it's Mr. Elliot our first cloning patient; he has a few questions."
5005,0,1,25,26,1.0384615384615385,0.03922322702763681,584,"That's right. It's from a scene from ""The Apartment."" Only no Jack Lemmon."
5005,0,1,25,26,1.0384615384615385,0.03922322702763681,584,"Well, the good news is that our HR target marketing campaign is working..."
5005,0,1,25,26,1.0384615384615385,0.03922322702763681,584,"Casting - I said several Walter Mitty types, not seventy."
5005,0,1,25,26,1.0384615384615385,0.03922322702763681,584,Congress is in recess and looking for direction.
5005,0,1,25,26,1.0384615384615385,0.03922322702763681,584,"I set out some food for one stray accountant, and now we're completely overrun."
5005,0,1,25,26,1.0384615384615385,0.03922322702763681,584,IT? There seems to be a bug in the new copier.
5005,0,1,25,26,1.0384615384615385,0.03922322702763681,584,"Sir, I'm afraid Mr. Cheney has been fooling around with the copy machine again!"
5005,0,1,25,26,1.0384615384615385,0.03922322702763681,584,bring in the clones
5005,0,1,25,26,1.0384615384615385,0.03922322702763681,584,"The good news is that I think I finally know what ""stanning"" means."
5005,0,1,25,26,1.0384615384615385,0.03922322702763681,584,The repairmen are here for the copier.
5005,0,1,25,26,1.0384615384615385,0.03922322702763681,584,"Yes, IT Help Desk? It appears that the copier machine is malfunctioning again."
5005,0,1,25,26,1.0384615384615385,0.03922322702763681,584,"Susan, where's Waldo?"
5005,0,1,25,26,1.0384615384615385,0.03922322702763681,584,For God's sake don't let Donald Trump get wind of this!
5005,0,1,25,26,1.0384615384615385,0.03922322702763681,584,Your replacement is here.
5005,0,1,25,26,1.0384615384615385,0.03922322702763681,584,What's the brand name of these men?
5005,0,1,25,26,1.0384615384615385,0.03922322702763681,584,Looks the team building workshop was a success.
5005,0,1,25,26,1.0384615384615385,0.03922322702763681,584,The old grouch division is here.
5005,0,1,25,26,1.0384615384615385,0.03922322702763681,584,"I think this is the group from the ""You Can Be Me"" workshop."
5005,0,1,25,26,1.0384615384615385,0.03922322702763681,584,The pack of Stanley's have arrived.
5005,0,1,25,26,1.0384615384615385,0.03922322702763681,584,Something's going on in the copy room.
5005,0,1,25,26,1.0384615384615385,0.03922322702763681,584,"Let me find one who can massage my feet, then Accounting can have the rest."
5005,0,1,25,26,1.0384615384615385,0.03922322702763681,584,Help! Our cloning device is stuck.
5005,0,1,25,26,1.0384615384615385,0.03922322702763681,584,Either it's a doppelganger nightmare or he fell into the 3D printer.
5005,0,1,25,26,1.0384615384615385,0.03922322702763681,584,Swamp creatures.
5005,0,1,25,26,1.0384615384615385,0.03922322702763681,584,Where’d we buy that copier?
5005,0,1,25,26,1.0384615384615385,0.03922322702763681,584,"""Might be time to update the job description""."
5005,0,1,25,26,1.0384615384615385,0.03922322702763681,584,"No, sir, they say they aren't clones, but they do all ""No, sir, they say they aren't clones, but they all do answer to 'Rodney'."
5005,0,1,25,26,1.0384615384615385,0.03922322702763681,584,So I missed the dress code memo.
5005,0,1,25,26,1.0384615384615385,0.03922322702763681,584,They're deadlocked over jury selection.
5005,0,1,25,26,1.0384615384615385,0.03922322702763681,584,I think somebody called in the clones.
5005,0,1,25,26,1.0384615384615385,0.03922322702763681,584,The boys from the Copy Room are here.
5005,0,1,25,26,1.0384615384615385,0.03922322702763681,584,We seem to have a run on ties today.
5005,0,1,25,26,1.0384615384615385,0.03922322702763681,584,"I'll have to call you back, I think I'm in a mantrap."
5005,0,1,25,26,1.0384615384615385,0.03922322702763681,584,Get me rewrite!
5005,0,1,25,26,1.0384615384615385,0.03922322702763681,584,I think I found some more redundancies!!
5005,0,1,25,26,1.0384615384615385,0.03922322702763681,584,I found the compliance training.
5005,0,1,25,26,1.0384615384615385,0.03922322702763681,584,"Sir, it looks like the annual NFL head coaches meeting is just ending now."
5005,0,1,25,26,1.0384615384615385,0.03922322702763681,584,How many times did you call Xerox?
5005,0,1,25,26,1.0384615384615385,0.03922322702763681,584,"Will the real Dr. Livingston, I presume come forward."
5005,0,1,25,26,1.0384615384615385,0.03922322702763681,584,"The invoice says ""clowns"". Must have been autocorrect."
5005,0,1,25,26,1.0384615384615385,0.03922322702763681,584,And by the looks of their ties I'd say they are all either engineers or accountants.
5005,0,1,25,26,1.0384615384615385,0.03922322702763681,584,"I know I asked you to send in the clones...but don't bother, they're here."
5005,0,1,25,26,1.0384615384615385,0.03922322702763681,584,It's every person named David in the Fortune 500.
5005,0,1,25,26,1.0384615384615385,0.03922322702763681,584,I'm going to have a hard time locating Mr. Smith
5005,0,1,25,26,1.0384615384615385,0.03922322702763681,584,March of the Penguins
5005,0,1,25,26,1.0384615384615385,0.03922322702763681,584,The fall CPA bloom is a doozy this year.
5005,0,1,25,26,1.0384615384615385,0.03922322702763681,584,I'm here Mr. Jones but I can't tell pick you out from all your clones. Give me some kind of sign!
5005,0,1,25,26,1.0384615384615385,0.03922322702763681,584,They sent over clones instead of clowns.
5005,0,1,25,26,1.0384615384615385,0.03922322702763681,584,They're all here for the George Clooney Look-alike Contest.
5005,0,1,25,26,1.0384615384615385,0.03922322702763681,584,The Harrys are going to lunch.
5005,0,1,25,26,1.0384615384615385,0.03922322702763681,584,I think this cloning is out of control.
5005,0,1,25,26,1.0384615384615385,0.03922322702763681,584,Herbie's been playing with the 3D printer again.
5005,0,1,25,26,1.0384615384615385,0.03922322702763681,584,"Uh Jim? Yeah, you might wanna head down to Compliance."
5005,0,1,25,26,1.0384615384615385,0.03922322702763681,584,"The cloning was successful, we have a new supply of Robbie dolls."
5005,0,1,25,26,1.0384615384615385,0.03922322702763681,584,Quimby's at it with the 3-D copier again.
5005,0,1,25,26,1.0384615384615385,0.03922322702763681,584,I thought you said Bob was wearing a white shirt.
5005,0,1,25,26,1.0384615384615385,0.03922322702763681,584,We might have been a little TOO specific in the job qualifications.
5005,0,1,25,26,1.0384615384615385,0.03922322702763681,584,"Dan's here...yeah. Hang on, I'll find him."
5005,0,1,25,26,1.0384615384615385,0.03922322702763681,584,I thought we'd ordered only one copy of Mr Chairman.
5005,0,1,25,26,1.0384615384615385,0.03922322702763681,584,He'll be right out.
5005,0,1,25,26,1.0384615384615385,0.03922322702763681,584,"Uh oh, the copy machine is on the fritz again."
5005,0,1,25,26,1.0384615384615385,0.03922322702763681,584,"I know you like our ""every man"" logo but it's gotten out of hand."
5005,0,1,25,26,1.0384615384615385,0.03922322702763681,584,We have to fix that copy and paste setting on the Cloning machine in Research
5005,0,1,25,26,1.0384615384615385,0.03922322702763681,584,"I'm telling you, this clone program is ready for marketing."
5005,0,1,25,26,1.0384615384615385,0.03922322702763681,584,I think the printer is broken.
5005,0,1,25,26,1.0384615384615385,0.03922322702763681,584,Tech support? The cloner auto-off is broken again.
5005,0,1,25,26,1.0384615384615385,0.03922322702763681,584,I need to report a problem with my copier.
5005,0,1,25,26,1.0384615384615385,0.03922322702763681,584,The copier's broken
5005,0,1,25,26,1.0384615384615385,0.03922322702763681,584,How many Equivalent Heads did we ask for?
5005,0,1,25,26,1.0384615384615385,0.03922322702763681,584,This culture fit thing is getting out of hand
5005,0,1,25,26,1.0384615384615385,0.03922322702763681,584,The Berman Hundruplets have arrived.
5005,0,1,25,26,1.0384615384615385,0.03922322702763681,584,The robots arrived. But I thouight you ordered assorted.
5005,0,1,25,26,1.0384615384615385,0.03922322702763681,584,"Mr. Tarantino, I think there was a mistake in the casting ad. They printed ""Homely Type"" instead of ""Comely Type""!"
5005,0,1,25,26,1.0384615384615385,0.03922322702763681,584,"Cologne? I thought you said ""clone""."
5005,0,1,25,26,1.0384615384615385,0.03922322702763681,584,"Your 9:00, 10:00, 11:00, 12:00....hell, they're all here"
5005,0,1,25,26,1.0384615384615385,0.03922322702763681,584,Should I deny the charges of nepotism?
5005,0,1,25,26,1.0384615384615385,0.03922322702763681,584,"I thought the casting call was for Beauty, not the Beast..."
5005,0,1,25,26,1.0384615384615385,0.03922322702763681,584,"Sir, the candidates for the Bald-Headed League have arrived."
5005,0,1,25,26,1.0384615384615385,0.03922322702763681,584,"I told you to get me an account with amazon prime, not accountants standing in line!"""
5005,0,1,25,26,1.0384615384615385,0.03922322702763681,584,Clones?! I asked you to send in the clowns(add bold and italics to clowns)!
5005,0,1,25,26,1.0384615384615385,0.03922322702763681,584,"Never let IT use the copy room, I said."
5005,0,1,25,26,1.0384615384615385,0.03922322702763681,584,Maintenance? The copier is on the fritz again.
5005,0,1,25,26,1.0384615384615385,0.03922322702763681,584,"I asked for ""Bob"" from tech!"
5005,0,1,25,26,1.0384615384615385,0.03922322702763681,584,The Thomas Crown affair
5005,0,1,25,26,1.0384615384615385,0.03922322702763681,584,"Yup, it looks like the copier's gone bonkers, again."
5005,0,1,25,26,1.0384615384615385,0.03922322702763681,584,"Honestly, I am baffled myself."
5005,0,1,25,26,1.0384615384615385,0.03922322702763681,584,The prototype cloning device is stuck again.
5005,0,1,25,26,1.0384615384615385,0.03922322702763681,584,The lab succeeded in cloning more than just Dolly the sheep..
5005,0,1,25,26,1.0384615384615385,0.03922322702763681,584,"On behalf of the entire elementary school — we miss the DREAMers, too."
5005,0,1,25,26,1.0384615384615385,0.03922322702763681,584,A clown closet.
5005,0,1,25,26,1.0384615384615385,0.03922322702763681,584,"Next time, make sure to run the magician's headshot by me before he starts cloning himself."
5005,0,1,25,26,1.0384615384615385,0.03922322702763681,584,Remember all those middle-men we cut out? They're back!
5005,0,1,25,26,1.0384615384615385,0.03922322702763681,584,We can't get rid of him!
5005,0,1,25,26,1.0384615384615385,0.03922322702763681,584,"I know Neo's retired, but call him anyway!"
5005,0,1,25,26,1.0384615384615385,0.03922322702763681,584,The copy machine's on the fritz again. Could you send down the cute guy in accounting.
5005,0,1,25,26,1.0384615384615385,0.03922322702763681,584,Al is here and unaccounted for.
5005,0,1,25,26,1.0384615384615385,0.03922322702763681,584,My computer matchmaking picks are here.
5005,0,1,25,26,1.0384615384615385,0.03922322702763681,584,"Boss, firing the Head of the Cloning Department just got really complicated."
5005,0,1,25,26,1.0384615384615385,0.03922322702763681,584,Copy machine's broken again
5005,0,1,25,26,1.0384615384615385,0.03922322702763681,584,"I said '100 apple pies', not '100 average white guys'!"
5005,0,1,25,26,1.0384615384615385,0.03922322702763681,584,The copy machine has gone crazy.
5005,0,1,25,26,1.0384615384615385,0.03922322702763681,584,The 3D Printer is broken again.
5005,0,1,25,26,1.0384615384615385,0.03922322702763681,584,"If you thought our cloning research had too many bean-counters involved, you're in for a big surprise."
5005,0,1,25,26,1.0384615384615385,0.03922322702763681,584,"Seriously, Marcie. There is something wrong with the copier. Send IT down here ASAP."
5005,0,1,25,26,1.0384615384615385,0.03922322702763681,584,"If I was lost, I'd know it ...?"
5005,0,1,25,26,1.0384615384615385,0.03922322702763681,584,"Dr. Scott. . .I'm definitely experiencing some kind of Blade Runner meets Dilbert psychotic break."""
5005,0,1,25,26,1.0384615384615385,0.03922322702763681,584,"You said MBA convention, I thought Multiple Birth Association."
5005,0,1,25,26,1.0384615384615385,0.03922322702763681,584,"What do you mean, I'm limited in my scope of applicant selection?"
5005,0,1,25,26,1.0384615384615385,0.03922322702763681,584,Your call for conformity met all expectations.
5005,0,1,25,26,1.0384615384615385,0.03922322702763681,584,Looks like the 3-D printer has gone awry again.
5005,0,1,25,26,1.0384615384615385,0.03922322702763681,584,Please alert security that the research staff has succeeded with their replication project.
5005,0,1,25,26,1.0384615384615385,0.03922322702763681,584,IT? The copy machine is doing it again!
5005,0,1,25,26,1.0384615384615385,0.03922322702763681,584,"All I said was, 'We're ready for you now, Mr. Feldman.'"
5005,0,1,25,26,1.0384615384615385,0.03922322702763681,584,"How many did you order, maam?"
5005,0,1,25,26,1.0384615384615385,0.03922322702763681,584,The 3D printer seems to be malfunctioning
5005,0,1,25,26,1.0384615384615385,0.03922322702763681,584,"When I ordered the shipment of aged whites, I was taking about wine!"
5005,0,1,25,26,1.0384615384615385,0.03922322702763681,584,"Honey, you're going to have to be more specific."
5005,0,1,25,26,1.0384615384615385,0.03922322702763681,584,Payroll? It's the CFO. You are not going to like this...
5005,0,1,25,26,1.0384615384615385,0.03922322702763681,584,"Oh no, they cloned the wrong one."
5005,0,1,25,26,1.0384615384615385,0.03922322702763681,584,They are here to protest Bernie's single payer bill.
5005,0,1,25,26,1.0384615384615385,0.03922322702763681,584,I need the copier repair man repair man.
5005,0,1,25,26,1.0384615384615385,0.03922322702763681,584,"Of all the men, why would you clone Phil?!"
5005,0,1,25,26,1.0384615384615385,0.03922322702763681,584,"Yes, he's coming out of .the meeting now."
5005,0,1,25,26,1.0384615384615385,0.03922322702763681,584,Tech Support? I think the 3-D Printer has run amok.
5005,0,1,25,26,1.0384615384615385,0.03922322702763681,584,"""Double-booking"" this room is not the half of it."
5005,0,1,25,26,1.0384615384615385,0.03922322702763681,584,I think we have identified your demographic.
5005,0,1,25,26,1.0384615384615385,0.03922322702763681,584,The Dorkbot consignment has arrived!
5005,0,1,25,26,1.0384615384615385,0.03922322702763681,584,"You're right, Madge, they are all alike."
5005,0,1,25,26,1.0384615384615385,0.03922322702763681,584,Could somebody please turn off the Herbert Clonemaker 3000 ?
5005,0,1,25,26,1.0384615384615385,0.03922322702763681,584,I told you we need two-factor authentication.
5005,0,1,25,26,1.0384615384615385,0.03922322702763681,584,The copy machine's gone berserk!
5005,0,1,25,26,1.0384615384615385,0.03922322702763681,584,I found the room where the copying machine is kept.
5005,0,1,25,26,1.0384615384615385,0.03922322702763681,584,"""ACME RENT-A-MODEL, how may I help you?"" ""Yes, this is Helen at VIDEO ADS-R-US. I ordered just ONE, and the ""Middle-Aged Male Accountants"" JUST KEEP COMING AND COMING?????"" ""Yes Helen, you put the ONE in the Gross Column!"
5005,0,1,25,26,1.0384615384615385,0.03922322702763681,584,We need to make this casting call a little less generic.
5005,0,1,25,26,1.0384615384615385,0.03922322702763681,584,I only asked for John Smith
5005,0,1,25,26,1.0384615384615385,0.03922322702763681,584,the copier is fixed
5005,0,1,25,26,1.0384615384615385,0.03922322702763681,584,Internet's down in accounting!
5005,0,1,25,26,1.0384615384615385,0.03922322702763681,584,Hello? Hello! Is this the Cloning Research Department?!
5005,0,1,25,26,1.0384615384615385,0.03922322702763681,584,"I dunno...it all started when over the intercom someone started singing ""Send in the Clones!"
5005,0,1,25,26,1.0384615384615385,0.03922322702763681,584,The photocopier should not be used for personal purposes.
5005,0,1,25,26,1.0384615384615385,0.03922322702763681,584,Professor Dr. Hans von Clone and his family have just arrived.
5005,0,1,25,26,1.0384615384615385,0.03922322702763681,584,"Where is the ""Diversity in the Office"" workshop being held?"
5005,0,1,25,26,1.0384615384615385,0.03922322702763681,584,Exactly--and we're going to need another 9 cases of mustache wax.
5005,0,1,25,26,1.0384615384615385,0.03922322702763681,584,"Yes Sir, Miriam here, I think I found those 'seed pods' your son Jimmy left here in your office ... they've seemed to have hatched. Yes, I did say 'hatched'."
5005,0,1,25,26,1.0384615384615385,0.03922322702763681,584,The Sons of Herrington meeting has just adjourned.
5005,0,1,25,26,1.0384615384615385,0.03922322702763681,584,This Diversity Training Workshop is going be one for the record books.
5005,0,1,25,26,1.0384615384615385,0.03922322702763681,584,We've a midlife crisis on our hands.
5005,0,1,25,26,1.0384615384615385,0.03922322702763681,584,"Gary, it looks like the copier is acting up again."
5005,0,1,25,26,1.0384615384615385,0.03922322702763681,584,"Come quickly, the copier is on the fritz again!"
5005,0,1,25,26,1.0384615384615385,0.03922322702763681,584,They showed The Matrix for movie night
5426,0,1,26,27,1.037037037037037,0.03774256780481986,584,Figaro? Figaro!
5426,0,1,26,27,1.037037037037037,0.03774256780481986,584,"I'm not sure which undistinguished, anonymous schmuck you're looking for."
5426,0,1,26,27,1.037037037037037,0.03774256780481986,584,Yes sir - this has to be a sequel - 'Men in Paunch'.
5426,0,1,26,27,1.037037037037037,0.03774256780481986,584,He calls himself PC. PC Load Letter.
5426,0,1,26,27,1.037037037037037,0.03774256780481986,584,We'll need to replace the 3-D printer cartridge
5426,0,1,26,27,1.037037037037037,0.03774256780481986,584,Hey we have a problem. I made a mistake on that Prime order yesterday...
5426,0,1,26,27,1.037037037037037,0.03774256780481986,584,The Diversity Committee meeting is over already!
5426,0,1,26,27,1.037037037037037,0.03774256780481986,584,"Seriously George, stop trying to sell your ties on Craiglist."
5426,0,1,26,27,1.037037037037037,0.03774256780481986,584,And they're all asking for tuna fish.
5426,0,1,26,27,1.037037037037037,0.03774256780481986,584,We need 2000 briefcases in a hurry. Try Amazon.
5426,0,1,26,27,1.037037037037037,0.03774256780481986,584,The iPhone X test subjects have arrived.
5426,0,1,26,27,1.037037037037037,0.03774256780481986,584,"...on another note, they got the cloning machine working again."
5426,0,1,26,27,1.037037037037037,0.03774256780481986,584,Go easy on the Old Spice.
5426,0,1,26,27,1.037037037037037,0.03774256780481986,584,The Republican National Committee meeting has just broken up.
5426,0,1,26,27,1.037037037037037,0.03774256780481986,584,Yep. The copier's acting up again.
5426,0,1,26,27,1.037037037037037,0.03774256780481986,584,Which mr. Which Mr. Smith?
5426,0,1,26,27,1.037037037037037,0.03774256780481986,584,It looks like the Earl machine has gone haywire again....
5426,0,1,26,27,1.037037037037037,0.03774256780481986,584,The copier's on the blink again.
5426,0,1,26,27,1.037037037037037,0.03774256780481986,584,So...how long was he standing at the copier?
5426,0,1,26,27,1.037037037037037,0.03774256780481986,584,Help! They're multiplying!
5426,0,1,26,27,1.037037037037037,0.03774256780481986,584,You can turn off the clone machine now.
5426,0,1,26,27,1.037037037037037,0.03774256780481986,584,Tell me again. How do penguins do it?
5426,0,1,26,27,1.037037037037037,0.03774256780481986,584,We are ready to start judging for the accounting department's 'Most Flashy Costume' competition.
5426,0,1,26,27,1.037037037037037,0.03774256780481986,584,These men don't belong in our non-conformity ward.
5426,0,1,26,27,1.037037037037037,0.03774256780481986,584,You KNOW I'm afraid of clones!
5451,0,1,27,28,1.0357142857142858,0.036369648372665396,584,"Oh, the duplexer isn't the problem..."
5451,0,1,27,28,1.0357142857142858,0.036369648372665396,584,"Yeah, I don't see any out of the box direction from this agency."
5451,0,1,27,28,1.0357142857142858,0.036369648372665396,584,Well I'll ask one of the Johnson octuplets.
5451,0,1,27,28,1.0357142857142858,0.036369648372665396,584,"Oh, I think I found the Russian troll farm, from that elections."
5451,0,1,27,28,1.0357142857142858,0.036369648372665396,584,They look like accountants to me. They have w-a-y too much charisma to be actuaries.
5451,0,1,27,28,1.0357142857142858,0.036369648372665396,584,"Yes Sir, the conformist delegation appears to have arrived."
5451,0,1,27,28,1.0357142857142858,0.036369648372665396,584,"Yes, the consultants are here."
5458,0,1,28,29,1.0344827586206897,0.03509312031717982,584,I said we needed a George Clooney type; not George Costanza!
5459,0,1,30,31,1.032258064516129,0.032791291789197645,584,"Ah, the cartoon character cloning device is malfunctioning again. I repeat. I repeat. I repeat..."
5460,0,1,31,32,1.03125,0.031750031750047626,584,"Sir, they made all the robots look like Herbert!"
5461,0,0,21,21,1.0,0.048795003647426664,584,Alert - AI copy machine malfunction
5461,0,0,21,21,1.0,0.048795003647426664,584,Oh no -- someone please unplug our 3D printer while I am still on hold with tech support.
5461,0,0,21,21,1.0,0.048795003647426664,584,The cloning committee seems to have reached a consensus.
5461,0,0,23,23,1.0,0.044455422447438706,584,"Sorry, it looks like the Women's Health Policy Committee just adjourned for the day."
5461,0,0,21,21,1.0,0.048795003647426664,584,The men are just coming out of the meeting on employee dress code and grooming. It seems they agreed
5461,0,0,23,23,1.0,0.044455422447438706,584,Your clones are here. They're looking for a bigger conference room.
5461,0,0,21,21,1.0,0.048795003647426664,584,I don't know which one to fuck first. Or I don't know which to **** first.
5461,0,0,21,21,1.0,0.048795003647426664,584,This new batch isn't exactly what we ordered.
5461,0,0,21,21,1.0,0.048795003647426664,584,Stop now! Your 'cutting and pasting' IS working!
5461,0,0,21,21,1.0,0.048795003647426664,584,Scottish Dolly must be turning in her grave.
5461,0,0,21,21,1.0,0.048795003647426664,584,"Yes, it's been seventeen years, time flies. The cicadas are coming to drown out Trump - do you hear the wings flapping?"
5461,0,0,21,21,1.0,0.048795003647426664,584,holy moly!! the 3D printer went berserk !!
5461,0,0,21,21,1.0,0.048795003647426664,584,Our bookkeepers have lost count of our accountants.
5461,0,0,21,21,1.0,0.048795003647426664,584,Looks like the copy machine's on the fritz again.
5461,0,0,21,21,1.0,0.048795003647426664,584,The IT department is messing with the photocopier again.
5461,0,0,21,21,1.0,0.048795003647426664,584,"Bad news sir,somebody left the 3 D printer on repeat over night ."
5461,0,0,21,21,1.0,0.048795003647426664,584,"The Matrix Retirees: ""Morpheus, the line was traced, I don't know how."""
5461,0,0,22,22,1.0,0.046524210519923545,584,'bout time clones are coming out.
5461,0,0,21,21,1.0,0.048795003647426664,584,Tell me how many wet blankets you'll need for the party and then we'll discuss the cost.
5461,0,0,21,21,1.0,0.048795003647426664,584,The contacts I just picked up -- were they for Frye or Fly?
5461,0,0,21,21,1.0,0.048795003647426664,584,"Betty, please tell the Sorcerer his apprentice has an emergency in Accounting."
5461,0,0,21,21,1.0,0.048795003647426664,584,I'm sorry. All pencil pushers look alike to me.
5461,0,0,21,21,1.0,0.048795003647426664,584,Introductions lasted 3 minutes.
5461,0,0,21,21,1.0,0.048795003647426664,584,"George? George? For god's sake, this is not funny."
5461,0,0,21,21,1.0,0.048795003647426664,584,"The producer is mad, he asked for goatees."
5461,0,0,23,23,1.0,0.044455422447438706,584,There appears to be a technical malfunction in the copy room.
5461,0,0,21,21,1.0,0.048795003647426664,584,The contestants for the ugliest clone contest are coming out now.
5461,0,0,21,21,1.0,0.048795003647426664,584,"Senior management position interviews: men wait to the left, women to the right."
5461,0,0,21,21,1.0,0.048795003647426664,584,hey the minos are out of the meeting.
5461,0,0,21,21,1.0,0.048795003647426664,584,I thought our goal was diversity not regurgency.
5461,0,0,21,21,1.0,0.048795003647426664,584,How soon can the 3D printer repairperson get here?
5461,0,0,21,21,1.0,0.048795003647426664,584,"Honestly mother, I don't know if I'm tripping balls or the engineers finally built that quantum workstation he was demanding."
5461,0,0,23,23,1.0,0.044455422447438706,584,"His name's on the list for the self-discovery workshop, so I paged him. And guess what?"
5461,0,0,21,21,1.0,0.048795003647426664,584,These recycled clones will be deployed soon to Afghanistan.
5461,0,0,21,21,1.0,0.048795003647426664,584,"Apparently, there was a typo in the ad. Instead of ""party-face clown"" it read ""pasty-face clone""."
5461,0,0,21,21,1.0,0.048795003647426664,584,The Dickersons are back.
5461,0,0,21,21,1.0,0.048795003647426664,584,Casting call for The Fungibles.
5461,0,0,21,21,1.0,0.048795003647426664,584,The look alike contestants have arrived
5461,0,0,21,21,1.0,0.048795003647426664,584,Copier's busted.
5461,0,0,21,21,1.0,0.048795003647426664,584,"Yeah, Fred just got here, I like what he's done with his hair!"
5461,0,0,21,21,1.0,0.048795003647426664,584,Who told you to send in the clones ?
5461,0,0,21,21,1.0,0.048795003647426664,584,We're down here at the copy room now...
5461,0,0,22,22,1.0,0.046524210519923545,584,"No Janice, I did not see Attack of the Clones."
5461,0,0,21,21,1.0,0.048795003647426664,584,We're going to need two hundred identical offices.
5461,0,0,21,21,1.0,0.048795003647426664,584,Is this the New York Times? You need to know that we are having an invasion of The Organization Men.
5461,0,0,21,21,1.0,0.048795003647426664,584,"I placed an order for pens, not peons!"
5461,0,0,21,21,1.0,0.048795003647426664,584,Your 2:30 appointments are here.
5461,0,0,21,21,1.0,0.048795003647426664,584,Did Xerox book the conference room ?
5461,0,0,21,21,1.0,0.048795003647426664,584,"Plan B, use clones."
5461,0,0,21,21,1.0,0.048795003647426664,584,The new apprentice said something about using a push broom to clean up in there.
5461,0,0,21,21,1.0,0.048795003647426664,584,I think the 3-D printer has gone AI.
5461,0,0,21,21,1.0,0.048795003647426664,584,"Hello, IT? Our copier is on the fritz again."
5461,0,0,21,21,1.0,0.048795003647426664,584,We're having a bit of an issue with the new copier.
5461,0,0,21,21,1.0,0.048795003647426664,584,Will the real Groucho Marx step please?
5461,0,0,22,22,1.0,0.046524210519923545,584,"Hey, Mabel! Remember Fred, our HR Director, and his cloning experiment?"
5461,0,0,21,21,1.0,0.048795003647426664,584,"Charlie, the photocopier is down again...."
5461,0,0,21,21,1.0,0.048795003647426664,584,Hmm. Which Joe is really mine?
5461,0,0,21,21,1.0,0.048795003647426664,584,"Hello, Xerox? We need a service technician ASAP."
5461,0,0,21,21,1.0,0.048795003647426664,584,"Dad:  ""We may not get accurate results from the focus group"""
5461,0,0,21,21,1.0,0.048795003647426664,584,"...and my headline is, ""Can I Do It 'Til I Need Glasses?"""
5461,0,0,21,21,1.0,0.048795003647426664,584,IS THERE ANYONE HERE NOT CLAIMING TO BE WOODY ALLEN'S SON?
5461,0,0,21,21,1.0,0.048795003647426664,584,We didn't have a choice. He still uses a Blackberry.
5461,0,0,21,21,1.0,0.048795003647426664,584,They're multiplying!
5461,0,0,21,21,1.0,0.048795003647426664,584,Would you proactively facilitate a paradigm shift for the 3D printer?
5461,0,0,21,21,1.0,0.048795003647426664,584,Could you send someone up from Maintenance...the 3D printer is on the blink again.
5461,0,0,21,21,1.0,0.048795003647426664,584,There are many identical men.
5461,0,0,22,22,1.0,0.046524210519923545,584,"Quick, call the head of security. Feldman is multiplying again."
5461,0,0,21,21,1.0,0.048795003647426664,584,Call the caterers...quick!
5461,0,0,21,21,1.0,0.048795003647426664,584,Lets reschedule the Mr. Clone interview until after the holidays!
5461,0,0,21,21,1.0,0.048795003647426664,584,"Yeah, they all look the same, except one guy doesn't have any pants on."
5461,0,0,21,21,1.0,0.048795003647426664,584,Something odd is happening in the copy room!
5461,0,0,21,21,1.0,0.048795003647426664,584,"No, I ordered five dozen scones, not five dozen clones."
5461,0,0,21,21,1.0,0.048795003647426664,584,They are complaining that the building is cookie cutter.
5461,0,0,21,21,1.0,0.048795003647426664,584,I repeat. I repeat. I repeat. I repeat. I repeat . . .
5461,0,0,22,22,1.0,0.046524210519923545,584,Shall I send in the clones?
5461,0,0,21,21,1.0,0.048795003647426664,584,"Sorry you'll have to be more specific, all middle aged, white men look the same to me."
5461,0,0,21,21,1.0,0.048795003647426664,584,"Balding, glasses, mustache, stripe tie...what color?"
5461,0,0,21,21,1.0,0.048795003647426664,584,"Anne, if you laid your clutch of eggs underneath the toilet seat, I may have accidentally fertilized them."
5461,0,0,21,21,1.0,0.048795003647426664,584,Mr Smith? He's coming out of the Cloning Convention now. I'll have him call you back...as soon as I find him.
5461,0,0,21,21,1.0,0.048795003647426664,584,Sorry - gotta go. I just arrived at the Irving Convention.
5461,0,0,21,21,1.0,0.048795003647426664,584,"No, no, no! I said ""Marx"" not ""max""!"
5461,0,0,21,21,1.0,0.048795003647426664,584,"Governor, it looks like FEMA sent enough people to cover the disaster."
5461,0,0,21,21,1.0,0.048795003647426664,584,The copier's acting up.
5461,0,0,21,21,1.0,0.048795003647426664,584,Hold it guys. Casting is one flight up.
5461,0,0,21,21,1.0,0.048795003647426664,584,Unexpected presence
5461,0,0,21,21,1.0,0.048795003647426664,584,"You'll notice me, I'm the handsome fellow one in the group!"
5461,0,0,21,21,1.0,0.048795003647426664,584,I'd like to report a..uh..what's the opposite of a threat?
5461,0,0,21,21,1.0,0.048795003647426664,584,"Costume Dept? Judy Collins here. I'm telling you, somebody got it all wrong. I said to send in the CLOWNS not the CLONES!"
5461,0,0,21,21,1.0,0.048795003647426664,584,Who knew that there would so many guys that would want to play Walter Mitty?
5461,0,0,21,21,1.0,0.048795003647426664,584,Looks like the 3D printer in Accounting needs service again
5461,0,0,21,21,1.0,0.048795003647426664,584,Mr Duke? I think your apocalypse just spilled into the green room.
5461,0,0,21,21,1.0,0.048795003647426664,584,There's a 'Barry' here to see you.
5461,0,0,21,21,1.0,0.048795003647426664,584,They say they're here to install the 3D printer.
5461,0,0,21,21,1.0,0.048795003647426664,584,"So, exactly which Mr. Clooney did that lock of hair come from?"
5461,0,0,22,22,1.0,0.046524210519923545,584,"I have defeated you before."" ""Yes, but as you can see things have not changed."
5461,0,0,21,21,1.0,0.048795003647426664,584,the government just closed down!
5461,0,0,21,21,1.0,0.048795003647426664,584,"Listen, strong diversity can be difficult."
5461,0,0,21,21,1.0,0.048795003647426664,584,"The Lemmings Corporation ""Dazed and Confused"" Seminar has just ended. Shall I contact the Meeting Management that the room is now available?"
5461,0,0,21,21,1.0,0.048795003647426664,584,I believe it's bring your clone to work day.
5461,0,0,20,20,1.0,0.051298917604257706,584,"The cloning experiment appears to be a success, sort of."
5461,0,0,21,21,1.0,0.048795003647426664,584,"so yeah this stinky motherfucker just waltzed through here are cloned his stupid ass, carol. yeah i know that the cloning machine is off limits but i didn't see him"
5461,0,0,21,21,1.0,0.048795003647426664,584,That's right. Just leaving the coral now.
5461,0,0,21,21,1.0,0.048795003647426664,584,"Apparently, the new gal in HR has a type..."
5461,0,0,21,21,1.0,0.048795003647426664,584,I've got to go - a few of my ex-husbands just showed up.
5461,0,0,21,21,1.0,0.048795003647426664,584,This is NOT what I meant by ‘radical changes to our diversity policy.'
5461,0,0,23,23,1.0,0.044455422447438706,584,You can turn off the clone machine now.
5461,0,0,21,21,1.0,0.048795003647426664,584,Welcome to the Trump Campaign focus group. Everyone's opinion matters.
5461,0,0,21,21,1.0,0.048795003647426664,584,I said to send in the clowns not clones.
5461,0,0,21,21,1.0,0.048795003647426664,584,The conference room is available now. The Diversity Committee has adjourned.
5461,0,0,21,21,1.0,0.048795003647426664,584,Putting on a disguise for your new i-phone will not work
5461,0,0,21,21,1.0,0.048795003647426664,584,"Remember how you said if we hired that guy it would be ""more of the same""?"
5461,0,0,21,21,1.0,0.048795003647426664,584,I'm thinking that 3D printer wasn't such a great idea.
5461,0,0,21,21,1.0,0.048795003647426664,584,Mr. Armbrooster is misusing the 3D printer again.
5461,0,0,22,22,1.0,0.046524210519923545,584,"Find out who replaced tax accountants for sex robots, stat!"
5461,0,0,21,21,1.0,0.048795003647426664,584,"Something went wrong, we were supposed to clone our major donors!"
5461,0,0,21,21,1.0,0.048795003647426664,584,Never ever make jokes about birthday cake in the break room!
5461,0,0,21,21,1.0,0.048795003647426664,584,I think we've overcloned that clerk!!!
5461,0,0,21,21,1.0,0.048795003647426664,584,"You are bald, have a mustache, wearing glasses and a stripe tie. I will wait by the door for you and will see you soon!"
5461,0,0,21,21,1.0,0.048795003647426664,584,"I pressed the ""More Tax Accountants"" button like always; the damn thing's doing some kind of Sorcerer's Apprentice thing."
5461,0,0,21,21,1.0,0.048795003647426664,584,The gentleman from Clone-A-Nerd are here.
5461,0,0,21,21,1.0,0.048795003647426664,584,"For The Accountant II, what shall I do with Agent Smith before we start filming today?"
5461,0,0,21,21,1.0,0.048795003647426664,584,"No, my profile said I was looking for a Joe Six-pack."
5461,0,0,21,21,1.0,0.048795003647426664,584,Note to IT: Mating my PC with the copier and 3D printer was perhaps a bad idea.
5461,0,0,22,22,1.0,0.046524210519923545,584,The Poindexters you ordered are here.
5461,0,0,21,21,1.0,0.048795003647426664,584,We need to review our cloneowners insurance.
5461,0,0,21,21,1.0,0.048795003647426664,584,Only old white men.
5461,0,0,21,21,1.0,0.048795003647426664,584,"Ya, Bob got stuck in the copy machine again."
5461,0,0,21,21,1.0,0.048795003647426664,584,"Hello, H.R.? mmmm you might want to come up to the 5th floor."
5461,0,0,21,21,1.0,0.048795003647426664,584,"Send the Xerox guy up to accounting, ASAP."
5461,0,0,21,21,1.0,0.048795003647426664,584,Quick! We need A limitless supply of identical toupees.
5461,0,0,21,21,1.0,0.048795003647426664,584,"Her name may be plain Mrs. Smith, but she is much sought after."
5461,0,0,24,24,1.0,0.04256282653793743,584,There is a terrorist attack on the West Wing.
5461,0,0,21,21,1.0,0.048795003647426664,584,"Marketing, it looks like Accounting already has a corporate image."
5461,0,0,21,21,1.0,0.048795003647426664,584,"Yes, sir, I can confirm the Swallows have returned to Capistrano."
5461,0,0,21,21,1.0,0.048795003647426664,584,Oops. We called for Big mustasches and Big neckties!
5461,0,0,21,21,1.0,0.048795003647426664,584,What Happened
5461,0,0,21,21,1.0,0.048795003647426664,584,The sheep are loose again.
5461,0,0,21,21,1.0,0.048795003647426664,584,"Stu, the Freds are out again."
5461,0,0,21,21,1.0,0.048795003647426664,584,I'd like to register a complaint about my washing machine.
5461,0,0,23,23,1.0,0.044455422447438706,584,Did you call for the Xerox man?
5461,0,0,21,21,1.0,0.048795003647426664,584,The cloning machine is acting up again
5461,0,0,21,21,1.0,0.048795003647426664,584,SECURTY ? GET UP HERE ASAP !
5461,0,0,21,21,1.0,0.048795003647426664,584,This roster is all greek to me.
5461,0,0,21,21,1.0,0.048795003647426664,584,The GMO bean counter crop is in.
5461,0,0,21,21,1.0,0.048795003647426664,584,"Has anyone seen Gordon from accounting? - he has a small head, moustache, balding, glasses, striped tie and wears a red Fez..."
5461,0,0,21,21,1.0,0.048795003647426664,584,"I don't know sir. This is scary, sir, isn't it? Sir, isn't?"
5461,0,0,22,22,1.0,0.046524210519923545,584,I believe you are full of yourselves
5461,0,0,22,22,1.0,0.046524210519923545,584,Hurry over. The duplicating machine is malfunctioning again.
5461,0,0,21,21,1.0,0.048795003647426664,584,There seems to be a problem with our printer.
5461,0,0,21,21,1.0,0.048795003647426664,584,Mr. Snyder? Ed's been at the 3D printer again...
5461,0,0,21,21,1.0,0.048795003647426664,584,"Yes, the George Tooker photo shoot just ended, boss. Shall I send them down for lunch?"
5461,0,0,21,21,1.0,0.048795003647426664,584,The cloning experiment has gone awry -- they're all hunting for papers to push and we don't have nearly enough to go around!
5461,0,0,21,21,1.0,0.048795003647426664,584,I knew we shouldn't have ordered our accountants from Costco.
5461,0,0,21,21,1.0,0.048795003647426664,584,Can you tell Connie in HR to ease up a bit on details in her newspaper job descriptions?
5461,0,0,21,21,1.0,0.048795003647426664,584,How long will it take you to fix the copy machine?
5461,0,0,21,21,1.0,0.048795003647426664,584,The bowling pins have arrived.
5461,0,0,21,21,1.0,0.048795003647426664,584,Oh God the world is unwinding.............
5461,0,0,22,22,1.0,0.046524210519923545,584,"You may not believe this, but I forgot to turn off the cloning machine."
5461,0,0,21,21,1.0,0.048795003647426664,584,Picking the best 1990's Jeffrey Tambor look-a-like will not be easy.
5461,0,0,21,21,1.0,0.048795003647426664,584,It's Stanley reunion.
5461,0,0,21,21,1.0,0.048795003647426664,584,"Clooney, not Looney."
5461,0,0,21,21,1.0,0.048795003647426664,584,How many interviews we have for blind people !
5461,0,0,21,21,1.0,0.048795003647426664,584,The rhinoceros are here for the audition.
5461,0,0,24,24,1.0,0.04256282653793743,584,He's busy. Can I take a proclamation?
5461,0,0,21,21,1.0,0.048795003647426664,584,Herb's clones are creating a HR nightmare!
5461,0,0,21,21,1.0,0.048795003647426664,584,"Well, yes, we definitely are an EQUAL OPPORTUNITY employer (They all fit the functionality of the positions we have available)."
5461,0,0,21,21,1.0,0.048795003647426664,584,Is this what artificial intelligence looks like?
5461,0,0,22,22,1.0,0.046524210519923545,584,I hope your cold is getting better sir. A quick question - Did you order 50 iClones for the staff?
5461,0,0,21,21,1.0,0.048795003647426664,584,It looks like the Clone family reunion has arrived
5461,0,0,21,21,1.0,0.048795003647426664,584,The accountants are going on strike.
5461,0,0,21,21,1.0,0.048795003647426664,584,Someone hit the 'Repeat' button on our Dr. Phil cloning machine.
5461,0,0,21,21,1.0,0.048795003647426664,584,Oh Gosh! Would rather lose my job to that damned robot who is responsible for this than answer to so many egg-heads!!!
5461,0,0,21,21,1.0,0.048795003647426664,584,This is not what 'Culture and Media' was to be about.
5461,0,0,21,21,1.0,0.048795003647426664,584,"Staples, I placed an order for 50 ball point pens, and you sent me 50 bald men again."
5461,0,0,21,21,1.0,0.048795003647426664,584,"I don't care how many clones of yourself you make, we will still find you and bring you to justice."
5461,0,0,21,21,1.0,0.048795003647426664,584,"Oh great, we asked for Coolio lookalikes and instead they sent us a bunch of Mel Cooleys."
5461,0,0,21,21,1.0,0.048795003647426664,584,Smith and Brothers is here to see you.
5461,0,0,21,21,1.0,0.048795003647426664,584,"No. I said, ""Send in the clowns. There aught to be clowns."""
5461,0,0,21,21,1.0,0.048795003647426664,584,"The clones have arrived, but they're listless, again..."
5461,0,0,21,21,1.0,0.048795003647426664,584,"You’re right, I hate concept art, too!"
5461,0,0,21,21,1.0,0.048795003647426664,584,"Yes, Mr. Hungadunga is here..."
5461,0,0,22,22,1.0,0.046524210519923545,584,"No, not angry, they're just chanting ""Expandem Pants changed my personality."""
5461,0,0,21,21,1.0,0.048795003647426664,584,"Text support for the copier, please!"
5461,0,0,21,21,1.0,0.048795003647426664,584,"They didn't say, but I think it's Amazon."
5461,0,0,21,21,1.0,0.048795003647426664,584,He used the cloning option on his new iPhone.
5461,0,0,21,21,1.0,0.048795003647426664,584,"Yes, I know our visitor is Agent Smith -- but which Agent Smith are we expecting?"
5461,0,0,21,21,1.0,0.048795003647426664,584,"Mr. Cook, the facial recognition testers are here, but we may need a few more iPhones."
5461,0,0,22,22,1.0,0.046524210519923545,584,they're all asking for cake.
5461,0,0,21,21,1.0,0.048795003647426664,584,"You'll never guess who was singing ""Send in the Clones""...."
5461,0,0,21,21,1.0,0.048795003647426664,584,Harry's been meditating in the conference room again.
5461,0,0,21,21,1.0,0.048795003647426664,584,"Seriously, this is the group Apple engineers should have met a couple of months ago!"
5461,0,0,21,21,1.0,0.048795003647426664,584,"Mr. Falberg, I think you better come down to the lab right away."
5461,0,0,21,21,1.0,0.048795003647426664,584,"To the CEO, cloning works! Now to be more selective in our choice of a subject."
5461,0,0,21,21,1.0,0.048795003647426664,584,"Mr Dobolina, Mr Bob Dobolina... has multiplied in the past two hours. Test is successful, sir."
5461,0,0,21,21,1.0,0.048795003647426664,584,I should have known this would happen when I upgraded to an iClone X.
5461,0,0,21,21,1.0,0.048795003647426664,584,"Look, all I can tell you is that grumpy, middle age accountants are multiplying and marching on the executive suites."
5461,0,0,21,21,1.0,0.048795003647426664,584,The copier's going crazy again.
5461,0,0,21,21,1.0,0.048795003647426664,584,I think our want ad was spot on!
5461,0,0,21,21,1.0,0.048795003647426664,584,The cookie cutter's working all right!
5461,0,0,21,21,1.0,0.048795003647426664,584,"No, just like your cellphone, you have to press the power button twice to stop the clone machine."
5461,0,0,22,22,1.0,0.046524210519923545,584,Annoying as hell.
5461,0,0,21,21,1.0,0.048795003647426664,584,"Not slim or shady, send security immediately!"
5461,0,0,21,21,1.0,0.048795003647426664,584,"I understand. Even in my office, people are all the same."
5461,0,0,21,21,1.0,0.048795003647426664,584,You better get down here quick. It looks like the bioengineers have been messing with the 3-D printer again. We have hundreds of guys all looking alike and claiming to be Sid from Accounting.
5461,0,0,21,21,1.0,0.048795003647426664,584,I don't think face ID is faulty.
5461,0,0,22,22,1.0,0.046524210519923545,584,Get me the Diversity Director.
5461,0,0,21,21,1.0,0.048795003647426664,584,The conference on human cloning appears to be a major success!
5461,0,0,21,21,1.0,0.048795003647426664,584,I need tech backup on 37. Mr. Chauncey has been playing with the 3D printer again.
5461,0,0,21,21,1.0,0.048795003647426664,584,"We have all kinds here, some bald, some with glasses, some with facial hair, some with beer bellies."
5461,0,0,21,21,1.0,0.048795003647426664,584,"You DID say, 'Send in the clones,' right, sir?"
5461,0,0,21,21,1.0,0.048795003647426664,584,Does your Robert have any other unique identifiers?
5461,0,0,21,21,1.0,0.048795003647426664,584,"Sorry Ma'am, we are out of stock on Brad's but we still have plenty of Bobs left."
5461,0,0,21,21,1.0,0.048795003647426664,584,Will the real (not so) slim shady please stand up?
5461,0,0,21,21,1.0,0.048795003647426664,584,Our Marx machine is broken. It no longer produces Karls.
5461,0,0,21,21,1.0,0.048795003647426664,584,"Get that copier repairman back here, stat."
5461,0,0,21,21,1.0,0.048795003647426664,584,Steve's done it again... He's making a point about casual Friday's. This time they're not wearing jackets.
5461,0,0,21,21,1.0,0.048795003647426664,584,"'Sir, the photocopier has broken again'"
5461,0,0,21,21,1.0,0.048795003647426664,584,"Uh Oh, Jim tried photo-copying himself again!"
5461,0,0,23,23,1.0,0.044455422447438706,584,It's the family of man.
5461,0,0,21,21,1.0,0.048795003647426664,584,Turn it off! Turn off the cloner!
5461,0,0,21,21,1.0,0.048795003647426664,584,"I'm sorry, Mr. Boxley; I forgot to turn off the clone machine"
5461,0,0,21,21,1.0,0.048795003647426664,584,"Just how specific was that ad you placed for the new accounting position, Sir?"
5461,0,0,21,21,1.0,0.048795003647426664,584,"Hello IT? Yes, someone cloned themselves with the 3D Printer again!"
5461,0,0,21,21,1.0,0.048795003647426664,584,I hope there is enough room at lunch!
5461,0,0,21,21,1.0,0.048795003647426664,584,Hello Zerox?
5461,0,0,21,21,1.0,0.048795003647426664,584,"""The"
5461,0,0,21,21,1.0,0.048795003647426664,584,"Yup. No, I saw. Looks like Bob tried to fix the Copier again."
5461,0,0,21,21,1.0,0.048795003647426664,584,John? You have a phone call.
5461,0,0,21,21,1.0,0.048795003647426664,584,Those other guys in there have no style
5461,0,0,21,21,1.0,0.048795003647426664,584,Wasn't the accounting convention scheduled for next week?
5461,0,0,21,21,1.0,0.048795003647426664,584,The spores have germinated.
5461,0,0,21,21,1.0,0.048795003647426664,584,"Well, it looks like the cloning workshop just wrapped up."
5461,0,0,21,21,1.0,0.048795003647426664,584,I did not miss John!
5461,0,0,22,22,1.0,0.046524210519923545,584,"No, I mean, like, literally literally all the same."
5461,0,0,21,21,1.0,0.048795003647426664,584,"Yes, the pocketless shirt models are here for the photo shoot."
5461,0,0,21,21,1.0,0.048795003647426664,584,A homogeneous sample?Of course we guard against that.
5461,0,0,21,21,1.0,0.048795003647426664,584,All the accountants just went out on strike - for more fun.
5461,0,0,22,22,1.0,0.046524210519923545,584,Agent Smith has really let himself go!
5461,0,0,21,21,1.0,0.048795003647426664,584,"How many ""mustache removal kits"" do we have in stock?"
5461,0,0,21,21,1.0,0.048795003647426664,584,Doppel hacked into the 3D printer to evade his termination notice. We've been duped.
5461,0,0,21,21,1.0,0.048795003647426664,584,Why would anyone want to clone this guy?
5461,0,0,21,21,1.0,0.048795003647426664,584,Yes and they are all different
5461,0,0,21,21,1.0,0.048795003647426664,584,"Thankfully, we'll only have to interview only one of the clones for all the job openings."
5461,0,0,21,21,1.0,0.048795003647426664,584,"I believe the Xerox machine is fixed, Sir."
5461,0,0,23,23,1.0,0.044455422447438706,584,Agent Smith hasn't aged well.
5461,0,0,21,21,1.0,0.048795003647426664,584,"Hello Apple, I think we found a problem with the face recognition program!"
5461,0,0,21,21,1.0,0.048795003647426664,584,"""Yes, hi, someone left the door unlocked to the Engineering Division again""."
5461,0,0,21,21,1.0,0.048795003647426664,584,"I said, 'Phone Eugene, not Clone Eugene!'"
5461,0,0,21,21,1.0,0.048795003647426664,584,Looks like President Trump's Cabinet Meeting is breaking up.
5461,0,0,21,21,1.0,0.048795003647426664,584,Tell me you didn't send Fritz to fix the copier
5461,0,0,21,21,1.0,0.048795003647426664,584,We're getting overcome by institutional redundancy
5461,0,0,21,21,1.0,0.048795003647426664,584,Frank's been playing with the 3D printer.
5461,0,0,21,21,1.0,0.048795003647426664,584,The cloning isn't working out quite the way we expected.
5461,0,0,21,21,1.0,0.048795003647426664,584,I asked you to send more PHONES not more CLONES!
5461,0,0,21,21,1.0,0.048795003647426664,584,"I think you misunderstood my order, I didn't want him cloned I wanted to order him a drone."
5461,0,0,21,21,1.0,0.048795003647426664,584,"They're ALL named Melvin, boss."
5461,0,0,21,21,1.0,0.048795003647426664,584,These shoes are killing me
5461,0,0,21,21,1.0,0.048795003647426664,584,hello Apple HQ ? we've discovered a bit of an issue with the new iphone
5461,0,0,21,21,1.0,0.048795003647426664,584,They have finally come to a decision?
5461,0,0,21,21,1.0,0.048795003647426664,584,Please stop the 3D printer.
5461,0,0,21,21,1.0,0.048795003647426664,584,My god. Copier went berserk
5461,0,0,21,21,1.0,0.048795003647426664,584,I found Mr Lemming
5461,0,0,21,21,1.0,0.048795003647426664,584,"Landlady, I Must Ask you a question"
5461,0,0,21,21,1.0,0.048795003647426664,584,"Um, no, Im fine. I haven't seen him."
5461,0,0,21,21,1.0,0.048795003647426664,584,"Oct. 7, 1996: “Oh no! Zippy and the Nation of Pinheads have assimilated. They’re Republicans!”"
5461,0,0,21,21,1.0,0.048795003647426664,584,Our best programmer has cloned himself. The bad news is they all have his bladder problem.
5461,0,0,22,22,1.0,0.046524210519923545,584,That's a wrap for Matrix XV.
5461,0,0,21,21,1.0,0.048795003647426664,584,"I'm sorry to bother you maam, but I just wanted to let you know they have breached the cervix and while it's often hard to tell at this point, they seem to promise offspring with actuarial skills. Should I send them up?"
5461,0,0,22,22,1.0,0.046524210519923545,584,This batch of worker drones won't demonstrate our commitment to diversity.
5461,0,0,21,21,1.0,0.048795003647426664,584,"Did I press the ""copy"" button?"
5461,0,0,21,21,1.0,0.048795003647426664,584,Turn off the 3D printer the position is filled.
5461,0,0,21,21,1.0,0.048795003647426664,584,The cloning machine keeps making unwanted copies.
5461,0,0,22,22,1.0,0.046524210519923545,584,"Hey Rick, you'd better get down here asap..the copy machine has gone a little haywire!"
5461,0,0,21,21,1.0,0.048795003647426664,584,I'm quite sure Farnsworth's been playing with the 3D printer again!
5461,0,0,21,21,1.0,0.048795003647426664,584,You said that I could meet some fashionistas here? All I see are clones of my husband
5461,0,0,21,21,1.0,0.048795003647426664,584,"A CLOWN convention? I'm sorry sir, I thought you wanted me to organize a CLONE convention!"
5461,0,0,21,21,1.0,0.048795003647426664,584,What does Bob look like?
5461,0,0,21,21,1.0,0.048795003647426664,584,I need you to come down here right away. I think I found him and him and him and him .........
5461,0,0,21,21,1.0,0.048795003647426664,584,I'm here with your memo for Phil Brown. Can you describe him?
5461,0,0,21,21,1.0,0.048795003647426664,584,Human Resources policy is going retrospective this year.
5461,0,0,21,21,1.0,0.048795003647426664,584,"You'll never believe it, I think your hair style is finally popular!"
5461,0,0,21,21,1.0,0.048795003647426664,584,"I think there's been a misunderstanding--Mr. Farthington did not say ""send in the clones."""
5461,0,0,21,21,1.0,0.048795003647426664,584,We're getting some fresh new talent in to work on this one.
5461,0,0,21,21,1.0,0.048795003647426664,584,"Gerald, stop playing with the 3-D printer!"
5461,0,0,21,21,1.0,0.048795003647426664,584,"Yes, we have a malfunctioning copier on 5."
5461,0,0,21,21,1.0,0.048795003647426664,584,"Yes Sir, the Monotony Anonymous meeting is just about to start."
5461,0,0,21,21,1.0,0.048795003647426664,584,Come see what they will allow us to have .
5461,0,0,21,21,1.0,0.048795003647426664,584,It arppears someone said 'Send in the Clones.'
5461,0,0,21,21,1.0,0.048795003647426664,584,My 3-D printer's on the Fritz again.
5461,0,0,21,21,1.0,0.048795003647426664,584,"Human Resources, can you expand the accounting department for all of the Herb clones?"
5461,0,0,21,21,1.0,0.048795003647426664,584,Has someone been playing with our new 3 D copier?
5461,0,0,21,21,1.0,0.048795003647426664,584,I was just kidding when I said Harry should clone himself.
5461,0,0,21,21,1.0,0.048795003647426664,584,Tell HR the new applicant vetting protocol is clearly rigorous but might need toning down a bit.
5461,0,0,21,21,1.0,0.048795003647426664,584,At least we don't have to worry about climate change inside.
5461,0,0,21,21,1.0,0.048795003647426664,584,They told me they're promoting from within
5461,0,0,21,21,1.0,0.048795003647426664,584,"Mr. Dawkins, the job candidates for 'Millennial's Interests & Trends' researcher are waiting."
5461,0,0,21,21,1.0,0.048795003647426664,584,Now I know why their Plan B looks very much like their Plan A.
5461,0,0,21,21,1.0,0.048795003647426664,584,"No, I don't think our candidate profile was too specific. If we just keep interviewing, we're bound to find the right person for the job."
5461,0,0,22,22,1.0,0.046524210519923545,584,"Hello, copier repair service?"
5461,0,0,24,24,1.0,0.04256282653793743,584,You said you needed those copies stapled.
5461,0,0,21,21,1.0,0.048795003647426664,584,"Hello, Professor Dinky? Your cloning machine has the hiccups again!"
5461,0,0,21,21,1.0,0.048795003647426664,584,I was supposed to meet you outside the copier room…
5461,0,0,23,23,1.0,0.044455422447438706,584,"Uhh, Boss, about that 3-D multifunction printer you bought..........."
5461,0,0,21,21,1.0,0.048795003647426664,584,I think the cloning machine on the fourth floor went berserk.
5461,0,0,21,21,1.0,0.048795003647426664,584,It looks like they're upping the dress code
5461,0,0,21,21,1.0,0.048795003647426664,584,"Hello, Xerox? We have a situation here."
5461,0,0,21,21,1.0,0.048795003647426664,584,Help desk? I think we're having a problem with the copier.
5461,0,0,21,21,1.0,0.048795003647426664,584,"We need to replace the old 3D printer, ASAP."
5461,0,0,21,21,1.0,0.048795003647426664,584,You'll have to give me time. Waldo isn't wearing his striped shirt.
5461,0,0,21,21,1.0,0.048795003647426664,584,"Hi Roslyn, your casting call for "" Game of Clones"" is ready to go!"
5461,0,0,21,21,1.0,0.048795003647426664,584,"Hello I.T. , this is Joyce from the printing department. Can you send someone over we appear to be having issues with the new 'Quantum' copy machines AGAIN!"
5461,0,0,21,21,1.0,0.048795003647426664,584,I think the copier is acting up again.
5461,0,0,21,21,1.0,0.048795003647426664,584,His replicants are here. Send in their drones.
5461,0,0,21,21,1.0,0.048795003647426664,584,"Mr. Meyers, the cloning machine seems to be stuck."
5461,0,0,21,21,1.0,0.048795003647426664,584,Will someone please turn off the 3-D printer!!
5461,0,0,21,21,1.0,0.048795003647426664,584,The Sorcerer's Apprentice from the Paul Dukas Agency has arrived........
5461,0,0,21,21,1.0,0.048795003647426664,584,Ummm...about your project in the incubator?
5461,0,0,21,21,1.0,0.048795003647426664,584,"Well, from the expression on their faces, yes sir, your speech was clearly well received."
5461,0,0,21,21,1.0,0.048795003647426664,584,Jenkins is here.
5461,0,0,21,21,1.0,0.048795003647426664,584,Uh...about HR's new application review process...
5461,0,0,21,21,1.0,0.048795003647426664,584,"Okay, does he have a small Hitler-like mustache, a striped tie, granny-glasses, a long sleeved white shirt, casual dress pants and oxfords?"
5461,0,0,21,21,1.0,0.048795003647426664,584,Panic in the 3D copy room.
5461,0,0,21,21,1.0,0.048795003647426664,584,"""The sneetches"" By Dr. Suess (The human version)"
5461,0,0,22,22,1.0,0.046524210519923545,584,It's a clown invation
5461,0,0,21,21,1.0,0.048795003647426664,584,"Hey Joan, cancel zip recruiter."
5461,0,0,26,26,1.0,0.03922322702763681,584,Ready for the identity parade?
5461,0,0,21,21,1.0,0.048795003647426664,584,I'm down in the accloneting department
5461,0,0,21,21,1.0,0.048795003647426664,584,"Officer, we have a major case of identity theft."
5461,0,0,21,21,1.0,0.048795003647426664,584,"I said 'out with Redundancy', not in!"
5461,0,0,21,21,1.0,0.048795003647426664,584,They all have does fervent last names but the same first name.
5461,0,0,21,21,1.0,0.048795003647426664,584,A little too much chlorine in the applicant pool.
5461,0,0,21,21,1.0,0.048795003647426664,584,"Quick, close down the clone experiment!"
5461,0,0,21,21,1.0,0.048795003647426664,584,"All he wanted was a clone of himself, but the lab thought otherwise."
5461,0,0,21,21,1.0,0.048795003647426664,584,Hi Boss -- the morning session of the First Clone Congress is just breaking for lunch.
5461,0,0,21,21,1.0,0.048795003647426664,584,I just stumbled across the mother load of 'Undercover Boss.'
5461,0,0,21,21,1.0,0.048795003647426664,584,"Hold on, let me see if I can find him."
5461,0,0,21,21,1.0,0.048795003647426664,584,"Clone 46, calling Clone 46. Come out. Net-Date has found a perfect match."
5461,0,0,21,21,1.0,0.048795003647426664,584,There's something amiss with the copier repair guy.
5461,0,0,23,23,1.0,0.044455422447438706,584,Received my Sept 11 edition only today. I would have entered: He stopped donating last year
5461,0,0,21,21,1.0,0.048795003647426664,584,I'll get it to him immediately
5461,0,0,21,21,1.0,0.048795003647426664,584,"Did someone request ""Send in the Clones?"""
5461,0,0,21,21,1.0,0.048795003647426664,584,"The accounting department got loose, again."
5461,0,0,21,21,1.0,0.048795003647426664,584,There is something wrong with the copier.
5461,0,0,21,21,1.0,0.048795003647426664,584,No! No! I asked for clowns not clones.
5461,0,0,21,21,1.0,0.048795003647426664,584,"A bunch of guys saying they're from ""fashion 404"" - I'm not buying it"
5461,0,0,24,24,1.0,0.04256282653793743,584,...Sausages.
5461,0,0,21,21,1.0,0.048795003647426664,584,"I'm sorry I ever doubted you, Honey. Believe it or not, I may have a touch of WilfordBrimleyitis myself..."
5461,0,0,21,21,1.0,0.048795003647426664,584,I don't know....none of these really look like a 'Rex' to me.
5461,0,0,21,21,1.0,0.048795003647426664,584,"Okay, I'll check for flies"
5461,0,0,21,21,1.0,0.048795003647426664,584,"Ever since the cloning experiment, Harald has been beside himself with worry."
5461,0,0,22,22,1.0,0.046524210519923545,584,"They're here, that stuff really worked!"
5461,0,0,21,21,1.0,0.048795003647426664,584,You want Mr. Clones.? Which one ?
5461,0,0,22,22,1.0,0.046524210519923545,584,"Yes, that's correct. We have finally succeeded in conforming our work force."
5461,0,0,21,21,1.0,0.048795003647426664,584,"Uhhhh, Bob from sales is glitching again."
5461,0,0,21,21,1.0,0.048795003647426664,584,Somebody left the cloner on.
5461,0,0,21,21,1.0,0.048795003647426664,584,The Russians have hacked the new 3D printer software to print out copies of Herb in Accounting
5461,0,0,21,21,1.0,0.048795003647426664,584,I thought I'd know his face anywhere.
5461,0,0,21,21,1.0,0.048795003647426664,584,Give me another minute.
5461,0,0,21,21,1.0,0.048795003647426664,584,"Yes Sir, Mr. Green from Robo Call is here."
5461,0,0,21,21,1.0,0.048795003647426664,584,Phil got into the copy room again.
5461,0,0,21,21,1.0,0.048795003647426664,584,"The copier repairman is done, sir."
5461,0,0,21,21,1.0,0.048795003647426664,584,"Yeah, we have a nerd Matrix on our hands."
5461,0,0,21,21,1.0,0.048795003647426664,584,"It looks like the office is being invaded by the nefarious ""Executive Dopple Gangbangers!"""
5461,0,0,21,21,1.0,0.048795003647426664,584,That copier is malfunctioning again.
5461,0,0,21,21,1.0,0.048795003647426664,584,Did you turn off the cloner last night?
5461,0,0,21,21,1.0,0.048795003647426664,584,"When I asked if we had a cyclone, I didn't mean Simon."
5461,0,0,21,21,1.0,0.048795003647426664,584,We're going to need more toner...
5461,0,0,21,21,1.0,0.048795003647426664,584,I said 'man' not 'men'.
5461,0,0,22,22,1.0,0.046524210519923545,584,The copy machine's broken again.
5461,0,0,21,21,1.0,0.048795003647426664,584,I said we needed British extras not nebbish.
5461,0,0,21,21,1.0,0.048795003647426664,584,It's official. In vitro fertilization babies are now grown and are taking over the world.
5461,0,0,21,21,1.0,0.048795003647426664,584,I think our copy machine is broken sir.
5461,0,0,21,21,1.0,0.048795003647426664,584,"Oh boy, one glance at my phone and I'm doomed. Kinda like when crossing a busy intersection without a glance. -Stay focused"
5461,0,0,21,21,1.0,0.048795003647426664,584,No no no! I said the printer was low on TONER!
5461,0,0,21,21,1.0,0.048795003647426664,584,"""Can you spot the difference"" game in real life"
5461,0,0,21,21,1.0,0.048795003647426664,584,Nobody told me we were being audited.
5461,0,0,23,23,1.0,0.044455422447438706,584,"My audition list asks for clowns, not clones!"
5461,0,0,21,21,1.0,0.048795003647426664,584,When you said I'd be working withGay Clones I pictured something different.
5461,0,0,21,21,1.0,0.048795003647426664,584,And then lastly Stanley went with himself over Brad Pitt.
5461,0,0,21,21,1.0,0.048795003647426664,584,The training was successful. I can already see the results.
5461,0,0,21,21,1.0,0.048795003647426664,584,Did 1 program 100 instead of 1?
5461,0,0,21,21,1.0,0.048795003647426664,584,The photocopy machine I must be down again.
5461,0,0,21,21,1.0,0.048795003647426664,584,"Personnel? I thought we agreed to close the position, not to clone it."
5461,0,0,21,21,1.0,0.048795003647426664,584,"Yes, I'm calling with an update on the diversity initiative..."
5461,0,0,21,21,1.0,0.048795003647426664,584,I think we might have a problem with the 3D printer.
5461,0,0,21,21,1.0,0.048795003647426664,584,The new iphone is called the Sorcerer's Apprentice.
5461,0,0,21,21,1.0,0.048795003647426664,584,Describe for me again any distinguishing features.
5461,0,0,21,21,1.0,0.048795003647426664,584,"No, no! The audition was for a thousand clowns."
5461,0,0,22,22,1.0,0.046524210519923545,584,"Walters, Walters everywhere, sir. I could really use a drink."
5461,0,0,21,21,1.0,0.048795003647426664,584,"The office Manions have arrived, sir."
5461,0,0,22,22,1.0,0.046524210519923545,584,"Gotta go, the Norman Conquest just arrived..."
5461,0,0,21,21,1.0,0.048795003647426664,584,I'm afraid Hotchkiss has been playing with the 3D printer again.
5461,0,0,22,22,1.0,0.046524210519923545,584,The 3-D printer is fixed.
5461,0,0,21,21,1.0,0.048795003647426664,584,"Boss, We have a problem in the copy room."
5461,0,0,21,21,1.0,0.048795003647426664,584,"Think bald, white men, instead of Tribbles!"
5461,0,0,21,21,1.0,0.048795003647426664,584,The conference room will available shortly. the gene-cloning meeting is just breaking up.
5461,0,0,22,22,1.0,0.046524210519923545,584,"No, I didn't know there was dress code for the faces."
5461,0,0,21,21,1.0,0.048795003647426664,584,I ordered clown actors not cloned actuaries.
5461,0,0,21,21,1.0,0.048795003647426664,584,"Hey Janet, you sons just dropped by to say hello."
5461,0,0,21,21,1.0,0.048795003647426664,584,The actors are here to audition for the leading role in the Dr. Phil biopic.
5461,0,0,21,21,1.0,0.048795003647426664,584,Maybe I do have tonsider online dating
5461,0,0,23,23,1.0,0.044455422447438706,584,"No, I said send in the clowns, not clones!"
5461,0,0,21,21,1.0,0.048795003647426664,584,"Let me call you back, I think I might have just died and gone to heaven."
5461,0,0,21,21,1.0,0.048795003647426664,584,"Better send up someone from maintenance, the 3-D copier is stuck on again..."
5461,0,0,21,21,1.0,0.048795003647426664,584,I have no idea!
5461,0,0,21,21,1.0,0.048795003647426664,584,The 3DMachine is out of order again!
5461,0,0,22,22,1.0,0.046524210519923545,584,"Yes, for the annual employee children’s party. Clowns, I said. Lots of clowns."
5461,0,0,21,21,1.0,0.048795003647426664,584,"But they're cousins, identical cousins..."
5461,0,0,21,21,1.0,0.048795003647426664,584,I brought my brothers and friends.
5461,0,0,21,21,1.0,0.048795003647426664,584,Did you really receive this many resumes for the Empty Suit position?
5461,0,0,21,21,1.0,0.048795003647426664,584,Someone forgot to shut off the clone machine and I'm pretty sure I know who it was.
5461,0,0,21,21,1.0,0.048795003647426664,584,I think you over did it with the clones.
5461,0,0,21,21,1.0,0.048795003647426664,584,Maura Pfefferman callbacks
5461,0,0,21,21,1.0,0.048795003647426664,584,Please get me the laboratory REAL quick?
5461,0,0,21,21,1.0,0.048795003647426664,584,"The meeting's broken, but Mr. Strepshyer appears to still be inside."
5461,0,0,21,21,1.0,0.048795003647426664,584,I'd like to increase my employee stock option contribution.
5461,0,0,21,21,1.0,0.048795003647426664,584,"Doctor, all the volunteers for the clones' disease trial are apparently here."
5461,0,0,21,21,1.0,0.048795003647426664,584,"Honey, I'm going to need my brown high-tops pdq."
5461,0,0,21,21,1.0,0.048795003647426664,584,No. No. None of them will do. Hitler was shorter.
5461,0,0,21,21,1.0,0.048795003647426664,584,"Sir, we've been pranked again. Last week it was all the pizzas from Dominos, now someone called Account Temps!"
5461,0,0,21,21,1.0,0.048795003647426664,584,Gotta go. The Bobs are here.
5461,0,0,21,21,1.0,0.048795003647426664,584,Where's Baldo?
5461,0,0,21,21,1.0,0.048795003647426664,584,It looks like the copy machine is broken again!
5461,0,0,21,21,1.0,0.048795003647426664,584,There's been a mistake on my order. I asked you to send in the clowns.
5461,0,0,21,21,1.0,0.048795003647426664,584,You better get down here. Cosgrove has been cloning himself again.
5461,0,0,21,21,1.0,0.048795003647426664,584,The copier's doing that thing again.
5461,0,0,21,21,1.0,0.048795003647426664,584,I found an accountant
5461,0,0,21,21,1.0,0.048795003647426664,584,Someone better get to the copy room. Our diversity numbers are going into the toilet.
5461,0,0,21,21,1.0,0.048795003647426664,584,I told you not to let anyone below a 6 use the clone machine!
5461,0,0,21,21,1.0,0.048795003647426664,584,Apparently they're under the impression that the auditions for Westworld are today!
5461,0,0,21,21,1.0,0.048795003647426664,584,Oscar has been playing with the cloning machine again!
5461,0,0,21,21,1.0,0.048795003647426664,584,Just keep your nostrils open for Chanel Eau Vive.
5461,0,0,21,21,1.0,0.048795003647426664,584,I need an urgent check of the clone army order submission packet.
5461,0,0,21,21,1.0,0.048795003647426664,584,I think the copy machine is broken.
5461,0,0,21,21,1.0,0.048795003647426664,584,Is there a Groucho Marx in the room?
5461,0,0,21,21,1.0,0.048795003647426664,584,We caught him putting a hex on his rival in Accounting.
5461,0,0,21,21,1.0,0.048795003647426664,584,They said the clone army was ordered by the Clinton administration for use in the impending labor shortage.
5461,0,0,21,21,1.0,0.048795003647426664,584,"It seems, sir, straight geeks are coming out."
5461,0,0,21,21,1.0,0.048795003647426664,584,Analog Tinder.
5461,0,0,21,21,1.0,0.048795003647426664,584,How many interviews did you schedule for the hair restoration advertisement ?!
5461,0,0,21,21,1.0,0.048795003647426664,584,"I warned him the copier was acting up, but of course he wouldn't listen."
5461,0,0,21,21,1.0,0.048795003647426664,584,"Yes sir, your identical twin search is going well."
5461,0,0,21,21,1.0,0.048795003647426664,584,When they said I'm a diversity hire they weren't kidding.
5461,0,0,21,21,1.0,0.048795003647426664,584,Did you invite a Mega-man or mega-men?
5461,0,0,21,21,1.0,0.048795003647426664,584,"Sir...I thought we only ordered one ""Ted"" it appears as if there was a mistake on the invoice."
5461,0,0,21,21,1.0,0.048795003647426664,584,"Ma'am, the wealthy yet sensitive underwear models from eHarmony are here."
5461,0,0,21,21,1.0,0.048795003647426664,584,"What memo? I did include, some even have diverse thoughts!"
5461,0,0,21,21,1.0,0.048795003647426664,584,How do I cancel the last job on the 3D printer?
5461,0,0,23,23,1.0,0.044455422447438706,584,It looks like the diversity initiative could use a little more work.
5461,0,0,21,21,1.0,0.048795003647426664,584,Would the real Mr. Pricewater please step forward?
5461,0,0,21,21,1.0,0.048795003647426664,584,You must have u had a great Casting Call or Merlin the magician has come back to play the Sorcerer in the lobby.
5461,0,0,22,22,1.0,0.046524210519923545,584,Tony's pest control? We have s serious infestation.
5461,0,0,21,21,1.0,0.048795003647426664,584,The copy guy is here.
5461,0,0,21,21,1.0,0.048795003647426664,584,"When you told Jackson, ""Make 1500 copies,"" you didn't say ""hard."" They came out sort of pudgy."
5461,0,0,21,21,1.0,0.048795003647426664,584,"Yes, single bedroom. No, no pets allowed."
5461,0,0,21,21,1.0,0.048795003647426664,584,The accountants are here. Where should I hide them?
5461,0,0,21,21,1.0,0.048795003647426664,584,I told you he had a split personality.
5461,0,0,25,25,1.0,0.040824829046386304,584,"Thanks for the great job with casting, Jane. This is going to be best anarcho-communist radfem remake of The Human Centipede ever."
5461,0,0,21,21,1.0,0.048795003647426664,584,The copy machine is acting weird again!
5461,0,0,22,22,1.0,0.046524210519923545,584,Send a technician up. The Clone-O-Matic 600 may have an issue.
5461,0,0,21,21,1.0,0.048795003647426664,584,"Yeah, looks like the 'chinos' focus group in just getting out."
5461,0,0,21,21,1.0,0.048795003647426664,584,"Do you own a copy of ""Where's Waldo?"
5461,0,0,21,21,1.0,0.048795003647426664,584,I think I finally found all the Waldo's....
5461,0,0,22,22,1.0,0.046524210519923545,584,I said I needed clowns not clones!
5461,0,0,21,21,1.0,0.048795003647426664,584,I ordered heavy body paper... PAPER!
5461,0,0,21,21,1.0,0.048795003647426664,584,Bob?
5461,0,0,21,21,1.0,0.048795003647426664,584,I'm looking ahead to the 2nd generation 'Clooney Clones'.
5461,0,0,21,21,1.0,0.048795003647426664,584,Can you send the copier key operator to my office immediately?
5461,0,0,21,21,1.0,0.048795003647426664,584,"Tell the president his body doubles have arrived, but I don't think he will be happy."
5461,0,0,21,21,1.0,0.048795003647426664,584,Looks like Bob added a few too many zeros on the ClonerCopier™ again
5461,0,0,24,24,1.0,0.04256282653793743,584,You only get diversity credit when you partner with someone different
5461,0,0,21,21,1.0,0.048795003647426664,584,Looks like the Antarctic contingent has arrived.
5461,0,0,21,21,1.0,0.048795003647426664,584,He didn't think the 3D printer could do it.
5461,0,0,21,21,1.0,0.048795003647426664,584,How much do you like Larry?
5461,0,0,21,21,1.0,0.048795003647426664,584,The 23andMe meet-up has arrived.
5461,0,0,21,21,1.0,0.048795003647426664,584,I'm having a serious problem with my Tinder Printer.
5461,0,0,21,21,1.0,0.048795003647426664,584,"Clones-R-Us, how may I help you?"
5461,0,0,21,21,1.0,0.048795003647426664,584,Come quick. I think we have a cloning problem.
5461,0,0,21,21,1.0,0.048795003647426664,584,They're heeeere!
5461,0,0,21,21,1.0,0.048795003647426664,584,Hello? Team Xerox?
5461,0,0,21,21,1.0,0.048795003647426664,584,"1. I'm much better Mr. Perkins, this cold medicine does miracles. 2. I agree Mr. Perkins, we need to improve our diversity program in the Accounting. 3. It must be Chinese delegation, they all look the same."
5461,0,0,21,21,1.0,0.048795003647426664,584,"No Tonto, you reached the Clone Arranger."
5461,0,0,21,21,1.0,0.048795003647426664,584,"There ought to be clowns, right?"
5461,0,0,22,22,1.0,0.046524210519923545,584,Printer Is Coming
5461,0,0,21,21,1.0,0.048795003647426664,584,That applicant for the accounting position is here..
5461,0,0,21,21,1.0,0.048795003647426664,584,I'm going to need a little more information before I can start this interview!
5461,0,0,21,21,1.0,0.048795003647426664,584,Remind me about that new workforce development program.
5461,0,0,21,21,1.0,0.048795003647426664,584,Check the copy machine!
5461,0,0,21,21,1.0,0.048795003647426664,584,"Looks like the ""Thinking outside the square"" workshop is breaking for lunch"
5461,0,0,21,21,1.0,0.048795003647426664,584,The pod people are here to see the podiatrist.
5461,0,0,21,21,1.0,0.048795003647426664,584,"People, we are looking for someone who stands out in a crowd."
5461,0,0,21,21,1.0,0.048795003647426664,584,"Hannah, could you escort Ron to the meeting room. He has round glasses and a moustache. He's balding but he's a great guy. Thanks much - Beeep."
5461,0,0,21,21,1.0,0.048795003647426664,584,That dream I've been having where The Office and The Matrix worlds collide has come true.
5461,0,0,21,21,1.0,0.048795003647426664,584,They sent in the clones.
5461,0,0,21,21,1.0,0.048795003647426664,584,"Yes, Xerox?. ...we have a problem"
5461,0,0,21,21,1.0,0.048795003647426664,584,I said Game of Thrones audition! Get these clones out of here.
5461,0,0,21,21,1.0,0.048795003647426664,584,I'm sending out my drones.
5461,0,0,21,21,1.0,0.048795003647426664,584,We left the engineers near the reactor too long.
5461,0,0,21,21,1.0,0.048795003647426664,584,Looks like the credit freezes were not nearly enough
5461,0,0,21,21,1.0,0.048795003647426664,584,"Good God, It looks like Harding from Human Resources has gone viral!"
5461,0,0,21,21,1.0,0.048795003647426664,584,I think this morning's workshop on diversity is going to be a tough sell.
5461,0,0,21,21,1.0,0.048795003647426664,584,Someone kicked the accounting department again.
5461,0,0,21,21,1.0,0.048795003647426664,584,It looks like our 3D printer is out of toner.
5461,0,0,21,21,1.0,0.048795003647426664,584,We're one Herman Johnston short at the Herman Johnston convention.
5461,0,0,21,21,1.0,0.048795003647426664,584,Stop the cloning !
5461,0,0,21,21,1.0,0.048795003647426664,584,"The original is older, so I'll check their age."
5461,0,0,21,21,1.0,0.048795003647426664,584,Your selfie clones are on their way.
5461,0,0,21,21,1.0,0.048795003647426664,584,Can you get Tech up here? Mr. Carter is stuck in the 3D printer again.
5461,0,0,21,21,1.0,0.048795003647426664,584,It's happening again.
5461,0,0,22,22,1.0,0.046524210519923545,584,"No, it's not that you don't look like your picture."
5461,0,0,21,21,1.0,0.048795003647426664,584,"A mixed reaction to the temporary layoffs, I would say, from befuddled and speechless to non-aggressive and calm."
5461,0,0,21,21,1.0,0.048795003647426664,584,Dot Com is all grown up.
5461,0,0,21,21,1.0,0.048795003647426664,584,Did you say handlebar moustaches?
5461,0,0,21,21,1.0,0.048795003647426664,584,The robots have arrived and you're not going to believe who they look like!
5461,0,0,21,21,1.0,0.048795003647426664,584,Remember 40 years ago? Remember telling that quack he could try cloning you but it would never work?
5461,0,0,21,21,1.0,0.048795003647426664,584,"They had trouble getting here but I thought it would be best to leave well enough alone. They told me they would leave well enough together, thank you very much."
5461,0,0,21,21,1.0,0.048795003647426664,584,Do we really need so many accountants?
5461,0,0,21,21,1.0,0.048795003647426664,584,Sir? It's Margaret from R&D. I think Dr. Hibble in the cloning lab has had a breakthrough.
5461,0,0,22,22,1.0,0.046524210519923545,584,Turn off the copy I meant phone Bill !!
5461,0,0,21,21,1.0,0.048795003647426664,584,You won't have any trouble remembering their names.
5461,0,0,22,22,1.0,0.046524210519923545,584,Good grief! Talk about white-collar cockroaches...
5461,0,0,21,21,1.0,0.048795003647426664,584,Remember when you said you wished that all our employees were like Bob? Well.......
5461,0,0,21,21,1.0,0.048795003647426664,584,The copier's on the blink again.
5461,0,0,21,21,1.0,0.048795003647426664,584,"I always thought that life was about 'finding yourself,'but now I see it's about 'creating' yourself."
5461,0,0,21,21,1.0,0.048795003647426664,584,I've stumbled upon a bad case of groupthink.
5461,0,0,21,21,1.0,0.048795003647426664,584,No the cloning is working great. I just wish you could've chosen a better looking guy.
5461,0,0,21,21,1.0,0.048795003647426664,584,Please shut down the clone lab--right now!
5461,0,0,21,21,1.0,0.048795003647426664,584,Stocks are up.
5461,0,0,21,21,1.0,0.048795003647426664,584,The lock broke on the baby boomer storage room.
5461,0,0,21,21,1.0,0.048795003647426664,584,"Yes, I called the copier repairman!"
5461,0,0,22,22,1.0,0.046524210519923545,584,It makes sense now- the workload had intensified as if my boss had been cloned.
5461,0,0,21,21,1.0,0.048795003647426664,584,Will the autism spectrum social therapy group please exit to the right?
5461,0,0,21,21,1.0,0.048795003647426664,584,Joe Schmos? Maybe you can give me a middle initial?
5461,0,0,22,22,1.0,0.046524210519923545,584,Even the guy in the darker pants is not that distinctive!
5461,0,0,21,21,1.0,0.048795003647426664,584,"Yes, accountant knows how to multiply."
5461,0,0,21,21,1.0,0.048795003647426664,584,"Sorry to bother you, Ma'am, but those gentlemen from the old Matrix movies are asking for another sequel."
5461,0,0,21,21,1.0,0.048795003647426664,584,I'm afraid Mr. Clooney is not here.
5461,0,0,21,21,1.0,0.048795003647426664,584,"Yes, you just walked in."
5461,0,0,21,21,1.0,0.048795003647426664,584,R & D needs a gross of toupes. Stat.
5461,0,0,21,21,1.0,0.048795003647426664,584,You know how Harold was in a rush to make those hundred copies himself?
5461,0,0,21,21,1.0,0.048795003647426664,584,"No, these are definitely not the droids I was looking for."
5461,0,0,23,23,1.0,0.044455422447438706,584,Looks like someone learned to use the cloning machine.
5461,0,0,21,21,1.0,0.048795003647426664,584,"Gosh, Sally, the doppelganger experiement went viral."
5461,0,0,22,22,1.0,0.046524210519923545,584,Please remember to close the door when you leave the echo chamber experiment. The Teds are wandering into the hallway and you know how they like Splenda packets.
5461,0,0,21,21,1.0,0.048795003647426664,584,"Hello, this is Rhoda Gaine. Please change my username for your dating service and use my full first name."
5461,0,0,21,21,1.0,0.048795003647426664,584,"Hello, service? Something's gone wrong with the copier!"
5461,0,0,21,21,1.0,0.048795003647426664,584,We have a problem. Someone put the euthanasia machine on Reverse.
5461,0,0,21,21,1.0,0.048795003647426664,584,"Mary, it's the office plague, Clone Disease that's been going around."
5461,0,0,21,21,1.0,0.048795003647426664,584,"The Casting Call Sheet was accidentally posted in accounting again, wasn't it?"
5461,0,0,21,21,1.0,0.048795003647426664,584,"Hello, tech support? Our engineer is stuck in the 3-D printer again. No, it won't turn off."
5461,0,0,21,21,1.0,0.048795003647426664,584,Damn you Amazon!!
5461,0,0,21,21,1.0,0.048795003647426664,584,"Sir, did you tell the new girl you wanted a lot of jimmies with your ice cream?"
5461,0,0,22,22,1.0,0.046524210519923545,584,"The Clones Are In Town, Sir"
5461,0,0,22,22,1.0,0.046524210519923545,584,"Security? Not really an emergency, but the accountants are out of their cages again."
5461,0,0,21,21,1.0,0.048795003647426664,584,But Amazon Prime is supposed to include free shipping.
5461,0,0,21,21,1.0,0.048795003647426664,584,I think they stayed in there way too long
5461,0,0,21,21,1.0,0.048795003647426664,584,Looks like the Xerox machine is busted again.
5461,0,0,21,21,1.0,0.048795003647426664,584,"The ""be yourself"" convention was a huge failure."
5461,0,0,21,21,1.0,0.048795003647426664,584,"Security, we need a lock installed on the 3D copier."
5461,0,0,21,21,1.0,0.048795003647426664,584,This year's annual diversity training is in room 203.
5461,0,0,21,21,1.0,0.048795003647426664,584,"I said that we needed herbs, not Herbs..."
5461,0,0,21,21,1.0,0.048795003647426664,584,Which one speaks English?
5461,0,0,21,21,1.0,0.048795003647426664,584,James Smith - it should be easy to find your body double
5461,0,0,21,21,1.0,0.048795003647426664,584,"Apparently, someone in the copy room has managed to clone Marvin Tweedy."
5461,0,0,21,21,1.0,0.048795003647426664,584,Now they all want to jump off a cliff.
5461,0,0,21,21,1.0,0.048795003647426664,584,Which one is not a clone.
5461,0,0,21,21,1.0,0.048795003647426664,584,Hurry! Ted in accounting is caught in the 3D printer!
5461,0,0,21,21,1.0,0.048795003647426664,584,The copier is all tied up.
5461,0,0,21,21,1.0,0.048795003647426664,584,Hi doc? I'd like to confirm side effects of that prescription you gave.
5461,0,0,21,21,1.0,0.048795003647426664,584,"No, so far it's only the Dicks."
5461,0,0,22,22,1.0,0.046524210519923545,584,Emergency! The cloning synthesizer is stuck!
5461,0,0,21,21,1.0,0.048795003647426664,584,The photocopier is doing that thing again...
5461,0,0,21,21,1.0,0.048795003647426664,584,Please line up in the order you were cloned.
5461,0,0,21,21,1.0,0.048795003647426664,584,"Is more than one Herb a ""gaggle?"""
5461,0,0,24,24,1.0,0.04256282653793743,584,Did you say the copy room was next to Doug's office or inside Doug's office?
5461,0,0,21,21,1.0,0.048795003647426664,584,Job creation seems to be working fine but where's the simpler tax code?
5461,0,0,21,21,1.0,0.048795003647426664,584,"""I can just see him and he will be out any second.......I'll let him know his Twin Brother has arrived""."
5461,0,0,21,21,1.0,0.048795003647426664,584,Who let Fred from the mailroom inside the cloning machine?
5461,0,0,21,21,1.0,0.048795003647426664,584,"A bunch of guys with moustaches just showed up, and they say they know you. Should I let them in?"
5461,0,0,21,21,1.0,0.048795003647426664,584,I'm afraid your emailed invitation blast worked.
5461,0,0,21,21,1.0,0.048795003647426664,584,Where should I direct the Council on Women's Health?
5461,0,0,21,21,1.0,0.048795003647426664,584,I can’t find any good single men.
5461,0,0,21,21,1.0,0.048795003647426664,584,I pushed the wrong button on the new copier.
5461,0,0,21,21,1.0,0.048795003647426664,584,"Actually, I think it's the plague of a ""million Lionels"""
5461,0,0,21,21,1.0,0.048795003647426664,584,"I'm not cloning around, they're all escaping."
5461,0,0,21,21,1.0,0.048795003647426664,584,The tryouts for the 'Orphan Black' sequel are in Room 5.
5461,0,0,21,21,1.0,0.048795003647426664,584,Did someone back there forget to turn the cloner off?
5461,0,0,21,21,1.0,0.048795003647426664,584,The out of focus group has arrived.
5461,0,0,21,21,1.0,0.048795003647426664,584,"Sir, the intern forgot to reset the cloner back to 1 again."
5461,0,0,21,21,1.0,0.048795003647426664,584,We have a problem with the sex robots.
5461,0,0,21,21,1.0,0.048795003647426664,584,"Hello, I.T.? ... I'm afraid the 3-D printer is acting up again."
5461,0,0,21,21,1.0,0.048795003647426664,584,I think Herb from Accounting found the cloning device.
5461,0,0,21,21,1.0,0.048795003647426664,584,Did you call the temp service looking for accountants?
5461,0,0,21,21,1.0,0.048795003647426664,584,"Priscilla, everybody loved your fudge date bars."
5461,0,0,21,21,1.0,0.048795003647426664,584,The cloning machine has gone haywire.
5461,0,0,22,22,1.0,0.046524210519923545,584,"Yeah, well, now they're down here on the 10th floor. I'm going to tell them there's cake on 8."
5461,0,0,21,21,1.0,0.048795003647426664,584,I think Joe broke the copy machine again.
5461,0,0,21,21,1.0,0.048795003647426664,584,I'd like to cancel my order for the HAL 9000.
5461,0,0,21,21,1.0,0.048795003647426664,584,"Hello, maintenance? The copy machine's doing it again."
5461,0,0,21,21,1.0,0.048795003647426664,584,This is Phyllis in cloning. I can't seem to locate the original Mr. Peterson.
5461,0,0,21,21,1.0,0.048795003647426664,584,It costs more to dress them in different clothes?
5461,0,0,21,21,1.0,0.048795003647426664,584,Thanks for sending in the clones!
5461,0,0,21,21,1.0,0.048795003647426664,584,"You know how Herman used to copy his face when we first got the Xerox machine? Well, he found the new 3-D printer..."
5461,0,0,21,21,1.0,0.048795003647426664,584,"They all seem to know each other and they are not interested in being ""that guy."""
5461,0,0,21,21,1.0,0.048795003647426664,584,The leader of the nerds is here to see you.
5461,0,0,21,21,1.0,0.048795003647426664,584,Remember when I thought I was seeing double?
5461,0,0,21,21,1.0,0.048795003647426664,584,The finalists for the zombie accountant position have arrived.
5461,0,0,21,21,1.0,0.048795003647426664,584,The engineers have arrived.
5461,0,0,20,20,1.0,0.051298917604257706,584,"Please send help. The duplicating Dodo is back, again."
5461,0,0,23,23,1.0,0.044455422447438706,584,Call copier repair immediately!
5461,0,0,21,21,1.0,0.048795003647426664,584,"Hello, I'd like to report a case of schizophrenia. I think it's the worst we've seen so far."
5461,0,0,21,21,1.0,0.048795003647426664,584,"Can you please fix this jam? Mhm. NOT the copier, the copies!"
5461,0,0,21,21,1.0,0.048795003647426664,584,Humdrum alert! I repeat: humdrum alert!
5461,0,0,21,21,1.0,0.048795003647426664,584,Maintenance? Could you send someone to repair the cloning machine? It's stuck on print again!
5461,0,0,21,21,1.0,0.048795003647426664,584,Department of cloning? It happened again.
5461,0,0,21,21,1.0,0.048795003647426664,584,"Uh, the clone machine is broken again"
5461,0,0,21,21,1.0,0.048795003647426664,584,Be careful what you wish for!
5461,0,0,21,21,1.0,0.048795003647426664,584,"Boss, Byron goofed again with the clone duplicating machine."
5461,0,0,21,21,1.0,0.048795003647426664,584,They value conformity but I'm not so sure on diversity.
5461,0,0,21,21,1.0,0.048795003647426664,584,"At this company, anybody could be a diversity candidate."
5461,0,0,21,21,1.0,0.048795003647426664,584,"Get me the lab, stat!"
5461,0,0,21,21,1.0,0.048795003647426664,584,"Clone Arranger, please."
5461,0,0,22,22,1.0,0.046524210519923545,584,Who sent in these clowns?
5461,0,0,22,22,1.0,0.046524210519923545,584,"Yes sir, the science teachers are all here now."""
5461,0,0,21,21,1.0,0.048795003647426664,584,"Gentlemen, if you can all come in and find your seats, we can start with the reproduction of your selfie with Paul Ryan from when you were interning 30 years ago."
5461,0,0,21,21,1.0,0.048795003647426664,584,Please tell Mr. Cheney he can stop now?
5461,0,0,21,21,1.0,0.048795003647426664,584,"1 mustache, 2 mustache, 3 mustache, 4 .... 5 mustache, 6 mustache, 7 mustache ... BUT, NO, NO more!"
5461,0,0,21,21,1.0,0.048795003647426664,584,It has to be asexual procreation!
5461,0,0,21,21,1.0,0.048795003647426664,584,The Schwartz kilotuplets have arrived for their appointment.
5461,0,0,21,21,1.0,0.048795003647426664,584,Our accountant clone protocol has been breached!
5461,0,0,21,21,1.0,0.048795003647426664,584,That lecture on equality in the workplace must've been a doozy.
5461,0,0,21,21,1.0,0.048795003647426664,584,Somebody turned on the cloning machine again.
5461,0,0,22,22,1.0,0.046524210519923545,584,Sir... I ordered the wrong tie...
5461,0,0,21,21,1.0,0.048795003647426664,584,"I know, I know, but they all have the same photo ID."
5461,0,0,21,21,1.0,0.048795003647426664,584,"Tech support? Yeah, the copier's on the fritz again."
5461,0,0,21,21,1.0,0.048795003647426664,584,"Yes Tom they all look alike"" . "" Yes Tom they all look alike."" ""But for the life of me I can't think of anything to write."
5461,0,0,21,21,1.0,0.048795003647426664,584,Did you say to send in the clones?
5461,0,0,21,21,1.0,0.048795003647426664,584,The Doppelganger's are here to see you sir
5461,0,0,21,21,1.0,0.048795003647426664,584,I was just kidding when I requested a clone of him.
5461,0,0,22,22,1.0,0.046524210519923545,584,"Hi, this is Marge in Finance. I think our Xerox machine is on the fritz again."
5461,0,0,21,21,1.0,0.048795003647426664,584,Central casting? Exactly how many Marx brothers did you ask for?
5461,0,0,21,21,1.0,0.048795003647426664,584,"Not him, you idiot!"
5461,0,0,21,21,1.0,0.048795003647426664,584,Security to the copier room!!
5461,0,0,20,20,1.0,0.051298917604257706,584,It must be genetic--my egg just kept dividing . . .
5461,0,0,21,21,1.0,0.048795003647426664,584,Maintenance? I think there might be a problem with the toilet on the third floor.
5461,0,0,21,21,1.0,0.048795003647426664,584,DACA's of Yesteryear: Ylu have to go back into the Xerox
5461,0,0,21,21,1.0,0.048795003647426664,584,They're all now just arriving!
5461,0,0,21,21,1.0,0.048795003647426664,584,"Gentlemen, the invite actually said Mustafa convention."
5461,0,0,21,21,1.0,0.048795003647426664,584,"Yes, great turnout, but I had to order a retinal scanner"
5461,0,0,21,21,1.0,0.048795003647426664,584,We took away their phones. It will take them about two weeks of rehab to regain the ability to speak.
5461,0,0,21,21,1.0,0.048795003647426664,584,He got caught in the selfie loop again.
5461,0,0,21,21,1.0,0.048795003647426664,584,The extras are here.
5461,0,0,21,21,1.0,0.048795003647426664,584,"Have you seen my twin brother? About yea high, small head...."
5461,0,0,21,21,1.0,0.048795003647426664,584,Cancel 3D printing copies for middle manager!
5461,0,0,21,21,1.0,0.048795003647426664,584,At least we won't need to worry about succession planning.
5461,0,0,21,21,1.0,0.048795003647426664,584,You're kidding! All of these clones make more than me?
5461,0,0,21,21,1.0,0.048795003647426664,584,"Doctor, I'm sorry to inform you that your birth serum for older women has very serious side effects"
5461,0,0,21,21,1.0,0.048795003647426664,584,think I opened the door to a gaggle of fake news reporters.
5461,0,0,21,21,1.0,0.048795003647426664,584,Looks like we need a cleanup in the cloning lab.
5461,0,0,21,21,1.0,0.048795003647426664,584,He's here and he's here and he's here ....
5461,0,0,21,21,1.0,0.048795003647426664,584,"Chief, how literally should I take your instructions to interview a wide variety of different people attending this conference?"
5461,0,0,21,21,1.0,0.048795003647426664,584,"Craig, the beta testers for your extreme Face I.D. test are here."
5461,0,0,21,21,1.0,0.048795003647426664,584,The cloning experiment has gone absolutely haywire.
5461,0,0,21,21,1.0,0.048795003647426664,584,Should I send them up to the roof for the lemming convention?
5461,0,0,21,21,1.0,0.048795003647426664,584,It must be bring your clone to work day.
5461,0,0,21,21,1.0,0.048795003647426664,584,I said 'no more corporate clones'.
5461,0,0,21,21,1.0,0.048795003647426664,584,The new iClone is selling like hot cakes.
5461,0,0,21,21,1.0,0.048795003647426664,584,"Apparently, his iPhone wasn't the only thing that got cloned."
5461,0,0,21,21,1.0,0.048795003647426664,584,THE DAMN 3D COPIER IS RUNNING WILD AGAIN.
5461,0,0,21,21,1.0,0.048795003647426664,584,I think the 3D printer is on the fritz again.
5461,0,0,21,21,1.0,0.048795003647426664,584,OK hold for Dr Jones. The cloning meeting is just ending.
5461,0,0,21,21,1.0,0.048795003647426664,584,"You'd better check whether these outfits qualify for the ""Get one free"" sale."
5461,0,0,21,21,1.0,0.048795003647426664,584,“How many Walter Koldens did we order?” Note: I googled for 20 minutes and found NO Walter Koldens.
5461,0,0,24,24,1.0,0.04256282653793743,584,Could you ask Human Resources to call Bob W.'s cell phone so I can tell him he's our robotics guy?
5461,0,0,21,21,1.0,0.048795003647426664,584,I think it's going to take more than their Social Security numbers to distinguish them!
5461,0,0,21,21,1.0,0.048795003647426664,584,Do you remember when you said you were glad God broke the mold and only one George was born? Well.....
5461,0,0,21,21,1.0,0.048795003647426664,584,"OK, so what was that mustache hair count again?"
5461,0,0,23,23,1.0,0.044455422447438706,584,I believe your your 10 o'clock - Mr. Clone - is here....
5461,0,0,21,21,1.0,0.048795003647426664,584,I think Stan from Accounting got a hold of that dang 3D printer again.
5461,0,0,23,23,1.0,0.044455422447438706,584,"Sir, ""The Joke Nose and Glasses"" meeting has ended and the room is ready for the ""Fake Teeth"" group"
5461,0,0,21,21,1.0,0.048795003647426664,584,"John, it's Susan. Agent Smith is here."
5461,0,0,21,21,1.0,0.048795003647426664,584,Am I on drugs?
5461,0,0,23,23,1.0,0.044455422447438706,584,I think the new machine is broken.
5461,0,0,21,21,1.0,0.048795003647426664,584,Looks like the new 3D printer has been working overtime.
5461,0,0,21,21,1.0,0.048795003647426664,584,"Oh no, the look alike virus struck again"
5461,0,0,21,21,1.0,0.048795003647426664,584,"To clone, or not to clone, that is the question."
5461,0,0,21,21,1.0,0.048795003647426664,584,Hi. The photocopy machine needs an adjustment.
5461,0,0,21,21,1.0,0.048795003647426664,584,Session Two for Designer Babies is starting next door.
5461,0,0,21,21,1.0,0.048795003647426664,584,"Is this ""Clones Are Us?"" Give me the service department, please!"
5461,0,0,21,21,1.0,0.048795003647426664,584,"Right, whoever's been playing with the 3-D printer can just knock it off."
5461,0,0,21,21,1.0,0.048795003647426664,584,I can't find him. His clones are all wearing clothes. And they all claim to be Joe.
5461,0,0,21,21,1.0,0.048795003647426664,584,"you all keep ""looking the other way"" I might have to hire temp service people. or train animals. to enjoyed my company "" someone will"" ?????"
5461,0,0,21,21,1.0,0.048795003647426664,584,"Can you believe it, Marge? I can't hire an assistant, and Accounting is standing room only."
5461,0,0,21,21,1.0,0.048795003647426664,584,The 3-D printer has arrived.
5461,0,0,21,21,1.0,0.048795003647426664,584,Copy that! The subjects for the facial recognition software are coming right up.
5461,0,0,21,21,1.0,0.048795003647426664,584,IT? The clone app is stuck on Leo.
5461,0,0,21,21,1.0,0.048795003647426664,584,"Well, you said we needed a hundred more employees like Mr. Milquetoast so I took care of it,"
5461,0,0,21,21,1.0,0.048795003647426664,584,You didn't mention MPD when he said he'd bring his alter ego
5461,0,0,21,21,1.0,0.048795003647426664,584,The Clones' reunion is over.
5461,0,0,21,21,1.0,0.048795003647426664,584,"Mrs Johnson, do you remember that wish you made a few days ago?"
5461,0,0,21,21,1.0,0.048795003647426664,584,The writers from Orphan Black are here.
5461,0,0,21,21,1.0,0.048795003647426664,584,"I said clone the wheat, not clone Pete."
5461,0,0,21,21,1.0,0.048795003647426664,584,Boop Beep Ball Boo Buu
5461,0,0,21,21,1.0,0.048795003647426664,584,"I'm sure you said ""Send in the clones""!"
5461,0,0,21,21,1.0,0.048795003647426664,584,"Something's wrong. I'm sure you said facetiously, 'Send in the clowns,' not 'Send in the clones.'"
5461,0,0,21,21,1.0,0.048795003647426664,584,There he is!
5461,0,0,21,21,1.0,0.048795003647426664,584,"Please put Miss Epstein on the line, I need to report a clear violation of EEOC guidelines."
5461,0,0,21,21,1.0,0.048795003647426664,584,Quick. The replicator has malfunctioned again.
5461,0,0,21,21,1.0,0.048795003647426664,584,Could you send someone over? The copy machine is acting up again.
5461,0,0,21,21,1.0,0.048795003647426664,584,It appears that the copier's gone rogue.
5461,0,0,21,21,1.0,0.048795003647426664,584,You're sure this 3D printer is exempt from identify theft violations?
5461,0,0,21,21,1.0,0.048795003647426664,584,I'm afraid I'm busy that weekend also.
5461,0,0,23,23,1.0,0.044455422447438706,584,"OK, I get the joke about ""diversity abounds in the accounting department"""
5461,0,0,21,21,1.0,0.048795003647426664,584,"Julie, the copier is broken again."
5461,0,0,21,21,1.0,0.048795003647426664,584,I think the fax machine has gone rogue.
5461,0,0,21,21,1.0,0.048795003647426664,584,"On my copy it clearly says ""Cones."""
5461,0,0,21,21,1.0,0.048795003647426664,584,It's Maggie in the Cloning Lab. Alerting you that Dr. Smith has abandoned the whole dating/marriage/kids personal reproduction schema.
5461,0,0,21,21,1.0,0.048795003647426664,584,I think someone punched the wrong button on the copy machine.
5461,0,0,21,21,1.0,0.048795003647426664,584,The Clone brothers are here for their audition.
5461,0,0,21,21,1.0,0.048795003647426664,584,"911, yes, come quick, someone cloned Dr. Phil."
5461,0,0,21,21,1.0,0.048795003647426664,584,"Hurry, hurry, Fred must be caught in the duplicating machine....."
5461,0,0,21,21,1.0,0.048795003647426664,584,Your experiment worked! The clones are all here now.
5461,0,0,21,21,1.0,0.048795003647426664,584,"There's been a mix-up, we only wanted one Kevin"
5461,0,0,21,21,1.0,0.048795003647426664,584,Accounting has arrived.
5461,0,0,21,21,1.0,0.048795003647426664,584,"Yes, I.T. --- we've got a real problem with that new 3-D copier you installed . . ."
5461,0,0,21,21,1.0,0.048795003647426664,584,How many nerds did I call for?
5461,0,0,21,21,1.0,0.048795003647426664,584,"Helen, all the guys who fit your profile on the dating site showed up and there might be a problem."
5461,0,0,21,21,1.0,0.048795003647426664,584,"Hey, I thought you only sent one person for the job."
5461,0,0,21,21,1.0,0.048795003647426664,584,They've come for their red Swingline stapler.
5461,0,0,21,21,1.0,0.048795003647426664,584,You didn't tell me there were this many Bob's!
5461,0,0,21,21,1.0,0.048795003647426664,584,No sir. I don't know which one is Bearnie.
5461,0,0,21,21,1.0,0.048795003647426664,584,"We need 183 traditional fit navy blazers, 44 regular, ASAP."
5461,0,0,21,21,1.0,0.048795003647426664,584,"No, I meant for you to test the device on the other Gary, the cute one in shipping."
5461,0,0,21,21,1.0,0.048795003647426664,584,"Sir, your Hermans have arrived"
5461,0,0,21,21,1.0,0.048795003647426664,584,I ordered the Freds but they only sent Larrys
5461,0,0,21,21,1.0,0.048795003647426664,584,The next employee diversity report is going to be brutal.
5461,0,0,21,21,1.0,0.048795003647426664,584,The Escape from the Xerox Room
5461,0,0,21,21,1.0,0.048795003647426664,584,"Three hundred processed cheese on white bread, STAT !"
5461,0,0,23,23,1.0,0.044455422447438706,584,"I think we're in real trouble. I don't know how this started or why, but it's here and we'd be crazy to ignore it... The clone war, the clone attack, plague - call it what you like."
5461,0,0,21,21,1.0,0.048795003647426664,584,911 what is your emergency? Albert fell into the 3D copier again.
5461,0,0,21,21,1.0,0.048795003647426664,584,There once was an old woman who lived in a shoe who had so many children her uterus fell out.
5461,0,0,21,21,1.0,0.048795003647426664,584,Your three thousand o'clock is here.
5461,0,0,21,21,1.0,0.048795003647426664,584,What do you mean you couldn't find the off button!
5461,0,0,21,21,1.0,0.048795003647426664,584,I really think we should stop cloning around.
5461,0,0,21,21,1.0,0.048795003647426664,584,"Sir, think the job posting was hacked..."
5461,0,0,21,21,1.0,0.048795003647426664,584,Customerservice? I didn't receive the Geoge Clooney-s I ordered! Please email me Return-Tickets!
5461,0,0,21,21,1.0,0.048795003647426664,584,"He's really starting to reach with this whole ""Undercover Boss"" thing."
5461,0,0,21,21,1.0,0.048795003647426664,584,Looks like a successful casting call.
5461,0,0,23,23,1.0,0.044455422447438706,584,"Yes, I called before and I asked for help not more of the same."
5461,0,0,21,21,1.0,0.048795003647426664,584,Middle management has arrived.
5461,0,0,21,21,1.0,0.048795003647426664,584,HR? This Bring Your Clone to Work Day is out of control.
5461,0,0,21,21,1.0,0.048795003647426664,584,We've got a problem in the copier room.
5461,0,0,21,21,1.0,0.048795003647426664,584,I take over 100 dumps per week.
5461,0,0,21,21,1.0,0.048795003647426664,584,No -- the work order specified to clone the husband's PHONE.
5461,0,0,21,21,1.0,0.048795003647426664,584,"Ms. Goldsmith, the actuary job candidates have arrived."
5461,0,0,21,21,1.0,0.048795003647426664,584,"Okay Mr Sondheim, I'll send in the clones."
5461,0,0,20,20,1.0,0.051298917604257706,584,I'd say our diversity training class is going to be a certain failure
5461,0,0,22,22,1.0,0.046524210519923545,584,The copy machine is stuck on grey tone again.
5461,0,0,21,21,1.0,0.048795003647426664,584,"Millie, I think your husband is in my office."
5461,0,0,21,21,1.0,0.048795003647426664,584,These accounting candidates appear competent if stereotypical.
5461,0,0,24,24,1.0,0.04256282653793743,584,"Agent Smith is here, now representing AARP."
5461,0,0,21,21,1.0,0.048795003647426664,584,"To fix the copier, we should have sent George Clooney."
5461,0,0,21,21,1.0,0.048795003647426664,584,Tell HR the job posting may be a little too precise.
5461,0,0,21,21,1.0,0.048795003647426664,584,The auditors are here.
5461,0,0,21,21,1.0,0.048795003647426664,584,"No, ""exaltation""of accountants wouldn't seem to be the right word."
5461,0,0,24,24,1.0,0.04256282653793743,584,It lacks a human element.
5461,0,0,21,21,1.0,0.048795003647426664,584,Yes sir. Now would be a good time jump.
5461,0,0,23,23,1.0,0.044455422447438706,584,We're going to need a reboot on that 3D printer.
5461,0,0,20,20,1.0,0.051298917604257706,584,"Ed, can we get your money back from that clone guy? None of them have any better sense of direction than you!"
5461,0,0,21,21,1.0,0.048795003647426664,584,Lock the building down. Accounting appears to be infected with mitosis.
5461,0,0,22,22,1.0,0.046524210519923545,584,How many did you say I needed to equal one good one?
5461,0,0,21,21,1.0,0.048795003647426664,584,"Come quick, the bean counters are cloning themselves."
5461,0,0,21,21,1.0,0.048795003647426664,584,Who ordered the casting call for mid-level account executives?
5461,0,0,21,21,1.0,0.048795003647426664,584,You need to be more careful when you make comments about wishing you could clone Henry!
5461,0,0,21,21,1.0,0.048795003647426664,584,"I hate to admit it, Shirley, but you're right. These men are all alike."
5461,0,0,21,21,1.0,0.048795003647426664,584,Yes Sir...Your office worker cloning program is a huge success.
5461,0,0,21,21,1.0,0.048795003647426664,584,You told me to make some copies!
5461,0,0,21,21,1.0,0.048795003647426664,584,"I can confirm the Groucho glasses have found their Marx, Sir."
5461,0,0,21,21,1.0,0.048795003647426664,584,Can I get back to you? I'm trying to find Waldo.
5461,0,0,21,21,1.0,0.048795003647426664,584,That's John. He's in Stocks.
5461,0,0,21,21,1.0,0.048795003647426664,584,Tell the lab to hurray and turn off the robot replicator.
5461,0,0,21,21,1.0,0.048795003647426664,584,Hurry - turn off the cloning machine!
5461,0,0,21,21,1.0,0.048795003647426664,584,I think you can cancel that clone program; seems someone beat us to it.
5461,0,0,21,21,1.0,0.048795003647426664,584,There's been an accident in the copy room.
5461,0,0,21,21,1.0,0.048795003647426664,584,"Yes, we're having that problem with the copier again."
5461,0,0,21,21,1.0,0.048795003647426664,584,"You better get here right away, Doctor. Walter has gotten into the clone machine again."
5461,0,0,21,21,1.0,0.048795003647426664,584,We need more diversity.
5461,0,0,21,21,1.0,0.048795003647426664,584,I'll have to check. Can you describe him?
5461,0,0,21,21,1.0,0.048795003647426664,584,"Sir, the accountant is multiplying."
5461,0,0,21,21,1.0,0.048795003647426664,584,"The cloning project is going better than expected, Sir."
5461,0,0,21,21,1.0,0.048795003647426664,584,... Mr. Smith arrived.
5461,0,0,21,21,1.0,0.048795003647426664,584,IT Department? Someone left the iClone on all weekend. And I’m pretty sure it was Herb from Accounting.
5461,0,0,21,21,1.0,0.048795003647426664,584,Emergency! Tom in Accounting is multiplying!
5461,0,0,21,21,1.0,0.048795003647426664,584,There's something really wrong with the 3-D printer
5461,0,0,21,21,1.0,0.048795003647426664,584,Is one hundred Donnies a sign of end of times?
5461,0,0,22,22,1.0,0.046524210519923545,584,It's a white-SHIRT supremacist meeting!
5461,0,0,21,21,1.0,0.048795003647426664,584,Do you still have that copy of Lean In I can borrow?
5461,0,0,21,21,1.0,0.048795003647426664,584,"Of all people to beta the cloning app, you chose Syd?"
5461,0,0,21,21,1.0,0.048795003647426664,584,"You better warn the folks at the dry cleaners, everyone seems to have lost their tickets."
5461,0,0,21,21,1.0,0.048795003647426664,584,"Your request for a mild mannered, steady office manager may not have been specific enough."
5461,0,0,21,21,1.0,0.048795003647426664,584,We're looking for the Expressing Your Individuality seminar.
5461,0,0,21,21,1.0,0.048795003647426664,584,"Yes, that is correct, the 'Cloning Convention' is just about to begin."
5461,0,0,21,21,1.0,0.048795003647426664,584,Someone forgot to turn off the 3D printer.
5461,0,0,21,21,1.0,0.048795003647426664,584,"Deloris, you'll never believe what happened when I asked him, for you, if he has a brother!"
5461,0,0,21,21,1.0,0.048795003647426664,584,Service Department? I think you installed that copying machine backwards.
5461,0,0,21,21,1.0,0.048795003647426664,584,"Uh, boss . . . you sure the casting call was for ""Send in the CLOWNS""?"
5461,0,0,21,21,1.0,0.048795003647426664,584,My God! The curse of the I-Clone
5461,0,0,21,21,1.0,0.048795003647426664,584,"Slightly overweight, balding, wearing a striped tie and glasses.. any other distinguishing characteristics?"
5461,0,0,21,21,1.0,0.048795003647426664,584,They say they're with the S.E.C.
5461,0,0,21,21,1.0,0.048795003647426664,584,...and they all look just like Harold. Except smarter.
5461,0,0,21,21,1.0,0.048795003647426664,584,I found the accounting clones. They were multiplying in the supply closet.
5461,0,0,21,21,1.0,0.048795003647426664,584,Which Mr. Smith?
5461,0,0,20,20,1.0,0.051298917604257706,584,Call Dukas and tell him to get The Socerer over here pronto!
5461,0,0,21,21,1.0,0.048795003647426664,584,"I'll have to call you back, they've sent the corporate clones in for their misogyny training."
5461,0,0,21,21,1.0,0.048795003647426664,584,Mr. Johnson? The Lowensteins are here for their 2 o'clock appointment.
5461,0,0,21,21,1.0,0.048795003647426664,584,Help! I cant turn off the cloning machine!
5461,0,0,21,21,1.0,0.048795003647426664,584,TURN OFF THE DARN COPY MACHINE!!
5461,0,0,21,21,1.0,0.048795003647426664,584,Looks like the elevator has turned into a replicator again. Call Captain Kirk!
5461,0,0,23,23,1.0,0.044455422447438706,584,The 10:00 AM candidates are here for your 'think outside the box' position.
5461,0,0,21,21,1.0,0.048795003647426664,584,"Jim, I think the copier's gone haywire again."
5461,0,0,21,21,1.0,0.048795003647426664,584,"You said, 'Send in the CLONES ', didn't you?"
5461,0,0,21,21,1.0,0.048795003647426664,584,"I gotta go, the professor has screwed up something in the lab."
5461,0,0,21,21,1.0,0.048795003647426664,584,Clyde's cloned
5461,0,0,21,21,1.0,0.048795003647426664,584,"Gotta go, I'm being inundated with Bills right now."
5461,0,0,21,21,1.0,0.048795003647426664,584,"Yeah, so at least the cloning division seems to be onto something."
5461,0,0,21,21,1.0,0.048795003647426664,584,I think the new 3D-printer has run amuck.
5461,0,0,21,21,1.0,0.048795003647426664,584,I thought you said a hundred Apple's newest clones for accounting....
5461,0,0,22,22,1.0,0.046524210519923545,584,The Redundants are here.
5461,0,0,21,21,1.0,0.048795003647426664,584,Clowns! I'd swear you said you we auditioning clones!
5461,0,0,21,21,1.0,0.048795003647426664,584,"And they told me ""Coat and Tie""."
5461,0,0,21,21,1.0,0.048795003647426664,584,Now I understand why your name is Mr Smith.
5461,0,0,21,21,1.0,0.048795003647426664,584,"Security, someone's screwing around with the copying machine."
