target_id,rank,funny,somewhat_funny,unfunny,count,score,precision,contest,caption
1714,1,539,592,668,1799,1.9282934963868816,0.019242993767635296,588,"Siri, how far can a hunchback jump?"
4195,2,405,580,522,1507,1.922362309223623,0.020110943700434564,588,"I'm fine,Bob. Actually, I'm seeing a guy from Notre Dame now."
4212,3,479,710,639,1828,1.912472647702407,0.01818135750402647,588,"Is he religious? Mom, he’s practically a fixture at the church next door."
2065,4,463,717,640,1820,1.9027472527472526,0.01811006996044948,588,Did I tell you I found someone to watch the place while we're away?
619,5,460,548,667,1675,1.8764179104477612,0.019819425080866905,588,"Well, you know, it beats living next to Trump Tower."
2353,6,539,570,795,1904,1.865546218487395,0.01893863243745576,588,I don't have the heart to tell him I'm dating the Hunchback of Temple Beth Shalom.
3943,7,364,671,590,1625,1.860923076923077,0.018697332146572355,588,"It is a little awkward, but on the bright side, I haven’t seen a pigeon in days."
3447,8,331,481,526,1338,1.8542600896860986,0.021521555174949525,588,"So then he said, ""What makes you think my name is Quasimodo?"" And I said, ""Just a hunch."""
2372,9,375,496,589,1460,1.8534246575342466,0.0209243167940885,588,I thought his profile said he was a quarterback at Notre Dame.
3297,10,162,245,265,672,1.8467261904761905,0.030198642057011765,588,"No, it's not the bells that bother me."
1106,11,360,476,600,1436,1.8328690807799444,0.02112829456355571,588,"He's annoying, but he improves my wi-fi signal. I call him my quasi-modem."
1053,12,313,453,585,1351,1.7986676535899333,0.021502077529637842,588,"Hi, this is Esmeralda on the 9th floor. I'd like to report a peeping literary allusion."
2418,13,285,519,598,1402,1.7767475035663338,0.020346268573889745,588,"We got the price down a little because of, what they referred to as, a quasi-obstructed view."
903,14,192,311,408,911,1.7628979143798025,0.025728922996620857,588,"I can't remember his name, but his face rings a bell."
1836,15,334,607,754,1695,1.752212389380531,0.01851144713697995,588,"My new neighbor? Someone pretty high up in the church, I think"
1896,16,257,417,572,1246,1.747191011235955,0.021978753306850143,588,"Well, he's not as creepy as the guy I met at the opera."
2020,17,290,540,704,1534,1.7301173402868317,0.01936942145754336,588,"Yes Mother, I'm seeing someone!"
2121,18,294,599,743,1636,1.7255501222493888,0.018482826896445193,588,"He's single, enjoys climbing and lives right next door."
3709,19,214,358,548,1120,1.7017857142857142,0.022989786414927542,588,Apparently it's rent controlled and they can't get rid of him.
291,20,280,421,706,1407,1.697228144989339,0.020814000667990933,588,"Gotta go, Mom. The guy's here with the cathedral."
514,21,295,445,774,1514,1.6836195508586527,0.020012884640645174,588,Like I would date a guy from Notre Dame.
2341,22,229,414,633,1276,1.683385579937304,0.021241910078991604,588,"Okay, I checked the mail and watered the plants. What about the hunchback?"
2264,23,213,419,614,1246,1.6781701444622792,0.021211299947808092,588,"You will love him. He lives next door, he did a project with Disney a few years ago, and he's Catholic."
2355,24,217,442,645,1304,1.6717791411042944,0.020606945691252047,588,I want to report a squatter.
3477,25,228,384,650,1262,1.6656101426307448,0.021518568064922427,588,I don't know who he is but his face rings a bell.
2273,26,221,343,620,1184,1.6630067567567568,0.022459498779557736,588,Hello. Yes. I'd like to cancel my membership to Match.Com.
3445,27,180,366,553,1099,1.6606005459508644,0.022417181790526503,588,"Describe him? I thought ""Hunchback on church spire staring into my 10th floor condo"" kinda covered it!"""
1038,28,178,423,584,1185,1.6573839662447258,0.021070430239737058,588,"Hello, ..911?......Well, it's a Quasi-emergency."
4067,29,144,262,470,876,1.6278538812785388,0.025352836039266403,588,"Oh Daddy, you make it sound like the city is full of weirdos."
3192,30,148,282,501,931,1.6208378088077335,0.02439231161610775,588,Will you tell Mrs. Hugo in 3b to come get her husband.
2368,31,157,220,487,864,1.6180555555555556,0.02635634254348064,588,"There's a fat ugly troll man leering at me, high up in a tower, touching himself, and naked from the waist down. Honestly...I think he seems very presidential."
3912,32,125,295,465,885,1.615819209039548,0.02423190621624572,588,"Yes, Mom, I've found someone to watch my plant while I'm away."""
2930,33,128,264,453,845,1.6153846153846154,0.02528615778192243,588,You know how I thought it would be neat to live next to the church with the gargoyle? It's not a gargoyle.
1407,34,126,271,455,852,1.613849765258216,0.02502203209756135,588,"When they said the condo had a viewer, I thought it was a misprint."
3464,35,115,271,434,820,1.6109756097560977,0.02515330817182799,588,"Yes, Mom, I met him at church."
3425,36,117,255,431,803,1.6089663760896638,0.025695646986596737,588,"No, not Les Miz, the other French book."
2468,37,129,188,425,742,1.601078167115903,0.028157358554574054,588,Dunno for sure. Says he plays hunchback for Notre Dame.
3500,38,111,207,398,716,1.5991620111731844,0.02774062587114618,588,It's not so much the staring as the no pants thing.
2358,39,72,172,288,532,1.593984962406015,0.031047121666701025,588,"I can't place him, but he definitely rings a bell."
708,40,119,162,393,674,1.5934718100890208,0.02971830969681376,588,"He says he's Quasimodo, but the name doesn't ring a bell."
2224,41,100,186,368,654,1.5902140672782874,0.028960336704177567,588,"I don't recognize him, but something about him rings a bell."
4019,42,84,206,347,637,1.58712715855573,0.028210382193225306,588,I’ve figured out why the realtor called my flat Quasimodern.
3598,43,74,114,259,447,1.5861297539149888,0.03586465159440122,588,"Hello, police? I'd like to report an anachronism."
4146,44,39,90,160,289,1.5813148788927336,0.042216541824491624,588,"Best Airbnb ever, you really get the feel of the old Paris."
906,45,74,183,315,572,1.5786713286713288,0.029666921580324888,588,"No. No, not the fullback from Notre Dame."
839,46,75,173,312,560,1.5767857142857142,0.030263041717366684,588,"Fifty feet or not, Boris, you're clearly violating the spirit of the restraining order!"
2911,47,97,112,326,535,1.5719626168224299,0.033727210483302225,588,There is a humpty taking a dumpty on the bell tower.
3805,48,68,162,293,523,1.569789674952199,0.03110874641974727,588,I don't know who he is but somehow he rings a bell.
224,48,60,178,285,523,1.569789674952199,0.030152070132264074,588,"Yes, he is creepy. On the other hand, he keeps the pigeons off of my balcony."
2701,50,62,161,280,503,1.5666003976143141,0.03130893683082049,588,and Mom he studies architecture at Notre Dame.
4090,51,84,109,299,492,1.5630081300813008,0.034590811153369524,588,I’d like to order a men’s XXL pajama bottom ??
1674,52,83,106,295,484,1.56198347107438,0.03492474180158138,588,"No darling, I said I wanted a hatchback."
509,53,60,128,260,448,1.5535714285714286,0.03394255065162552,588,"Yes, the staring is a little creepy but we no longer have a pidgeon problem."
2559,54,60,125,258,443,1.5530474040632054,0.03423588436856377,588,"Believe it or not, the constant ringing isn't the worst part."
371,55,70,99,265,434,1.5506912442396312,0.036282540317815706,588,"It has a balcony, a billiards room and a stunning view of French fiction..."
4029,56,52,136,248,436,1.5504587155963303,0.03342468040277787,588,Looks like my neighbor has locked himself out again.
2784,57,65,102,256,423,1.5484633569739952,0.036264559365198824,588,"No, I said please send up a Quesadilla."
918,58,63,107,255,425,1.5482352941176472,0.035823991402301414,588,"No, I don't have a hunch who it is, but his face rings a bell."
4285,59,60,115,254,429,1.5477855477855478,0.0351045441697,588,"Yes, mother. I really am seeing someone."
4182,60,70,96,265,431,1.5475638051044083,0.0364903195357432,588,"My half- witted, half-naked ex thinks he can just jump right back into my life."
3474,61,39,146,226,411,1.5450121654501217,0.03267560165565848,588,"So...is it still OK to say ""hunchback""?"
607,62,46,128,231,405,1.5432098765432098,0.03429969114820252,588,I thought 'unfriending' him would be the end of it.
375,63,76,50,252,378,1.5343915343915344,0.04155254972366191,588,"I tell him stalking’s no joke, but he can’t keep a straight face."
3602,64,46,103,218,367,1.5313351498637602,0.03694994795404017,588,"Actually, we do have a neighborhood watch."
1084,65,33,126,203,362,1.5303867403314917,0.03456885569318464,588,"You'll like him, ma. He's a church-goer, and he watches over me."
3913,66,43,95,207,345,1.5246376811594202,0.038073839939646074,588,"I said I'd sleep with him when pigs fly, and the next thing..."
3238,67,36,104,197,337,1.5222551928783383,0.03712729702778364,588,911 ? I’d like to report a crouching Tom.
2464,68,60,57,222,339,1.5221238938053097,0.042254961341970036,588,Quasimodo is looking at my bush again.
3317,69,49,75,208,332,1.5210843373493976,0.040567580913563966,588,"Mom, it's more than just a hunch, he's a dead ringer."
423,70,43,88,203,334,1.5209580838323353,0.03902127658102183,588,"George, can you read me the restraining order terms again?"
2406,71,36,99,194,329,1.5197568389057752,0.03779173722920755,588,"911? I'm being watched. How do I know? Well, you could call it a hunch."
2074,72,39,90,195,324,1.5185185185185186,0.03896484901629417,588,I'm not sure why he makes me nervous... just call it a hunch.
3077,73,38,90,193,321,1.517133956386293,0.038989844517080034,588,"...not much, just watering a plant. So what's new with you?"
786,74,35,95,190,320,1.515625,0.038323235844122866,588,"The apartment is nice, and I met my neighbor who also works at home."
3420,75,38,87,192,317,1.5141955835962144,0.03935983461118078,588,Describe him? He looks like Charles Laughton.
2752,76,32,95,183,310,1.5129032258064516,0.03842721526091609,588,"Yes, I'm serious. What's the P.C. word for 'hunchback'?"
2736,77,34,83,180,297,1.5084175084175084,0.04022258066012637,588,"Building's great, but I think my neighbor is squatting."
2533,78,38,73,183,294,1.5068027210884354,0.0416575148953598,588,We have the world's creepiest neighborhood watch.
3529,79,35,80,181,296,1.5067567567567568,0.04060728968224403,588,I know how we got this unit so far below market value
541,80,40,74,190,304,1.506578947368421,0.041151519595005286,588,Hello 911? I'd like to report a method actor.
3506,80,37,80,187,304,1.506578947368421,0.040352316813554334,588,"Yeah, I'd say he's not taking the breakup well."
1049,82,32,87,180,299,1.5050167224080269,0.03946035540200064,588,Good news. I've found someone to keep an eye on the place while I'm away.
313,83,33,81,178,292,1.5034246575342465,0.04044493388436697,588,Sometimes you have to forego good looking for well balanced.
2956,84,35,66,171,272,1.5,0.04326836112509834,588,"I know, right? It's so unusual for someone to make eye contact today."
2375,85,33,69,170,272,1.4963235294117647,0.042636087411599244,588,"I want it to read 'Priced for quick sale, luxury condo in the heart of Paris; stunning cathedral view...'"
3050,85,33,69,170,272,1.4963235294117647,0.042636087411599244,588,"The usual, watering the fern, staring down the hunchback. You?"
571,87,25,76,153,254,1.4960629921259843,0.042025537769096635,588,"Yeah, I know, but are you allowed to say 'Hunchback' any more?"
2279,88,36,60,172,268,1.492537313432836,0.04407182700215105,588,The good news is he's stopped ringing the bell...
3026,89,30,71,165,266,1.4924812030075187,0.04235997476553411,588,"Apparently, there’s a religious freedom loophole in the restraining order."
2229,90,29,70,162,261,1.4904214559386972,0.04261321904490202,588,"According to the lawyer, he has squatter's rights."
1887,90,33,62,166,261,1.4904214559386972,0.04397472240311458,588,His profile said he went to Notre Dame so I swiped right.
1271,92,30,66,162,258,1.4883720930232558,0.04332588173897924,588,"Yes mom, for the most part, the restraining order is working"
2517,92,36,54,168,258,1.4883720930232558,0.0453664096592878,588,"Actually mom, I am seeing someone."
2678,94,25,70,153,248,1.4838709677419355,0.04274738704727261,588,Let me call you back. The bell is about to toll and I think I am going to see some action here.
4284,95,26,66,153,245,1.4816326530612245,0.04350935166699253,588,"""I think you've misunderstood my request for a bellhop""."
367,96,23,73,152,248,1.4798387096774193,0.04196959538285168,588,"Before you call 911, I can explain."
1846,97,18,68,136,222,1.4684684684684686,0.043133378571297114,588,"For the last time, Mother, I live in an Upper East Side doorman building on the 17th floor. What “creeps” are going to bother me here?"
2485,98,23,57,140,220,1.4681818181818183,0.045734917787263324,588,"Honey, the alumni office from Notre Dame is hounding me for a donation."
3235,98,25,53,142,220,1.4681818181818183,0.046633729272254815,588,… and the FBI ‘gargoyle’ still has me under covert surveillance !!!!!
4116,100,23,56,140,219,1.4657534246575343,0.04587942085179574,588,"Oh, and we have the best neighborhood watch program around."
1048,100,20,62,137,219,1.4657534246575343,0.04448871488200439,588,Paris is great! I live across from a local celebrity!
3578,102,19,61,134,214,1.4626168224299065,0.044730417935652626,588,Believe it or not it's not the bells that I find intruisive...
592,103,21,56,135,212,1.4622641509433962,0.04601098226841082,588,"Well, I'd describe him as your typical Caucasian male who has never been told what his limits are."
1045,103,18,62,132,212,1.4622641509433962,0.04452952194231231,588,Oh and the bell isn't even the worst part.
1870,103,26,46,140,212,1.4622641509433962,0.04837937677832622,588,"Hello, 911? I have what you might call a ""Quasi-emergency."""
179,106,18,60,131,209,1.4593301435406698,0.044967657533548096,588,"Well, yeah, the neighborhood has gentrified, but there's still some of the old charm left."
1035,107,25,47,140,212,1.4575471698113207,0.047896354025858325,588,I think I found out why this apartment was so cheap.
1449,108,23,48,135,206,1.4563106796116505,0.04795283323646119,588,I got everything in the settlement- he got squat.
1294,109,23,47,134,204,1.4558823529411764,0.048298325262218944,588,"No, it's not completely gentrified."
3415,109,19,55,130,204,1.4558823529411764,0.046255242973861986,588,Honey? Call a bookie and bet big on Notre Dame this Saturday. Just call it a hunch.
1523,111,20,52,130,202,1.4554455445544554,0.047107092054082325,588,Can I put you on hold? I think the cable guy is finally here.
2992,111,19,54,129,202,1.4554455445544554,0.04658132098366019,588,"I'd report him, but he actually has given me some good gardening tips."
3701,111,23,46,133,202,1.4554455445544554,0.04865032470003463,588,"Thanks for the offer, but I've found someone to keep any eye on the plants while I am gone."
2047,114,19,53,128,200,1.455,0.04691353106498087,588,"No, mother, not so much a ""boyfriend"" as an ""admirer."" He's patient, seems well-balanced and fit, and is clearly at the top of his profession."
2787,115,20,54,133,207,1.4541062801932367,0.04627537254486177,588,You DO realize I can see ypu!?
3570,115,29,36,142,207,1.4541062801932367,0.05063130594537673,588,"Mom, I'll call you back. Jeff Sessions is lurking outside the window again."
357,115,23,48,136,207,1.4541062801932367,0.047771502488637985,588,I had a hunch you would be back .
1305,118,21,48,130,199,1.4522613065326633,0.0481357661984813,588,They did say it was a quasi-obstructed view...
2764,119,23,43,131,197,1.4517766497461928,0.04954780450671386,588,I thought quasi view meant just sort of.
3825,119,29,31,137,197,1.4517766497461928,0.052590580369468794,588,I don't remember his name but his face sure rings a bell
4049,119,20,49,128,197,1.4517766497461928,0.0479540699560999,588,"No, I've never seen him before. But, his face rings a bell."
235,122,28,35,139,202,1.4504950495049505,0.05109628909663173,588,"Yeah, it looks like Trump is mocking the handicapped again."
2916,123,22,44,130,196,1.4489795918367347,0.04919280298982775,588,I see Victor's off his meds again.
470,124,22,42,128,192,1.4479166666666667,0.049945205213824846,588,I'm still waiting for him to make the first move.
492,124,24,38,130,192,1.4479166666666667,0.05102546979187055,588,"I thought they said ""quasi-MODERN"""
1058,124,15,56,121,192,1.4479166666666667,0.04596477859346236,588,I don't care if it's smaller. If the unit's two floors up I'll take it.
1198,124,26,34,132,192,1.4479166666666667,0.052083333333333336,588,Just tell the priest that little Donald got out again.
2362,124,24,38,130,192,1.4479166666666667,0.05102546979187055,588,"Yeah Linda, we're gonna be a little late. I can't get his pants on, let alone shoes and socks."
3260,124,19,48,125,192,1.4479166666666667,0.04827950868024705,588,"Look, I'm way too busy to talk down every hunchback who's about to jump, okay?"
612,130,18,53,128,199,1.4472361809045227,0.046499728575699915,588,"I think I have a stalker, but it's just a hunch."
1121,131,19,46,123,188,1.446808510638298,0.04901698521689961,588,I thought that I would be safe dating a guy from church.
2818,132,20,44,125,189,1.4444444444444444,0.04938740643416315,588,He's not a stalker or a peeper...I'd call him more of a squatter.
4226,132,17,50,122,189,1.4444444444444444,0.0476471829524442,588,"On the other hand, he is French."
1437,132,18,48,123,189,1.4444444444444444,0.04823423404215654,588,Father Frollo? It's Esmeralda. He's at it again.
1339,132,14,56,119,189,1.4444444444444444,0.0458409442781686,588,"Don’t worry, Mother. The guy I’m seeing goes to church every day."
2135,132,19,46,124,189,1.4444444444444444,0.04881422563109422,588,"I called the police about him, but they say he has sanctuary..."
1170,137,20,42,123,185,1.4432432432432432,0.05016250151836261,588,"Yes it is a big jump from Gothic to Modern, but I think he's ready for a new aesthetic."
907,138,15,55,122,192,1.4427083333333333,0.04593232359049297,588,When did 'gargoyling' become a thing?
904,139,19,45,124,188,1.4414893617021276,0.048984564019646896,588,Let's pray he doesn't take a leap of faith.
1898,140,18,46,122,186,1.4408602150537635,0.04877144007723125,588,"Millie, I think I now know for Whom the Bell Tolls."
3372,141,18,45,121,184,1.440217391304348,0.04915005537359288,588,I think I've finally found someone to watch my plants when I'm out of town.
1363,142,17,46,119,182,1.4395604395604396,0.04891983781968412,588,...And he really seems to be on the ball.
1624,142,22,36,124,182,1.4395604395604396,0.051929898630554236,588,"Jackie, do you know how far a hunchback can jump?"
3648,142,18,44,120,182,1.4395604395604396,0.04953648453614048,588,"I am seeing someone, Mom — and he’s at the very top of his profession."
4159,145,19,41,120,180,1.4388888888888889,0.050548750914830624,588,"Now that you ask, his face does ring a bell."
1650,146,14,50,115,179,1.4357541899441342,0.04754046513505727,588,"I'm waiting for him to make the first move"""
627,147,26,25,126,177,1.4350282485875707,0.05536880389369585,588,'Things are good. Benny got accepted into Notre Dame.'
1172,148,18,40,117,175,1.4342857142857144,0.05093357847141994,588,"Of course I really didn't mean to swipe right, but now what do I do with him?"
2613,148,15,46,114,175,1.4342857142857144,0.04896105677912725,588,"Mom, guess what? The bell tolling is not the creepiest part of living here."
2207,150,21,36,123,180,1.4333333333333333,0.05172385253601066,588,"No Victor, it's not the bell that I mind so much..."
377,151,12,49,108,169,1.4319526627218935,0.048019179836766804,588,"Paris is great, mom...no, I haven't met anyone yet...well, there is this one guy."
4222,152,15,44,113,172,1.430232558139535,0.0495329713988459,588,"On the other hand, he is French."
2242,153,8,57,105,170,1.4294117647058824,0.04479638009049773,588,"When I asked him if he remembers how he got up there he said ""nothing rings a bell""."
2928,153,19,35,116,170,1.4294117647058824,0.05265420929260448,588,Turns out the worst part of living next to a bell tower isn't the noise.
226,155,14,44,110,168,1.4285714285714286,0.0496433161405157,588,I'm pretty sure he's single.
454,155,17,38,113,168,1.4285714285714286,0.05175245729157528,588,"My neighbor is single, into music and goes to church."""
630,155,19,37,119,175,1.4285714285714286,0.05153064127664587,588,"yes mother, im seeing a nice Catholic boy"
1661,155,20,35,120,175,1.4285714285714286,0.0521640530957301,588,You won't believe what Sean Spicer's doing these days.
2634,155,17,38,113,168,1.4285714285714286,0.05175245729157528,588,He says at one time he could see all of Paris. Then they built these damn apartments.
3808,155,19,34,115,168,1.4285714285714286,0.05311204039175813,588,"Yes officer, I am sure it's not a downspout."
3555,161,18,37,116,171,1.4269005847953216,0.05174500778911275,588,"Siri, how do you say, it's not you, it's me, in French?"
3969,162,13,45,109,167,1.4251497005988023,0.049093349452304,588,"Esmeralda here ... yes, that Bell Ringer is back again. Would it kill the Archbishop to buy him a pair of pants?"
3053,162,15,41,111,167,1.4251497005988023,0.050541534347816136,588,"The new apartment's great, Mom! The neighborhood watch is a little intense, though."
4245,162,18,35,114,167,1.4251497005988023,0.05263916122916132,588,He keeps calling me Esmeralda and saying he plays half-back for Notre Dame.
833,162,10,51,106,167,1.4251497005988023,0.04683718992176917,588,"Well, it's just not what I had in mind when the Airbnb listing mentioned a classically gothic view with Parisian undertones."
748,162,14,43,110,167,1.4251497005988023,0.049822703934438946,588,This wasn't what I thought when they told me the bell boy would give me free wake up calls in the morning.
887,162,16,39,112,167,1.4251497005988023,0.051250283522378676,588,"Wait a minute, that gargoyle looks a little like Harvey Weinstein."
3475,168,15,40,110,165,1.4242424242424243,0.05097099674668638,588,Please give me the library reference desk. I'd like to report a literary illusion.
1994,169,18,33,112,163,1.4233128834355828,0.053574569115551626,588,"Oh nothing much, just out on the balcony watering my plant and watching a hunchback balance on top of the cathedral."
163,169,13,43,107,163,1.4233128834355828,0.04991525463946233,588,Just my luck to rent a room with a viewer.
680,171,20,27,113,160,1.41875,0.05570578809283669,588,"Yeah, he's just like all the rest, afraid to make the big leap."
461,172,14,38,106,158,1.4177215189873418,0.05174936175708255,588,And why can’t Cirque du Soleil do something about controlling their people when they’re in town?
568,172,16,34,108,158,1.4177215189873418,0.05328459207343426,588,It's great except for the guy in the church next door who wouldn't sell to the developer.
1615,172,14,38,106,158,1.4177215189873418,0.05174936175708255,588,"The French doors are lovely, but I assumed 'hugo balcony & view"" was a typo."
2086,172,14,38,106,158,1.4177215189873418,0.05174936175708255,588,The new apartment? It's ok. I've got a quasi view from the balcony.
2946,172,16,34,108,158,1.4177215189873418,0.05328459207343426,588,"Nothing much, you?"
1998,177,18,32,113,163,1.4171779141104295,0.0535181633984745,588,"Hey Weinstein, the woman getting out of the shower is two floors down."
3612,177,19,30,114,163,1.4171779141104295,0.05422115985097281,588,Thanks for calling back Donald. I’ve a hunch that Notre Dame is taking a knee.
4063,179,12,40,102,154,1.4155844155844155,0.05104900663203151,588,"No, I’m not being paranoid about my neighbor. Call it a hunch."
3950,180,19,25,109,153,1.411764705882353,0.05681112207777604,588,Did I tell you that Harvey Weinstein now has a place in our neighborhood?
3976,181,11,40,100,151,1.4105960264900663,0.05083976748957097,588,"Yeah, you're gonna have to give me another clue, he looks familiar but still not ringing any bells..."
131,181,15,32,104,151,1.4105960264900663,0.05420224018798342,588,"Yeah, I have a hunch he's back."
3596,183,16,32,108,156,1.4102564102564104,0.05370614749627105,588,"Wow! Honey, what did you put in those brownies?"
2416,183,20,24,112,156,1.4102564102564104,0.05670275321927843,588,"Yes, officer, you'll find him at the base of the bell tower. He'll be holding a potted plant."
2270,183,18,28,110,156,1.4102564102564104,0.05522477931842558,588,Remember we thought a pigeon did that?
318,186,8,45,96,149,1.4093959731543624,0.04857242159456648,588,"Actually, he does ring a bell."
933,186,14,33,102,149,1.4093959731543624,0.053883656789081566,588,"This is Esmeralda, Quasimodo is violating his restraining order again."
3309,186,14,33,102,149,1.4093959731543624,0.053883656789081566,588,"Not much, you?"
302,189,15,30,103,148,1.4054054054054055,0.05494304814964365,588,He says his name is Harvey and he can put me in the movies.
496,189,18,24,106,148,1.4054054054054055,0.05739794883134558,588,"Meanwhile, any bell ringer from France can get a work visa, apparently."
930,189,12,36,100,148,1.4054054054054055,0.05237320450289783,588,He claims he can ring my bell.
2404,189,12,36,100,148,1.4054054054054055,0.05237320450289783,588,The only downside is that my view is quasi-obstructed.
2939,189,11,38,99,148,1.4054054054054055,0.05148809460977481,588,"Hello maintenance, I changed my mind. I don't mind the pigeons anymore."
3387,189,13,34,101,148,1.4054054054054055,0.05324360255711095,588,"No Mom, he's just another social climber."
3630,189,15,30,103,148,1.4054054054054055,0.05494304814964365,588,Excuse me...can you toss over some toilet paper?
3656,189,11,38,99,148,1.4054054054054055,0.05148809460977481,588,I don't know who he is but his face rings a bell.
4131,189,16,28,104,148,1.4054054054054055,0.05577335567572832,588,"Let me call you back, these Airbnb visitors are out of control."
1295,189,15,30,103,148,1.4054054054054055,0.05494304814964365,588,"When I say he’s on the ball, it’s not a good thing."
1848,199,15,25,96,136,1.4044117647058822,0.05846500216606158,588,"No, not a CELL tower after all. Much, much worse."
3517,200,11,37,98,146,1.404109589041096,0.05196085798666356,588,He's fallen for me. Or he will.
1434,200,12,35,99,146,1.404109589041096,0.05286212324528574,588,He just doesn't seem ready to make the leap.
912,200,11,37,98,146,1.404109589041096,0.05196085798666356,588,"Yes the view looks like a Disney movie, just not the one I envisioned."
1241,203,17,23,102,142,1.4014084507042253,0.05832875318143262,588,"I'm sorry Brad, I'm currently seeing someone."
2792,203,15,27,100,142,1.4014084507042253,0.056590310177329774,588,"No, no officer, it's OK. He only does this to watch the Notre Dame games on our big screen TV."
1103,205,7,45,95,147,1.401360544217687,0.04793748447525703,588,"I know we said 'we'll always have Paris,' but I think we've had it long enough."
3826,206,2,53,88,143,1.3986013986013985,0.043418237195585,588,It's a cute corner unit with a quasi-view of the city.
3374,207,14,28,99,141,1.3971631205673758,0.05593402596632724,588,Please tell me this violates the restraining order.
3319,207,20,16,105,141,1.3971631205673758,0.061127064352576914,588,Did you hear Steve Bannon bought a place in the neighborhood?
201,209,10,35,94,139,1.39568345323741,0.05268191052720168,588,I've already told him it's St. Patrick's not Notre Dame.
718,209,11,33,95,139,1.39568345323741,0.053662352830931626,588,He's my Quasi-roommate.
1469,209,15,25,99,139,1.39568345323741,0.05741694671064149,588,I see they finally filled that gargoyle position.
2803,209,14,27,98,139,1.39568345323741,0.05650169338185655,588,"Can I call you back?, my 3 o'clock appointment just arrived.."
3113,209,9,37,93,139,1.39568345323741,0.051682872232885535,588,"Yes, that's right, the lotus position. Should I be concerned?"
3502,209,17,21,101,139,1.39568345323741,0.05920502173535003,588,"Hold on a second, I'm about to witness a great leap of faith."
3562,209,15,25,99,139,1.39568345323741,0.05741694671064149,588,Weinstein's staring at me again.
1429,216,16,24,102,142,1.3943661971830985,0.05737728888053283,588,"""Unobstructed views of Central Park"" my ass..."
1909,216,8,40,94,142,1.3943661971830985,0.049930274506993715,588,"Just finishing up with the plants, then it's off to the gym. Bye bye for now, and of course the Q-ster says hi."
2066,216,12,32,98,142,1.3943661971830985,0.05378282993495165,588,"..so my realtor said ""Esmeralda, I have JUST the condo for you!"""
2753,216,16,24,102,142,1.3943661971830985,0.05737728888053283,588,"Fred's gargoyling again, mom."
4191,216,16,24,102,142,1.3943661971830985,0.05737728888053283,588,"Excuse me ma’am, what’s the wifi password?"
1423,221,11,32,94,137,1.3941605839416058,0.054190700825761516,588,Rent's not bad but it's got a quasi-obstructed view.
37,222,13,27,95,135,1.3925925925925926,0.056717172201958856,588,"Be that as it may, you violated the spirit of real estate disclosure."
471,222,11,31,93,135,1.3925925925925926,0.054733179914559754,588,Somehow I just keep attracting the wrong kind of guy.
923,222,13,27,95,135,1.3925925925925926,0.056717172201958856,588,"No, I swiped left but he's still here."
1935,222,13,27,95,135,1.3925925925925926,0.056717172201958856,588,I just have to water the plant and feed Quasimodo. I meet you downstairs in 5 min.
3292,222,11,31,93,135,1.3925925925925926,0.054733179914559754,588,I didn't think balcony-grown cannabis would be this powerful.
446,227,9,36,93,138,1.391304347826087,0.051871545285169705,588,How much extra will you charge me to have those curtains delivered overnight?
148,228,16,20,97,133,1.3909774436090225,0.06022153457817068,588,"Hey,off subject,but is Jeff Sessions Catholic?"
1265,228,11,30,92,133,1.3909774436090225,0.05529039151774998,588,We love Paris. We just didn't know it was a sanctuary city.
2239,228,12,28,93,133,1.3909774436090225,0.056311176161920336,588,It's another one of those leaping Toms.
3042,228,9,34,90,133,1.3909774436090225,0.05319008423644945,588,"No, not in a good way. But he does look presidential."
3539,228,15,22,96,133,1.3909774436090225,0.0592681369742382,588,"I keep telling him..""I'm not your Dame"""
4160,233,12,27,93,132,1.3863636363636365,0.05654863195662244,588,"Yes, and I can actually enjoy the balcony again thanks to the city's aggressive pigeon control program."
3988,233,9,33,90,132,1.3863636363636365,0.053392569830958164,588,"He is French, has a steady job, and makes excellent eye contact!"
3815,233,18,15,99,132,1.3863636363636365,0.06238357397736311,588,Have you considered a laxative?
3476,233,10,31,91,132,1.3863636363636365,0.05446491470807309,588,"No, actually, I think he was here first."
188,233,8,35,89,132,1.3863636363636365,0.0522982417692011,588,"I know, I know.....but let me ask you, where else can I get a one bedroom with a terrace in a doorman building at this rent?"
2985,233,15,21,96,132,1.3863636363636365,0.05953762708722391,588,"You're right, I never should have said, ""come up and see me sometime."""
1622,233,14,23,95,132,1.3863636363636365,0.05855824978748431,588,"He's creepy, but his balance is incredible."
3482,233,11,29,92,132,1.3863636363636365,0.05551655028152964,588,"Well I suppose I could change the ring tone, but it’s so cute how quick he comes."
194,241,13,24,93,130,1.3846153846153846,0.058182177838937414,588,This explains why the Cardinal wasn't surprised at my last confession.
255,241,13,24,93,130,1.3846153846153846,0.058182177838937414,588,"No, Officer. I don't know for sure that the Peeping Tom's name is Quasimodo, it is just a hunch."
343,241,12,26,92,130,1.3846153846153846,0.05714809912591036,588,"I love Paris, apart from the locals"
543,241,14,22,94,130,1.3846153846153846,0.0591981959392227,588,"Ugh, Trump Jr. is watching me water my plants again."
3184,241,12,26,92,130,1.3846153846153846,0.05714809912591036,588,The view is like something out of a book.
3357,241,14,22,94,130,1.3846153846153846,0.0591981959392227,588,The pigeons are gone but the cuckoos are back.
3478,241,12,26,92,130,1.3846153846153846,0.05714809912591036,588,He said he's a hunchback for Notre Dame but he doesn't look anything like a football player if you ask me.
2106,248,13,22,91,126,1.380952380952381,0.05947617141331808,588,They call it a Quasi-city view.
4103,248,12,24,90,126,1.380952380952381,0.05839889415907007,588,Pardon me. Do you have any Grey Poupon?
3601,248,11,26,89,126,1.380952380952381,0.057301367453300285,588,What's my boyfriend do? He's highly placed in the church.
1342,248,11,26,89,126,1.380952380952381,0.057301367453300285,588,"He's kinda cute, but I prefer the quarterback of Notre Dame."
8,248,11,26,89,126,1.380952380952381,0.057301367453300285,588,I had a hunch he'd be back.
3586,248,10,28,88,126,1.380952380952381,0.056182404585724294,588,He says his name is Quasimodo. Rings a bell ?
3495,254,13,23,93,129,1.37984496124031,0.058437543733777526,588,"Good God, he's now trying his Charles Laughton imitation."
722,255,12,23,89,124,1.3790322580645162,0.05905180256556367,588,"Believe it or not, his looks aren't his biggest problem."
1116,255,12,23,89,124,1.3790322580645162,0.05905180256556367,588,"Hey, remember that French guy we met last night?"
1247,255,10,27,87,124,1.3790322580645162,0.056787804140671895,588,"I don't know, Marty. What kind of 'good explanation' could there be?"
2203,255,11,25,88,124,1.3790322580645162,0.05793086433569598,588,"I’m not sure, but his face rings a bell."
3758,255,11,25,88,124,1.3790322580645162,0.05793086433569598,588,Housing Authority? The building across from me has a squatter.
4279,255,7,33,84,124,1.3790322580645162,0.05321149940036281,588,Yeah . . . he's still tolling for me.
2611,255,6,35,83,124,1.3790322580645162,0.05196473154816939,588,As if those bells every Sunday morning weren't bad enough.....
391,262,9,30,88,127,1.3779527559055118,0.05468791353030099,588,"Mom, you know that guy I met in church I said was a little obsessive? Well, uh..."
2501,263,7,32,83,122,1.3770491803278688,0.05375466109350651,588,"Yes, he's really on the ball."
3203,264,9,28,86,123,1.3739837398373984,0.05584385179693974,588,"Oh, I have to go. Someone just rang the bell."
2519,264,7,32,84,123,1.3739837398373984,0.053403892562892484,588,You know how we thought it'd be kinda cool to look at that old church next door?
3559,264,9,28,86,123,1.3739837398373984,0.05584385179693974,588,They sold it to him as a one bedroom with a view.
3763,264,10,26,87,123,1.3739837398373984,0.057024694693118466,588,It's kind of creepy but he does leave at the top of every hour.
3547,264,9,28,86,123,1.3739837398373984,0.05584385179693974,588,"Hang on Esmeralda, I'll just put you on speakerphone."
2482,264,12,22,89,123,1.3739837398373984,0.05931589877505845,588,"I have to go, my neighbor just rang."
3291,264,8,30,85,123,1.3739837398373984,0.054637494106096834,588,…but I’m sure his Tinder profile said he was a “halfback from Notre Dame!!!”
1806,264,13,20,90,123,1.3739837398373984,0.06042893238191275,588,"Hi ... yes, I’d like to report a peeping-quasimodo."
4,264,12,22,89,123,1.3739837398373984,0.05931589877505845,588,Why do I think that I'm being stalked? Just a hunch.
505,264,14,18,91,123,1.3739837398373984,0.061521832629909415,588,I found Dad.
662,264,12,22,89,123,1.3739837398373984,0.05931589877505845,588,"Yes, hi. I'd like to report a peeping gargoyle."
899,264,12,22,89,123,1.3739837398373984,0.05931589877505845,588,"No, he's still there. He thinks I'm quasi-interested in him."
2114,264,9,28,86,123,1.3739837398373984,0.05584385179693974,588,"Sorry, you jumped over there, you can just jump right back."
1117,264,9,28,86,123,1.3739837398373984,0.05584385179693974,588,"Yeah, I know he inspired a musical but he's creeping me out."
1126,264,6,34,83,123,1.3739837398373984,0.05214111352420621,588,Apparently trying to leave the Church is getting really dangerous.
1516,264,11,24,88,123,1.3739837398373984,0.05818157634653926,588,"Actually, he's not as irritating as that creep downstairs who uses a mirror on a stick."
15,280,7,31,83,121,1.371900826446281,0.053951604940114084,588,"""THAT'S what I thought, but he swears his name is Phil."
848,280,11,23,87,121,1.371900826446281,0.05883655209937073,588,"He's back, but I'm trying to ignore him."
977,280,10,25,86,121,1.371900826446281,0.0576541309544252,588,The new place is great. The neighborhood has a quasi-Paris vibe.
1753,280,8,29,84,121,1.371900826446281,0.05521337448885096,588,"Sorry, this is not a sanctuary city."
1905,280,11,23,87,121,1.371900826446281,0.05883655209937073,588,"No, he's just asking for the name of a good spinal surgeon."
2536,280,12,21,88,121,1.371900826446281,0.05999567409217036,588,It's good to see we're still a sanctuary city.
3970,280,8,29,84,121,1.371900826446281,0.05521337448885096,588,"To tell you the truth, the restraining order is worthless."
4220,287,8,28,83,119,1.3697478991596639,0.055805972262504513,588,And he has his own place.
3982,287,12,20,87,119,1.3697478991596639,0.060696177419607145,588,"He can jump if he want's, I don't think he can make it."
2800,287,11,22,86,119,1.3697478991596639,0.05951131069011316,588,Police? I'd like to report a squatter.
2869,287,8,28,83,119,1.3697478991596639,0.055805972262504513,588,"Do I know who the peeper is? Well, I have a hunch."
2219,287,13,18,88,119,1.3697478991596639,0.061858352763791556,588,My new neighbor's a halfback for Notre Dame.
1995,287,9,26,84,119,1.3697478991596639,0.0570678227503089,588,He says his name is Quasimodo. Does that ring a bell with you?
1410,287,8,28,83,119,1.3697478991596639,0.055805972262504513,588,"I don't recognize his face, but the name rings a bell."
2484,287,6,32,81,119,1.3697478991596639,0.05319254490592569,588,The broker did say it had classic views.
3396,295,7,29,81,117,1.3675213675213675,0.05509455286257272,588,I paid for an unobstructed view.
2251,295,9,25,83,117,1.3675213675213675,0.057707314855070906,588,"Come on, one giant leap for mankind"
1869,295,11,21,85,117,1.3675213675213675,0.06020679878915466,588,"No, it doesn't ring a bell."
1835,295,12,19,86,117,1.3675213675213675,0.06141840796345578,588,"Excuse me ma'am, do you have a moment to talk about our lord and savior, Jesus Christ?"
1352,295,9,25,83,117,1.3675213675213675,0.057707314855070906,588,"Sorry officer, I don't know his name, but his face does ring a bell"
841,295,12,19,86,117,1.3675213675213675,0.06141840796345578,588,"Nothing much, what's up with you?"
176,295,10,23,84,117,1.3675213675213675,0.058970301034588765,588,Looks like six more weeks of winter.
1643,295,12,19,86,117,1.3675213675213675,0.06141840796345578,588,Yeah I'm pretty sure my ex is crazier
2158,303,7,19,64,90,1.3666666666666667,0.06600798196352,588,"Look, it's San Francisco. I have to be interested in any guy who's interested in me."
3188,304,10,22,83,115,1.3652173913043477,0.05965887618489261,588,"Yes, in fact I am the one who called earlier about the bells ..."
4152,304,11,20,84,115,1.3652173913043477,0.06092402489117956,588,"I gotta call you back, my French teacher's here."
4135,304,10,22,83,115,1.3652173913043477,0.05965887618489261,588,"No bell tower, but we do have cathedral ceilings."
2075,304,10,22,83,115,1.3652173913043477,0.05965887618489261,588,I’m quasi-sure it’s him
1962,304,10,22,83,115,1.3652173913043477,0.05965887618489261,588,"No, I'm in the Quasimodern building next door"
1980,304,12,18,85,115,1.3652173913043477,0.06216343065048603,588,It's OK. He can't hear me.
2010,304,12,18,85,115,1.3652173913043477,0.06216343065048603,588,"Yes, 911, my uncle was practicing his Parkour, but he's gotten himself stuck on top of the church again."
1706,304,11,20,84,115,1.3652173913043477,0.06092402489117956,588,The guy next door is a total Victor Hugo fan boy.
336,304,11,20,84,115,1.3652173913043477,0.06092402489117956,588,I have to go. My 3 o’clock is here.
2107,313,8,27,83,118,1.3644067796610169,0.056022561003069335,588,I don't care if chiropractically challenged is the correct nomenclature. Just come and stop him from staring in my windows.
4139,313,9,25,84,118,1.3644067796610169,0.057300889111660716,588,"Unfortunately, he has squatter's rights."
204,315,11,19,83,113,1.3628318584070795,0.06166406443808129,588,I think he wants to take a leap of faith.
1060,315,6,29,78,113,1.3628318584070795,0.05488458598321111,588,"Hold on a sec, my neighbor wants to borrow a cup of sugar."
1535,315,6,29,78,113,1.3628318584070795,0.05488458598321111,588,Watering a plant while being stalked. You?
2205,315,8,25,80,113,1.3628318584070795,0.05769205668320928,588,Well...he's French...
2728,315,10,21,82,113,1.3628318584070795,0.060369106587134215,588,You'll never guess what Spider-Man dressed up as for Halloween this year.
3453,315,12,17,84,113,1.3628318584070795,0.06293238161645331,588,Harold has been acting kind of weird since our separation last month.
4186,315,7,27,79,113,1.3628318584070795,0.056305822003089194,588,"I do sympathize, it's just that this apartment was supposed to be *my* sanctuary."
2920,322,11,20,85,116,1.3620689655172413,0.06047854108404784,588,"Security? I know he's on the historical registry, but it's still creepy."
1534,323,7,27,80,114,1.3596491228070176,0.05590040517964037,588,"It's odd. Every time I water the plants, the bells stop."
4031,323,8,25,81,114,1.3596491228070176,0.05727225064874738,588,I'm hoping he doesn't make a leap of faith.
1043,325,8,24,80,112,1.3571428571428572,0.05792578193291024,588,"I haven't officially met the neighbor yet, but his face rings a bell."
1050,325,12,16,84,112,1.3571428571428572,0.06323683148324016,588,I can't recall his name but his face sure rings a bell...
1798,325,8,24,80,112,1.3571428571428572,0.05792578193291024,588,"Well, can he claim sanctuary if he is ON the cathedral?"
1943,325,10,20,82,112,1.3571428571428572,0.06063947999685842,588,"But, on the plus side, my French is improving."
1944,325,8,24,80,112,1.3571428571428572,0.05792578193291024,588,At least he stopped ringing the bell.
3866,325,5,30,77,112,1.3571428571428572,0.05359823439175574,588,"He could be Jewish, I suppose. He just works there."
3890,325,8,24,80,112,1.3571428571428572,0.05792578193291024,588,It's not growing fast enough--I can still see him.
4034,325,10,20,82,112,1.3571428571428572,0.06063947999685842,588,There is one guy I know who would jump at the chance to meet me
4266,325,11,18,83,112,1.3571428571428572,0.06195176910439728,588,"No, he's nice. And we made a deal. I'll water his fern and he'll pour boiling pitch on the downstairs neighbor."
3518,334,10,19,81,110,1.3545454545454545,0.0613802374603274,588,I found him on that new dating website - Stalker.
3221,334,9,21,80,110,1.3545454545454545,0.06000606535420692,588,I would to report a Pooping Tom outside my window.
2702,334,15,9,86,110,1.3545454545454545,0.0678348133899572,588,"You wouldn't believe it, but I've found an apartment with outside space and my own personal gargoyle!"
3757,334,11,17,82,110,1.3545454545454545,0.06272431125232868,588,"Oh yeah, and some treats for the gargoyle."
693,334,11,17,82,110,1.3545454545454545,0.06272431125232868,588,Quasimodo's on top of it.
486,334,7,25,78,110,1.3545454545454545,0.0571586960707441,588,When they said the neighbor was also a Notre Dame grad; I just made a wrong assumption.
2305,334,9,21,80,110,1.3545454545454545,0.06000606535420692,588,You’re overwatering again.
4224,341,10,18,80,108,1.3518518518518519,0.062145240747201694,588,"Well, he's attentive, a fabulous musician and has his own place."
4068,341,7,24,77,108,1.3518518518518519,0.057817126770041305,588,"Hello, reception? I think you sent up the wrong bellman."
3837,341,8,22,78,108,1.3518518518518519,0.05929494425725719,588,I'll have to call you back. Something's just come up.
3726,341,7,24,77,108,1.3518518518518519,0.057817126770041305,588,"What's French for ""Sorry, but Essie turned this into an Airbnb""?"
3423,341,8,22,78,108,1.3518518518518519,0.05929494425725719,588,"Hmm... if you're looking for classics to read, try the works of Victor Hugo, his books just seem to come to life."
3299,341,8,22,78,108,1.3518518518518519,0.05929494425725719,588,"Pardon me, Miss. Could you throw me some toilet paper?"
3093,341,5,28,75,108,1.3518518518518519,0.054741936528466054,588,"Yes, it's good to be back from my trip to Paris. But... somehow I feel as though I never left..."
970,341,4,30,74,108,1.3518518518518519,0.0531376453031031,588,The view? It's Quasi decent.
2873,341,10,18,80,108,1.3518518518518519,0.062145240747201694,588,"By any chance, do you have any toilet paper?"
1578,341,5,28,75,108,1.3518518518518519,0.054741936528466054,588,More like quasi-creepy.
1464,341,8,22,78,108,1.3518518518518519,0.05929494425725719,588,He can't come to the phone right now.
1396,341,11,16,81,108,1.3518518518518519,0.06352244653707749,588,I'd like to report a peeping homme.
3014,341,10,18,80,108,1.3518518518518519,0.062145240747201694,588,"No, not too pricey, but it’s only quasi-gentrified."
354,341,8,22,78,108,1.3518518518518519,0.05929494425725719,588,"Despite appearances to the contrary, Jill was convinced the man peeping on her was not a well balanced individual."
118,341,11,16,81,108,1.3518518518518519,0.06352244653707749,588,I'm pretty sure it's a zoning violation
3554,356,10,17,79,106,1.349056603773585,0.06293574473931286,588,I'm only Quasi-interested in him.
3395,356,9,19,78,106,1.349056603773585,0.06149157215891284,588,I love my new place but I feel like I’m being watched.
2647,356,9,19,78,106,1.349056603773585,0.06149157215891284,588,"Hi Doris, looks like the ""steeple peeper"" is at it again."
1379,356,8,21,77,106,1.349056603773585,0.060012656392277985,588,"Well, Mom, this new guy I'm seeing is at the peak of his profession."
237,356,7,23,76,106,1.349056603773585,0.05849636234793121,588,"That does it,I've got to change my internet dating service"
544,361,3,29,69,101,1.3465346534653466,0.05346534653465347,588,Your buzzer doesn't work
4145,362,7,22,75,104,1.3461538461538463,0.05919744365726161,588,"The realtor told me about the bells, but not about this guy."
3888,362,8,20,76,104,1.3461538461538463,0.06075396145882811,588,You were right about quirkyblinddate.com.
3716,362,8,20,76,104,1.3461538461538463,0.06075396145882811,588,Please book me in for Dr. Ziegler — I’ll need him to increase my dosage.
2901,362,13,10,81,104,1.3461538461538463,0.06800423751407934,588,"No, I didn't say the quarterback of Notre Dame..."""
2840,362,6,24,74,104,1.3461538461538463,0.057598878792634096,588,"That's right: athletic, persistent, distinctive features, hunchback. Ring a bell?"
2599,362,7,22,75,104,1.3461538461538463,0.05919744365726161,588,"No, no. I said LUNCH PACK."
2520,362,9,18,77,104,1.3461538461538463,0.062271585256253766,588,"That's the problem, you feed them once and they keep coming back."
3779,362,7,22,75,104,1.3461538461538463,0.05919744365726161,588,Finally a neighbor I can see eye to eye with.
1525,362,9,18,77,104,1.3461538461538463,0.062271585256253766,588,"No, he can't make the leap, he's only a quasi modo!"
1518,362,5,26,73,104,1.3461538461538463,0.05595466326216649,588,Yes I should have paid for the higher floor.
1511,362,8,20,76,104,1.3461538461538463,0.06075396145882811,588,This is Esmeralda up in 1505. I think I have a problem.
608,362,10,16,78,104,1.3461538461538463,0.06375309269135881,588,He says he’s the quarterback of Nortre Dame.
1757,362,7,22,75,104,1.3461538461538463,0.05919744365726161,588,"Esmeralda, that football player from Notre Dame is here looking for you again."
326,362,11,14,79,104,1.3461538461538463,0.06520094573776594,588,I got a hunch our new neighbors are French.
88,362,6,24,74,104,1.3461538461538463,0.057598878792634096,588,"'Hunchback' is offensive, Todd. He's a deplorable."
4080,377,9,17,76,102,1.3431372549019607,0.06307819031505105,588,"I don't know who he is, but he rings a bell."
3692,377,8,19,75,102,1.3431372549019607,0.0615200864162015,588,Wow...just last week he was a big-time movie producer.
3275,377,7,21,74,102,1.3431372549019607,0.059921481723101605,588,"Esmeralda, I have a trivia question for you. How far can a hunchback jump?"
1933,377,5,25,72,102,1.3431372549019607,0.05658895519765496,588,"Well, at least when he’s on the steeple, he’s not ringing that damn bell."
1843,377,8,19,75,102,1.3431372549019607,0.0615200864162015,588,"Okay, now do you believe I love you?"
376,377,10,15,77,102,1.3431372549019607,0.06459872409101204,588,May I use your bathroom ?
604,377,6,23,73,102,1.3431372549019607,0.058279043498732024,588,Gotta go. My Tinder date just showed up.
504,377,8,19,75,102,1.3431372549019607,0.0615200864162015,588,It's a long story.
342,377,7,21,74,102,1.3431372549019607,0.059921481723101605,588,I like it here OK but my neighbor is a little creepy.
154,377,8,19,75,102,1.3431372549019607,0.0615200864162015,588,"He's a little odd, but I do like the attention."
915,377,5,25,72,102,1.3431372549019607,0.05658895519765496,588,"I think I know what happened to that ""funny"" kid in high school."
363,388,10,16,79,105,1.3428571428571427,0.06322900327420725,588,I think he's a squatter.
994,388,11,14,80,105,1.3428571428571427,0.06466109369783266,588,Your hunch was right. He's back.
3084,390,10,13,74,97,1.3402061855670102,0.06697725856892776,588,"No, I would say he's total modo."
3799,391,7,20,73,100,1.34,0.06066966359563963,588,I'm not sure how but he improves my cellphone reception.
3567,391,8,18,74,100,1.34,0.062312344546071145,588,"I mean, why not try ringing the doorbell, once in a while?"
2894,391,7,20,73,100,1.34,0.06066966359563963,588,"I could swear the agent said, ""View of quads at MoMA."""
3412,391,6,22,72,100,1.34,0.058981250230796894,588,Did I see anything unusual today? What do you mean by unusual?
1780,391,5,24,71,100,1.34,0.05724305789148302,588,"Honestly, my new priest seems a little too concerned when I miss a Sunday."
1216,391,4,26,70,100,1.34,0.055450405541776465,588,The view is Quasi-obstructed.
4007,391,5,24,71,100,1.34,0.05724305789148302,588,"When we got the news that Adam was being scouted by one of the higher-ups at Notre Dame, this wasn’t what I envisioned."
2848,391,7,20,73,100,1.34,0.06066966359563963,588,"Esmeralda, this is the last time I apartment-sit for you."
158,391,8,18,74,100,1.34,0.062312344546071145,588,"Yes, I think we are a 'sanctuary city'."
2535,400,12,12,82,106,1.3396226415094339,0.06551584302930175,588,"Oh nothing serious, just a hunch"
1583,401,5,22,68,95,1.3368421052631578,0.059128660588384424,588,"I am really fine Mom, the medicine has only mild visual side effects"
2194,402,8,17,73,98,1.336734693877551,0.0631321430327626,588,He says he's a back for Notre Dame.
3903,402,6,21,71,98,1.336734693877551,0.059706621177718515,588,"I don't know him, but he rings a bell."
3533,402,5,23,70,98,1.336734693877551,0.05791793484521681,588,"Not much new here. We've still got silverfish, and that hunchback staring from the top of the cathedral next door."
3462,402,7,19,72,98,1.336734693877551,0.0614432587692449,588,"I'll have to call you back, there is another squatter attempting a leap of faith."
3253,402,9,15,74,98,1.336734693877551,0.06477700919025206,588,"The new place? It's mostly great, except the view is just kind of quasi okay."
3130,402,11,11,76,98,1.336734693877551,0.06794738987690117,588,I'd like to report an historic anomaly....
3040,402,4,25,69,98,1.336734693877551,0.056072218977047575,588,I'd like to report a peeping and very agile Tom.
2458,402,8,17,73,98,1.336734693877551,0.0631321430327626,588,I wish I would have paid more attention in my high school French class.
2294,402,3,27,68,98,1.336734693877551,0.05416364375930748,588,"Ma, all the good men are either gay, married, or afraid of heights"
2183,402,7,19,72,98,1.336734693877551,0.0614432587692449,588,And this pose is called 'Crouching Gargoyle'. It's very good for your back.
1831,402,6,21,71,98,1.336734693877551,0.059706621177718515,588,"Only a hunch, but possibly front page news."
1777,402,6,21,71,98,1.336734693877551,0.059706621177718515,588,No! I didn't say Halfback of Notre Dame...
1745,402,8,17,73,98,1.336734693877551,0.0631321430327626,588,You know that time I accidentally swiped right?
1653,402,6,21,71,98,1.336734693877551,0.059706621177718515,588,"Yes, you did say the view would make me feel like I was in Paris, but still!"
1147,402,8,17,73,98,1.336734693877551,0.0631321430327626,588,Your hunch was right. He's back.
1078,402,7,19,72,98,1.336734693877551,0.0614432587692449,588,Hunchback Thursdays are starting to bore me.
262,402,5,23,70,98,1.336734693877551,0.05791793484521681,588,The neighbors are quasi-friendly.
178,402,7,19,72,98,1.336734693877551,0.0614432587692449,588,I dunno. Maybe it's a little TOO near St. Patrick's.
2040,402,6,21,71,98,1.336734693877551,0.059706621177718515,588,These internet trolls are getting more brazen every day.
3546,421,7,20,74,101,1.3366336633663367,0.06016022784539926,588,The neighborhood watch is really on the ball here.
2593,421,9,16,76,101,1.3366336633663367,0.06336633663366337,588,He just keeps saying how much he wants to ring my bell.
2575,423,7,19,73,99,1.3333333333333333,0.06091449038731727,588,"His profile said he was the real deal, but now I find out he's just quasi-modo."
3514,423,8,17,74,99,1.3333333333333333,0.06258368958788295,588,"It said condo with a view, not condo with a viewer."
1938,425,5,23,72,100,1.33,0.05695115752497349,588,Gotta go. That French guy is outside again.
4206,426,8,16,73,97,1.3298969072164948,0.063411141193285,588,They finally found a renter for that 27-story walk-up.
4149,426,3,26,68,97,1.3298969072164948,0.0542871040480398,588,This brings stalking to a whole new height!
3152,426,7,18,72,97,1.3298969072164948,0.06169437733807127,588,At least I've gotten him to stop ringing the damn bell.
2089,426,10,12,75,97,1.3298969072164948,0.06671226343064322,588,"He says his name is 'Quasimodo,' which doesn't ring a bell with me."
1786,426,6,20,71,97,1.3298969072164948,0.05992845369964017,588,"He's not very attractive, but he's quite a swinger."
1742,426,6,20,71,97,1.3298969072164948,0.05992845369964017,588,"Mom, it's no big deal. I'll just get some pajamas or curtains."
1326,426,7,18,72,97,1.3298969072164948,0.06169437733807127,588,"And if that isn't creepy enough, he kinda looks like Harvey Weinstein."
1556,426,8,16,73,97,1.3298969072164948,0.063411141193285,588,"Perhaps he will be gone in a little while. But, I have a hunch he'll be back."
1010,426,6,20,71,97,1.3298969072164948,0.05992845369964017,588,"No, I'm not being dramatic. He watches me like a hawk."
805,426,3,26,68,97,1.3298969072164948,0.0542871040480398,588,You're blocking my view.
287,426,6,20,71,97,1.3298969072164948,0.05992845369964017,588,"Well, he's rent-controlled, for one thing. A mob couldn't get him out of there."
1669,426,5,22,70,97,1.3298969072164948,0.058108888567305346,588,I have complained. Apparently they included the hunchback when the church was declared a landmark.
4239,438,7,18,73,98,1.3265306122448979,0.061154318437850894,588,"As a matter of fact I am seeing someone new, and he really knows how to ring my bell."
1439,438,5,22,71,98,1.3265306122448979,0.057611316528512514,588,"I love the apartment, but the view is a bit Gothic for my taste."
4033,438,6,20,72,98,1.3265306122448979,0.05940923520693786,588,"I'd say outside of our place, the neighborhood is more french gothic."
3974,438,7,18,73,98,1.3265306122448979,0.061154318437850894,588,"Hi, Your Grace. It's Steffi. Your Hunchback is staring at me again."
3790,438,7,18,73,98,1.3265306122448979,0.061154318437850894,588,"Yeah, well I'm quasi-sick-of-it!"
3766,438,8,16,74,98,1.3265306122448979,0.06285096736982555,588,It needs some fertilizer.
2768,438,8,16,74,98,1.3265306122448979,0.06285096736982555,588,He's not taking the breakup very well.
2767,438,8,16,74,98,1.3265306122448979,0.06285096736982555,588,"'Jerry, about that 'not needing curtains' idea you had...'"
1651,438,10,12,76,98,1.3265306122448979,0.06611377292797989,588,"Unfortunately, he's landmarked."
1253,438,9,14,75,98,1.3265306122448979,0.06450300407769921,588,I really wish my parents hadn't named me Esmeralda.
144,438,3,26,69,98,1.3265306122448979,0.05383564730454022,588,"Mom, relax. This place has a great Neighborhood Watch program."
733,438,3,26,69,98,1.3265306122448979,0.05383564730454022,588,The new Hunchback ringtone is unbelievably real.
697,438,9,14,75,98,1.3265306122448979,0.06450300407769921,588,I think he's trying to hit on me. Just a hunch.
651,438,6,20,72,98,1.3265306122448979,0.05940923520693786,588,"I'm just going to water it from now on, smoking it is creeping me out."
472,438,6,20,72,98,1.3265306122448979,0.05940923520693786,588,"Yes, I'd like to report a gargoyle."
222,438,7,18,73,98,1.3265306122448979,0.061154318437850894,588,"On the upside, it's got a view of the cathedral....."
139,438,6,20,72,98,1.3265306122448979,0.05940923520693786,588,He's asking if we are a sanctuary condo.
121,438,8,16,74,98,1.3265306122448979,0.06285096736982555,588,"I can’t recall his name, but his face rings a bell."
21,438,4,24,70,98,1.3265306122448979,0.055755451360594815,588,"Esmeralda, do I have the guy for you. I'll have him give you a ring."
842,438,7,18,73,98,1.3265306122448979,0.061154318437850894,588,You'll never guess who moved in next door.
3501,458,8,15,72,95,1.3263157894736841,0.06426796028840676,588,"Yeah, Mom, I know I'm a millenial. But I still know what King Kong looks like."
2444,458,6,19,70,95,1.3263157894736841,0.060683131001665225,588,"Hey lady, do you know how many condo rules you're violating ?"
1769,458,9,13,73,95,1.3263157894736841,0.06598738428946635,588,"My Tinder date is here, he looks like a good hump."
1695,458,8,15,72,95,1.3263157894736841,0.06426796028840676,588,"Yes, Police? He says he is staying until Trump resigns."
1229,458,7,17,71,95,1.3263157894736841,0.06250125241864155,588,He says he heard this is a sanctuary city.
593,463,3,24,65,92,1.326086956521739,0.0559603121346105,588,"'He's not taking your place, dear; he's only my quasi boyfriend."""
4233,464,5,20,68,93,1.3225806451612903,0.05953161876802784,588,"I have to go. The ""sensitive, fun loving, bell ringer"" that I met online, is about to hop in."
2471,464,7,16,70,93,1.3225806451612903,0.06333657564579079,588,Got any toilet paper?
4101,464,5,20,68,93,1.3225806451612903,0.05953161876802784,588,"Sure, I hoped I'd meet a man in Paris. He's not quite what I expected, though."
2870,464,4,22,67,93,1.3225806451612903,0.05753485502237072,588,You're right. I needed to be a couple of floors up for privacy.
2795,464,7,16,70,93,1.3225806451612903,0.06333657564579079,588,I take it back. He’s doing a full modo.
2694,464,7,16,70,93,1.3225806451612903,0.06333657564579079,588,"No, Mom, I never said that my new boyfriend was a half-back at Note Dame."
2626,464,9,12,72,93,1.3225806451612903,0.06692555562659269,588,"One second, I think the president escaped."
2568,464,7,16,70,93,1.3225806451612903,0.06333657564579079,588,"Sis, do we live in a sanctuary city?"
2286,464,5,20,68,93,1.3225806451612903,0.05953161876802784,588,These Jehovah’s witnesses are becoming more aggressive
3609,464,6,18,69,93,1.3225806451612903,0.06146354792751873,588,He can't tell if he is interested in me or just wants to hang out.
1489,464,4,22,67,93,1.3225806451612903,0.05753485502237072,588,It's not how I pictured my fairy tale romance.
1413,464,9,12,72,93,1.3225806451612903,0.06692555562659269,588,"Hello, 911? I think Harvey Weinstein is perched outside my window."
1290,464,6,18,69,93,1.3225806451612903,0.06146354792751873,588,He keeps saying he wants to ring my bell.
1136,464,8,14,71,93,1.3225806451612903,0.06515578182503504,588,Do you have any toilet paper?
828,464,8,14,71,93,1.3225806451612903,0.06515578182503504,588,"Yes officer, this is Esmeralda. Quasimodo is stalking me again."
603,464,9,12,72,93,1.3225806451612903,0.06692555562659269,588,I don’t know...His face doesn’t ring a bell.
539,464,6,18,69,93,1.3225806451612903,0.06146354792751873,588,"Yeah, he's right here in front of me, contemplating a leap of faith."
436,464,7,16,70,93,1.3225806451612903,0.06333657564579079,588,"Yes, please send up 5 quarts of WD-40 and one SuperSoaker."
106,464,5,20,68,93,1.3225806451612903,0.05953161876802784,588,The neighborhood has gone downhill since we became a sanctuary city.
2195,464,4,22,67,93,1.3225806451612903,0.05753485502237072,588,No I don't recognize him but I do have a hunch.
1825,484,2,27,68,97,1.3195876288659794,0.051910227972580054,588,"No mom, he’s not really dangerous, he’s just quasi-creepy."
4038,485,7,16,71,94,1.3191489361702127,0.06275306297835663,588,"Happy hump day, by the way."
3702,485,5,20,69,94,1.3191489361702127,0.058994793959766076,588,"""Yeah he's here, his phone ran out of minutes, hang on a sec""!"
3678,485,4,22,68,94,1.3191489361702127,0.057022847306584766,588,"Well, I don't exactly feel threatened. He's more of a ""quasi"" stalker."
2838,485,6,18,70,94,1.3191489361702127,0.06090292533007279,588,I don't know...he's more of a semi-modo.
2709,485,7,16,71,94,1.3191489361702127,0.06275306297835663,588,I dunno. I just don't have the heart to tell him they cancelled the musical's Broadway run.
2343,485,7,16,71,94,1.3191489361702127,0.06275306297835663,588,I hear that Harvey Weinstein is doing a remake of King Kong.
2054,485,5,20,69,94,1.3191489361702127,0.058994793959766076,588,You could have just taken the elevator you know
1067,485,7,16,71,94,1.3191489361702127,0.06275306297835663,588,I think I need to change my ringtone.
849,485,6,18,70,94,1.3191489361702127,0.06090292533007279,588,Yeah. It's Gary the gargoyle from downstairs again . . . I know . . . What a jerk.
782,485,5,20,69,94,1.3191489361702127,0.058994793959766076,588,"Hey, remember that ogre we met in St. Bart’s?"
609,485,6,18,70,94,1.3191489361702127,0.06090292533007279,588,"No, I'm not seeing him anymore, but he's still seeing a lot of me."
244,485,9,12,73,94,1.3191489361702127,0.06629862828125431,588,It's called gargoyling
344,497,7,15,69,91,1.3186813186813187,0.06420191150243705,588,"Well, he rings my bell and lives nearby."
1183,497,6,17,68,91,1.3186813186813187,0.062271062271062265,588,It's rent controlled!
1269,497,7,15,69,91,1.3186813186813187,0.06420191150243705,588,He says he wants to ring my chimes.
1919,497,6,17,68,91,1.3186813186813187,0.062271062271062265,588,"Siri, how far can steeple dwelling bell ringers jump?"
4162,501,8,12,69,89,1.3146067415730338,0.06703159199456799,588,I've told you before - you really MUST get proper toilets installed in the cathedral.
2128,501,5,18,66,89,1.3146067415730338,0.061050360200302675,588,"Well, it's kind of flattering that a peeping tom would go to so much trouble ..."
2016,501,6,16,67,89,1.3146067415730338,0.06310712396789984,588,"You know, very few people make it to our level."
1640,501,6,16,67,89,1.3146067415730338,0.06310712396789984,588,"I'll tell you this much, mom--he's the strong silent type, super athletic, and has reached the top position where he works."
1616,501,6,16,67,89,1.3146067415730338,0.06310712396789984,588,I have a hunch the neighbors are religious.
1425,501,8,12,69,89,1.3146067415730338,0.06703159199456799,588,"Who is he? I'm not sure, but I've got a hunch."
2365,501,3,22,64,89,1.3146067415730338,0.05671350148562816,588,"Oh, not much really. I've got Quasimodo balancing on a church steeple peering into my kitchen at the moment. What's new with you?"
1011,501,6,16,67,89,1.3146067415730338,0.06310712396789984,588,I don't mind the staring. It's that damn bell he rings every hour that makes me want to break my lease.
812,501,7,14,68,89,1.3146067415730338,0.06509893785933112,588,He said the bell tolls for me.
706,501,5,18,66,89,1.3146067415730338,0.061050360200302675,588,This arrondissement has really gentrified the past couple hundred years.
634,501,5,18,66,89,1.3146067415730338,0.061050360200302675,588,"Esmeralda, I think he wants to talk to you."
483,501,5,18,66,89,1.3146067415730338,0.061050360200302675,588,"Honey, could you stand up, I think my coverage is better when you stand!"
1402,501,3,22,64,89,1.3146067415730338,0.05671350148562816,588,I'm not sure the east facing balcony was such a deal afterall.
1232,514,7,14,69,90,1.3111111111111111,0.06446639602026245,588,I'm seeing someone right now who's at the top of his profession.
1281,514,6,16,68,90,1.3111111111111111,0.06249982660539133,588,"He’s musical, speaks French, isn’t afraid of heights, and loves flowers."
3437,514,8,12,70,90,1.3111111111111111,0.0663747249032238,588,"Apparently, the civil war monuments are being replaced by confederate performance art."
4234,517,4,19,64,87,1.3103448275862069,0.059648674770869235,588,"We prefer spinally enhanced, Mother."
4155,517,8,11,68,87,1.3103448275862069,0.06802350496239276,588,"Well, yes he seems a bit strange, but anything is better than the last guy. He was just ""Miserable""!"
3802,517,4,19,64,87,1.3103448275862069,0.059648674770869235,588,"Gotta go, my date just rang the bell."
3236,517,6,15,66,87,1.3103448275862069,0.06397328203746312,588,"I’m telling you, it’s so much healthier since my neighbor started talking to it."
3124,517,6,15,66,87,1.3103448275862069,0.06397328203746312,588,"Nothing new here, darling"
2771,517,6,15,66,87,1.3103448275862069,0.06397328203746312,588,Would you date someone who insists calling you Esmeralda?
2731,517,6,15,66,87,1.3103448275862069,0.06397328203746312,588,"Look Mom, we all knew a Michigan-Notre Dame marriage would get a little stressful on game day..."
3341,517,6,15,66,87,1.3103448275862069,0.06397328203746312,588,"He's, like, modo-ish. Sortamodo. Kindamodo."
1945,517,4,19,64,87,1.3103448275862069,0.059648674770869235,588,Gotta go. Bell rang. Guy from the church next door wants something.
1942,517,6,15,66,87,1.3103448275862069,0.06397328203746312,588,Of course I have a hunch who it is.
799,517,6,15,66,87,1.3103448275862069,0.06397328203746312,588,"Yes officer, I'm quite sure it's not a giant ape."
606,517,7,13,67,87,1.3103448275862069,0.06602945570733366,588,"He's a gargoyle, but I don't mean that in a negative way."
405,517,5,17,65,87,1.3103448275862069,0.06184878825234062,588,Hard to say if it's a gargoyle or peeping Tom.
257,517,5,17,65,87,1.3103448275862069,0.06184878825234062,588,"THIS bell was NOT tolling for thee! It's my phone, the call was for me."
2255,517,2,23,62,87,1.3103448275862069,0.05498497966897016,588,Ever since we became a sanctuary city we’ve had all sort of novel characters appearing....
3958,532,5,17,66,88,1.3068181818181819,0.06124354516870644,588,"Yeah, send one with a big ladder. He's stuck up there again."
1486,532,7,13,68,88,1.3068181818181819,0.06537000737753366,588,"I'd say he's about a hop, skip, and jump away."
4269,532,3,21,64,88,1.3068181818181819,0.05681818181818182,588,I hope he is just a peeper and not a leaper.
1789,535,7,12,66,85,1.3058823529411765,0.06699539975796556,588,"I can't remember his name, but his face rings a bell."
2050,535,5,16,64,85,1.3058823529411765,0.06267503090620505,588,Height? I can't even guess.
2100,535,5,16,64,85,1.3058823529411765,0.06267503090620505,588,"Yes, 911? I think he's about to take a leap of faith..."
2131,535,4,18,63,85,1.3058823529411765,0.060399068322912315,588,Hugo says ‘Hi’.
2330,535,5,16,64,85,1.3058823529411765,0.06267503090620505,588,"Hold on, Quasimodo wants to Facetime."
2595,535,5,16,64,85,1.3058823529411765,0.06267503090620505,588,"He says he knows you, Esmeralda. Does that ring a bell?"
2706,535,4,18,63,85,1.3058823529411765,0.060399068322912315,588,"Same old, same old, a little shopping, water the plants, stare down the peeping gargoyle neighbors"
3732,535,6,14,65,85,1.3058823529411765,0.06487119194150578,588,He's asking if this is a sanctuary city.
3110,535,4,18,63,85,1.3058823529411765,0.060399068322912315,588,I've been thinking about moving.
3379,535,4,18,63,85,1.3058823529411765,0.060399068322912315,588,Hello St. Catherine's? Your hunchback is peeking through my window again.
3505,535,6,14,65,85,1.3058823529411765,0.06487119194150578,588,"Maybe a stalker, maybe a jumper. All I know is he's blocking our view of the Seine."
3904,535,7,12,66,85,1.3058823529411765,0.06699539975796556,588,"'Hmm ... not exactly. More like quasi-Quasimoto."""
4120,535,6,14,65,85,1.3058823529411765,0.06487119194150578,588,I would call this more of a Quasi-gentrified neighborhood.
1566,535,5,16,64,85,1.3058823529411765,0.06267503090620505,588,I hate hump day.
2813,535,4,18,63,85,1.3058823529411765,0.060399068322912315,588,Just a creepy peeping tom. What's happening with you?
1432,535,4,18,63,85,1.3058823529411765,0.060399068322912315,588,"It's not so bad, they let me ring the bell."
97,535,4,18,63,85,1.3058823529411765,0.060399068322912315,588,He does it the middle of every week ever since he over heard me say Wednesday is hump day
1062,535,6,14,65,85,1.3058823529411765,0.06487119194150578,588,Claude? It's Agnes. He's at it again.
90,535,4,18,63,85,1.3058823529411765,0.060399068322912315,588,My neighbors are quasi-normal
1428,535,5,16,64,85,1.3058823529411765,0.06267503090620505,588,"The view is nice, but the neighbors are quasi creepy."
125,535,4,18,63,85,1.3058823529411765,0.060399068322912315,588,This is why we need more public toilets.
136,535,5,16,64,85,1.3058823529411765,0.06267503090620505,588,"He's not very good looking, but he's on the ball!"
319,535,4,18,63,85,1.3058823529411765,0.060399068322912315,588,Remember that fairytale honeymoon I was promised?
389,535,5,16,64,85,1.3058823529411765,0.06267503090620505,588,Yeah. I know why the bells aren't ringing.
678,535,4,18,63,85,1.3058823529411765,0.060399068322912315,588,When they said it had a 'Parisian feel' this wasn't what I had in mind.
45,535,5,16,64,85,1.3058823529411765,0.06267503090620505,588,Sometimes Cupid throws you a curve.
846,535,5,16,64,85,1.3058823529411765,0.06267503090620505,588,"You won’t believe this, but there is a guy sitting on top of the bell tower who isn’t wearing pants."
900,535,6,14,65,85,1.3058823529411765,0.06487119194150578,588,The hunchback who notices dames
920,535,3,20,62,85,1.3058823529411765,0.058033916027249985,588,"I’m going to have to call you back, I’ve been challenged to a staring contest."
945,535,4,18,63,85,1.3058823529411765,0.060399068322912315,588,"Personally,I find the bell ringing more disturbing."
973,535,5,16,64,85,1.3058823529411765,0.06267503090620505,588,"Mom, you'll like him. He's a Music major from Notre Dame."
1046,535,6,14,65,85,1.3058823529411765,0.06487119194150578,588,"He worked so hard to get there, I hate to report him!"
764,535,8,10,67,85,1.3058823529411765,0.06905429482333114,588,Quasi wants to know what time you want the alarm set for tomorrow.
3294,568,8,10,68,86,1.302325581395349,0.06833923477830976,588,I hate hump day.
1543,568,5,16,65,86,1.302325581395349,0.062043997102317734,588,"No, Mom, he's not exactly like my old boyfriend Modo. He's quasi-modo."
3189,568,6,14,66,86,1.302325581395349,0.06421102232210543,588,"Mrs. Laughton? Yes, he did it again."
1284,568,5,16,65,86,1.302325581395349,0.062043997102317734,588,I love my new place. The view is so gothic.
1345,568,2,22,62,86,1.302325581395349,0.055033300307903404,588,The view? I'd say more Gothic than Romanesque.
2663,573,2,21,60,83,1.3012048192771084,0.05616539677765432,588,"I'm still single, but I gotta hunch who likes me."
4122,573,4,17,62,83,1.3012048192771084,0.06117408369344033,588,"I told him not to worry, this is a sanctuary city."
3794,573,5,15,63,83,1.3012048192771084,0.06353051924864452,588,I'd call it a quasi-good view.
3764,573,3,19,61,83,1.3012048192771084,0.058723165407373025,588,"We met online. He's not perfect but, with a little work I think I can straighten him out."
3542,573,4,17,62,83,1.3012048192771084,0.06117408369344033,588,I love my new place! It comes with a vieux.
3301,573,5,15,63,83,1.3012048192771084,0.06353051924864452,588,"Mother please, resoureful or not, he is not husband material."
3153,573,8,9,66,83,1.3012048192771084,0.07012632855649467,588,"Yes mother, I do happen to have a new suitor and he’s very attentive."
3078,573,5,15,63,83,1.3012048192771084,0.06353051924864452,588,"Sheriff, this is Esmerelda, he's doing it again."
3041,573,8,9,66,83,1.3012048192771084,0.07012632855649467,588,He calls me Esmeralda and I give him water. It's like that cartoon.
2384,573,4,17,62,83,1.3012048192771084,0.06117408369344033,588,"Mother, I don't think Eric is taking his medicine."
1528,573,5,15,63,83,1.3012048192771084,0.06353051924864452,588,It's just a hunch.
1791,573,3,19,61,83,1.3012048192771084,0.058723165407373025,588,"Yes Officer, but as peeping-toms go, this one deserves a medal."
1859,573,3,19,61,83,1.3012048192771084,0.058723165407373025,588,"He seems nice, but I can't see it ending happily."
655,573,7,11,65,83,1.3012048192771084,0.0679988499648567,588,"There's this guy out there asking me if he can borrow some molten lead."""
771,573,9,7,67,83,1.3012048192771084,0.07219113738599628,588,I can't tell if he's a real Modo or just a Quasimodo.
864,573,6,13,64,83,1.3012048192771084,0.06580262332363916,588,How far do you think Quasimodo can jump?
563,573,7,11,65,83,1.3012048192771084,0.0679988499648567,588,He's screaming SANCTUARY - are we democrats?
1111,573,7,11,65,83,1.3012048192771084,0.0679988499648567,588,"No, Honey, it's not Trump or Weinstein."
1344,573,4,17,62,83,1.3012048192771084,0.06117408369344033,588,"What time is it? Hold on, Mary. Let me ask this guy over here."
1022,573,0,25,58,83,1.3012048192771084,0.05066394254941716,588,I think I need to move to a higher floor.
80,593,4,17,63,84,1.2976190476190477,0.06054770551217313,588,He's sort of a quasi-stalker.
3785,593,2,21,61,84,1.2976190476190477,0.05560846318231704,588,Well the best description is that he looks uncannily like Eric Trump.
4174,593,6,13,65,84,1.2976190476190477,0.06511334815595471,588,Nature vs Percher
2648,596,5,14,62,81,1.2962962962962963,0.0644167671515781,588,"Monsignor ,this is Martha across the way, he's at it again ."
2265,596,3,18,60,81,1.2962962962962963,0.059432616799560044,588,"All that money, Donald, for the air rights above the cathedral, and that is the best you can do?"
2493,596,3,18,60,81,1.2962962962962963,0.059432616799560044,588,I've been quasi-seeing someone.
2553,596,3,18,60,81,1.2962962962962963,0.059432616799560044,588,I don't know. But his face rings a bell.
2926,596,5,14,62,81,1.2962962962962963,0.0644167671515781,588,He says he's looking for Sanctuary. Isn't that next to the omakase place in Brooklyn?
4054,596,7,10,64,81,1.2962962962962963,0.06904204400854536,588,"It's so cool, I found out we're both Notre Dame fans."
3398,596,5,14,62,81,1.2962962962962963,0.0644167671515781,588,That's why it's called a leap of faith
3697,596,5,14,62,81,1.2962962962962963,0.0644167671515781,588,I've got my first trick or treater!
3798,596,3,18,60,81,1.2962962962962963,0.059432616799560044,588,"I told him goth guys aren't my type, but he's not hearing me."
3894,596,9,6,66,81,1.2962962962962963,0.07337634354132944,588,"No, it is clearly not a peregrine falcon building a nest."
2247,596,6,12,63,81,1.2962962962962963,0.06676946806414795,588,"As a matter of fact, my neighborhood is actually quite diverse."
3351,596,4,16,61,81,1.2962962962962963,0.06197481678030189,588,"..oh, not much, just watering the plants and staring at the local hunchback. What's new with you?"
2236,596,4,16,61,81,1.2962962962962963,0.06197481678030189,588,"That reminds me, is Notre Dame in the Final Four?"
2412,596,5,14,62,81,1.2962962962962963,0.0644167671515781,588,"It's a hideous French Gothic, but I can't talk now. The owner's right here."
1948,596,2,20,59,81,1.2962962962962963,0.05677670265465144,588,My realtor did say the locals were resistant to change.
1619,596,6,12,63,81,1.2962962962962963,0.06676946806414795,588,I don't know. Some creep who says he used to play quarterback for Notre Dame.
1575,596,4,16,61,81,1.2962962962962963,0.06197481678030189,588,"Well, he does looks like his profile picture but when he said he was athletic, this isn't what I expected."
1554,596,6,12,63,81,1.2962962962962963,0.06676946806414795,588,"Yes officer, his face rings a bell."
1480,596,5,14,62,81,1.2962962962962963,0.0644167671515781,588,I have a hunch that this will become a problem
1404,596,4,16,61,81,1.2962962962962963,0.06197481678030189,588,"I have a hunch, but can you describe him?"
1275,596,6,12,63,81,1.2962962962962963,0.06676946806414795,588,That's just Goodell checking whether we stand for the anthem.
1214,596,3,18,60,81,1.2962962962962963,0.059432616799560044,588,"NOT SURE WHY BUT, I FEEL LIKE I'M IN A QUASI-RELATIONSHIP."
1110,596,6,12,63,81,1.2962962962962963,0.06676946806414795,588,I have a hunch backing out of my lease will be easy
832,596,6,12,63,81,1.2962962962962963,0.06676946806414795,588,Hi Mom. Nothing new. Just sent Billy out to play.
327,596,4,16,61,81,1.2962962962962963,0.06197481678030189,588,Can I call you later? It's time to feed the Hunchback.
82,596,5,14,62,81,1.2962962962962963,0.0644167671515781,588,is this weed any good?!?! Im hallucinating just watering it!!!
1997,596,4,16,61,81,1.2962962962962963,0.06197481678030189,588,I would like to report a leaping Tom.
3655,623,6,12,64,82,1.2926829268292683,0.06604909272061756,588,I have a hunch.
3168,623,4,16,62,82,1.2926829268292683,0.06132091327363013,588,"My realtor told me the place had ""old world charm."" I wish he had been more specific."
2515,623,5,14,63,82,1.2926829268292683,0.06372886729704523,588,The squatters are getting a lot bolder in the neighborhood!
365,623,3,18,61,82,1.2926829268292683,0.058814456407075076,588,I have a question about the 'sanctuary city' designation.
4276,627,3,17,59,79,1.2911392405063291,0.060162871913039526,588,Some troll is protesting the Anthem.
4240,627,7,9,63,79,1.2911392405063291,0.07012739076935087,588,"It's amazing, I had wondered if watering a plant this high up could attract birds - you'll never guess what's perched on the bell tower next door."
3995,627,4,15,60,79,1.2911392405063291,0.0628023972603587,588,"This gives a whole new meaning to the expression ""leap of faith!"""
3952,627,5,13,61,79,1.2911392405063291,0.06533537362310725,588,"I said we would meet at church choir, not spire."
3931,627,6,11,62,79,1.2911392405063291,0.06777374854096628,588,"I think you'll genuinely like this guy - he's really, really goth."
3749,627,2,19,58,79,1.2911392405063291,0.057402101111385204,588,""" This may be a good time to speak to him about those damn bells""."
3524,627,5,13,61,79,1.2911392405063291,0.06533537362310725,588,Don't they have a ledge in Wall street for that kind of thing?
3510,627,3,17,59,79,1.2911392405063291,0.060162871913039526,588,"Sorry but I clearly ordered a hatchback for our children's game, not a hunchback of Notre Dame."
2971,627,5,13,61,79,1.2911392405063291,0.06533537362310725,588,What do you mean how do I know it's hump day?
2890,627,6,11,62,79,1.2911392405063291,0.06777374854096628,588,"Oh, it's just a hunch I have."
2572,627,1,21,57,79,1.2911392405063291,0.05450166297626689,588,Is that you Esmeralda?
2539,627,4,15,60,79,1.2911392405063291,0.0628023972603587,588,"You know, the music was loud at the club and I thought he said he was the quarterback at Notre Dame..."
2420,627,2,19,58,79,1.2911392405063291,0.057402101111385204,588,I'm growing a privacy hedge.
2488,627,3,17,59,79,1.2911392405063291,0.060162871913039526,588,At least he stopped ringing the bell at all hours.
2169,627,8,7,64,79,1.2911392405063291,0.07240456395104074,588,"No no, I asked for a HALFBACK!"
1731,627,3,17,59,79,1.2911392405063291,0.060162871913039526,588,And he thinks I'm going to like him just because my name's Esmeralda.
1636,627,6,11,62,79,1.2911392405063291,0.06777374854096628,588,And... pepper spray.
1634,627,2,19,58,79,1.2911392405063291,0.057402101111385204,588,"Yes, he's really on the ball."
1173,627,5,13,61,79,1.2911392405063291,0.06533537362310725,588,"Hold on, my voyeur's back."
1165,627,4,15,60,79,1.2911392405063291,0.0628023972603587,588,I’ve got a hunch I’m being watched
961,627,4,15,60,79,1.2911392405063291,0.0628023972603587,588,I fed him once and now I can't get rid of him.
929,627,4,15,60,79,1.2911392405063291,0.0628023972603587,588,"He's Catholic, but I don't think birth control will be a problem."
714,627,4,15,60,79,1.2911392405063291,0.0628023972603587,588,His face rings a bell
713,627,4,15,60,79,1.2911392405063291,0.0628023972603587,588,"Yeah, so this stupid plant seems to be coming back. Ok, weird question: do you know if hunchbacks can jump?"
588,627,8,7,64,79,1.2911392405063291,0.07240456395104074,588,"Yes, officer.. I would describe him as a dumb eyed, badly shorn, sighing circle steeple sitter."
211,627,5,13,61,79,1.2911392405063291,0.06533537362310725,588,"...yes officer. He keeps asking, Desdemona? And I keep insisting that it's a begonia."
2314,627,4,15,60,79,1.2911392405063291,0.0628023972603587,588,He did say the remodel was going to be mid-century.
1739,654,3,16,57,76,1.2894736842105263,0.06160368374062961,588,"Actually, the word is ""gargoyle"""
4074,655,7,9,64,80,1.2875,0.06934081578822976,588,It's Esmeralda. I think I'm being stalked.
3647,655,3,17,60,80,1.2875,0.05951744239604964,588,"Hi Mom. Yeah, so you know how you told me to give that odd looking Catholic boy a glass of water the other day. I'm getting the sense he's the clingy type."
2094,655,7,9,64,80,1.2875,0.06934081578822976,588,"On the other hand, I never have to set my alarm."
1596,655,4,15,61,80,1.2875,0.06211909244000285,588,"Professor Kay, this is Jodie from your art history class. One more time, what's the difference between a gargoyle and a grotesque?"
2994,655,5,13,62,80,1.2875,0.06461607649627257,588,This is not the Parisian view I signed up for.
2674,660,6,10,61,77,1.2857142857142858,0.06881762592622094,588,Gotta go. My parkour coach is here.
3382,660,4,14,59,77,1.2857142857142858,0.06365798173681603,588,My boyfriend wants to know if the Irish beat the spread.
3573,660,4,14,59,77,1.2857142857142858,0.06365798173681603,588,"Hold on, Arthur forgot his keys again"
3688,660,5,12,60,77,1.2857142857142858,0.06628802409532993,588,"Hold on, the pervert of Notre-Dame is here again."
3699,660,4,14,59,77,1.2857142857142858,0.06365798173681603,588,"Yes, I know, and I've told him a thousand times, ""Your posture is going put a hunch in your back."" Men. I bet he's not hearing a word I say."
3733,660,3,16,58,77,1.2857142857142858,0.060914490387317256,588,"Honey, I gotta go, there's a church guy staring at me"
3742,660,3,16,58,77,1.2857142857142858,0.060914490387317256,588,You're taking stalking to new heights.
4010,660,6,10,61,77,1.2857142857142858,0.06881762592622094,588,I have a hunch that he's back.
4111,660,3,16,58,77,1.2857142857142858,0.060914490387317256,588,"He likes New York well enough, but sometimes he gets homesick for his old place."
4208,660,4,14,59,77,1.2857142857142858,0.06365798173681603,588,"It wasn’t here this morning, so I’m beginning to think it’s not a gargoyle at all."
4227,660,4,14,59,77,1.2857142857142858,0.06365798173681603,588,There's just one small problem: he's French.
2556,660,2,18,57,77,1.2857142857142858,0.05804146482893355,588,"Hi, Mom? I'm pretty sure I'm being stalked, but its just a hunch."
3870,660,2,18,57,77,1.2857142857142858,0.05804146482893355,588,"Well, Mom, the good news is that he goes to church, and he's far more interested in me than I am in him."
2246,660,3,16,58,77,1.2857142857142858,0.060914490387317256,588,He has taken the act of being a peeping tom to new heights.
4141,660,0,22,55,77,1.2857142857142858,0.051819732150715114,588,"When the realtor said the place had a quasi view, it definitely wasn't what I had in mind."
1865,660,2,18,57,77,1.2857142857142858,0.05804146482893355,588,I want to report an illegal squatter.
1824,660,5,12,60,77,1.2857142857142858,0.06628802409532993,588,Could I please have the number for the Paris archdiocese?
1804,660,2,18,57,77,1.2857142857142858,0.05804146482893355,588,"Actually, he looks exactly like his Tinder picture."
1641,660,4,14,59,77,1.2857142857142858,0.06365798173681603,588,I'd term him special needs with a literate background.
1129,660,7,8,62,77,1.2857142857142858,0.07125748478426328,588,"Well, I guess he didn't read the part about staying 500 feet away from a church or school..."
1101,660,2,18,57,77,1.2857142857142858,0.05804146482893355,588,Just wondering. Do you ever read the classics?
974,660,4,14,59,77,1.2857142857142858,0.06365798173681603,588,"Actually, he is a well-balanced guy, but everything else in his profile is a crock."
798,660,5,12,60,77,1.2857142857142858,0.06628802409532993,588,It's a funny thing - I didn't know that there was a monument to Victor Hugo in our neighborhood.
773,660,2,18,57,77,1.2857142857142858,0.05804146482893355,588,"Yes, hi. I'd like my deposit back. You explicitly said he would remain inside the bell tower."
683,660,4,14,59,77,1.2857142857142858,0.06365798173681603,588,"HelloParis,I'd like your lost and found department"
679,660,5,12,60,77,1.2857142857142858,0.06628802409532993,588,"Yeah, the guy from last Wednesday. The pepper spray didn’t reach."
513,660,6,10,61,77,1.2857142857142858,0.06881762592622094,588,This guy has a lot of balls.
1923,660,4,14,59,77,1.2857142857142858,0.06365798173681603,588,"He's not taking the break-up well, Esmeralda."
498,660,4,14,59,77,1.2857142857142858,0.06365798173681603,588,"No, I'm not surprised by it. We are a sanctuary city after all."
481,660,2,18,57,77,1.2857142857142858,0.05804146482893355,588,"As gargoyles go, he's pretty unthreatening."
278,660,5,12,60,77,1.2857142857142858,0.06628802409532993,588,"One of these days I will meet someone who is determined, courageous, and a bit of a daredevil."
3869,691,6,11,64,81,1.2839506172839505,0.06628261578047466,588,He says to tell you this is no longer a sanctuary city.
2035,692,3,16,59,78,1.2820512820512822,0.06023993511530318,588,"I don't know, but he kinda looks like your ex."
3652,692,2,18,58,78,1.2820512820512822,0.05740948919556421,588,"Mom, but he's a musician with a fulltime job and housing."
4219,692,3,16,59,78,1.2820512820512822,0.06023993511530318,588,I don't understand how he knew I was having an affair.
1245,692,5,12,61,78,1.2820512820512822,0.0655351085197591,588,You’re gonna love him. He’s French!
2631,696,3,15,57,75,1.28,0.061687968076484787,588,"Hi honey, quick question. How far can a hunchback long jump?"
2667,696,4,13,58,75,1.28,0.06454274371116994,588,"honey, have you noticed the new gargoyle on the cathedral?"
2696,696,4,13,58,75,1.28,0.06454274371116994,588,"Yeah, parkour, all weekend... This one's just not moving along, though."
2809,696,5,11,59,75,1.28,0.06727649014422592,588,The Nosy Hunchback of Notre Dame.
2884,696,3,15,57,75,1.28,0.061687968076484787,588,"Just a hunch, but I think I'm being watched."
2898,696,5,11,59,75,1.28,0.06727649014422592,588,"He's back.......Listen, I'm putting you on speaker you tell him."
3096,696,3,15,57,75,1.28,0.061687968076484787,588,"Weird, he just stares and calls me Esmeralda."
3010,696,3,15,57,75,1.28,0.061687968076484787,588,Esmeralda? It's him again. I had a hunch he'd be back.
3018,696,5,11,59,75,1.28,0.06727649014422592,588,I'm thinking the hump isn't enough of a counterbalance.
3202,696,5,11,59,75,1.28,0.06727649014422592,588,I have a hunch the neighborhood association will have something to say about this.
4260,696,6,9,60,75,1.28,0.06990340826087443,588,He's lost his keys again.
3549,696,3,15,57,75,1.28,0.061687968076484787,588,Same old story: his Tinder photo looked a lot better.
3566,696,5,11,59,75,1.28,0.06727649014422592,588,He's either taking a crap or he took one.
3581,696,6,9,60,75,1.28,0.06990340826087443,588,"Nothing new here, how about you?"
3762,696,3,15,57,75,1.28,0.061687968076484787,588,How do you say 'I'm calling the cops' in French?
3822,696,4,13,58,75,1.28,0.06454274371116994,588,"Yeah, we bought in an older building, but like our realtor said, at least the neighborhood is quasi-modern."
3824,696,5,11,59,75,1.28,0.06727649014422592,588,I think you’re overwatering.
4041,696,2,17,56,75,1.28,0.05869450608911404,588,"I think he asked me out, but my ears were ringing."
4093,696,3,15,57,75,1.28,0.061687968076484787,588,"say, I think I have a secret admirer"
2558,696,2,17,56,75,1.28,0.05869450608911404,588,My ex has gone to great lengths to continue stalking me.
4270,696,4,13,58,75,1.28,0.06454274371116994,588,Even squatters are having a hard time finding space around here.
3205,696,4,13,58,75,1.28,0.06454274371116994,588,"It's just a hunch, but I think he's a voyeur."
2513,696,6,9,60,75,1.28,0.06990340826087443,588,I would say we have a quasi relationship.
2658,696,5,11,59,75,1.28,0.06727649014422592,588,Do you want some water?
2386,696,5,11,59,75,1.28,0.06727649014422592,588,"No, not quesadilla, Quasimodo!"
137,696,5,11,59,75,1.28,0.06727649014422592,588,"That's too much water. Trust me, I have a hunch about these things."
272,696,4,13,58,75,1.28,0.06454274371116994,588,Hold on a second. The delivery man's here.
426,696,6,9,60,75,1.28,0.06990340826087443,588,I'm tired of quasi-relationships.
438,696,4,13,58,75,1.28,0.06454274371116994,588,"Oh, just another downside of living on Avenue Victor Hugo."
613,696,3,15,57,75,1.28,0.061687968076484787,588,Whatever happened to secret admirers?
819,696,4,13,58,75,1.28,0.06454274371116994,588,"Quasi, it's for you."
850,696,4,13,58,75,1.28,0.06454274371116994,588,That name rings a bell.
1023,696,5,11,59,75,1.28,0.06727649014422592,588,But how do I tell if he's the Disney or the Hugo version?
1155,696,4,13,58,75,1.28,0.06454274371116994,588,"Oh, by the way, do you happen to know if Notre Dame won today?"
132,696,7,7,61,75,1.28,0.07243512163893182,588,Help! I've gotten up and I can't fall down!
1283,696,3,15,57,75,1.28,0.061687968076484787,588,Did someone named Esmeralda live here before?
1394,696,5,11,59,75,1.28,0.06727649014422592,588,Now I have a hunch why this apartment was so cheap.
1541,696,4,13,58,75,1.28,0.06454274371116994,588,"Hang on, someone else is ringing me."
1763,696,0,21,54,75,1.28,0.05219506034410081,588,"I don’t know if he’s *the* hunchback, but he’s definitely *a* hunchback of Notre Dame, and you’ll need to send the fire department."
1793,696,8,5,62,75,1.28,0.07488128743021989,588,I could fertilize that for you.
1816,696,4,13,58,75,1.28,0.06454274371116994,588,"Don’t worry Harold, I won’t get water on your precious building."
2136,696,4,13,58,75,1.28,0.06454274371116994,588,"Josh left me again, and this time he's blaming the church."
2218,696,6,9,60,75,1.28,0.06990340826087443,588,I dunno... I'd say he's quasi-creepy.
2451,696,2,17,56,75,1.28,0.05869450608911404,588,Hold on I think I may have found a date.
2249,696,7,7,61,75,1.28,0.07243512163893182,588,He wants to know if this is a sanctuary city.
1373,696,5,11,59,75,1.28,0.06727649014422592,588,He's had a hard time giving me space since the breakup.
26,696,7,7,61,75,1.28,0.07243512163893182,588,He's like my quasi-neighbor.
4045,743,3,15,58,76,1.2763157894736843,0.06098226434871825,588,"I'm telling you, this guy's really on the ball."
324,743,5,11,60,76,1.2763157894736843,0.06648752477767439,588,I wish that creepy girl next door would stop watching me.
1949,745,3,14,56,73,1.273972602739726,0.062483708600018305,588,"Officer, his face rings a bell..."
2125,745,1,18,54,73,1.273972602739726,0.05606406008131815,588,That creepy guy from church is here again.
2276,745,5,10,58,73,1.273972602739726,0.06830262694818078,588,Notre Dame at Miami.
2512,745,5,10,58,73,1.273972602739726,0.06830262694818078,588,Same ol' same ol'. How about you?
2637,745,4,12,57,73,1.273972602739726,0.06545785930060023,588,I had a hunch he was back
2654,745,5,10,58,73,1.273972602739726,0.06830262694818078,588,I'm watering my neighbors plant while he's at church
2691,745,3,14,56,73,1.273972602739726,0.062483708600018305,588,My view is just crazy.
2949,745,1,18,54,73,1.273972602739726,0.05606406008131815,588,I hear he bought the air rights in the 80s...
3052,745,4,12,57,73,1.273972602739726,0.06545785930060023,588,I dunno but his face rings a bell.
3066,745,5,10,58,73,1.273972602739726,0.06830262694818078,588,I'll take the creeps over pigeons any day.
3067,745,8,4,61,73,1.273972602739726,0.0762023710880303,588,What should I do? I've never been trolled in person before.
3083,745,6,8,59,73,1.273972602739726,0.07103355792741574,588,"No, not all the time. Just when the phone rings."
3135,745,3,14,56,73,1.273972602739726,0.062483708600018305,588,"Sorry to bother you, ma'am, but would you like to buy some Gargoyle Scout cookies?"
3164,745,4,12,57,73,1.273972602739726,0.06545785930060023,588,"I'm getting a stalker vibe, but he insists it's a Neighborhood Watch Program."
3167,745,1,18,54,73,1.273972602739726,0.05606406008131815,588,You'll like him. He's got a kind of Charles Laughton / Anthony Quinn / Mandy Patinkin vibe.
3191,745,3,14,56,73,1.273972602739726,0.062483708600018305,588,"It's modern, but with old world charm."
3328,745,4,12,57,73,1.273972602739726,0.06545785930060023,588,"Well, he's church-going... and extremely stable... but not your typical boy-next-door type at all. You'll like him."
3342,745,4,12,57,73,1.273972602739726,0.06545785930060023,588,"And after all these years, we met through my chiropractor."
4217,745,2,16,55,73,1.273972602739726,0.0593607305936073,588,"Once you’ve been to Paris, it’s always with you"
3842,745,3,14,56,73,1.273972602739726,0.062483708600018305,588,I want to report a peeping Quasimodo.
3891,745,4,12,57,73,1.273972602739726,0.06545785930060023,588,He takes Halloween very seriously.
4011,745,2,16,55,73,1.273972602739726,0.0593607305936073,588,"No Mom, I don't think I should I should give him a chance."
4086,745,7,6,60,73,1.273972602739726,0.07366331417763324,588,"He says he’d like a drink, and to hang out"
3136,745,3,14,56,73,1.273972602739726,0.062483708600018305,588,I think he's a squatter.
1754,745,5,10,58,73,1.273972602739726,0.06830262694818078,588,"All I said was ""what would it take to get you to stop ringing that bell every hour?""."
314,745,5,10,58,73,1.273972602739726,0.06830262694818078,588,"No, but his face rings a bell."
1364,745,2,16,55,73,1.273972602739726,0.0593607305936073,588,"Whoever this Esmeralda is, she has a serious stalker."
1431,745,4,12,57,73,1.273972602739726,0.06545785930060023,588,His face rings a bell
10,745,4,12,57,73,1.273972602739726,0.06545785930060023,588,"He says his name is Quasimodo, and even though I tell him my name is Helen, he keeps calling me Esmeralda!"
34,745,6,8,59,73,1.273972602739726,0.07103355792741574,588,"Officer, there's a pantsless man on a tower outsi-- no not that tower sir."
70,745,4,12,57,73,1.273972602739726,0.06545785930060023,588,He says he's a halfback or something so maybe it's a protest.
312,745,4,12,57,73,1.273972602739726,0.06545785930060023,588,"911? I'm calling to report that a gargoyle has come to life and is trying to look in my windows, and no, I'm not just some New York nut job."
366,745,4,12,57,73,1.273972602739726,0.06545785930060023,588,"I haven't been to the church yet, but the new preacher looks interesting."
412,745,2,16,55,73,1.273972602739726,0.0593607305936073,588,"Yes, police, there's a creepy guy staring at me right now. Yes the one hundredth third floor."
449,745,4,12,57,73,1.273972602739726,0.06545785930060023,588,Quasimodo had to step out for a minute. May I take a message?
488,745,5,10,58,73,1.273972602739726,0.06830262694818078,588,"If the bells weren't bad enough, now I've got a peeping hunchback!"
507,745,6,8,59,73,1.273972602739726,0.07103355792741574,588,"Don't worry, Mom. The city is like a Disney movie."
653,745,4,12,57,73,1.273972602739726,0.06545785930060023,588,"Mom, I know you told me to move to a higher floor to keep the Peeping Toms away, but one guy is really persistent!"
497,745,1,18,54,73,1.273972602739726,0.05606406008131815,588,We met on Tumblr...I'd say we're quasi-dating.
760,745,2,16,55,73,1.273972602739726,0.0593607305936073,588,He's literally staring at me.
789,745,7,6,60,73,1.273972602739726,0.07366331417763324,588,"Hello, is this Notre-Dame Cathedral. I found the hunchback."
910,745,2,16,55,73,1.273972602739726,0.0593607305936073,588,You seriously need to learn to Skype!
1054,745,4,12,57,73,1.273972602739726,0.06545785930060023,588,I'm glad we paid extra for the authentic French view
1160,745,4,12,57,73,1.273972602739726,0.06545785930060023,588,Did you lose your keys again?
1209,745,3,14,56,73,1.273972602739726,0.062483708600018305,588,"No Barb, haven’t told him yet... I just don’t think it’s going to go well."
1270,745,4,12,57,73,1.273972602739726,0.06545785930060023,588,He’s doing it again. I tossed him my chiropractor’s card.
1274,745,3,14,56,73,1.273972602739726,0.062483708600018305,588,the chiropractor is one floor up.
1282,745,3,14,56,73,1.273972602739726,0.062483708600018305,588,"""Why don't I think this date is gonna work out?"" I don't know. Probably just a hunch..."
1299,745,5,10,58,73,1.273972602739726,0.06830262694818078,588,I have to call you back. The super's finally here.
723,745,4,12,57,73,1.273972602739726,0.06545785930060023,588,The bells are not as big a problem as you would think.
77,795,2,15,53,70,1.2714285714285714,0.06077971142990491,588,"Call me crazy, but he rings my bell."
3273,796,2,16,56,74,1.2702702702702702,0.058669997155247115,588,"Quasimodo? No, sorry -- that name doesn't ring a bell."
3938,796,3,14,57,74,1.2702702702702702,0.061744650077089916,588,I've got a hunch about this guy I'm seeing!
3358,796,4,12,58,74,1.2702702702702702,0.06467329479845492,588,Maybe we should stop meeting like this
2712,796,4,12,58,74,1.2702702702702702,0.06467329479845492,588,Did you know NYU even had a hunchback?!
2473,796,3,14,57,74,1.2702702702702702,0.061744650077089916,588,"In Europe, you know if it's a Catholic or a Protestant church by if there's a rooster or a cross on its top. But I'm not sure here."
2665,796,3,14,57,74,1.2702702702702702,0.061744650077089916,588,"Hi deacon, it's Esmeralda. He's on the roof again."
1787,796,4,12,58,74,1.2702702702702702,0.06467329479845492,588,I think I know why this place was so cheap.
1252,796,1,18,55,74,1.2702702702702702,0.05542504234776126,588,I kinda regret we became a sanctuary city.
2700,796,4,12,58,74,1.2702702702702702,0.06467329479845492,588,"Hello, Ashley Madison? I'd like to cancel my trial membership."
3450,805,3,12,52,67,1.2686567164179106,0.0658318017406144,588,"Yes Officer, I caught him trying to ...well water my plant from afar, please hurry"
2770,806,4,11,56,71,1.267605633802817,0.06640448725132939,588,"Trust me Officer, he's ""high""!"
2947,806,7,5,59,71,1.267605633802817,0.0749453093120347,588,"Okay, Esmeralda, I'll tell him."
3170,806,5,9,57,71,1.267605633802817,0.06936836753184766,588,No mobile? Ring the big bell next time. I will come down.
3209,806,4,11,56,71,1.267605633802817,0.06640448725132939,588,"Yeah, he's creepy, but the realtor promised me that he can't clear the jump."
3227,806,1,17,53,71,1.267605633802817,0.05658897831157036,588,"Oh, I'm just watching another weird world record being broke."
3366,806,5,9,57,71,1.267605633802817,0.06936836753184766,588,"Look officer, I don't know much about football but this guy keeps saying he played hunchback at Notre Dame."
3377,806,2,15,54,71,1.267605633802817,0.06003937835511715,588,I’m suing the seller for non-disclosure.
3461,806,4,11,56,71,1.267605633802817,0.06640448725132939,588,Notre Dame de la Gentrification.
3504,806,4,11,56,71,1.267605633802817,0.06640448725132939,588,I think I need to stop using dating apps
3582,806,4,11,56,71,1.267605633802817,0.06640448725132939,588,"This is a sanctuary city, so I said yeah, fine whatever."
3620,806,5,9,57,71,1.267605633802817,0.06936836753184766,588,"Yeah, I see him. I just don't think he's my type..."
3631,806,2,15,54,71,1.267605633802817,0.06003937835511715,588,I think I need a taller plant.
3660,806,3,13,55,71,1.267605633802817,0.06330198606829361,588,It was either this or a brick wall.
3973,806,4,11,56,71,1.267605633802817,0.06640448725132939,588,The restraining order expired.
4028,806,4,11,56,71,1.267605633802817,0.06640448725132939,588,"I knocked twice on the pipe Mom, but he's still there."
4129,806,4,11,56,71,1.267605633802817,0.06640448725132939,588,"Ah, what the hell... Swipe right."
2714,806,3,13,55,71,1.267605633802817,0.06330198606829361,588,"Hello, Rid-A-Troll?"
2537,806,4,11,56,71,1.267605633802817,0.06640448725132939,588,Not much...Oh...they just installed a new weather vane on the church.
1297,806,0,19,52,71,1.267605633802817,0.05291406220869695,588,"OK, Mom, but if he jumps over, I 'll know he's serious."
2425,806,3,13,55,71,1.267605633802817,0.06330198606829361,588,Just a hunch. Back to you.
268,806,3,13,55,71,1.267605633802817,0.06330198606829361,588,"Igor, I think you'd be more effective in your new job if you stood up straight and held your arms out."
269,806,3,13,55,71,1.267605633802817,0.06330198606829361,588,"Gotta go, my ride's here."
409,806,3,13,55,71,1.267605633802817,0.06330198606829361,588,I would say the view from my balcony is Quasi good.
506,806,3,13,55,71,1.267605633802817,0.06330198606829361,588,"He's a moron, on top, but no comb-over"
561,806,2,15,54,71,1.267605633802817,0.06003937835511715,588,I have a hunch who’s been calling me in the middle of the night.
670,806,5,9,57,71,1.267605633802817,0.06936836753184766,588,"Same sh#t, different day. How about you?"
2467,806,6,7,58,71,1.267605633802817,0.0722106979675105,588,You won't believe the trick I just taught him!
959,806,2,15,54,71,1.267605633802817,0.06003937835511715,588,"Well, he's better looking than a gargoyle."
1531,806,5,9,57,71,1.267605633802817,0.06936836753184766,588,Peeping Lon.
1560,806,4,11,56,71,1.267605633802817,0.06640448725132939,588,Jump? Hugo First.
1814,806,3,13,55,71,1.267605633802817,0.06330198606829361,588,"No, ‘he rings Our Lady's bell’ isn't a euphemism."
2036,806,4,11,56,71,1.267605633802817,0.06640448725132939,588,Just my luck to be stuck next to a church that provides sanctuary to peeping Toms.
2117,806,3,13,55,71,1.267605633802817,0.06330198606829361,588,I think I liked the incessant bell ringing more than the leering stares.
2323,806,5,9,57,71,1.267605633802817,0.06936836753184766,588,"I agree, that was the best mushroom pizza I've ever had."
1460,806,4,11,56,71,1.267605633802817,0.06640448725132939,588,It looks like the Peeping Tom of Notre Dame is back.
1262,841,3,14,58,75,1.2666666666666666,0.06102232152027424,588,"Hump. I said hump, not hunk."
3682,842,3,12,53,68,1.2647058823529411,0.06497668609658862,588,"No, Quasi, for the last time I am not interested in a private tour with you."
3724,843,4,11,57,72,1.2638888888888888,0.06558111355584913,588,"Mom, remember telling me when falling in love, looks aren't ""everything""?"
2044,843,4,11,57,72,1.2638888888888888,0.06558111355584913,588,I told him I'd rather go out with a gargoyle
1115,843,3,13,56,72,1.2638888888888888,0.0625271632852148,588,"Well, he's a little weird. But on the plus side, he's been offered a place at Notre Dame!"
1256,843,2,15,55,72,1.2638888888888888,0.05931618532716555,588,"Just passing by, and wondered if you'd like to have lunch."
3029,847,1,15,49,65,1.2615384615384615,0.05914829422780653,588,Our new place has a hideous view.
2053,848,2,14,53,69,1.2608695652173914,0.06072934769429054,588,I guess the Craigslist ad did say 'sunny apartment located On Broadway'
2132,848,4,10,55,69,1.2608695652173914,0.0673837412910942,588,He's a ringer for my first husband.
2393,848,2,14,53,69,1.2608695652173914,0.06072934769429054,588,"Yeah, the plant watcher just got here before we leave."
2466,848,5,8,56,69,1.2608695652173914,0.07047571248232014,588,Phase Three will have a view of Moby Dick
2638,848,5,8,56,69,1.2608695652173914,0.07047571248232014,588,"Yep, he's watching me like a hawk."
2769,848,2,14,53,69,1.2608695652173914,0.06072934769429054,588,"oh hell, the guy sitting on the church spire is blocking the sun from my plant"
2825,848,4,10,55,69,1.2608695652173914,0.0673837412910942,588,"No, but he wants me to throw him a thing of toilet paper…"
2910,848,3,12,54,69,1.2608695652173914,0.0641428961840637,588,"Oh, not much. The guy from Match.com is still pestering me."
3361,848,3,12,54,69,1.2608695652173914,0.0641428961840637,588,I'll take Notre Dame and 3 for 100.
3845,848,3,12,54,69,1.2608695652173914,0.0641428961840637,588,"Oh gosh, is it Humpday already?"
4193,848,2,14,53,69,1.2608695652173914,0.06072934769429054,588,I just thought of someone who can look after the plants.
4198,848,2,14,53,69,1.2608695652173914,0.06072934769429054,588,"Oh, not much, just watching Igor."
4252,848,3,12,54,69,1.2608695652173914,0.0641428961840637,588,"I'll say this for him, he's on the ball."
3166,848,5,8,56,69,1.2608695652173914,0.07047571248232014,588,"OMG, look out your window, Sara. It's Weinstein again. Watch this, I'm gonna toss him some panties."
2002,848,1,16,52,69,1.2608695652173914,0.05711213716775524,588,The new neighbor is that gargoyle-next-door type.
3666,848,3,12,54,69,1.2608695652173914,0.0641428961840637,588,"I don't care if he DID make confession at St Patrick's, Mr. Weinstein STILL makes me uncomfortable!"
1823,848,3,12,54,69,1.2608695652173914,0.0641428961840637,588,He says he owns the air rights.
1971,848,4,10,55,69,1.2608695652173914,0.0673837412910942,588,I didn't think to ask what 'unique city views' meant.
55,848,2,14,53,69,1.2608695652173914,0.06072934769429054,588,You'll never believe who I just ran into out on the balcony.
124,848,3,12,54,69,1.2608695652173914,0.0641428961840637,588,"Quasimodo? Yeah, that name rings a bell."
330,848,2,14,53,69,1.2608695652173914,0.06072934769429054,588,I have a hunch he'll be back.
400,848,4,10,55,69,1.2608695652173914,0.0673837412910942,588,The view is like something out of a Disney movie.
626,848,4,10,55,69,1.2608695652173914,0.0673837412910942,588,"Actually, my name IS Esmeralda. How did you guess?"
700,848,3,12,54,69,1.2608695652173914,0.0641428961840637,588,"He seems to be staring at my foliage, not my cleavage."
567,848,7,4,58,69,1.2608695652173914,0.07628460505830607,588,"Hi, I'd like to check on the status of my BB gun order."
847,848,3,12,54,69,1.2608695652173914,0.0641428961840637,588,"Well, Mom, he’s right next door—outdoorsy, daring…kinda short."
858,848,3,12,54,69,1.2608695652173914,0.0641428961840637,588,Gotta go. My parkour instructor is here.
1141,848,4,10,55,69,1.2608695652173914,0.0673837412910942,588,I'm so sick of Rent Control.
1199,848,3,12,54,69,1.2608695652173914,0.0641428961840637,588,Do you sometimes get a weird hunch?
1324,848,5,8,56,69,1.2608695652173914,0.07047571248232014,588,I think Cirque du Soleil just arrived in town.
1696,848,2,14,53,69,1.2608695652173914,0.06072934769429054,588,I just wish someone interesting would show up in my life.
785,848,4,10,55,69,1.2608695652173914,0.0673837412910942,588,I think the neighbor's a little bent out of shape.
2931,880,4,11,58,73,1.2602739726027397,0.0647774473018772,588,"Yeah, he's back again. I blame Victor Hugo."
2636,881,3,12,55,70,1.2571428571428571,0.06332967501381806,588,"I'm trying to talk him down, Esmeralda."
157,881,1,16,53,70,1.2571428571428571,0.05641356563327061,588,Harvey Weinstein's new job is a gargoyle.
2909,881,4,10,56,70,1.2571428571428571,0.06651861703541385,588,"Honey, we're out of toilet paper!"
2791,881,4,10,56,70,1.2571428571428571,0.06651861703541385,588,"Quasi-attractive? Yeah, I guess he is."
2240,881,5,8,57,70,1.2571428571428571,0.06956152016202845,588,"When I asked him if he remembers how he got up there he said ""nothing rings a bell""."
2022,881,4,10,56,70,1.2571428571428571,0.06651861703541385,588,"Listen, I'll let you go. I invited that nice hunchback from across the street over for coffee and sanctuary."
1957,881,2,14,54,70,1.2571428571428571,0.05997140203803452,588,"Just a hunch, but I think Notre Dame football is going to be back this year."
787,881,3,12,55,70,1.2571428571428571,0.06332967501381806,588,I have a hunch he’s stalking me.
527,881,3,12,55,70,1.2571428571428571,0.06332967501381806,588,"No, not gargle, I said gargoyle."
162,881,5,8,57,70,1.2571428571428571,0.06956152016202845,588,"I gotta let you go, Jimmy ate too many brownies again."
1901,891,3,11,53,67,1.2537313432835822,0.06500629194781041,588,"Sorry, some relatives arrived. Gotta go, bye."
1964,891,2,13,52,67,1.2537313432835822,0.061429097001586906,588,"Yes, I'm sure he's a hunchback, and no, it's not Notre Dame."
2961,891,4,9,54,67,1.2537313432835822,0.06839665216352,588,"Well the doctor recommended a squatty potty, but you know how Phil always goes to extremes."
2858,891,3,11,53,67,1.2537313432835822,0.06500629194781041,588,It's not the gargle that freaks me out.
2796,891,3,11,53,67,1.2537313432835822,0.06500629194781041,588,"Front Desk? I hate to be a pest, but the new No Solicitors sign does NOT work."
2720,891,3,11,53,67,1.2537313432835822,0.06500629194781041,588,Can I get back to you babe? I've got Quasimodo on hold.
2585,891,3,11,53,67,1.2537313432835822,0.06500629194781041,588,I had a hunch you'd call.
2335,891,2,13,52,67,1.2537313432835822,0.061429097001586906,588,"Yes, I know I voted for it but I didn't think that this is what they meant by making this a sanctuary city."
3407,891,3,11,53,67,1.2537313432835822,0.06500629194781041,588,Oh it’s fine; he’s just the house-sitter.
2316,891,5,7,55,67,1.2537313432835822,0.07162671332366949,588,"I want to get closer, but he keeps telling me he's not ready to make the leap."
2250,891,3,11,53,67,1.2537313432835822,0.06500629194781041,588,"Yeah, well he's 'quasi' freaking me out."
2233,891,4,9,54,67,1.2537313432835822,0.06839665216352,588,"No, not a gargoyle, more like a Gary."
2189,891,5,7,55,67,1.2537313432835822,0.07162671332366949,588,Can I call you back? Notre Tom is eavesdropping again.
2092,891,3,11,53,67,1.2537313432835822,0.06500629194781041,588,...he's asking if he can borrow some sugar...
2443,891,3,11,53,67,1.2537313432835822,0.06500629194781041,588,It's really more than just a feeling I'm being watched.
3413,891,3,11,53,67,1.2537313432835822,0.06500629194781041,588,"Honestly, you would think that ringing that bell got him enough attention."
3971,891,2,13,52,67,1.2537313432835822,0.061429097001586906,588,He doesn't just look like him - he's a dead ringer.
3531,891,4,9,54,67,1.2537313432835822,0.06839665216352,588,"I like the view, but privacy is an issue."
1877,891,2,13,52,67,1.2537313432835822,0.061429097001586906,588,Mr. Moto says hello
4275,891,1,15,51,67,1.2537313432835822,0.057630286517219284,588,Can you please not ring that bell while I'm on the phone?
4199,891,4,9,54,67,1.2537313432835822,0.06839665216352,588,Hold on a sec. Igor wants to talk to you.
4148,891,4,9,54,67,1.2537313432835822,0.06839665216352,588,"Well, he's French, a renowned musician and has his own place on the Île de la Cité."
4055,891,6,5,56,67,1.2537313432835822,0.07471726772256009,588,"He wanted more space, so I gave it to him."
3978,891,3,11,53,67,1.2537313432835822,0.06500629194781041,588,Let me call you back. My bell ringer is trying to get in touch with me.
3961,891,7,3,57,67,1.2537313432835822,0.07768496720922463,588,"No, it's my fault. I told the realtor we wanted quasi-modern."
3915,891,3,11,53,67,1.2537313432835822,0.06500629194781041,588,"No, I don't see a wedding ring."
3881,891,6,5,56,67,1.2537313432835822,0.07471726772256009,588,I thought I swiped left.
3774,891,4,9,54,67,1.2537313432835822,0.06839665216352,588,"Yes, Daddy, I promise I'll omit my address from my next on-line dating profile."
3768,891,3,11,53,67,1.2537313432835822,0.06500629194781041,588,"No, it's not my ringtone."
3760,891,5,7,55,67,1.2537313432835822,0.07162671332366949,588,Mr Weinstein followed me home again !
3703,891,3,11,53,67,1.2537313432835822,0.06500629194781041,588,"It's our little platonic Pavlovian thing. He rings the bell, I water the plant."
3696,891,4,9,54,67,1.2537313432835822,0.06839665216352,588,They call me The Pervert of Notre-Dame.
3654,891,2,13,52,67,1.2537313432835822,0.061429097001586906,588,"Gotta go, mom—someone’s ringing the bell."
3465,891,3,11,53,67,1.2537313432835822,0.06500629194781041,588,I got a new ringtone
1799,891,1,15,51,67,1.2537313432835822,0.057630286517219284,588,There’s something about him that rings a bell.
3686,891,4,9,54,67,1.2537313432835822,0.06839665216352,588,Could you at least get off the phone and reject me flat out?
1784,891,4,9,54,67,1.2537313432835822,0.06839665216352,588,"The church next door has gone condo, with quasi-detached units."
1079,891,2,13,52,67,1.2537313432835822,0.061429097001586906,588,"I don't know...he seems nice, but his hump was on the other side last week."
1024,891,1,15,51,67,1.2537313432835822,0.057630286517219284,588,Call you back. The bell-tower guy is here
953,891,4,9,54,67,1.2537313432835822,0.06839665216352,588,Do you happen to know what the Notre Dame score is?
901,891,4,9,54,67,1.2537313432835822,0.06839665216352,588,I have a quasi-good view.
744,891,3,11,53,67,1.2537313432835822,0.06500629194781041,588,"No, he doesn't ring it. He just sits there and yells at people at the top of every hour."
732,891,4,9,54,67,1.2537313432835822,0.06839665216352,588,"Yes, it is a bit unusual, but he does keep the pigeons away from our balcony."
422,891,0,17,50,67,1.2537313432835822,0.053562728549647276,588,Hang on for a sec so I can scream at my stalker.
359,891,3,11,53,67,1.2537313432835822,0.06500629194781041,588,Realtor might have omitted some details about this view. I have a hunch.
259,891,1,15,51,67,1.2537313432835822,0.057630286517219284,588,"I don't care if he claims ""sanctuary,"" I want him arrested for peeping"
241,891,4,9,54,67,1.2537313432835822,0.06839665216352,588,"Oh, and you know how you said when it came to choosing a school, I would just know? I've decided to go to Notre Dame."
161,891,2,13,52,67,1.2537313432835822,0.061429097001586906,588,So our new neighbor is from Paris. Very cosmopolitan.
159,891,4,9,54,67,1.2537313432835822,0.06839665216352,588,The good news is that the pidgins don't roost on the balcony anymore.
48,891,3,11,53,67,1.2537313432835822,0.06500629194781041,588,I know these empty churches are sitting on prime real estate; I just don't want to lose my view.
39,891,4,9,54,67,1.2537313432835822,0.06839665216352,588,"He says he's the ""hunchback of note the dame."""
1788,891,4,9,54,67,1.2537313432835822,0.06839665216352,588,David Blaine looks a lot different up close.
1081,891,3,11,53,67,1.2537313432835822,0.06500629194781041,588,The unit gets plenty of light and Gothic inspiration
1124,891,4,9,54,67,1.2537313432835822,0.06839665216352,588,I'd like to report a peeping gargoyle.
577,891,0,17,50,67,1.2537313432835822,0.053562728549647276,588,"Yes, Mom, I'm starting to get out and meet my neighbors."
1213,891,3,11,53,67,1.2537313432835822,0.06500629194781041,588,"But Mom, he says he can get me into Notre Dame."
1738,891,3,11,53,67,1.2537313432835822,0.06500629194781041,588,"Oh, I know he's a hunchback Darlene, but if you could only see him. He's at the pinnacle of his career."
1728,891,3,11,53,67,1.2537313432835822,0.06500629194781041,588,"Mais, non. He doesn't ring my bell."
1722,891,3,11,53,67,1.2537313432835822,0.06500629194781041,588,They call it the Weinstein treatment.
1712,891,3,11,53,67,1.2537313432835822,0.06500629194781041,588,"Yes, our son finally got in Notre Dame."
1626,891,2,13,52,67,1.2537313432835822,0.061429097001586906,588,"Yeah, Paris is lovely. But my new neighborhood has a bit more 'local flavor' than I expected."
1579,891,2,13,52,67,1.2537313432835822,0.061429097001586906,588,Looks aren’t everything Mother. At least he’s got a steady job and no other girls. How do I know? He rings me every hour.
1546,891,3,11,53,67,1.2537313432835822,0.06500629194781041,588,911--please disregard my call. He says he can fly.
1770,891,3,11,53,67,1.2537313432835822,0.06500629194781041,588,"I know, right? All of a sudden we're seeing Weinstein EVERYWHERE!"
1515,891,3,11,53,67,1.2537313432835822,0.06500629194781041,588,I really enjoy living in Paris. And I've met someone.
1506,891,2,13,52,67,1.2537313432835822,0.061429097001586906,588,Something about this guy rings a bell.
1361,891,4,9,54,67,1.2537313432835822,0.06839665216352,588,"Yeah, I tried swiping left..."
1323,891,5,7,55,67,1.2537313432835822,0.07162671332366949,588,Whenever he gives me that smoldering hot look of his I can't help myself - I want to wet my plants.
1272,891,3,11,53,67,1.2537313432835822,0.06500629194781041,588,"Yes, I would like to report a micro-aggression on my balcony."
1246,891,5,7,55,67,1.2537313432835822,0.07162671332366949,588,I have a hunch my neighbor is at the top of his class at Notre Dame.
1231,891,1,15,51,67,1.2537313432835822,0.057630286517219284,588,These French people are so weird.
1766,891,2,13,52,67,1.2537313432835822,0.061429097001586906,588,"I really do love him, but Ted's cosplay obsession is starting to become a bit of a problem."
1205,891,4,9,54,67,1.2537313432835822,0.06839665216352,588,I love these new hologram classics.
2017,964,2,14,55,71,1.2535211267605635,0.05923153036006026,588,"I watered the plants and let out the cats, but Quasimodo won't come back in."
3216,965,3,10,51,64,1.25,0.0668153104781061,588,He's athletic good personality and French.
3204,965,3,10,51,64,1.25,0.0668153104781061,588,"Hello, Police? Harvey Weinstein is outside my apartment."
3140,965,2,13,53,68,1.25,0.06063390625908324,588,"...yes, unfortunately you heard me right."
3106,965,3,10,51,64,1.25,0.0668153104781061,588,"Well he's not exactly cute, but he's quasi-cute."
3079,965,2,12,50,64,1.25,0.06299407883487121,588,It's a hunch give me notre dame by 3 points
3073,965,0,16,48,64,1.25,0.05455447255899809,588,The realtor said this was a neighborhood in transition.
3020,965,5,6,53,64,1.25,0.07386710503565985,588,Put me down for Notredame to win... let's just say I have a hunch .... back to watering... bye.
3003,965,2,12,50,64,1.25,0.06299407883487121,588,On the bright side there are no pigeons...
2976,965,4,8,52,64,1.25,0.07042952122737638,588,It's either a weathervane or I've been drugged and transported to Paris.
2867,965,2,12,50,64,1.25,0.06299407883487121,588,"No, Mom, I’m not going to ask him if his name is Quasimodo."
2794,965,4,8,52,64,1.25,0.07042952122737638,588,"Looks like Cirque du Soleil is back in town, do you want to go?"
2604,965,4,8,52,64,1.25,0.07042952122737638,588,Hold on....someone is ringing the bell
2569,965,2,12,50,64,1.25,0.06299407883487121,588,He says Ham and Swiss on rye — hold the mustard.
2448,965,4,8,52,64,1.25,0.07042952122737638,588,"Are you there St. Simeon? It's me, Margaret."
2379,965,5,6,53,64,1.25,0.07386710503565985,588,It’s the kind of view that looks back at you.
2348,965,2,12,50,64,1.25,0.06299407883487121,588,"""I have a hunch he's back""."
2320,965,3,10,51,64,1.25,0.0668153104781061,588,Why do I think he’s too short for me? Just a hunch.
3250,965,5,7,56,68,1.25,0.07066410175300034,588,"Hello, Terminix? This is Mrs. Hugo. I'd like to report a mouse."
4223,965,2,12,50,64,1.25,0.06299407883487121,588,"It's an airy apartment close to the museums and a farmers' market, also - Victor Hugo lived here."
3296,965,0,16,48,64,1.25,0.05455447255899809,588,It would not be a small step for this man but it would be a large step back for mankind.
4282,965,2,12,50,64,1.25,0.06299407883487121,588,"Yeah, well, its just Quasi-weird ..."
2303,965,4,8,52,64,1.25,0.07042952122737638,588,Quasimoticon.
4125,965,2,12,50,64,1.25,0.06299407883487121,588,He says he's an undocumented Frenchman seeking sanctuary.
4016,965,2,12,50,64,1.25,0.06299407883487121,588,"Well, I'm on the fence. He does get points for remembering my favorite movie. But he also just dropped the boombox..."
4013,965,4,8,52,64,1.25,0.07042952122737638,588,"Quasimodo? Ya, he's here. Why?"
3957,965,3,10,51,64,1.25,0.0668153104781061,588,I've got a hunch my ex is stalking me.
3939,965,2,12,50,64,1.25,0.06299407883487121,588,"On second thought that ""bell chime"" ring tone was not such a great idea."
3819,965,5,6,53,64,1.25,0.07386710503565985,588,Airbnb didn't mention anything about the view.
3801,965,4,8,52,64,1.25,0.07042952122737638,588,He's going for the Guinness Church Perch record.
3767,965,3,10,51,64,1.25,0.0668153104781061,588,Can you hold? Something's ringing.
3722,965,1,14,49,64,1.25,0.05892556509887896,588,There's no question that we're a sanctuary city!
3579,965,3,10,51,64,1.25,0.0668153104781061,588,"Esmeralda, you have a visitor."
3536,965,4,8,52,64,1.25,0.07042952122737638,588,Hold on! I have a hunch I’ll have to call you back!
3485,965,3,10,51,64,1.25,0.0668153104781061,588,I have a hunch my new neighbor may be a problem.
3463,965,2,12,50,64,1.25,0.06299407883487121,588,"Esmeralda, did you give that Hunchback our address?"
3427,965,3,10,51,64,1.25,0.0668153104781061,588,It's my sanctuary.
3362,965,2,12,50,64,1.25,0.06299407883487121,588,"It looks like my date is here from that new app, Humpr."
3290,965,4,8,52,64,1.25,0.07042952122737638,588,"I'm not sure officer, but somehow he rings a bell."
2289,965,3,10,51,64,1.25,0.0668153104781061,588,"Hello police? It's Esmeralda in 936, he's at it again."
2232,965,4,8,52,64,1.25,0.07042952122737638,588,Creeps are getting far too brave these days.
2283,965,3,10,51,64,1.25,0.0668153104781061,588,I want to report a Quasimodo.
602,965,4,8,52,64,1.25,0.07042952122737638,588,"Hang on, he wants me to get him an Uber."
562,965,4,8,52,64,1.25,0.07042952122737638,588,"Well, I used to be able to see the Eiffel Tower."
556,965,1,14,49,64,1.25,0.05892556509887896,588,"Trust me, yoga works wonders!"
536,965,4,9,55,68,1.25,0.06748654468695238,588,Can't a girl find a normal hunchback in this city?
463,965,3,10,51,64,1.25,0.0668153104781061,588,Quasimodern: The Hunchback of Rockefeller Center
362,965,1,14,49,64,1.25,0.05892556509887896,588,"It's been 5 days since I said ""Happy hump day!"" and he's still mad at me."
317,965,3,10,51,64,1.25,0.0668153104781061,588,I'd like to report a missing person from Victor Hugo.
750,965,6,4,54,64,1.25,0.07715167498104596,588,"No, he hasn't moved in yet."
306,965,4,8,52,64,1.25,0.07042952122737638,588,Nah nothing new here same old same old
182,965,4,8,52,64,1.25,0.07042952122737638,588,He's using the church steeple as his quasi-commodo again.
155,965,2,12,50,64,1.25,0.06299407883487121,588,"He didn't get your text Esmerelda, but I'll make sure he knows you like him."
115,965,2,12,50,64,1.25,0.06299407883487121,588,My airbnb has a quasi-view.
2287,965,3,10,51,64,1.25,0.0668153104781061,588,"Not much, you?"
58,965,2,13,53,68,1.25,0.06063390625908324,588,It is nice having my husband work so close to home but I still worry about the commute.
56,965,3,10,51,64,1.25,0.0668153104781061,588,"So, I met this guy who really rings my bells!"
51,965,3,10,51,64,1.25,0.0668153104781061,588,"No, officer, I'm not wondering if I might have a stalker, I just told you I have a hunch."
230,965,1,14,49,64,1.25,0.05892556509887896,588,"Hold on, Tinder just sent me a new match."
770,965,3,10,51,64,1.25,0.0668153104781061,588,'Yeah he misinterpreted my 'just hanging out' text. And I keep telling him: this WHOLE CITY is a Sanctuary.'
75,965,2,12,50,64,1.25,0.06299407883487121,588,He's not Quasimodo but his face rings a bell.
1100,965,3,10,51,64,1.25,0.0668153104781061,588,It's a trial separation.
1037,965,2,12,50,64,1.25,0.06299407883487121,588,He is creepy...but he's not Harvey Weinstein creepy.
2277,965,3,10,51,64,1.25,0.0668153104781061,588,"I've seen him around, and his name rings a bell."
2193,965,3,10,51,64,1.25,0.0668153104781061,588,"Yea, yea, online dates never look like the photo...Gotta run he's here!"
2062,965,2,12,50,64,1.25,0.06299407883487121,588,"Which reminds me, I need to make an appointment with my chiropractor."
1930,965,2,12,50,64,1.25,0.06299407883487121,588,Please hurry! He's acting quasi-suicidal.
1902,965,3,10,51,64,1.25,0.0668153104781061,588,It's more of a quasi-shared yard.
1888,965,4,8,52,64,1.25,0.07042952122737638,588,"I remember the church, the steeple, and all the little people. Nothing about a peeping tom!"
1866,965,3,10,51,64,1.25,0.0668153104781061,588,"Hey Dad, let me call you back. I need to tip the bellman."
2211,965,3,10,51,64,1.25,0.0668153104781061,588,The things men do to be noticed.
1768,965,4,8,52,64,1.25,0.07042952122737638,588,It's Patrick. He's taken out life insurance.
1760,965,2,12,50,64,1.25,0.06299407883487121,588,"Ok, Ok. But don't knock over the plant."
1633,965,5,6,53,64,1.25,0.07386710503565985,588,Can I get back to you? I have somebody on hold.
1493,965,2,12,50,64,1.25,0.06299407883487121,588,"Not exactly a peeping Tom, more like a lurking Lon."
1477,965,3,10,51,64,1.25,0.0668153104781061,588,"Really, lieutenant? I should play along that I'm Esmeralda and persuade him to climb down..."
1264,965,3,10,51,64,1.25,0.0668153104781061,588,I've got to go. You-know-who still thinks I'm Esmeralda.
1832,965,4,8,52,64,1.25,0.07042952122737638,588,I'm actually watching the last flowering of architecture as an artistic form.
1217,965,4,8,52,64,1.25,0.07042952122737638,588,"If I keep calmly ignoring him, he will eventually go away like every other hunchback that has been obsessed with me."
2505,1043,2,12,51,65,1.2461538461538462,0.06213651700539812,588,"Bring a straightjacket. Oh, and a very tall ladder."
2570,1043,1,14,50,65,1.2461538461538462,0.05813929406858067,588,"Well, I have a ""QUASI-crisis"" in front of my veranda at present...let me call you back!"
2582,1043,3,10,52,65,1.2461538461538462,0.06589169884235313,588,I think he's taking it well.
2590,1043,2,12,51,65,1.2461538461538462,0.06213651700539812,588,"Oh it's fine, but the neighborhood isn't fully gentrified yet"
2817,1043,2,12,51,65,1.2461538461538462,0.06213651700539812,588,"Well, it has a quasi view of the park."
3064,1043,4,8,53,65,1.2461538461538462,0.06944411571256842,588,Do you think it's weird he knows when Keith is away?
3827,1043,4,8,53,65,1.2461538461538462,0.06944411571256842,588,He was gone for a few days. But I had a HUNCH he'd be BACK.
3600,1043,2,12,51,65,1.2461538461538462,0.06213651700539812,588,"No, Norte Dame is two blocks North of here"
3863,1043,2,12,51,65,1.2461538461538462,0.06213651700539812,588,Maybe my standards are too high.
4118,1043,3,10,52,65,1.2461538461538462,0.06589169884235313,588,'Is the president visiting our city today?'
4128,1043,4,8,53,65,1.2461538461538462,0.06944411571256842,588,I have to call you back; my date’s here.
2244,1043,2,12,51,65,1.2461538461538462,0.06213651700539812,588,The Airbnber of Notre Dame.
4165,1043,3,10,52,65,1.2461538461538462,0.06589169884235313,588,"Tried ringing you, thought I'd try voice mail."
3142,1043,1,14,50,65,1.2461538461538462,0.05813929406858067,588,I should’ve known there was a reason this apartment was so cheap.
2220,1043,5,6,54,65,1.2461538461538462,0.07282344703369803,588,Can you spare some toilet paper?
721,1043,3,10,52,65,1.2461538461538462,0.06589169884235313,588,My view is in Seine.
1894,1043,2,12,51,65,1.2461538461538462,0.06213651700539812,588,Hold on....someone is ringing the bell
1818,1043,4,8,53,65,1.2461538461538462,0.06944411571256842,588,Gotta run. I have a hunch he's back.
1500,1043,1,14,50,65,1.2461538461538462,0.05813929406858067,588,The neighbor said he'd watch the pied-à-terre while I'm traveling.
1398,1043,3,10,52,65,1.2461538461538462,0.06589169884235313,588,I had a hunch he would be back!
1296,1043,0,16,49,65,1.2461538461538462,0.05384615384615385,588,"I'll tell you more later Mom, but he rings my bells if you catch my drift."
1257,1043,2,12,51,65,1.2461538461538462,0.06213651700539812,588,I found Harvey Weinstein.
1249,1043,1,14,50,65,1.2461538461538462,0.05813929406858067,588,Do I have your attention?
639,1043,3,10,52,65,1.2461538461538462,0.06589169884235313,588,I think it's one of those hideous Disney creatures I've been conditioned to love.
560,1043,1,14,50,65,1.2461538461538462,0.05813929406858067,588,"No, I don't know him, but he does vaguely remind me of somebody."
411,1043,3,10,52,65,1.2461538461538462,0.06589169884235313,588,It's a long story.
387,1043,5,6,54,65,1.2461538461538462,0.07282344703369803,588,I keep telling him he has the wrong Esmeralda!
74,1043,3,10,52,65,1.2461538461538462,0.06589169884235313,588,"A human gargoyle, how precious!"
2118,1043,3,10,52,65,1.2461538461538462,0.06589169884235313,588,"Oh, Bill? He's just gargoyling."
72,1072,1,12,44,57,1.2456140350877194,0.06273178451520715,588,He's back and he says he wants to save me from the angry crowds below. He's obviously not a native New Yorker.
4277,1073,2,12,52,66,1.2424242424242424,0.061301372768583655,588,"I thought he looked quasi-familiar, but he's not ringing a bell."
3693,1073,3,10,53,66,1.2424242424242424,0.0649927593622037,588,"He's about 5'6"", 180 pounds, and just a hunch, but I think he might be French."
2915,1073,5,6,55,66,1.2424242424242424,0.07180849324358678,588,I'll have to call you back- Harvey Weinstein's here.
3225,1073,4,8,54,66,1.2424242424242424,0.06848546733222884,588,"Yes, I said ""Peeping Tom."" ""How do I know he's high?"""
3925,1077,4,7,51,62,1.2419354838709677,0.07156734345248521,588,It's that gargoyle again. He's off his meds and out of his tower.
1856,1077,4,7,51,62,1.2419354838709677,0.07156734345248521,588,I have a rather confusing relationship with the church
1981,1077,4,7,51,62,1.2419354838709677,0.07156734345248521,588,"Yeah, every morning and he never speaks. He is quasi cute, though..."
2042,1077,3,9,50,62,1.2419354838709677,0.06777214707439459,588,I think that guy I was worried about is coming over
2167,1077,2,11,49,62,1.2419354838709677,0.06375141715523479,588,Can I call you back? The neighbor is anxious to chat about the sanctuary city resolution.
2210,1077,1,13,48,62,1.2419354838709677,0.059459418593929725,588,"Ma, remember that guy we saw at the theatre?"
2259,1077,3,9,50,62,1.2419354838709677,0.06777214707439459,588,"Oh, Jim, gargoyles are so passe."
2297,1077,2,11,49,62,1.2419354838709677,0.06375141715523479,588,Hunchback of the Upper West Side
2424,1077,3,9,50,62,1.2419354838709677,0.06777214707439459,588,"Siri, how do you say in French: Excuse me, but it's almost noon. Isn't there something else you need to be doing right about now?"
2489,1077,2,11,49,62,1.2419354838709677,0.06375141715523479,588,"This is your neighbor, reiterating my stance that the ""ring bell for service"" sign is a bad idea."
2868,1077,0,15,47,62,1.2419354838709677,0.05483248790412076,588,"No, not really, but his face sure rings a bell."
2940,1077,1,13,48,62,1.2419354838709677,0.059459418593929725,588,He said He wants His air rights back.
3057,1077,5,5,52,62,1.2419354838709677,0.07517117385420148,588,"If he thinks I’m giving him sanctuary, he can forget it."
3232,1077,0,15,47,62,1.2419354838709677,0.05483248790412076,588,He just seems like a creeper. Call it a hunch.
3326,1077,5,5,52,62,1.2419354838709677,0.07517117385420148,588,My hunch about my date was right.
3419,1077,3,9,50,62,1.2419354838709677,0.06777214707439459,588,Just stay on the line so it doesn't seem awkward.
3814,1077,4,7,51,62,1.2419354838709677,0.07156734345248521,588,I'd say he's only quasi-creepy.
3895,1077,3,9,50,62,1.2419354838709677,0.06777214707439459,588,"Mom, it's Esmeralda. You'll never guess who just stopped by."
4185,1077,5,5,52,62,1.2419354838709677,0.07517117385420148,588,"He says he's not committing suicide, he's ascending to heaven."
1834,1077,2,11,49,62,1.2419354838709677,0.06375141715523479,588,My neighbor has been reading super hero comics again.
1790,1077,3,9,50,62,1.2419354838709677,0.06777214707439459,588,"Yeah, I know. It's hump day."
2085,1077,1,13,48,62,1.2419354838709677,0.059459418593929725,588,"Yeah, Ethel, he's still there. I still don't know who he is, but something about him rings a bell!"
1685,1077,3,9,50,62,1.2419354838709677,0.06777214707439459,588,Quasi-modern Architecture.
91,1077,1,13,48,62,1.2419354838709677,0.059459418593929725,588,"No,I just can't ignore him."
123,1077,3,9,50,62,1.2419354838709677,0.06777214707439459,588,"He's back, mother. Says he wants a bridge now instead of a wall."
348,1077,3,9,50,62,1.2419354838709677,0.06777214707439459,588,My husband's plans this weekend? Up in the air.
1709,1077,2,11,49,62,1.2419354838709677,0.06375141715523479,588,These gargoyles are really becoming realistic.
518,1077,3,9,50,62,1.2419354838709677,0.06777214707439459,588,It’s just so hard to tell if a guy likes you these days.
622,1077,3,9,50,62,1.2419354838709677,0.06777214707439459,588,"It's a terrific apartment, but the view could be better."
650,1077,2,11,49,62,1.2419354838709677,0.06375141715523479,588,I don't think I should have called my plant Esmeraldo.
765,1077,4,7,51,62,1.2419354838709677,0.07156734345248521,588,The pictures on Airbnb made it seem bigger.
802,1077,3,9,50,62,1.2419354838709677,0.06777214707439459,588,"I'm fine, what about yourself?"
394,1077,2,11,49,62,1.2419354838709677,0.06375141715523479,588,So it looks like they finally sold that penthouse with the 360º views.
865,1077,4,7,51,62,1.2419354838709677,0.07156734345248521,588,He says I am overwatering
1285,1077,3,9,50,62,1.2419354838709677,0.06777214707439459,588,Gentrification cannot finish up too soon.
1390,1077,1,13,48,62,1.2419354838709677,0.059459418593929725,588,Indications that the fine line between infatuation and all out stalking has been crossed.
1400,1077,1,13,48,62,1.2419354838709677,0.059459418593929725,588,"Well, you're on the ball."
1555,1077,4,7,51,62,1.2419354838709677,0.07156734345248521,588,I made eye contact with some guy on the subway and he took it as an invitation.
1603,1077,2,11,49,62,1.2419354838709677,0.06375141715523479,588,I have a hunch that he's lonely.
1605,1077,4,7,51,62,1.2419354838709677,0.07156734345248521,588,Yeah... it's him again. I had a hunch he'd be back.
1618,1077,2,11,49,62,1.2419354838709677,0.06375141715523479,588,I have a hunch he's ready to take the leap.
840,1077,2,11,49,62,1.2419354838709677,0.06375141715523479,588,I hear bells whenever I see him
2413,1119,4,7,52,63,1.2380952380952381,0.07052682201689092,588,"""911, yes I would like to report a squatter""."
2621,1119,2,11,50,63,1.2380952380952381,0.06284876358057999,588,One large pizza going to the top of Notre Dame please.
2821,1119,2,11,50,63,1.2380952380952381,0.06284876358057999,588,"Just a hunch, but I think he likes me."
3074,1119,2,11,50,63,1.2380952380952381,0.06284876358057999,588,"Yes, I would like to report a Peeping Tom, 10th floor, opposite the Sanctuary. Yes, the 10th floor."
3161,1119,2,11,50,63,1.2380952380952381,0.06284876358057999,588,My Tinder date from last night is quite determined to see me again!
3880,1119,2,11,50,63,1.2380952380952381,0.06284876358057999,588,He keeps asking if my name is Esmeralda. . . .
3197,1119,2,11,50,63,1.2380952380952381,0.06284876358057999,588,"You’ll never believe how real this gargoyle looks! I swear, its eyes follow me around whenever I move."
3276,1119,3,9,51,63,1.2380952380952381,0.06679820247360645,588,The Eagle has landed.
3608,1119,1,13,49,63,1.2380952380952381,0.0586339007188704,588,He can't tell if he is interested in me or just wants to hang out.
3951,1119,4,7,52,63,1.2380952380952381,0.07052682201689092,588,I don't know...I just have this queasy feeling he likes me.
2344,1119,3,9,51,63,1.2380952380952381,0.06679820247360645,588,You should be careful—that's a succulent!
3162,1119,1,13,49,63,1.2380952380952381,0.0586339007188704,588,"You know the type, creepy in a cute sort of way."
2313,1119,2,11,50,63,1.2380952380952381,0.06284876358057999,588,"Mom, I'm fine. I have someone I am quasi seeing."
1367,1119,4,7,52,63,1.2380952380952381,0.07052682201689092,588,"Yeah, Denise? I found your husband. Where? Just think lost cat stuck in a tree, but instead of tree, think steeple."
1915,1119,1,13,49,63,1.2380952380952381,0.0586339007188704,588,"Hold on Essie, Qua wants to say hello."
1891,1119,2,11,50,63,1.2380952380952381,0.06284876358057999,588,He says he wants to ring my bell for a change.
1851,1119,4,7,52,63,1.2380952380952381,0.07052682201689092,588,"We complete each other. He needs someone to admire from afar, and I need a really loud alarm clock."
1820,1119,2,11,50,63,1.2380952380952381,0.06284876358057999,588,He told me his name but it doesn't ring a bell.
1331,1119,3,9,51,63,1.2380952380952381,0.06679820247360645,588,"Yes, Quasimodo is abiding by the 10 foot restraining order."
1003,1119,3,9,51,63,1.2380952380952381,0.06679820247360645,588,He wants to know if it's considered a pre-existing condition.
580,1119,2,11,50,63,1.2380952380952381,0.06284876358057999,588,"I don't know, I just have this creepy feeling like I'm being watched."
462,1119,3,9,51,63,1.2380952380952381,0.06679820247360645,588,"Creepymodo, more like."
356,1119,5,5,53,63,1.2380952380952381,0.07406797819503037,588,"Oh, great. Harvey Weinstein is back."
251,1119,2,11,50,63,1.2380952380952381,0.06284876358057999,588,"What is he like... well, he loves church, is well-rounded and will ring your bell"
1920,1119,3,9,51,63,1.2380952380952381,0.06679820247360645,588,"The new apartment is great, such a sanctuary from the bustle of city life."
3905,1144,1,13,50,64,1.234375,0.05783026057090191,588,"No, he's not the halfback."
3055,1144,1,13,50,64,1.234375,0.05783026057090191,588,The balcony's great but the churchy types across the street weird me out.
902,1144,2,11,51,64,1.234375,0.061970725215460876,588,I had a hunch he'd be back.
197,1144,3,9,52,64,1.234375,0.06585136695439135,588,"For now, we have a short distance relationship"
2895,1148,2,10,48,60,1.2333333333333334,0.06451324335931523,588,Remind me - is a peeping hunchback considered good luck or bad luck in France?
2068,1148,3,8,49,60,1.2333333333333334,0.0687526750036001,588,It's such a nice coincidence that I polish the finial ball at the same time that you water your plants.
2360,1148,2,10,48,60,1.2333333333333334,0.06451324335931523,588,"Yeah. He's doing, like, the medieval version of planking."
2477,1148,2,10,48,60,1.2333333333333334,0.06451324335931523,588,"I feel like I'm living in a gothic novel, Mom!"
2506,1148,5,4,51,60,1.2333333333333334,0.07653021509819188,588,Do you have Gloria Allred's phone number?
2542,1148,1,12,47,60,1.2333333333333334,0.059974884887974575,588,I've finally found someone who's really on the ball
2612,1148,2,10,48,60,1.2333333333333334,0.06451324335931523,588,Call it a hunch.
2630,1148,2,10,48,60,1.2333333333333334,0.06451324335931523,588,"Mother, I just finished telling Igor, ""You got yourself over there, so just get yourself back."""
2737,1148,4,6,50,60,1.2333333333333334,0.07274546083133358,588,Hold on-I'll ask. Are you Mr. Laughton?
2740,1148,3,8,49,60,1.2333333333333334,0.0687526750036001,588,"Hey Quasi, go to the Capital, it needs more bell ringing than the Church!"
2747,1148,3,8,49,60,1.2333333333333334,0.0687526750036001,588,He really pisses off the pigeons.
2812,1148,3,8,49,60,1.2333333333333334,0.0687526750036001,588,"I keep telling Karl, if he break his neck with this parcour nonsense it's his business, but he better not knock over another one of my plants."
3155,1148,4,6,50,60,1.2333333333333334,0.07274546083133358,588,I think he must be one of those 'goths'.
3261,1148,2,10,48,60,1.2333333333333334,0.06451324335931523,588,I just found a nice place overlooking Notre-Dame but I am worried about one of their tenants.
3322,1148,3,8,49,60,1.2333333333333334,0.0687526750036001,588,"Yeah, I'm going to a Gothic novel re-enactment meet-up tonight right here in the neighborhood."
3327,1148,2,10,48,60,1.2333333333333334,0.06451324335931523,588,Have to go. Gene's home. This role playing to spice up the marriage is going way too far!
3404,1148,1,12,47,60,1.2333333333333334,0.059974884887974575,588,He'd love to say hi Mom but he's busy at work.
3421,1148,4,6,50,60,1.2333333333333334,0.07274546083133358,588,Nope - still feels creepy.
3444,1148,2,10,48,60,1.2333333333333334,0.06451324335931523,588,"He looks like a guy I saw in a movie, but I don't remember which one."
3730,1148,3,8,49,60,1.2333333333333334,0.0687526750036001,588,I think he's saying that he's a fullback at Notre Dame.
3743,1148,4,6,50,60,1.2333333333333334,0.07274546083133358,588,Yes! He finally made it to Broadway!
3791,1148,4,6,50,60,1.2333333333333334,0.07274546083133358,588,"So, I finally confronted my neighbor about ringing that bell of his at all hours. Let’s just say it could have gone better."
3899,1148,3,8,49,60,1.2333333333333334,0.0687526750036001,588,"Well, you know, he's got all this free time since he was kicked out of the Academy."
4142,1148,1,12,47,60,1.2333333333333334,0.059974884887974575,588,This guy I'm meeting says he's really into architecture and mostly listens to church bell music.
4144,1148,3,8,49,60,1.2333333333333334,0.0687526750036001,588,The old neighbors don't fit in anymore.
4183,1148,2,10,48,60,1.2333333333333334,0.06451324335931523,588,I think he's hitting on me.
2060,1148,2,10,48,60,1.2333333333333334,0.06451324335931523,588,""" I know, but it's Saturday night and in this town I could do a lot worse""."
3179,1148,5,4,51,60,1.2333333333333334,0.07653021509819188,588,I think Harvey Weinstein is leering at me from atop the steeple.
1979,1148,1,12,47,60,1.2333333333333334,0.059974884887974575,588,"With rent control, you never know who your neighbor's going to be."
2876,1148,2,10,48,60,1.2333333333333334,0.06451324335931523,588,"Hello mom, our neighbor is at it again. He is perched on top the bell tower and calling me Esmeralda."
1867,1148,3,8,49,60,1.2333333333333334,0.0687526750036001,588,My hunch was right. He’s back.
30,1148,4,6,50,60,1.2333333333333334,0.07274546083133358,588,Can you take my pic?
42,1148,3,8,49,60,1.2333333333333334,0.0687526750036001,588,"Yes, but is it art?"
156,1148,2,10,48,60,1.2333333333333334,0.06451324335931523,588,You shouldn't over-water that
160,1148,3,8,49,60,1.2333333333333334,0.0687526750036001,588,Does the guy I met on Tinder ring a bell...?
370,1148,3,8,49,60,1.2333333333333334,0.0687526750036001,588,"Wait, this guy from church is REALLY trying to get my attention."
473,1148,2,10,48,60,1.2333333333333334,0.06451324335931523,588,I'm the new weathercock.
525,1148,3,8,49,60,1.2333333333333334,0.0687526750036001,588,I'm trying to ignore him.
528,1148,2,10,48,60,1.2333333333333334,0.06451324335931523,588,Can you come over later? I'm on the phone.
569,1148,1,12,47,60,1.2333333333333334,0.059974884887974575,588,"I like having a balcony, but the place next door has rooftop deck."
747,1148,3,8,49,60,1.2333333333333334,0.0687526750036001,588,"South Bend has fullbacks, tailbacks, running backs. Why not a hunchback?"
908,1148,3,8,49,60,1.2333333333333334,0.0687526750036001,588,"Why? The rent's too high, the sink leaks and my neighbor creeps me out."
927,1148,2,10,48,60,1.2333333333333334,0.06451324335931523,588,"No, my new phone is a Moto, but my new neighbor's named...oh never mind."
984,1148,4,6,50,60,1.2333333333333334,0.07274546083133358,588,"He's a lot more attractive in his profile pic, where he's crouching on top of Mt. Everest."
657,1148,2,10,48,60,1.2333333333333334,0.06451324335931523,588,"No, I can't just block him--he's an actual troll."
1941,1148,4,6,50,60,1.2333333333333334,0.07274546083133358,588,"Yes, it can be a bit unnerving, but at least he faces this direction most of the time."
1827,1148,4,6,50,60,1.2333333333333334,0.07274546083133358,588,"He looks totally unstable, you know, mentally. But physically his balance is amazing."
1684,1148,1,12,47,60,1.2333333333333334,0.059974884887974575,588,"He told me he'd be right over.. that he's only a hop, skip and a jump away."
995,1148,4,6,50,60,1.2333333333333334,0.07274546083133358,588,Is it just me or are pigeons getting more menacing?
1476,1148,3,8,49,60,1.2333333333333334,0.0687526750036001,588,"He looks like 'Quasimodo,' but claims he's a Hollywood mogul."
1470,1148,1,12,47,60,1.2333333333333334,0.059974884887974575,588,Can you believe? A peeping hunchback! Everything happens to me!
1395,1148,2,10,48,60,1.2333333333333334,0.06451324335931523,588,Well there is this one guy...
1584,1148,3,8,49,60,1.2333333333333334,0.0687526750036001,588,Excuse me ma'am - may I ask where you found that ringtone?
1163,1148,3,8,49,60,1.2333333333333334,0.0687526750036001,588,"Remember, this is Boston. He's not even in the top ten of creeps I've dated."
1120,1148,5,4,51,60,1.2333333333333334,0.07653021509819188,588,This guy is taking Jahova's Witness to new heights.
1017,1148,3,8,49,60,1.2333333333333334,0.0687526750036001,588,At least he's wearing clothing this time.
1014,1148,2,10,48,60,1.2333333333333334,0.06451324335931523,588,It's Harvey again.
1248,1148,2,10,48,60,1.2333333333333334,0.06451324335931523,588,That makes sense. It's a bell tower not a cell tower.
1628,1206,4,7,54,65,1.2307692307692308,0.06853280646617484,588,'Something about him rings a bell'
2147,1207,3,8,50,61,1.2295081967213115,0.06772429895007506,588,These kids on their phones nowadays are so oblivious to their surroundings.
4079,1207,0,14,47,61,1.2295081967213115,0.05428845554981331,588,I can't figure it out. I think he is quasi-crazy.
3770,1207,4,6,51,61,1.2295081967213115,0.07164515863413823,588,"Yeah, it's like steeple chase except you don't move."
3720,1207,2,10,49,61,1.2295081967213115,0.06356203726161902,588,I've finally met someone who hates that bell as much as I do.
3668,1207,3,8,50,61,1.2295081967213115,0.06772429895007506,588,Sean and I broke up but he just won't let go.
3626,1207,1,12,48,61,1.2295081967213115,0.05910739795842607,588,"White male, mid 40s, and, um, calcium-challenged."
2950,1207,4,6,51,61,1.2295081967213115,0.07164515863413823,588,Dinner tonight? Quasi available...
2629,1207,2,10,49,61,1.2295081967213115,0.06356203726161902,588,"Hello, my neighbor asked me to call you; he's dropped his phone."
2225,1207,2,10,49,61,1.2295081967213115,0.06356203726161902,588,"If I describe my neighbor, will you let me know if he rings a bell?"
2008,1207,4,6,51,61,1.2295081967213115,0.07164515863413823,588,I don't know. It's not ringing any bells.
2789,1207,2,10,49,61,1.2295081967213115,0.06356203726161902,588,"No, not 'Tom.' What do you call a peeping hunchback?"
1445,1207,3,8,50,61,1.2295081967213115,0.06772429895007506,588,Harvey's back... can you hold on while I throw something at him?
1012,1207,2,10,49,61,1.2295081967213115,0.06356203726161902,588,NYC stabilized rent sure is hard to come by.
996,1207,5,4,52,61,1.2295081967213115,0.07536230386036859,588,I told him I’m Jewish.
1726,1207,4,6,51,61,1.2295081967213115,0.07164515863413823,588,"I dunno, he just keeps staring at my bush."
692,1207,2,10,49,61,1.2295081967213115,0.06356203726161902,588,I’d like to report another peeping tom
648,1207,3,8,50,61,1.2295081967213115,0.06772429895007506,588,Yeah...rings a bell.
117,1207,2,10,49,61,1.2295081967213115,0.06356203726161902,588,"I broke up with him last night, but I have a hunch he'll be back."
66,1207,3,8,50,61,1.2295081967213115,0.06772429895007506,588,Call it a hunch.
27,1207,1,12,48,61,1.2295081967213115,0.05910739795842607,588,The weirdest part is that he's only admiring his reflection.
1568,1227,2,10,50,62,1.2258064516129032,0.06263791695329896,588,"Yes, I asked him to replace the bell with wind chimes."
460,1227,3,8,51,62,1.2258064516129032,0.06672577740289717,588,This sculpture look so real.
1840,1227,3,8,51,62,1.2258064516129032,0.06672577740289717,588,I swear he's a dead ringer for Harvey Weinstein.
227,1227,4,6,52,62,1.2258064516129032,0.07057726333454416,588,"I don't care that it has autonomous driving, I ordered the hatchback, not the hunchback!"
378,1227,0,14,48,62,1.2258064516129032,0.053533794753437405,588,The neighborhood has a decidedly Gothic feel.
2997,1232,3,7,48,58,1.2241379310344827,0.06975500922314924,588,Hunchback of Not Ur Dame.
2844,1232,3,7,48,58,1.2241379310344827,0.06975500922314924,588,I guess the broker was right. The view is over the top.
2807,1232,3,7,48,58,1.2241379310344827,0.06975500922314924,588,"Nah, just a garden-variety peeping Tom, with no pants. He can climb, but he can't fly."
2778,1232,2,9,47,58,1.2241379310344827,0.06527480857241695,588,I love my new apartment. It's like my total sanctuary.
2046,1232,5,3,50,58,1.2241379310344827,0.0779466655273563,588,Of course I'm stalking you.
2704,1232,4,5,49,58,1.2241379310344827,0.0739643291680361,588,I knew I should have never let you talk me into letting that Quasimodo guy from the church next door buy me a drink.
2687,1232,4,5,49,58,1.2241379310344827,0.0739643291680361,588,"Now, Belinda, for the last time: Will you marry me?"
2618,1232,4,5,49,58,1.2241379310344827,0.0739643291680361,588,"I wouldn't really mind it if he weren't chanting ""Serf's up!"""
2350,1232,4,5,49,58,1.2241379310344827,0.0739643291680361,588,My doorbell man is here.
2281,1232,3,7,48,58,1.2241379310344827,0.06975500922314924,588,"I don't know why, but every time I water my Pot plant, he's there."
2253,1232,5,3,50,58,1.2241379310344827,0.0779466655273563,588,"Hello, Pope Francis!"
2162,1232,2,9,47,58,1.2241379310344827,0.06527480857241695,588,"I don't see it working out, Ma. He's a real gargoyle."
3123,1232,4,5,49,58,1.2241379310344827,0.0739643291680361,588,"I'm telling you, he just pooped out an entire cathedral!"
2067,1232,2,9,47,58,1.2241379310344827,0.06527480857241695,588,"No officer, not a ""Peeping Tom"".... a ""Peeping Quasimodo""."
2445,1232,3,7,48,58,1.2241379310344827,0.06975500922314924,588,"I've got to go Sharon, the neighbors are on their way over."
3143,1232,2,9,47,58,1.2241379310344827,0.06527480857241695,588,The bells? No problem. But the view can be ugly.
4253,1232,2,9,47,58,1.2241379310344827,0.06527480857241695,588,Hello? I'd like to report a humpback wail on top of the cathedral.
3318,1232,3,7,48,58,1.2241379310344827,0.06975500922314924,588,At last! Real competition for neighbourhood ogre!
2025,1232,2,9,47,58,1.2241379310344827,0.06527480857241695,588,"Hi, I'd like to call in a drone strike."
4084,1232,3,7,48,58,1.2241379310344827,0.06975500922314924,588,He acts like it's only quasi-separation of church and mate.
4081,1232,2,9,47,58,1.2241379310344827,0.06527480857241695,588,What part of ‘No!’ don’t you understand?
4039,1232,3,7,48,58,1.2241379310344827,0.06975500922314924,588,I shouldn’t have given him water.
3954,1232,1,11,46,58,1.2241379310344827,0.060463542375630945,588,I would like to bridge the divide between church and sex
3918,1232,2,9,47,58,1.2241379310344827,0.06527480857241695,588,Another benefit of living next to Notre Dame: we get to chat with Quasimodo.
3212,1232,0,13,45,58,1.2241379310344827,0.055234765130792035,588,He keeps calling me “Precious.” Whatever!
3865,1232,3,7,48,58,1.2241379310344827,0.06975500922314924,588,"Yeah, they say he wants to be called ""Spire-Man."""
3747,1232,1,11,46,58,1.2241379310344827,0.060463542375630945,588,He takes face time very seriously.
3713,1232,2,9,47,58,1.2241379310344827,0.06527480857241695,588,What’s up? Funny you should ask…
3712,1232,1,11,46,58,1.2241379310344827,0.060463542375630945,588,"He’d like a medium pie with cornichons, whatever that is..."
3672,1232,3,7,48,58,1.2241379310344827,0.06975500922314924,588,He says he's a lightening rod.
3643,1232,2,9,47,58,1.2241379310344827,0.06527480857241695,588,"Quasimodo? No, he says his name is Scooter."
3628,1232,3,7,48,58,1.2241379310344827,0.06975500922314924,588,and I thought my apartment was small
3836,1232,1,11,46,58,1.2241379310344827,0.060463542375630945,588,"Oh my god, he just sits there and stares. It's so annoying."
1946,1232,4,5,49,58,1.2241379310344827,0.0739643291680361,588,"On the bright side,he looks like he's got a good head on his shoulder."
458,1232,4,5,49,58,1.2241379310344827,0.0739643291680361,588,911? Could you send over an officer to remove the bat in the belfry next door?
1747,1232,2,9,47,58,1.2241379310344827,0.06527480857241695,588,"Esmeralda? Yes, he insists you gave him this address!"
31,1232,4,5,49,58,1.2241379310344827,0.0739643291680361,588,The folks across the street just listed their place on PrayerBNB.
36,1232,3,7,48,58,1.2241379310344827,0.06975500922314924,588,"Nah, I'm not gonna tell him to leave. I get better reception out here, now."
47,1232,4,5,49,58,1.2241379310344827,0.0739643291680361,588,My neighbor's like totally into parkour.
99,1232,0,13,45,58,1.2241379310344827,0.055234765130792035,588,I found out who has been taking my flowers.
108,1232,3,7,48,58,1.2241379310344827,0.06975500922314924,588,I don't dare make the leap from religion to environmentalism.
228,1232,2,9,47,58,1.2241379310344827,0.06527480857241695,588,So this is Halloween in Paris.
261,1232,2,9,47,58,1.2241379310344827,0.06527480857241695,588,The view? A mix of quasi-modern and Quasimodo.
427,1232,2,9,47,58,1.2241379310344827,0.06527480857241695,588,Quasimodo? I don't know. I may be looking at a dead ringer.
482,1232,0,13,45,58,1.2241379310344827,0.055234765130792035,588,"You can't see it on your map? 'N', 'O', 'T', 'R', 'E'. 'D', 'A', 'M', 'E'."
516,1232,2,9,47,58,1.2241379310344827,0.06527480857241695,588,That name rings a bell.
579,1232,3,7,48,58,1.2241379310344827,0.06975500922314924,588,He keeps his WiFi unprotected. We're good.
1906,1232,2,9,47,58,1.2241379310344827,0.06527480857241695,588,"If it isn't love, Mom, it's at least quasi-love."
665,1232,1,11,46,58,1.2241379310344827,0.060463542375630945,588,"Sorry, wrong century."
738,1232,3,7,48,58,1.2241379310344827,0.06975500922314924,588,"I dunno, Sally, I just have a hunch about this guy."
767,1232,2,9,47,58,1.2241379310344827,0.06527480857241695,588,"Yes, he's back. He probably wants to mansplain Gothic architecture to me again and insist on rescuing me from the evils of gentrification."
615,1232,2,9,47,58,1.2241379310344827,0.06527480857241695,588,I've got a hunch someone's watching me.
1008,1232,3,7,48,58,1.2241379310344827,0.06975500922314924,588,"Yes 911, it's Quasimodo with a ""Q."""
1708,1232,4,5,49,58,1.2241379310344827,0.0739643291680361,588,"You're going to love your new condo, they said. Breathtaking view of Notre-Dame, they said."
1520,1232,1,11,46,58,1.2241379310344827,0.060463542375630945,588,"Okay, gotta go. Q's gonna hop by for lunch."
1514,1232,3,7,48,58,1.2241379310344827,0.06975500922314924,588,"Well, yes, I do live in the ""Sanctuary Apartments""."
825,1232,1,11,46,58,1.2241379310344827,0.060463542375630945,588,"I have to go mom, my tinder date's here."
1420,1232,2,9,47,58,1.2241379310344827,0.06527480857241695,588,"Just to let you know, I'll be staying at Esmeralda's condo for a few days."
1388,1232,2,9,47,58,1.2241379310344827,0.06527480857241695,588,I have a hunch someone's watching my back..
1497,1232,5,3,50,58,1.2241379310344827,0.0779466655273563,588,He said he was trying to get closer to God. I just don't know why he couldnt keep his pants on.
1346,1232,3,7,48,58,1.2241379310344827,0.06975500922314924,588,I promise not to leave the seat up next time.
1303,1232,2,9,47,58,1.2241379310344827,0.06527480857241695,588,He is cheaper than a security system.
1194,1232,3,7,48,58,1.2241379310344827,0.06975500922314924,588,Trust me. I have a hunch about these things.
1168,1232,4,5,49,58,1.2241379310344827,0.0739643291680361,588,I think we've got bigger problems than pigeon shit.
1134,1232,2,9,47,58,1.2241379310344827,0.06527480857241695,588,"Well, right now he IS hunched, so I don't know..."
1086,1232,1,11,46,58,1.2241379310344827,0.060463542375630945,588,"So I told the genie I wish I could meet a man who will be devoted to me and make me feel safe, but I don't care what he looks like."
1368,1232,2,9,47,58,1.2241379310344827,0.06527480857241695,588,"I admire your accomplishment, but you'd seem less weird, if you'd finish dressing."
4203,1299,2,10,51,63,1.2222222222222223,0.06173977251921359,588,He’s the strong silent type.
3036,1300,3,7,49,59,1.2203389830508475,0.06866769441367397,588,Oh I love the new apartment. Its like being in a Disney movie.
3347,1300,2,9,48,59,1.2203389830508475,0.06427129001463887,588,But I told him I'm reading Les Miserables.
3108,1300,0,13,46,59,1.2203389830508475,0.05442326385157392,588,"Just a sec love, the neighbor has something to tell me."
3324,1300,1,11,47,59,1.2203389830508475,0.05955119800811673,588,He wants to lease the vacant apartment below us because his current studio is a walk up.
3336,1300,1,11,47,59,1.2203389830508475,0.05955119800811673,588,He says he only wants sanctuary but...
3365,1300,1,11,47,59,1.2203389830508475,0.05955119800811673,588,"Carol, he's a creep. I can't even find him on facebook"
4278,1300,3,7,49,59,1.2203389830508475,0.06866769441367397,588,I don't know. It's just a hunch.
3833,1300,1,11,47,59,1.2203389830508475,0.05955119800811673,588,I've got to change my eharmony profile.
4014,1300,3,7,49,59,1.2203389830508475,0.06866769441367397,588,"Sure, I can talk. It's a quasi-private balcony."
4121,1300,1,11,47,59,1.2203389830508475,0.05955119800811673,588,"Totally random, but do you have the name of a good chiropractor?"
4237,1300,3,7,49,59,1.2203389830508475,0.06866769441367397,588,"Actually, he's the furthest thing from spineless."
2192,1300,3,7,49,59,1.2203389830508475,0.06866769441367397,588,"I must go, Tony's been watching Planet of the Apes again"
3789,1300,4,5,50,59,1.2203389830508475,0.07279907823615353,588,"No Tree Pose today, Quasimodo?"
1954,1300,4,5,50,59,1.2203389830508475,0.07279907823615353,588,The view isn't quite what I expected
2783,1300,5,3,51,59,1.2203389830508475,0.07670827418197788,588,You won’t believe this...
1917,1300,2,9,48,59,1.2203389830508475,0.06427129001463887,588,"Yes Padre, but there are also downsides to living so close to Church."
83,1300,4,5,50,59,1.2203389830508475,0.07279907823615353,588,I'm afraid it would be a leap of faith.
119,1300,3,7,49,59,1.2203389830508475,0.06866769441367397,588,"It's a wonder our ancestors survived at all, really."
576,1300,2,9,48,59,1.2203389830508475,0.06427129001463887,588,"A full-blown stalker? No, he's more of a quasi-stalker."
797,1300,1,11,47,59,1.2203389830508475,0.05955119800811673,588,"He keeps yelling, ""Sanctuary City!"""
1069,1300,4,5,50,59,1.2203389830508475,0.07279907823615353,588,When's Esmeralda going to be home from school?
310,1300,2,9,48,59,1.2203389830508475,0.06427129001463887,588,Stop. That's body shaming.
1369,1300,1,11,47,59,1.2203389830508475,0.05955119800811673,588,You rang?
1372,1300,2,9,48,59,1.2203389830508475,0.06427129001463887,588,Oh the neighborhood's nice enough I guess. I just wish it would gentrify a little faster.
1533,1300,3,7,49,59,1.2203389830508475,0.06866769441367397,588,"Honestly, I have no idea where the Condo Board got their information."""
1775,1300,1,11,47,59,1.2203389830508475,0.05955119800811673,588,He fertilizes them. I water them.
1924,1300,3,7,49,59,1.2203389830508475,0.06866769441367397,588,"Esmeralda tries the new Blackberry digital assistant, Quasimodo."
1333,1300,3,7,49,59,1.2203389830508475,0.06866769441367397,588,The good thing is that he keeps a watch on the apartment while I'm gone.
250,1328,1,11,48,60,1.2166666666666666,0.05866531842313125,588,"Mom, he's a stylish dresser, he's athletic and he can't keep his eyes off me, I'm gonna say yes."
1417,1328,3,7,50,60,1.2166666666666666,0.06761333513821251,588,He looks like your classical stalker.
2221,1328,3,7,50,60,1.2166666666666666,0.06761333513821251,588,"There's no need to worry, he's on the ball."
2748,1328,2,9,49,60,1.2166666666666666,0.06329764084940143,588,Didn’t know St Patty’s had one too
2996,1328,1,11,48,60,1.2166666666666666,0.05866531842313125,588,"At first I thought it was a gargoyle, but it's beginning to creep me out."
2878,1333,3,6,47,56,1.2142857142857142,0.07077624204383748,588,"Molten metal? No, just water. Why?"
2837,1333,2,8,46,56,1.2142857142857142,0.06602973412408396,588,Your restraining order doesn't cover this.
2892,1333,3,6,47,56,1.2142857142857142,0.07077624204383748,588,"Move to a sanctuary city, they said. You'll feel better about yourself."
3035,1333,1,10,45,56,1.2142857142857142,0.06091449038731727,588,"The new apartment is cool, but the new landlord is a little overbearing."
2944,1333,2,8,46,56,1.2142857142857142,0.06602973412408396,588,"Yes, he's there again ...the one with no pants a very bad posture...it seems like we should do something...I know...but...yes the Wilsons will be here a little before six..."
2990,1333,4,4,48,56,1.2142857142857142,0.07522384653285497,588,"Esmeralda, do you remember that friend of yours, Quasimodo?"
2816,1333,1,10,45,56,1.2142857142857142,0.06091449038731727,588,"I don't know what to do. I told him that he's too needy. It's over. But he stays there yelling  ""sanctuary."""
2903,1333,2,8,46,56,1.2142857142857142,0.06602973412408396,588,You'll never guess who I got to write Sally's letter of recommendation for Notre Dame.
2799,1333,1,10,45,56,1.2142857142857142,0.06091449038731727,588,I'm quasi-happy right now
2282,1333,3,6,47,56,1.2142857142857142,0.07077624204383748,588,Got a hunch I've seen him around.
2583,1333,1,10,45,56,1.2142857142857142,0.06091449038731727,588,This Squatty Potty thing is getting out of hand
2549,1333,2,8,46,56,1.2142857142857142,0.06602973412408396,588,I fed him once and he keeps coming back.
2462,1333,1,10,45,56,1.2142857142857142,0.06091449038731727,588,"I told him if he stopped ringing that bell, I might have lunch with him."
2453,1333,1,10,45,56,1.2142857142857142,0.06091449038731727,588,"'That's what I said, a single bound.'"
2433,1333,2,8,46,56,1.2142857142857142,0.06602973412408396,588,Can I call you back? The catholic church is about to get embroiled in another shitstorm.
2408,1333,3,6,47,56,1.2142857142857142,0.07077624204383748,588,Someone needs to tell him about Match.com.
2328,1333,2,8,46,56,1.2142857142857142,0.06602973412408396,588,He's so easily distracted!
3103,1333,0,12,44,56,1.2142857142857142,0.05532833351724882,588,This neighborhood is being overrun with squatters.
2198,1333,2,8,46,56,1.2142857142857142,0.06602973412408396,588,"Ooh, I know the perfect guy. I've got a hunch for these things."
2743,1333,0,12,44,56,1.2142857142857142,0.05532833351724882,588,"AirBNB was right, you won't believe the view of Paris from this high rise!"
3190,1333,3,6,47,56,1.2142857142857142,0.07077624204383748,588,Call the Realtor. A Trump voter just moved in next door.
3615,1333,2,8,46,56,1.2142857142857142,0.06602973412408396,588,"I have nine rooms. My neighbor has only one, but it's a ballroom."
3217,1333,2,8,46,56,1.2142857142857142,0.06602973412408396,588,I think my neighbor is stealing my tomatoes.
4256,1333,1,10,45,56,1.2142857142857142,0.06091449038731727,588,Oh God... its back...
4066,1333,2,8,46,56,1.2142857142857142,0.06602973412408396,588,Siri: Please connect me to The Vatican Pest Control.
3992,1333,2,8,46,56,1.2142857142857142,0.06602973412408396,588,One of our neighbors is really into Halloween.
3921,1333,1,10,45,56,1.2142857142857142,0.06091449038731727,588,I've got a hunch he's the one.
3910,1333,3,6,47,56,1.2142857142857142,0.07077624204383748,588,"Hello Monsignor, Just to let you know, Quasimodo is loose again."
3872,1333,2,8,46,56,1.2142857142857142,0.06602973412408396,588,"YOU jump first."" ""No, YOU!"
3868,1333,0,12,44,56,1.2142857142857142,0.05532833351724882,588,It must be noon. The Lunchback is here.
3810,1333,2,8,46,56,1.2142857142857142,0.06602973412408396,588,"As far as who he is, I had a hunch - back when he first showed up."
3679,1333,2,8,46,56,1.2142857142857142,0.06602973412408396,588,About that Peeping Tom...I’ve got a hunch.
3638,1333,1,10,45,56,1.2142857142857142,0.06091449038731727,588,"Ever since they hired the new gargoyle, my begonias are wilting."
3633,1333,3,6,47,56,1.2142857142857142,0.07077624204383748,588,"It's important to not encourage a hunchback, which would only make it worse."
3619,1333,2,8,46,56,1.2142857142857142,0.06602973412408396,588,Yes. He's still hunched over there.
2129,1333,3,6,47,56,1.2142857142857142,0.07077624204383748,588,Even the flashers in this city are overachievers.
3584,1333,1,10,45,56,1.2142857142857142,0.06091449038731727,588,"Yes, I fertilize his fern and he keeps the bells from chiming during Game of Thrones."
3481,1333,2,8,46,56,1.2142857142857142,0.06602973412408396,588,He says he's the Hunchback of Notre-Dame but he looks like just another peeping-tom to me!
3455,1333,0,12,44,56,1.2142857142857142,0.05532833351724882,588,Living in Paris is NOT what I imagined.
3346,1333,1,10,45,56,1.2142857142857142,0.06091449038731727,588,"But, where am I going to find a sitter on such short notice?"
3340,1333,0,12,44,56,1.2142857142857142,0.05532833351724882,588,He's cute but has really bad posture.
3306,1333,2,8,46,56,1.2142857142857142,0.06602973412408396,588,When will those strawberries be ripe?
3193,1333,3,6,47,56,1.2142857142857142,0.07077624204383748,588,Can I call you back? Quasimodo is on top of the bell tower again.
2058,1333,3,6,47,56,1.2142857142857142,0.07077624204383748,588,"He's only a quasi-boyfriend, but I've a hunch there will be bells in our future."
2806,1333,3,6,47,56,1.2142857142857142,0.07077624204383748,588,He told me his name. Sounds Japanese but he doesn't look Japanese.
1966,1333,2,8,46,56,1.2142857142857142,0.06602973412408396,588,What ELSE can you do?
1071,1333,3,6,47,56,1.2142857142857142,0.07077624204383748,588,Not sure why but I keep having this strange hunch whenever I come out to water.
1040,1333,2,8,46,56,1.2142857142857142,0.06602973412408396,588,I don't think he realizes we aren't a sanctuary city anymore.
1018,1333,2,8,46,56,1.2142857142857142,0.06602973412408396,588,I have a hunch he'll be back.
1000,1333,0,12,44,56,1.2142857142857142,0.05532833351724882,588,"He looks familiar, but he doesn't ring a bell."
976,1333,3,6,47,56,1.2142857142857142,0.07077624204383748,588,I don't know why he's up there - it looks like he really got his bell rung.
893,1333,3,6,47,56,1.2142857142857142,0.07077624204383748,588,... but he refuses to move on...
788,1333,4,4,48,56,1.2142857142857142,0.07522384653285497,588,He’s so vain. He probably thinks I’m talking about him.
702,1333,4,4,48,56,1.2142857142857142,0.07522384653285497,588,We overlook Trump Spine Care.
641,1333,2,8,46,56,1.2142857142857142,0.06602973412408396,588,"Plus, I live next to a really famous person who seems to be interested in me."
595,1333,2,8,46,56,1.2142857142857142,0.06602973412408396,588,"Yeah, there's kind of a Paris vibe to our downtown."
570,1333,1,10,45,56,1.2142857142857142,0.06091449038731727,588,Ajax Pest Control? Do you snuff gargoyles?
398,1333,4,4,48,56,1.2142857142857142,0.07522384653285497,588,"Yeah, he won’t stop staring"
305,1333,2,8,46,56,1.2142857142857142,0.06602973412408396,588,I don't know his name but his face rings a bell.
293,1333,3,6,47,56,1.2142857142857142,0.07077624204383748,588,"Hello, Moto."
286,1333,4,4,48,56,1.2142857142857142,0.07522384653285497,588,"Well, you know, mothers are often fondest of the child which has caused them the greatest pain. HI, SWEETIE!"
109,1333,3,6,47,56,1.2142857142857142,0.07077624204383748,588,The neighbors are out messing with their satellite dish again.
104,1333,2,8,46,56,1.2142857142857142,0.06602973412408396,588,It has a great southern exposure with a Quasi-view of the church.
79,1333,2,8,46,56,1.2142857142857142,0.06602973412408396,588,This is Esmeralda in 2401. Quasimodo is back!
2033,1333,2,8,46,56,1.2142857142857142,0.06602973412408396,588,"Yeah, this time he’s whistling show tunes..."
1097,1333,1,10,45,56,1.2142857142857142,0.06091449038731727,588,He even watches my plants when I am traveling.
1119,1333,0,12,44,56,1.2142857142857142,0.05532833351724882,588,"Hello, Notre Dame, I think I found your Hunch Back."
1088,1333,2,8,46,56,1.2142857142857142,0.06602973412408396,588,I'm gonna have to call you back
1197,1333,2,8,46,56,1.2142857142857142,0.06602973412408396,588,"He pronounces it ""Quay Zai."
1965,1333,1,10,45,56,1.2142857142857142,0.06091449038731727,588,Harvey is up to his old tricks again
1879,1333,2,8,46,56,1.2142857142857142,0.06602973412408396,588,"Yeah, Ma. Quasi's still having trouble moving on."
1737,1333,1,10,45,56,1.2142857142857142,0.06091449038731727,588,"Well, I thought I swiped left."
1691,1333,1,10,45,56,1.2142857142857142,0.06091449038731727,588,"I'm not sure yet, Karen, we met online."
1687,1333,3,6,47,56,1.2142857142857142,0.07077624204383748,588,"For the umpeenth time, you can't claim squatter's rights on a church!"
1678,1333,1,10,45,56,1.2142857142857142,0.06091449038731727,588,"Sorry, my ringer was off."
1670,1333,1,10,45,56,1.2142857142857142,0.06091449038731727,588,I'm starting to rethink the free Catholic Singles membership that came with my new apartment.
1649,1333,2,8,46,56,1.2142857142857142,0.06602973412408396,588,"Oh, it's just another Leaping Tom."
1152,1333,3,6,47,56,1.2142857142857142,0.07077624204383748,588,"Hold on, Sonia. I found a guy who can ring my bell."
1576,1333,2,8,46,56,1.2142857142857142,0.06602973412408396,588,No! She said that? That's crazy...
1630,1333,1,10,45,56,1.2142857142857142,0.06091449038731727,588,He is a dead ringer for his brother.
1467,1333,1,10,45,56,1.2142857142857142,0.06091449038731727,588,"Lisa, I think I found a guy you might like -- he's shy, not too tall, and could 'ring your bell'."
1462,1333,1,10,45,56,1.2142857142857142,0.06091449038731727,588,"No mom, I've never seen that movie."
1459,1333,2,8,46,56,1.2142857142857142,0.06602973412408396,588,I'm still not a big fan of hump day.
1422,1333,2,8,46,56,1.2142857142857142,0.06602973412408396,588,I'd like to report a man exposing himself in front of my 20th-floor apartment while balancing on an exercise ball on top of a belfry. But can his charge be reduced for his physical agility?
1377,1333,3,6,47,56,1.2142857142857142,0.07077624204383748,588,"Yes, I'm staring right at him."
1347,1333,1,10,45,56,1.2142857142857142,0.06091449038731727,588,Does the name Quasimoto ring a bell?
1206,1333,3,6,47,56,1.2142857142857142,0.07077624204383748,588,I just think 15th Century French Gothic is taking the retro vibe a little too far for a coffee shop
1530,1333,2,8,46,56,1.2142857142857142,0.06602973412408396,588,you not believe what is growing next door.
3308,1421,0,11,41,52,1.2115384615384615,0.05718733248399806,588,"Hello, Officer? I'd like to report a Peeping Quasimoto."
3673,1422,1,10,46,57,1.2105263157894737,0.05995425420504103,588,He says we're a Tinder match. Should I let him come over?
2819,1422,2,8,47,57,1.2105263157894737,0.06496983156298607,588,His Tinder handle was Victor Hugo. I should've known it wasn't his real name.
3513,1422,1,10,46,57,1.2105263157894737,0.05995425420504103,588,Just that French guy.
2998,1422,2,8,47,57,1.2105263157894737,0.06496983156298607,588,You know that stalker? I have a hunch he's back.
1642,1422,2,8,47,57,1.2105263157894737,0.06496983156298607,588,"I like to report a peeping Tom. Well, actually he's quasi-peeping."
100,1422,1,10,46,57,1.2105263157894737,0.05995425420504103,588,One giant leap for mankind.
820,1422,1,10,46,57,1.2105263157894737,0.05995425420504103,588,"They told me this apartment had a crappy view, but I didn't think they meant it literally!"
448,1422,4,4,49,57,1.2105263157894737,0.07398791688784717,588,"To be completely quasi-honest with you, I'm seeing someone who's more on my level."
1411,1422,0,12,45,57,1.2105263157894737,0.0544788599480806,588,"I know life is all about balance, but I think this guy is taking it to the extreme."
517,1422,1,10,46,57,1.2105263157894737,0.05995425420504103,588,"Hump back, Hunch back, does it really matter, anyway whatever it is it's really annoying perched on the Tower like that !"
2252,1432,3,5,45,53,1.2075471698113207,0.07307515747561165,588,"Is it possible this whole ""freedom of religion"" thing has gotten a bit out of control?"
2989,1432,4,3,46,53,1.2075471698113207,0.0778823988139819,588,Do you need any toilet paper?
2987,1432,2,7,44,53,1.2075471698113207,0.06792855979005262,588,Please ask the realtor to come. My views are obstructed by a hump.
2842,1432,1,9,43,53,1.2075471698113207,0.06235863877776731,588,"No, I don't think I know who he is but his face rings a bell."
2829,1432,3,5,45,53,1.2075471698113207,0.07307515747561165,588,I'll call you back. Quasimoto's on the bell tower again.
2777,1432,3,5,45,53,1.2075471698113207,0.07307515747561165,588,"Well, that would explain my tinnitis!"
2754,1432,2,7,44,53,1.2075471698113207,0.06792855979005262,588,I love Paris in the springtime.
2523,1432,2,7,44,53,1.2075471698113207,0.06792855979005262,588,"Call you back, the head of the condo association wants to talk."
3054,1432,2,7,44,53,1.2075471698113207,0.06792855979005262,588,"It’s one of the Modo brothers-Quasi or Semi, I think."
2441,1432,2,7,44,53,1.2075471698113207,0.06792855979005262,588,"I'm not into French guys, but at least he'd be punctual."
2439,1432,2,7,44,53,1.2075471698113207,0.06792855979005262,588,"No, he hasn't sent me a friend request yet"
2428,1432,1,9,43,53,1.2075471698113207,0.06235863877776731,588,This Quasimodo guy is really on the ball!
2397,1432,2,7,44,53,1.2075471698113207,0.06792855979005262,588,Let's see...8 letters...rhymes with 'hardboiled'...I've got it! The word is 'gargoyle'!
2263,1432,1,9,43,53,1.2075471698113207,0.06235863877776731,588,"King Kong was the ape. No, I mean the other one!"
2518,1432,2,7,44,53,1.2075471698113207,0.06792855979005262,588,"Hello, 911? This church next door has a hunchback in its belfry...No, I said back!...No, not bat, hunchback! Oh, never mind."
2481,1432,2,7,44,53,1.2075471698113207,0.06792855979005262,588,Could you change that ring tone to something other than the bells?
3087,1432,3,5,45,53,1.2075471698113207,0.07307515747561165,588,I have a hunch but it really does not ring a bell.
3127,1432,4,3,46,53,1.2075471698113207,0.0778823988139819,588,"I don't know whether to be freaked out, puzzled, or impressed."
4197,1432,3,5,45,53,1.2075471698113207,0.07307515747561165,588,Lately I've been trying to develop a better antisocial network.
4180,1432,2,7,44,53,1.2075471698113207,0.06792855979005262,588,I'm a live and let live kind of person but it may be time to tighten the Airbnb regulations.
4175,1432,2,7,44,53,1.2075471698113207,0.06792855979005262,588,Being attentive isn't really the problem.
4119,1432,2,7,44,53,1.2075471698113207,0.06792855979005262,588,"The view? Oh, just the usual. You know. mam perching on steeple."
4069,1432,2,7,44,53,1.2075471698113207,0.06792855979005262,588,"I gotta run, Harvey's back."
2238,1432,0,11,42,53,1.2075471698113207,0.056239758403476246,588,"Okay, faking a phone call, acting normal, no quick movements, no eye contact ...."
3983,1432,1,9,43,53,1.2075471698113207,0.06235863877776731,588,He says he thinks he can make it!
3980,1432,2,7,44,53,1.2075471698113207,0.06792855979005262,588,"Oh, he's in one of his Quasimodo moods again."
3577,1432,2,7,44,53,1.2075471698113207,0.06792855979005262,588,I'd like to report a peeping Quasimodo. Again.
3556,1432,1,9,43,53,1.2075471698113207,0.06235863877776731,588,Leap before you look
3311,1432,2,7,44,53,1.2075471698113207,0.06792855979005262,588,Can't you see I'm talking here?
3279,1432,1,9,43,53,1.2075471698113207,0.06235863877776731,588,"No, I don't know if he's married or not."
3272,1432,2,7,44,53,1.2075471698113207,0.06792855979005262,588,"""Isn't it risky leaving a plant a plant on the edge like that?"
3263,1432,2,7,44,53,1.2075471698113207,0.06792855979005262,588,Did you say the half back of Notre Dame is staring into your apartment?
3234,1432,3,5,45,53,1.2075471698113207,0.07307515747561165,588,"Not to worry, I found someone who will water my plants."
3063,1432,2,7,44,53,1.2075471698113207,0.06792855979005262,588,Could you spare a bit of that water for a thirsty climber?
2182,1432,4,3,46,53,1.2075471698113207,0.0778823988139819,588,"Not true, Betty. Quasi's scaled great heights to get where he is today, he looks out for me, and he's still on the ball. OK.. gotta go.. he'll be ringing the bell any minute."
212,1432,1,9,43,53,1.2075471698113207,0.06235863877776731,588,"Yeah, I love the new apartment, but I keep hearing bells."
2081,1432,3,5,45,53,1.2075471698113207,0.07307515747561165,588,"Hunched back and a large schnozz? Ya, it's definitely him. Thank you, officer."
734,1432,2,7,44,53,1.2075471698113207,0.06792855979005262,588,The Hunchback apparently read 'Romeo and Juliet'
726,1432,1,9,43,53,1.2075471698113207,0.06235863877776731,588,"Yes, an altar boy who is really on the ball"
671,1432,0,11,42,53,1.2075471698113207,0.056239758403476246,588,"I would say he was High Church, if that's what you want to know."
656,1432,1,9,43,53,1.2075471698113207,0.06235863877776731,588,He actually looks quasi-serious this time.
652,1432,2,7,44,53,1.2075471698113207,0.06792855979005262,588,"Actually, I'm a full Modo."
552,1432,1,9,43,53,1.2075471698113207,0.06235863877776731,588,"I don't know, Quasi something...bell ringer...yeeessss, Mom, he's single."
816,1432,1,9,43,53,1.2075471698113207,0.06235863877776731,588,"Religion has its place, true, but proselytizing sometimes goes overboard."
546,1432,2,7,44,53,1.2075471698113207,0.06792855979005262,588,"I can't begin to tell you of the""iconic"" view, except it is reminiscent of a medieval film. No that doesn't ring a bell."
334,1432,0,11,42,53,1.2075471698113207,0.056239758403476246,588,I don't know his name but his face rings a bell.
186,1432,2,7,44,53,1.2075471698113207,0.06792855979005262,588,I can't stay on the phone; Romeo will be here in a minute.
172,1432,1,9,43,53,1.2075471698113207,0.06235863877776731,588,"Yes, I love my new place - just outside the French Quarter"
110,1432,2,7,44,53,1.2075471698113207,0.06792855979005262,588,How do I know there's a peeping-Tom in the area? Just a hunch.
50,1432,3,5,45,53,1.2075471698113207,0.07307515747561165,588,"So Officer you're saying if he's church-sanctioned, it's legal?"
2105,1432,2,7,44,53,1.2075471698113207,0.06792855979005262,588,Would you mind moving a little to the left? I'm trying to watch the bears game
515,1432,2,7,44,53,1.2075471698113207,0.06792855979005262,588,"Yes, I'd like to place a bet on Notre Dame . . . just following a hunch."
871,1432,3,5,45,53,1.2075471698113207,0.07307515747561165,588,"'Hi, is there someone I can speak to? I think I found Banksy'."
548,1432,1,9,43,53,1.2075471698113207,0.06235863877776731,588,"... and the thing is, I used to be into cosplay myself. But still..."
1001,1432,0,11,42,53,1.2075471698113207,0.056239758403476246,588,Apparently we have tbe same ring tone.
1006,1432,2,7,44,53,1.2075471698113207,0.06792855979005262,588,What is this -- Willard Straight Hall in 1997?
1070,1432,2,7,44,53,1.2075471698113207,0.06792855979005262,588,"Someone here keeps asking for sanctuary, but it's a succulent."
1157,1432,1,9,43,53,1.2075471698113207,0.06235863877776731,588,"Yeah, he's still there..I'm just watering his wig."
1254,1432,1,9,43,53,1.2075471698113207,0.06235863877776731,588,I can't place the name but he does ring a bell.
1360,1432,0,11,42,53,1.2075471698113207,0.056239758403476246,588,"Quasimodo? No, doesn't ring a bell."
1484,1432,2,7,44,53,1.2075471698113207,0.06792855979005262,588,"""You remember that Victor Hugo novel you lent me some time ago? Well there's this fellow now, looking at me, saying he's thirsty""."
2079,1432,2,7,44,53,1.2075471698113207,0.06792855979005262,588,I never thought I would miss seeing pigeons.
1582,1432,1,9,43,53,1.2075471698113207,0.06235863877776731,588,I think I've just found our Primary challenger.
1591,1432,3,5,45,53,1.2075471698113207,0.07307515747561165,588,Yes. I said that Quasimodo is at my balcony; peeping.
1595,1432,1,9,43,53,1.2075471698113207,0.06235863877776731,588,The Key Master lives one floor down.
1601,1432,2,7,44,53,1.2075471698113207,0.06792855979005262,588,"Eccentric, I grant you, but he's got a lot on the ball."
1721,1432,0,11,42,53,1.2075471698113207,0.056239758403476246,588,He’s taking this “We’ll always have Paris” thing way too far.
1809,1432,1,9,43,53,1.2075471698113207,0.06235863877776731,588,It rings for thee.
1886,1432,2,7,44,53,1.2075471698113207,0.06792855979005262,588,Feels like someone's watching . . . just a hunch.
916,1432,3,5,45,53,1.2075471698113207,0.07307515747561165,588,"Between working as a bell-ringer and practicing yoga, he keeps a tights schedule."
3061,1502,4,4,50,58,1.206896551724138,0.0727916279998561,588,Donald Trump is a jackass.
4179,1503,3,5,46,54,1.2037037037037037,0.0718120733939357,588,"Yeah, I had a hunch you’d call me back"
3909,1503,1,9,44,54,1.2037037037037037,0.061313537216527755,588,So I answered this ad for a house sitter...
3839,1503,1,9,44,54,1.2037037037037037,0.061313537216527755,588,It would be a lot easier if you just answered the phone.
3677,1503,2,7,45,54,1.2037037037037037,0.06676946806414794,588,"Honey, Trump's here looking for illegal aliens again."
3483,1503,1,9,44,54,1.2037037037037037,0.061313537216527755,588,"Hold on, Gina, I think the elevator stopped working, again."
3376,1503,2,7,45,54,1.2037037037037037,0.06676946806414794,588,"Well, the realtor called it a Quasi-city view..."
3339,1503,1,9,44,54,1.2037037037037037,0.061313537216527755,588,"I don't know, Amanda. Either he's a really intrepid peeper or else a rabid botanist who truly cares about this philodendron."
3156,1503,2,7,45,54,1.2037037037037037,0.06676946806414794,588,It's a bit too Quasimodish for my taste.
3089,1503,2,7,45,54,1.2037037037037037,0.06676946806414794,588,"Father O’Malley? It’s Maureen. Next door? Laughton is in your belfry again, and he keeps calling me Esmeralda."
2623,1503,1,9,44,54,1.2037037037037037,0.061313537216527755,588,The leapfrog of Notre Dame is at it again
2877,1503,3,5,46,54,1.2037037037037037,0.0718120733939357,588,I swiped left but it says he's 11 feet away. Now what?
2775,1503,3,5,46,54,1.2037037037037037,0.0718120733939357,588,911? There's a hunchback threatening to jump from a church bell tower ...
2675,1503,1,9,44,54,1.2037037037037037,0.061313537216527755,588,He's more or less quasi-mobile.
2633,1503,0,11,43,54,1.2037037037037037,0.055322127819126744,588,"Just hang on, I get to you after this telemarketing call"
4209,1503,2,7,45,54,1.2037037037037037,0.06676946806414794,588,Yes. You are at the seventeenth floor.
2563,1503,2,7,45,54,1.2037037037037037,0.06676946806414794,588,I'd like to report a peeping gargoyle.
1234,1503,0,11,43,54,1.2037037037037037,0.055322127819126744,588,"Well, I won't sleep easy until that last block goes co-op."
2367,1503,1,9,44,54,1.2037037037037037,0.061313537216527755,588,On the other hand having such a resourceful stalker is somewhat flattering mother.
2410,1503,1,9,44,54,1.2037037037037037,0.061313537216527755,588,You took my Tinder rejection too seriously Harold.
145,1503,2,7,45,54,1.2037037037037037,0.06676946806414794,588,"He's quasi-obsessed with kidnapping me, but have you seen the size of this balcony?"
352,1503,1,9,44,54,1.2037037037037037,0.061313537216527755,588,He's been squatting for so long he basically lives there now.
444,1503,1,9,44,54,1.2037037037037037,0.061313537216527755,588,I'm having a difficult time appreciating the Gothic architecture of the cathedral.
635,1503,1,9,44,54,1.2037037037037037,0.061313537216527755,588,This is the best yoga pose ever!
699,1503,2,7,45,54,1.2037037037037037,0.06676946806414794,588,Ugh sorry can I call you back? He really wants to do this candid pic. I guess they get him more likes or something. Uh huh hump day. Again. SO cliché.
16,1503,3,5,46,54,1.2037037037037037,0.0718120733939357,588,"Yes I do know my stalker's last name, It's Moto, Mr.Moto."
813,1503,2,7,45,54,1.2037037037037037,0.06676946806414794,588,"Two bed, two bath, and a great view of Quasimodo."
1201,1503,1,9,44,54,1.2037037037037037,0.061313537216527755,588,Esmeralda? Harvey Weinstein is here to see you.
1519,1503,3,5,46,54,1.2037037037037037,0.0718120733939357,588,I think the Bell Ringer likes me.
1683,1503,1,9,44,54,1.2037037037037037,0.061313537216527755,588,I dropped my cell phone a while back. Can I borrow yours?
1713,1503,3,5,46,54,1.2037037037037037,0.0718120733939357,588,Well it isn’t gentrifying quickly enough.
1813,1503,2,7,45,54,1.2037037037037037,0.06676946806414794,588,Quasimodo’s really “Out There” today!
724,1503,2,7,45,54,1.2037037037037037,0.06676946806414794,588,"Hi mom, this is Esmerelda. I just want to let you know that Quasimodo is about to swing over here to save me from ennui and my twitter feed."
3552,1535,2,7,46,55,1.2,0.06564879518897745,588,How do I know he's into me? Just a hunch.
3884,1535,3,5,47,55,1.2,0.0705915362006309,588,You could say I have a quasi-boyfriend.
2027,1535,3,5,47,55,1.2,0.0705915362006309,588,"Hold on, Susan, I think Quasimodo works for Postmates now."
2628,1538,2,6,43,51,1.196078431372549,0.06871143320758917,588,"No, its not for me, it is for my neighbor."
3165,1538,3,4,44,51,1.196078431372549,0.07419956050362551,588,"Hello, is this The New Yorker? I have a great idea for your caption-contest cartoon! NOT PART OF CAPTION: Please. pretend that The New Yorker is italicized. I don't know how to do that here."
3409,1538,2,6,43,51,1.196078431372549,0.06871143320758917,588,"Ellen, now do you believe I love you."
3381,1538,0,10,41,51,1.196078431372549,0.05614831789520141,588,Are you still looking for your bell ringer ?
3315,1538,1,8,42,51,1.196078431372549,0.06274509803921571,588,The bell-tower guy is getting quasi-creepy.
3411,1538,2,6,43,51,1.196078431372549,0.06871143320758917,588,Show your profile and I'll take a photo!
3288,1538,2,6,43,51,1.196078431372549,0.06871143320758917,588,Says his name is Bats and he's looking for a low cost Belfry.
3264,1538,2,6,43,51,1.196078431372549,0.06871143320758917,588,Q is in awesome shape. He's warming up for the parkour jam.
3116,1538,2,6,43,51,1.196078431372549,0.06871143320758917,588,"Nah ... the view's allright, it's jut not what they promised and it's not what I'm paying for ..."
2871,1538,1,8,42,51,1.196078431372549,0.06274509803921571,588,yeah i'm going to need to call you back
3048,1538,1,8,42,51,1.196078431372549,0.06274509803921571,588,"Hang on, I’ll ask my neighbor where he got his squatty potty...."
3039,1538,1,8,42,51,1.196078431372549,0.06274509803921571,588,"Not sure, but I have a hunch."
3005,1538,2,6,43,51,1.196078431372549,0.06871143320758917,588,This is such an easy city to meet new people.
2973,1538,1,8,42,51,1.196078431372549,0.06274509803921571,588,"No, it's not exactly the way I envision Romeo and Juliet"
2927,1538,1,8,42,51,1.196078431372549,0.06274509803921571,588,Hello 1-800-Flowers? I'm going to need a larger arrangement.
2905,1538,2,6,43,51,1.196078431372549,0.06871143320758917,588,Just waiting for the gentrification to be finally done!...
2888,1538,2,6,43,51,1.196078431372549,0.06871143320758917,588,I am sorry your Holiness but Peeping Quas is back.
2798,1538,1,8,42,51,1.196078431372549,0.06274509803921571,588,"Hold on a sec, I need to take a Quasi photo."
3060,1538,2,6,43,51,1.196078431372549,0.06871143320758917,588,He really went above and beyond with his Halloween costume this year.
3426,1538,1,8,42,51,1.196078431372549,0.06274509803921571,588,"Oh, he SAYS he's looking for love but I think he's after my fresh basil, Officer."
3507,1538,1,8,42,51,1.196078431372549,0.06274509803921571,588,"911, that horney Hollywood guy is back!"
3458,1538,2,6,43,51,1.196078431372549,0.06871143320758917,588,My building has changed a bit but I still have rent control
4267,1538,1,8,42,51,1.196078431372549,0.06274509803921571,588,What's parkour?
2560,1538,1,8,42,51,1.196078431372549,0.06274509803921571,588,Another one who looks nothing like his Tinder pictures...
4229,1538,3,4,44,51,1.196078431372549,0.07419956050362551,588,Do you think I should let him ring my bell?
4173,1538,4,2,45,51,1.196078431372549,0.07930881731826153,588,About that quasi-cell tower you put in mid town…
4153,1538,2,6,43,51,1.196078431372549,0.06871143320758917,588,"Sorry, I've got to get off, my stalker is back"
4132,1538,2,6,43,51,1.196078431372549,0.06871143320758917,588,Got to go now. I'm holding up the bell-ringing.
4110,1538,2,6,43,51,1.196078431372549,0.06871143320758917,588,"Sorry to bother you, Father, but he’s peeping at me again."
4057,1538,2,6,43,51,1.196078431372549,0.06871143320758917,588,"Not sure, but his face rings a bell."
4000,1538,3,4,44,51,1.196078431372549,0.07419956050362551,588,It's getting quasi-creepy
3432,1538,1,8,42,51,1.196078431372549,0.06274509803921571,588,Not only that. He jacks my wifi.
3991,1538,2,6,43,51,1.196078431372549,0.06871143320758917,588,Can you also pick up a water gun from the store honey. There's something I've been meaning to do.
3940,1538,2,6,43,51,1.196078431372549,0.06871143320758917,588,"No way, I'm not making the first move."
3838,1538,2,6,43,51,1.196078431372549,0.06871143320758917,588,"If you let him out again, I'm calling the Pope!!"
3821,1538,1,8,42,51,1.196078431372549,0.06274509803921571,588,Esmeralda? A friend of yours wants to set up lunch.
3761,1538,1,8,42,51,1.196078431372549,0.06274509803921571,588,"And yesterday, he dressed up as the Beast."
3669,1538,1,8,42,51,1.196078431372549,0.06274509803921571,588,"To be honest, I'm starting to prefer the southern exposure."
3657,1538,1,8,42,51,1.196078431372549,0.06274509803921571,588,Are you the new pastor?
3627,1538,0,10,41,51,1.196078431372549,0.05614831789520141,588,"Paris has lost it's charm, but I have a real bell ringer of a view!"
3551,1538,2,6,43,51,1.196078431372549,0.06871143320758917,588,"Hold on, Romeo's mooning over my diffenbachia again."
3497,1538,3,4,44,51,1.196078431372549,0.07419956050362551,588,He definitely rings my chimes.
3953,1538,2,6,43,51,1.196078431372549,0.06871143320758917,588,Do you guys know what your friar is doing now?
2514,1538,1,8,42,51,1.196078431372549,0.06274509803921571,588,"Which ones bite, gargoyles or hunchbacks?"
2534,1538,0,10,41,51,1.196078431372549,0.05614831789520141,588,I was a frog when you kissed me; can we try for a pigeon?
2359,1538,3,4,44,51,1.196078431372549,0.07419956050362551,588,Do you mind if I hop over for a coffee?
1107,1538,1,8,42,51,1.196078431372549,0.06274509803921571,588,Wrong number. There's no Esmeralda here.
1099,1538,3,4,44,51,1.196078431372549,0.07419956050362551,588,He says he wants me to watch him shower.
1036,1538,2,6,43,51,1.196078431372549,0.06871143320758917,588,"He's kind of cute and quite determined, but there's something strange about him..."
1026,1538,1,8,42,51,1.196078431372549,0.06274509803921571,588,"""Mom, I really wish you wouldn't have named me Esmeralda""."
964,1538,2,6,43,51,1.196078431372549,0.06871143320758917,588,"No, everything's fine? Turns out he's stalking my plant."
926,1538,3,4,44,51,1.196078431372549,0.07419956050362551,588,"I thought the job posting said ""Guard"" not ""Gargoyle"""
838,1538,1,8,42,51,1.196078431372549,0.06274509803921571,588,"Monique, swiping left is not going to solve the problem!"
835,1538,4,2,45,51,1.196078431372549,0.07930881731826153,588,"Call you back, time for church."
673,1538,2,6,43,51,1.196078431372549,0.06871143320758917,588,"Honey, your hunchback is here."
1144,1538,1,8,42,51,1.196078431372549,0.06274509803921571,588,"To be honest, getting spied on by drones is the least of my concerns."
632,1538,2,6,43,51,1.196078431372549,0.06871143320758917,588,Don't blame me. You're the one that wanted a rescue ogre.
510,1538,3,4,44,51,1.196078431372549,0.07419956050362551,588,Actually we live in a Quasi-modern apartment.
457,1538,0,10,41,51,1.196078431372549,0.05614831789520141,588,"Sure the tower is monstrous, but I'm getting great reception."
456,1538,1,8,42,51,1.196078431372549,0.06274509803921571,588,Let me give you a little backstory.
390,1538,2,6,43,51,1.196078431372549,0.06871143320758917,588,just happened to be in the neighborhood...
264,1538,0,10,41,51,1.196078431372549,0.05614831789520141,588,It's a great location; but the view's not wat I'd expected.
140,1538,2,6,43,51,1.196078431372549,0.06871143320758917,588,He says he only rings my bell.
113,1538,1,8,42,51,1.196078431372549,0.06274509803921571,588,Hold on - Quasi wants to say hi..............
84,1538,4,2,45,51,1.196078431372549,0.07930881731826153,588,"I have no idea why - he said he was ""onspired"""
29,1538,1,8,42,51,1.196078431372549,0.06274509803921571,588,You should have sold the air rights while the market was still hot.
620,1538,2,6,43,51,1.196078431372549,0.06871143320758917,588,Good morning new neighbor!
1150,1538,2,6,43,51,1.196078431372549,0.06871143320758917,588,"Well, when my realtor said the neighborhood had a lot of churches I thought that was a good thing. But now..."
698,1538,1,8,42,51,1.196078431372549,0.06274509803921571,588,"I'm telling you, Linda, he's really on the ball."
1215,1538,3,4,44,51,1.196078431372549,0.07419956050362551,588,I'm getting too old for this s---.
1193,1538,0,10,41,51,1.196078431372549,0.05614831789520141,588,Put $2000 on Bluebell in the fourth race. I dunno....I've got a strong hunch.
2200,1538,3,4,44,51,1.196078431372549,0.07419956050362551,588,"Look, Officer, I can't tell if he's a politician or a producer. Could you just come and take him away, please?"
2171,1538,2,6,43,51,1.196078431372549,0.06871143320758917,588,"Yeah Mom, I got a hunch..."
2104,1538,1,8,42,51,1.196078431372549,0.06274509803921571,588,"Ring-a-ding-ding, baby!"
2090,1538,1,8,42,51,1.196078431372549,0.06274509803921571,588,I told you he trolled for Weinstein.
2003,1538,1,8,42,51,1.196078431372549,0.06274509803921571,588,He said he went to Notre Dame and he has the scars to prove it.
1960,1538,3,4,44,51,1.196078431372549,0.07419956050362551,588,"No, doctor. I never forget to gargoyle."
1925,1538,1,8,42,51,1.196078431372549,0.06274509803921571,588,Are your Homeowners Association fees as outrageous as ours?
1892,1538,3,4,44,51,1.196078431372549,0.07419956050362551,588,I'll have to call you back.
1715,1538,2,6,43,51,1.196078431372549,0.06871143320758917,588,I gotta go.
2480,1538,2,6,43,51,1.196078431372549,0.06871143320758917,588,Please tell Mr. Hugo I believe I have located Quasimodo.
1219,1538,2,6,43,51,1.196078431372549,0.06871143320758917,588,Mind if I drop in?
1561,1538,2,6,43,51,1.196078431372549,0.06871143320758917,588,I just wish he'd Insta me like a normal person.
1521,1538,1,8,42,51,1.196078431372549,0.06274509803921571,588,"911, I need to report a Quasi problem on a nearby rooftop"
1499,1538,2,6,43,51,1.196078431372549,0.06871143320758917,588,"Your small place is rent controlled, too?"
1456,1538,2,6,43,51,1.196078431372549,0.06871143320758917,588,"Yes, my new place has a quasi view of the city."
1310,1538,2,6,43,51,1.196078431372549,0.06871143320758917,588,"I need a drink or two, maybe more."
1263,1538,1,8,42,51,1.196078431372549,0.06274509803921571,588,I'm invited to sing in the choir.
1255,1538,0,10,41,51,1.196078431372549,0.05614831789520141,588,"Honey, you never go full modo."
1672,1538,0,10,41,51,1.196078431372549,0.05614831789520141,588,Hop in your quasimotocycle and get over here quick.
3591,1628,2,4,35,41,1.1951219512195121,0.07978257187217622,588,I still think you're overwatering it.
2797,1629,2,6,44,52,1.1923076923076923,0.06748253524388616,588,Damn luxury apartments. I can't see anything from up here.
2673,1629,1,8,43,52,1.1923076923076923,0.06164206964379924,588,In his photo he looked taller.
2672,1629,0,10,42,52,1.1923076923076923,0.055186927229187645,588,"Sure, give me a ring anytime."
2269,1629,2,6,44,52,1.1923076923076923,0.06748253524388616,588,"When I requested a quasi-modern apartment, I wasn’t expecting this view!"
2461,1629,1,8,43,52,1.1923076923076923,0.06164206964379924,588,I thought you said the view was of Hackensack...
2401,1629,3,4,45,52,1.1923076923076923,0.07285629949368606,588,Let's meet in the park next time.
2917,1629,0,10,42,52,1.1923076923076923,0.055186927229187645,588,"Yeah, I love the new apartment. It's quasi-modern."
2340,1629,1,8,43,52,1.1923076923076923,0.06164206964379924,588,"Let me call you back, I need to feed my gargoyle."
2532,1629,2,6,44,52,1.1923076923076923,0.06748253524388616,588,"The view isn't bad, but I have a hunch I have loud neighbors."
3172,1629,2,6,44,52,1.1923076923076923,0.06748253524388616,588,Do I know you? Your face rings a bell.
3617,1629,1,8,43,52,1.1923076923076923,0.06164206964379924,588,It's just my neighbor. He's a character.
3563,1629,2,6,44,52,1.1923076923076923,0.06748253524388616,588,This peeper is really on the ball.
3585,1629,1,8,43,52,1.1923076923076923,0.06164206964379924,588,"Hold on, my neighbor's looking for his shoes."
3592,1629,2,6,44,52,1.1923076923076923,0.06748253524388616,588,Paris officials to stop development around Notre Dame Cathedral on more than a hunch.
3755,1629,1,8,43,52,1.1923076923076923,0.06164206964379924,588,"Mom, yes, it's an eclectic neighborhood. But, I feel as safe here as I do back home in South Bend."
3828,1629,0,10,42,52,1.1923076923076923,0.055186927229187645,588,It's more of a quasi-private balcony.
3840,1629,1,8,43,52,1.1923076923076923,0.06164206964379924,588,"911? No,No! It's not Harvey Weinstein. I have a hunch it's the Hunchback of Notre-Dame"
3996,1629,2,6,44,52,1.1923076923076923,0.06748253524388616,588,He keeps asking if Notre Dame made the playoff.
4247,1629,0,10,42,52,1.1923076923076923,0.055186927229187645,588,My complaints about being in a sanctuary city have fallen on deaf ears.
3532,1629,2,6,44,52,1.1923076923076923,0.06748253524388616,588,"Stunning view of Notre Dame, and he only faps when the bells ring."
2254,1629,1,8,43,52,1.1923076923076923,0.06164206964379924,588,Never heard of it. I wasn't much of a Disney kid.
3310,1629,1,8,43,52,1.1923076923076923,0.06164206964379924,588,Hello Guinness. Can you tell me what is the record for a staring contest?
2196,1629,2,6,44,52,1.1923076923076923,0.06748253524388616,588,I'll call you back. Someone's at the spire.
23,1629,1,8,43,52,1.1923076923076923,0.06164206964379924,588,The dinner went fine until my mom mentioned wedding bells.
87,1629,1,8,43,52,1.1923076923076923,0.06164206964379924,588,You get used to be stared at when you're wealthy. It's the pre-existing condition that bothers me.
190,1629,2,6,44,52,1.1923076923076923,0.06748253524388616,588,"I think somebody might be staring at me, but it's just a hunch."
215,1629,1,8,43,52,1.1923076923076923,0.06164206964379924,588,"Mom, I just discovered why my new rental is called the Esmeralda Suite."
308,1629,2,6,44,52,1.1923076923076923,0.06748253524388616,588,Getting up is the easy part.
338,1629,1,8,43,52,1.1923076923076923,0.06164206964379924,588,I know...you'd think it would fall off any second.
399,1629,2,6,44,52,1.1923076923076923,0.06748253524388616,588,"I told him, ""I'm not your dame."""
2199,1629,1,8,43,52,1.1923076923076923,0.06164206964379924,588,You may come over unless your name is Harvey Weinstein
584,1629,3,4,45,52,1.1923076923076923,0.07285629949368606,588,"Oh Stanley, he's still out having a ball."
403,1629,2,6,44,52,1.1923076923076923,0.06748253524388616,588,Now I kind of miss the gargoyle.
1383,1629,1,8,43,52,1.1923076923076923,0.06164206964379924,588,"Hi. Yeah, Dana? Your husband is playing gargoyle again."
1491,1629,2,6,44,52,1.1923076923076923,0.06748253524388616,588,I have an unobstructed view all the way to Trump Tower.
1562,1629,2,6,44,52,1.1923076923076923,0.06748253524388616,588,"...just met our new neighbor, does the name Quasimodo ring a bell?"
1621,1629,3,4,45,52,1.1923076923076923,0.07285629949368606,588,"At the risk of sounding conceited, I have a hunch he likes me."
1811,1629,0,10,42,52,1.1923076923076923,0.055186927229187645,588,He wants to take me to see Les Miz. He says he knew the author.
1911,1629,1,8,43,52,1.1923076923076923,0.06164206964379924,588,I think he said he was a half back at Notre-Dame.
2026,1629,2,6,44,52,1.1923076923076923,0.06748253524388616,588,"Yeah, Tiffany. My neighbor is Notre Lame."
2041,1629,3,4,45,52,1.1923076923076923,0.07285629949368606,588,Have to call you back. The guy next door needs to use my bathroom.
950,1629,0,10,42,52,1.1923076923076923,0.055186927229187645,588,"I'm turning my balcony into, like, a quasi-garden."
2082,1671,3,4,46,53,1.1886792452830188,0.07156048206456342,588,I think he's compensating for something.
3990,1671,2,6,45,53,1.1886792452830188,0.06629640403806238,588,Did you say Notre Dame needs a hunchback or quarterback?
2811,1671,0,10,43,53,1.1886792452830188,0.054257113621244524,588,"Well, the flat is tolerable, but the view is quasi-mundane."
2429,1671,1,8,44,53,1.1886792452830188,0.060576594353292317,588,He doesn't talk much but he's very attentive.
1872,1671,2,6,45,53,1.1886792452830188,0.06629640403806238,588,He borrowed my tights again.
3132,1671,2,6,45,53,1.1886792452830188,0.06629640403806238,588,I hate to admit this but he kind of rings my bell.
1184,1671,3,4,46,53,1.1886792452830188,0.07156048206456342,588,I've got a hunch he won't go quietly
762,1671,2,6,45,53,1.1886792452830188,0.06629640403806238,588,"Hey, gotta go - Quasi is creeping me out again."
415,1671,1,8,44,53,1.1886792452830188,0.060576594353292317,588,I just googled 'Paris' and 'real local experience'.
1716,1671,1,8,44,53,1.1886792452830188,0.060576594353292317,588,He promised not to lose his shirt playing bingo this week.
1033,1681,2,6,46,54,1.1851851851851851,0.06515087083609597,588,It's so difficult to meet people in this city.
2098,1681,0,10,44,54,1.1851851851851851,0.05335739809593593,588,Just some guy with shoulder pads taking a knee or something.
2152,1681,1,8,45,54,1.1851851851851851,0.05954682150320808,588,"I think he's employed by Harvey Weinstein, so I'm not falling for it."
2843,1684,1,7,41,49,1.183673469387755,0.06303997616615865,588,King Kong is busy. You want to leave a message for him?
2859,1684,1,7,41,49,1.183673469387755,0.06303997616615865,588,How is he the victim?!
2860,1684,1,7,41,49,1.183673469387755,0.06303997616615865,588,Frogman steadied himself and coiled his tongue. Soon he would have a cell phone of his own.
2963,1684,1,7,41,49,1.183673469387755,0.06303997616615865,588,church? CHURCH? . . . that seriously unattractive Quasi character would probably come down and start bugging me for a date again!
2986,1684,2,5,42,49,1.183673469387755,0.069457747811776,588,"Sorry, I'm already seeing someone."
3091,1684,1,7,41,49,1.183673469387755,0.06303997616615865,588,"Yeah, he’s back. Yep, he’s still hunched."
3071,1684,2,5,42,49,1.183673469387755,0.069457747811776,588,"They didn’t tell me they were building an 18th century cathedral to block my view, when I bought my condo."
2832,1684,2,5,42,49,1.183673469387755,0.069457747811776,588,"Yup, here's still there . . . He just keeps yelling ""Quasi-YOLO!"""
3122,1684,1,7,41,49,1.183673469387755,0.06303997616615865,588,I'm not kidding. It tolls for me.
3181,1684,2,5,42,49,1.183673469387755,0.069457747811776,588,"I don’t mind you staring at me, as long as you stop with that damn bell."
3196,1684,1,7,41,49,1.183673469387755,0.06303997616615865,588,911 Help! This guy thinks he is a cat. I cannot convince him that he is a bird.
3022,1684,1,7,41,49,1.183673469387755,0.06303997616615865,588,I think there may be a full moon tonight.
2710,1684,3,3,43,49,1.183673469387755,0.07533072989915002,588,I always know what time it is.
2640,1684,2,5,42,49,1.183673469387755,0.069457747811776,588,One leap could do it.
2676,1684,1,7,41,49,1.183673469387755,0.06303997616615865,588,"Yeah, he keeps shouting something at me that sounds like May Day but it's October."
2635,1684,0,9,40,49,1.183673469387755,0.05589005688828228,588,Please don't knock my plant off when you come in for dinner.
2609,1684,3,3,43,49,1.183673469387755,0.07533072989915002,588,He and the bell are a bit annoying but it was way below market.
2601,1684,1,7,41,49,1.183673469387755,0.06303997616615865,588,Please hold for Harvey.
2555,1684,2,5,42,49,1.183673469387755,0.069457747811776,588,"Hold on. I'm watching a tryout for ""Vertigo,"""
2498,1684,1,7,41,49,1.183673469387755,0.06303997616615865,588,"""Hello Padre, I think your bell ringer is on the ball."
2475,1684,2,5,42,49,1.183673469387755,0.069457747811776,588,It will take a leap of faith.
2469,1684,2,5,42,49,1.183673469387755,0.069457747811776,588,The dating service matched us by height. I don't think that worked.
2454,1684,1,7,41,49,1.183673469387755,0.06303997616615865,588,I have a hunch that he likes me.
2411,1684,0,9,40,49,1.183673469387755,0.05589005688828228,588,You are not going to believe this cute guy sitting right outside my deck!
3218,1684,2,5,42,49,1.183673469387755,0.069457747811776,588,I'd like to report a peeping Quasimodo.
2430,1684,2,5,42,49,1.183673469387755,0.069457747811776,588,"I've never heard of his website , either, but the brick-and-mortar version rings a bell"
2383,1684,2,5,42,49,1.183673469387755,0.069457747811776,588,"Hold on. My creepy, rent-controlled neighbor is staring at me again."
3239,1684,0,9,40,49,1.183673469387755,0.05589005688828228,588,She says “Go for it. It’s a leap of faith.”
3847,1684,0,9,40,49,1.183673469387755,0.05589005688828228,588,The marijuana plant is a bit too potent.
3300,1684,1,7,41,49,1.183673469387755,0.06303997616615865,588,The bellman is staring at me again!
2377,1684,2,5,42,49,1.183673469387755,0.069457747811776,588,"No officer, I'm safe. But I think you should send someone in case Mr. Weinstein decides to jump."
4244,1684,3,3,43,49,1.183673469387755,0.07533072989915002,588,"Qui, il est toujours la'..."
4283,1684,1,7,41,49,1.183673469387755,0.06303997616615865,588,What do you mean by the food delivery guys not taking the elevator or the stairs?
4236,1684,2,5,42,49,1.183673469387755,0.069457747811776,588,I could use a drink of water
4187,1684,2,5,42,49,1.183673469387755,0.069457747811776,588,"No, definitely not Spider-Man."
4117,1684,2,5,42,49,1.183673469387755,0.069457747811776,588,Let me call you back. A guy outside wants to play Hunchback of Notre Dame.
4095,1684,2,5,42,49,1.183673469387755,0.069457747811776,588,"no worries, he is on the ball"
3981,1684,1,7,41,49,1.183673469387755,0.06303997616615865,588,''Actually Officer this one seems extremely acrobatic therefore I would describe him as a Full Moto''
3977,1684,3,3,43,49,1.183673469387755,0.07533072989915002,588,You win! Your mobile connection IS better!
3975,1684,2,5,42,49,1.183673469387755,0.069457747811776,588,Don't 'Esmeralda' me! The dude is creepy!
3901,1684,1,7,41,49,1.183673469387755,0.06303997616615865,588,Esmerelda! I had a hunch you’d call
3861,1684,0,9,40,49,1.183673469387755,0.05589005688828228,588,"It depends upon your definition of ""ledge""."
3855,1684,2,5,42,49,1.183673469387755,0.069457747811776,588,"Hey, my upstairs neighbor, please do not water your plant with hot water. It hurts your plant and my hair!"
3804,1684,2,5,42,49,1.183673469387755,0.069457747811776,588,I advise you to water only once a week !
3771,1684,1,7,41,49,1.183673469387755,0.06303997616615865,588,He claims there are bats in his belfry.
3725,1684,2,5,42,49,1.183673469387755,0.069457747811776,588,"Agnes, have you seen my bell?"
3674,1684,1,7,41,49,1.183673469387755,0.06303997616615865,588,"He says he is out of the sanctuary game, but he now teaches advanced yoga."
3650,1684,0,9,40,49,1.183673469387755,0.05589005688828228,588,I wish he’d stop trying to ring my bells.
3605,1684,2,5,42,49,1.183673469387755,0.069457747811776,588,You're dripping on the sauna.
3594,1684,1,7,41,49,1.183673469387755,0.06303997616615865,588,"I know I live on the 50th floor, Officer MacDoo! He is still a Peeping Tom!"
3575,1684,3,3,43,49,1.183673469387755,0.07533072989915002,588,I really gotta change my ring tone.
3572,1684,3,3,43,49,1.183673469387755,0.07533072989915002,588,"Hold on, Gary's mocking evolution again"
3568,1684,1,7,41,49,1.183673469387755,0.06303997616615865,588,"...Hmmmm, nope, doesn't ring a bell..."
3480,1684,1,7,41,49,1.183673469387755,0.06303997616615865,588,Heads up that our neighbor Quasimodo is quasi mobile.
3397,1684,1,7,41,49,1.183673469387755,0.06303997616615865,588,"No, I think he just got lost looking for the bathroom."
3335,1684,1,7,41,49,1.183673469387755,0.06303997616615865,588,He's Quasi-creepy is what he is.
3321,1684,2,5,42,49,1.183673469387755,0.069457747811776,588,"Yeah Mom, I'm sure it's him, John just never understood ""Acceptance""!"
3249,1684,1,7,41,49,1.183673469387755,0.06303997616615865,588,Quasimodo says I should change my ringtone.
2366,1684,1,7,41,49,1.183673469387755,0.06303997616615865,588,...but I always heard Charles Laughton was gay.
2080,1684,2,5,42,49,1.183673469387755,0.069457747811776,588,Acmée Plumbing? The toilet at Notre Dame is clogged again.
2327,1684,1,7,41,49,1.183673469387755,0.06303997616615865,588,"I have a hunch it's the same guy, and he's back for another drink of water."
943,1684,1,7,41,49,1.183673469387755,0.06303997616615865,588,"I'll have to call you back, my Ubermodo is here."
766,1684,0,9,40,49,1.183673469387755,0.05589005688828228,588,I had a hunch back last week as to who the peeper was.....
761,1684,0,9,40,49,1.183673469387755,0.05589005688828228,588,"Hey, I may need to call you back...just a hunch."
749,1684,3,3,43,49,1.183673469387755,0.07533072989915002,588,"Yes babe, I'm touching myself."
644,1684,1,7,41,49,1.183673469387755,0.06303997616615865,588,This dating service has got to go.
578,1684,0,9,40,49,1.183673469387755,0.05589005688828228,588,I dunno. Some creepy guy doing yoga.
501,1684,0,9,40,49,1.183673469387755,0.05589005688828228,588,I'm beginning to understand why the rent is so cheap on this place.
485,1684,2,5,42,49,1.183673469387755,0.069457747811776,588,"Honey, Trump is president up there, too."
443,1684,1,7,41,49,1.183673469387755,0.06303997616615865,588,What's the world record for the long jump?
430,1684,2,5,42,49,1.183673469387755,0.069457747811776,588,"He's got, like, a back thing going."
424,1684,2,5,42,49,1.183673469387755,0.069457747811776,588,"Well, Jane, it's not much better, but I'm getting a quasi-signal from the tower now."
402,1684,1,7,41,49,1.183673469387755,0.06303997616615865,588,He's taking cosplay to new heights.
1032,1684,0,9,40,49,1.183673469387755,0.05589005688828228,588,"Hello, is this not-an-animal control?"
351,1684,2,5,42,49,1.183673469387755,0.069457747811776,588,Really regretting that Esmeralda joke
283,1684,2,5,42,49,1.183673469387755,0.069457747811776,588,"Hello, police? He's invading my sanctuary again."
279,1684,2,5,42,49,1.183673469387755,0.069457747811776,588,"I'm asking him in, it's just a hunch."
218,1684,2,5,42,49,1.183673469387755,0.069457747811776,588,That’s not what I meant when I asked you to give me a ring.
167,1684,3,3,43,49,1.183673469387755,0.07533072989915002,588,I can't afford a drone.
142,1684,2,5,42,49,1.183673469387755,0.069457747811776,588,I've got to go my yoga teacher is here.
95,1684,2,5,42,49,1.183673469387755,0.069457747811776,588,He likes to watch the wind send my potted plants crashing 40 stories down to the sidewalk.
68,1684,1,7,41,49,1.183673469387755,0.06303997616615865,588,Can you hear me now?
41,1684,1,7,41,49,1.183673469387755,0.06303997616615865,588,My downstairs neighbor insists I look at him when he speaks.
40,1684,2,5,42,49,1.183673469387755,0.069457747811776,588,I'm sure it's the synagogue. What does his back have to do with it?
35,1684,4,1,44,49,1.183673469387755,0.08077783732678857,588,"Hello, Moto."
20,1684,1,7,41,49,1.183673469387755,0.06303997616615865,588,I just got a new follower on Instagram.
2354,1684,2,5,42,49,1.183673469387755,0.069457747811776,588,The new gargoyle they've installed on the church steeple next door is freaking me out.
300,1684,1,7,41,49,1.183673469387755,0.06303997616615865,588,And he looks thirsty.
1052,1684,1,7,41,49,1.183673469387755,0.06303997616615865,588,Quasimodo's ex is rethinking her apartment situation.
800,1684,1,7,41,49,1.183673469387755,0.06303997616615865,588,It was my hunch he'd be back..
1154,1684,2,5,42,49,1.183673469387755,0.069457747811776,588,"Hi, is this 'Any & All' Pest Control?"
2291,1684,2,5,42,49,1.183673469387755,0.069457747811776,588,"No, I said he's a quasi-modern eavesdropper."
2272,1684,0,9,40,49,1.183673469387755,0.05589005688828228,588,Are you sure the elevator is out of order?
2256,1684,3,3,43,49,1.183673469387755,0.07533072989915002,588,"No, not a jumper, a dumper."
2216,1684,2,5,42,49,1.183673469387755,0.069457747811776,588,Could you water my plant while I'm away?
2206,1684,2,5,42,49,1.183673469387755,0.069457747811776,588,He's Quasi cute...
2190,1684,2,5,42,49,1.183673469387755,0.069457747811776,588,"He was all like, “No face as hideous as mine was ever meant for Heaven's light, but suddenly an angel has smiled at me and kissed my cheek,” and I was like ""Whatever . . . ."""
2170,1684,1,7,41,49,1.183673469387755,0.06303997616615865,588,"He hasn't asked me yet, but he's building up to it."
2156,1684,1,7,41,49,1.183673469387755,0.06303997616615865,588,Now he's giving me that puppy-dog look. Maybe I'll give him another chance.
2130,1684,1,7,41,49,1.183673469387755,0.06303997616615865,588,O.k. O.k But putting those exciting possibilities to one side I would still prefer you dialled 911.
1142,1684,3,3,43,49,1.183673469387755,0.07533072989915002,588,Can I come home now?
1926,1684,1,7,41,49,1.183673469387755,0.06303997616615865,588,"No, still no name, but his face rings a bell."
1908,1684,2,5,42,49,1.183673469387755,0.069457747811776,588,"Mom, should I go out with this guy? He's gone out of his way to look me up."
1881,1684,1,7,41,49,1.183673469387755,0.06303997616615865,588,"No, not that Notre Dame. I had an athletic scholarship."
2005,1684,1,7,41,49,1.183673469387755,0.06303997616615865,588,I feel like people can see everything I do here.
1860,1684,1,7,41,49,1.183673469387755,0.06303997616615865,588,He's always asking me for my wifi password.
1186,1684,0,9,40,49,1.183673469387755,0.05589005688828228,588,"No, mom, my new unit doesn't have any 'typical, big city problems.'"
1196,1684,1,7,41,49,1.183673469387755,0.06303997616615865,588,Charles Laughton would like to speak to you!
1863,1684,2,5,42,49,1.183673469387755,0.069457747811776,588,"Hell's bells, you won't believe what ...."
1321,1684,2,5,42,49,1.183673469387755,0.069457747811776,588,"Height? Well , probably not average. He's kinda bald ; white, I think...."
1329,1684,2,5,42,49,1.183673469387755,0.069457747811776,588,"Excuse me, do you have a moment to talk about gentrification?"
1287,1684,1,7,41,49,1.183673469387755,0.06303997616615865,588,Don’t you just love city living?
1580,1684,2,5,42,49,1.183673469387755,0.069457747811776,588,"I can't believe this is their idea of ""an apartment with a view""."
1693,1684,1,7,41,49,1.183673469387755,0.06303997616615865,588,The Johnson kid found the classic novels again.
1828,1684,1,7,41,49,1.183673469387755,0.06303997616615865,588,Miss? Miss? Have you seen my flying butt dress?
1385,1684,1,7,41,49,1.183673469387755,0.06303997616615865,588,And it looks like he might be the one who stole my other plant.
3676,1800,2,5,43,50,1.18,0.06815348823929464,588,"I don’t care if he is in the movie business, stalking is not acceptable."
3753,1800,1,7,42,50,1.18,0.061875450936307745,588,Jump! You can make it.
2069,1800,1,7,42,50,1.18,0.061875450936307745,588,"So, at first, like when they said I'd be in the Heritage District, I was like ""cool."""
3558,1800,1,7,42,50,1.18,0.061875450936307745,588,I don't know. Maybe a little yoga would help.
3229,1800,1,7,42,50,1.18,0.061875450936307745,588,Excuse me. Talking on the phone and watering that precariously placed plant is quite dangerous.
3158,1800,2,5,43,50,1.18,0.06815348823929464,588,Some perv pastor is doing yoga on the church steeple.
2863,1800,2,5,43,50,1.18,0.06815348823929464,588,He says he needs to take a leap of faith.
2364,1800,0,9,41,50,1.18,0.054883922035138685,588,"Morning, Kel! Coffee later in the bell tower!"
1778,1800,1,7,42,50,1.18,0.061875450936307745,588,"I honestly don't care what he does, so long as he stops ringing that damn bell."
2656,1800,2,5,43,50,1.18,0.06815348823929464,588,"I might be clueless, Monica, but my boyfriend has a hunch."
1617,1800,2,5,43,50,1.18,0.06815348823929464,588,"I have a hunch your name is Esmerelda, right?"
1503,1800,1,7,42,50,1.18,0.061875450936307745,588,"Esmeralda, stay the hell downstairs until I call you back. Yolo."
1230,1800,2,5,43,50,1.18,0.06815348823929464,588,Harvey Weinstein's still doing it!
1187,1800,0,9,41,50,1.18,0.054883922035138685,588,"Hold on, my hunchback is back."
180,1800,0,9,41,50,1.18,0.054883922035138685,588,Just look for the building next to the huge Notre Dame fan.
1710,1800,3,3,44,50,1.18,0.07390009803644321,588,"Honey, I came up here because your mobile is busy."
2427,1816,1,7,43,51,1.1764705882352942,0.06075267994050848,588,Is 'Bats in the Belfry' a communicable disease?
1686,1816,1,7,43,51,1.1764705882352942,0.06075267994050848,588,"Yeah, he's a dead ringer for the guy I met in France."
2093,1816,3,3,45,51,1.1764705882352942,0.07252251768198795,588,Hold on. I'll ask. One hump or two?
3044,1819,0,8,38,46,1.173913043478261,0.056503155622080956,588,"Yes, the name of your chiropractor. I'm asking for a friend."
2697,1819,1,6,39,46,1.173913043478261,0.06448868249648403,588,"I know! What does he think this is, 1482?"
3174,1819,1,6,39,46,1.173913043478261,0.06448868249648403,588,I guess I'll go out with him. At least I'll find out how he got up there.
2979,1819,2,4,40,46,1.173913043478261,0.07158892194335345,588,I'm sorry. He's out right now.
2904,1819,1,6,39,46,1.173913043478261,0.06448868249648403,588,"Ok, gotta go. I promised my neighbor I’d take him tunic shopping."
2899,1819,1,6,39,46,1.173913043478261,0.06448868249648403,588,I had a hunch you'd be here.
2879,1819,3,2,41,46,1.173913043478261,0.07804586677006528,588,"No, I can stand the bells just his face is repulsive."
2855,1819,1,6,39,46,1.173913043478261,0.06448868249648403,588,I water every day at exactly four of your bells. Thank you Quasi!
2831,1819,1,6,39,46,1.173913043478261,0.06448868249648403,588,I'm being stalked by this deformed parkour maniac and you ask about his manners?! As if!
2780,1819,1,6,39,46,1.173913043478261,0.06448868249648403,588,My neighbor is quasi-creepy.
2734,1819,1,6,39,46,1.173913043478261,0.06448868249648403,588,"""Well...our realtor did promise us the Condo has a Quasi-view.....!"
3028,1819,2,4,40,46,1.173913043478261,0.07158892194335345,588,"What are you talking about?! Don't be silly, Emma, no one would be able to steal my pot plant."
2692,1819,0,8,38,46,1.173913043478261,0.056503155622080956,588,"No, he says he lives in the bell tower and just likes seeing how I water the plants."
2503,1819,1,6,39,46,1.173913043478261,0.06448868249648403,588,"Gotta go Mom, my pesky neighbor is again inviting me over to help ring the bells."
2588,1819,1,6,39,46,1.173913043478261,0.06448868249648403,588,Make sure the plant is properly balanced
2571,1819,1,6,39,46,1.173913043478261,0.06448868249648403,588,He says he's only quasi-stalking.
3251,1819,2,4,40,46,1.173913043478261,0.07158892194335345,588,I'm staying next to the Moto apartment complex.
2499,1819,0,8,38,46,1.173913043478261,0.056503155622080956,588,"He's wearing the shirt I gave him--that's a promising sign, don't you think?"
2492,1819,0,8,38,46,1.173913043478261,0.056503155622080956,588,Hunchback? What hunchback?
2491,1819,1,6,39,46,1.173913043478261,0.06448868249648403,588,So I went on a date with a guy named Quasimodo… I know right. Anyway he’s not much to look at but I felt such a connection to him. We share so many interests it’s like he sees me in ways no one else does.
2479,1819,1,6,39,46,1.173913043478261,0.06448868249648403,588,"No, I'm not kidding, it's the Notre-Dame Cathedral all right."
2345,1819,1,6,39,46,1.173913043478261,0.06448868249648403,588,Gotta go now: my French Lit. prof is dropping over.
2309,1819,1,6,39,46,1.173913043478261,0.06448868249648403,588,He doesn't like hunchback. He prefers spineless.
2235,1819,3,2,41,46,1.173913043478261,0.07804586677006528,588,"Oh, you know, same as always. Watering the plants, being ogled by Quasimodo."
2143,1819,1,6,39,46,1.173913043478261,0.06448868249648403,588,"Yes, I’m sure he’s real. No, I’m only quasi drunk!"
2127,1819,0,8,38,46,1.173913043478261,0.056503155622080956,588,Some ugly guy without pants is promising me an Oscar worthy role if I let him in.
2113,1819,1,6,39,46,1.173913043478261,0.06448868249648403,588,I've just about broken him of his inability to take his keys with him when he leaves.
2101,1819,2,4,40,46,1.173913043478261,0.07158892194335345,588,Does 'sanctuary' mean anything in particular to you?
2655,1819,1,6,39,46,1.173913043478261,0.06448868249648403,588,"No, I don't think it's an Audio-Animatronic gargoyle."
3354,1819,2,4,40,46,1.173913043478261,0.07158892194335345,588,Rent control isn't all that it's cracked up to be.
3528,1819,2,4,40,46,1.173913043478261,0.07158892194335345,588,Legalized marijuana brings out the romantic in me.
3489,1819,0,8,38,46,1.173913043478261,0.056503155622080956,588,"Hello management, I'd like to report a peeping hunchback."
4207,1819,2,4,40,46,1.173913043478261,0.07158892194335345,588,This is not what I meant when I told you to meet me outside Quasimodo.
4166,1819,2,4,40,46,1.173913043478261,0.07158892194335345,588,"Marge, remember you were wondering why your husband was taking areobatic lessons."
4126,1819,1,6,39,46,1.173913043478261,0.06448868249648403,588,I just can't get past that he's French.
2087,1819,0,8,38,46,1.173913043478261,0.056503155622080956,588,This is what I get for moving into an historic overlay district.
4124,1819,1,6,39,46,1.173913043478261,0.06448868249648403,588,"I met someone, he really knows how to ring my bell."
4112,1819,1,6,39,46,1.173913043478261,0.06448868249648403,588,He's growing on me.
4109,1819,2,4,40,46,1.173913043478261,0.07158892194335345,588,It's kinda growing on me.
4096,1819,2,4,40,46,1.173913043478261,0.07158892194335345,588,"Actually, you picked a great time to call."
4094,1819,1,6,39,46,1.173913043478261,0.06448868249648403,588,"I am desperate, my gardener quit---please say you will water my flowers!"
4087,1819,3,2,41,46,1.173913043478261,0.07804586677006528,588,"That weirdo, Quasi Modem, is back."
4082,1819,0,8,38,46,1.173913043478261,0.056503155622080956,588,The view is quite legendary.
4058,1819,0,8,38,46,1.173913043478261,0.056503155622080956,588,I don't have a hunch who he is!
4052,1819,0,8,38,46,1.173913043478261,0.056503155622080956,588,"I have a hunch, you're back."
3390,1819,1,6,39,46,1.173913043478261,0.06448868249648403,588,"Gotta run, Quasi’s begging for Miralax again."
4051,1819,1,6,39,46,1.173913043478261,0.06448868249648403,588,"What used to be the limit for voyeurs, isn't the limit anymore."
4004,1819,1,6,39,46,1.173913043478261,0.06448868249648403,588,I have a bad hunch about him.
4002,1819,3,2,41,46,1.173913043478261,0.07804586677006528,588,"Hey Honey, that guy is taking a shit again."
3914,1819,2,4,40,46,1.173913043478261,0.07158892194335345,588,"Forget social media, old-school stalkers are definitely riskier."
3879,1819,0,8,38,46,1.173913043478261,0.056503155622080956,588,He may be stalking me but it's just a hunch....
3835,1819,2,4,40,46,1.173913043478261,0.07158892194335345,588,Next door there's a one-story Gothic.
4243,1819,2,4,40,46,1.173913043478261,0.07158892194335345,588,Do you happen to remember if Ivan did broad jump in high school?
3796,1819,0,8,38,46,1.173913043478261,0.056503155622080956,588,He says his name is Queasy Mojo and only I can make him ring the blues. You think I should invite him in?
3707,1819,0,8,38,46,1.173913043478261,0.056503155622080956,588,He calls it an audition but he's out of his belfry.
3662,1819,1,6,39,46,1.173913043478261,0.06448868249648403,588,Peeping Tom on steroids.
3632,1819,3,2,41,46,1.173913043478261,0.07804586677006528,588,I have a hunch; I'm going to have to call you back.
3618,1819,2,4,40,46,1.173913043478261,0.07158892194335345,588,What do you think? Should I call the cops or the human society?
3541,1819,1,6,39,46,1.173913043478261,0.06448868249648403,588,"Hello, is this the Quasimodo Landscaping Service? Would you please tell your attendant who cautioned me about over watering my philodendron that the monsignor has given me this to do as a novena."
3499,1819,1,6,39,46,1.173913043478261,0.06448868249648403,588,"Pop over, there’s a new gargoyle exhibit today."
4008,1819,1,6,39,46,1.173913043478261,0.06448868249648403,588,"OK, Phantom, it's time to come in for dinner."
2077,1819,0,8,38,46,1.173913043478261,0.056503155622080956,588,May be this isn't the best place for meditation.
668,1819,2,4,40,46,1.173913043478261,0.07158892194335345,588,I have to go to the bathroom.
2028,1819,1,6,39,46,1.173913043478261,0.06448868249648403,588,"My name? Why, Esmeralda. Why do you ask?"
966,1819,1,6,39,46,1.173913043478261,0.06448868249648403,588,I have to change my ringtone.
960,1819,1,6,39,46,1.173913043478261,0.06448868249648403,588,"Well, I've sworn of Tinder forever."
924,1819,1,6,39,46,1.173913043478261,0.06448868249648403,588,...and here we see the hunchback in his natural habitat...
880,1819,2,4,40,46,1.173913043478261,0.07158892194335345,588,Remember I was telling you how boring the architecture is around here?
878,1819,0,8,38,46,1.173913043478261,0.056503155622080956,588,If he jumps again I'll get a selfie with him and text it to you.......
873,1819,0,8,38,46,1.173913043478261,0.056503155622080956,588,"OK, who watered the gargoyles after midnight?"
754,1819,1,6,39,46,1.173913043478261,0.06448868249648403,588,"No, I don’t floss. I gargoyle."
737,1819,0,8,38,46,1.173913043478261,0.056503155622080956,588,"Ya, with my good looks and access to water, I get why he's here. I looked him up on Wikipedia."
731,1819,1,6,39,46,1.173913043478261,0.06448868249648403,588,"No Mom, I didn't say he's a quasi-hobo!"
716,1819,0,8,38,46,1.173913043478261,0.056503155622080956,588,voulez vous telephoner avec moi ce soir
646,1819,1,6,39,46,1.173913043478261,0.06448868249648403,588,"That's right officer, Quasi with a ""Q"". We met after the Michigan State game."
617,1819,0,8,38,46,1.173913043478261,0.056503155622080956,588,"He keeps shouting, “Outside the Church there is no salvation.” I tell him, “Don’t be so ironic.”"
1020,1819,1,6,39,46,1.173913043478261,0.06448868249648403,588,"Sorry, that doesn't ring a bell."
596,1819,2,4,40,46,1.173913043478261,0.07158892194335345,588,"No, the guy I met at church didn't work out."
523,1819,1,6,39,46,1.173913043478261,0.06448868249648403,588,The French-Gothic architecture is amazing. The French-Gothic hunchback is a bit creepy.
467,1819,1,6,39,46,1.173913043478261,0.06448868249648403,588,"Yeah, he's still out there trying to impress me."
360,1819,1,6,39,46,1.173913043478261,0.06448868249648403,588,The contemporary art movement feels stagnant.
345,1819,1,6,39,46,1.173913043478261,0.06448868249648403,588,"It might be more difficult than you think, the French sent a ringer."
249,1819,1,6,39,46,1.173913043478261,0.06448868249648403,588,Come here often?
203,1819,2,4,40,46,1.173913043478261,0.07158892194335345,588,"And I told them, I would never sell out."
150,1819,1,6,39,46,1.173913043478261,0.06448868249648403,588,"Have to go, the cocktail bell is about to ring."
143,1819,0,8,38,46,1.173913043478261,0.056503155622080956,588,"I shouldn't have been so hasty in changing my Facebook status to ""single."""
135,1819,2,4,40,46,1.173913043478261,0.07158892194335345,588,Are you asking me out?
76,1819,2,4,40,46,1.173913043478261,0.07158892194335345,588,I have a hunch the neighbor is back from Notre Dame.
57,1819,0,8,38,46,1.173913043478261,0.056503155622080956,588,"Oh nothing, I'm just hanging with Quas and his flying buttresses."
2048,1819,1,6,39,46,1.173913043478261,0.06448868249648403,588,we have a new cell tower. I can hear you now.
542,1819,0,8,38,46,1.173913043478261,0.056503155622080956,588,Your face is familiar but your name doesn't ring a bell.
1030,1819,0,8,38,46,1.173913043478261,0.056503155622080956,588,"I'll just put you on speaker, OK?"
533,1819,1,6,39,46,1.173913043478261,0.06448868249648403,588,That reminds me. I need to see my chiropractor.
1065,1819,1,6,39,46,1.173913043478261,0.06448868249648403,588,"...by the way, could you check on Google how far hunchbacks can jump?"
2013,1819,0,8,38,46,1.173913043478261,0.056503155622080956,588,"Neuf-un-un, s'il vous plait, madame!"
1044,1819,3,2,41,46,1.173913043478261,0.07804586677006528,588,"Yes, that's right, a squatter, at Saint Mark's."
1996,1819,2,4,40,46,1.173913043478261,0.07158892194335345,588,"He's cute, but I never date Notre Dame football players."
1990,1819,1,6,39,46,1.173913043478261,0.06448868249648403,588,"Hold on Sharon, 'George, your chicken fingers are getting cold!'"
1982,1819,1,6,39,46,1.173913043478261,0.06448868249648403,588,"The guy with no pants is back. What is this, Hollywood?"
1958,1819,2,4,40,46,1.173913043478261,0.07158892194335345,588,"It's Harry again, he thinks I can't see him."
1952,1819,0,8,38,46,1.173913043478261,0.056503155622080956,588,He's exposing his bat in the belfry.
1936,1819,2,4,40,46,1.173913043478261,0.07158892194335345,588,I have a hunch she'll finally notice me now.
1854,1819,1,6,39,46,1.173913043478261,0.06448868249648403,588,Harry was in an ideal state to make a leap of faith.
1829,1819,3,2,41,46,1.173913043478261,0.07804586677006528,588,"Don't worry, I have a hunch he'll be back."
1812,1819,1,6,39,46,1.173913043478261,0.06448868249648403,588,Hot yoga is so yesterday.
1772,1819,3,2,41,46,1.173913043478261,0.07804586677006528,588,He keeps asking if he can ring my fern.
1755,1819,1,6,39,46,1.173913043478261,0.06448868249648403,588,I was wondering when you would water it.
1940,1819,2,4,40,46,1.173913043478261,0.07158892194335345,588,"Actually, it's not me he's obsessed with, it's my water."
1719,1819,0,8,38,46,1.173913043478261,0.056503155622080956,588,"Hey Bob, it's Ezzie. Quick question: Disney's been keeping up with their copyrights, right?"
1181,1819,0,8,38,46,1.173913043478261,0.056503155622080956,588,"He's a little creepy, but he keeps to himself and is pretty quiet...until he rings that damn bell!"
1748,1819,1,6,39,46,1.173913043478261,0.06448868249648403,588,I'll always have Paris
1212,1819,0,8,38,46,1.173913043478261,0.056503155622080956,588,"I don't know but he said he's trying to ""cherchez la femme""."
1268,1819,2,4,40,46,1.173913043478261,0.07158892194335345,588,"I'm telling you, it's Steve Bannon"
1313,1819,1,6,39,46,1.173913043478261,0.06448868249648403,588,"'Quasimodo'? Sorry, that name doesn't ring a bell."
1441,1819,0,8,38,46,1.173913043478261,0.056503155622080956,588,I think Quasimodo wants to ask me out.
1332,1819,1,6,39,46,1.173913043478261,0.06448868249648403,588,"The hunchback is staring right at me. Yes, I'll hold..."
1463,1819,2,4,40,46,1.173913043478261,0.07158892194335345,588,It's not so bad once you get used the quasi-creepy neighbor
1465,1819,2,4,40,46,1.173913043478261,0.07158892194335345,588,"I've gotta hunch you just got back from vacation."""
1524,1819,1,6,39,46,1.173913043478261,0.06448868249648403,588,"Shows to go ya,' there's more than one way to get high."
1637,1819,3,2,41,46,1.173913043478261,0.07804586677006528,588,This is the only way I get to see you.
1699,1819,0,8,38,46,1.173913043478261,0.056503155622080956,588,So he said he'll prove we DO see eye to eye
1068,1819,1,6,39,46,1.173913043478261,0.06448868249648403,588,He says his name is Quasimodo.
2306,1941,1,6,40,47,1.1702127659574468,0.0632100658866106,588,I'm just saying maybe it's time to update eminent domain laws.
2814,1941,0,8,39,47,1.1702127659574468,0.055411578656325414,588,"A very unusual pigeon, I think."
2785,1941,2,4,41,47,1.1702127659574468,0.07014685887189226,588,"You have to see this: When I went on one of those internet dating sites to meet someone who's on the ball, this isn't exactly what I expected."
2853,1941,3,2,42,47,1.1702127659574468,0.07645685835683208,588,"The images are compelling, but ultimately the composition fails; they both ended up in the grill of Ford F150."
2346,1941,1,6,40,47,1.1702127659574468,0.0632100658866106,588,This is Esmeralda.
2849,1941,1,6,40,47,1.1702127659574468,0.0632100658866106,588,Wait...The little fake Batman guy is back again.
2000,1941,1,6,40,47,1.1702127659574468,0.0632100658866106,588,"Norte Dame is about to make an offer, but it's just a hunch."
2157,1941,0,8,39,47,1.1702127659574468,0.055411578656325414,588,You think my peeping Tom is Quasi-who?
2109,1941,1,6,40,47,1.1702127659574468,0.0632100658866106,588,The church updated his job description. Now he's a bell ringer and a gargoyle. It saves money!
2097,1941,0,8,39,47,1.1702127659574468,0.055411578656325414,588,I dunno.. I think he needs to borrow my phone..
2023,1941,1,6,40,47,1.1702127659574468,0.0632100658866106,588,What's the politically correct term for Hunchback?
1928,1941,1,6,40,47,1.1702127659574468,0.0632100658866106,588,My ringtone is better than yours.
3031,1941,0,8,39,47,1.1702127659574468,0.055411578656325414,588,"I told him, I said, ‘You’re at the pinnacle...’ he just looked at me."
1842,1941,1,6,40,47,1.1702127659574468,0.0632100658866106,588,"No, we finally got a divorce, we could never agree on what style of architecture we wanted to live in."
2161,1941,2,4,41,47,1.1702127659574468,0.07014685887189226,588,"It seems I need to change my ring tone to something less, shall we say, 'striking'."
3043,1941,0,8,39,47,1.1702127659574468,0.055411578656325414,588,He’s a dead ringer for Quasimodo.
3603,1941,2,4,41,47,1.1702127659574468,0.07014685887189226,588,"Mom, it is a steeple peeper, not a gargoyle."
3070,1941,1,6,40,47,1.1702127659574468,0.0632100658866106,588,I think my neighbor is an alumni of Notre Dame.
1839,1941,1,6,40,47,1.1702127659574468,0.0632100658866106,588,Is it called Notre Dame?
4172,1941,2,4,41,47,1.1702127659574468,0.07014685887189226,588,Quasimodo is stalking me again.
4136,1941,0,8,39,47,1.1702127659574468,0.055411578656325414,588,"Hey, lady, that's a partial-sun plant."
4071,1941,3,2,42,47,1.1702127659574468,0.07645685835683208,588,It's more than a hunch that he's back.
3590,1941,1,6,40,47,1.1702127659574468,0.0632100658866106,588,"Oh, it's that little man from next door again. He likes to hear me sing. Gotta go now. Bye."
3550,1941,1,6,40,47,1.1702127659574468,0.0632100658866106,588,"Oh, him? I had a hunch he'd be back."
3451,1941,2,4,41,47,1.1702127659574468,0.07014685887189226,588,"Just a hunch, back-assed way to moon me?"
3449,1941,2,4,41,47,1.1702127659574468,0.07014685887189226,588,"Hold on, Its the guy from Yoga again."
3307,1941,0,8,39,47,1.1702127659574468,0.055411578656325414,588,"We were quasi seeing each other, but it's gotten a little creepy."
3230,1941,1,6,40,47,1.1702127659574468,0.0632100658866106,588,"We'll always have Paris, Jerome."
3207,1941,2,4,41,47,1.1702127659574468,0.07014685887189226,588,He's upset they took away his air rights.
3151,1941,1,6,40,47,1.1702127659574468,0.0632100658866106,588,If I use the words hunchback and stalker together in a description will it be un-pc?
3131,1941,1,6,40,47,1.1702127659574468,0.0632100658866106,588,I can see he has no pants. How much spring does he have in his legs?
3109,1941,1,6,40,47,1.1702127659574468,0.0632100658866106,588,No I will not marry you!!!
3080,1941,1,6,40,47,1.1702127659574468,0.0632100658866106,588,"Quasimodo. No, it doesn't ring a bell."
3058,1941,1,6,40,47,1.1702127659574468,0.0632100658866106,588,...just a hunch
1752,1941,3,2,42,47,1.1702127659574468,0.07645685835683208,588,My divinity degree allows me to reach the top.
2186,1941,1,6,40,47,1.1702127659574468,0.0632100658866106,588,These European toilets really need some modernization!
1644,1941,2,4,41,47,1.1702127659574468,0.07014685887189226,588,Careful! The plant's too near the edge.
1666,1941,1,6,40,47,1.1702127659574468,0.0632100658866106,588,"Securely balanced,yes,but may be a bit dehydrated."
164,1941,0,8,39,47,1.1702127659574468,0.055411578656325414,588,All I wanted was a room with a view.
195,1941,2,4,41,47,1.1702127659574468,0.07014685887189226,588,So that's why they call them Cardinals.
217,1941,3,2,42,47,1.1702127659574468,0.07645685835683208,588,I call him Dirty Old Spider Man.
219,1941,0,8,39,47,1.1702127659574468,0.055411578656325414,588,Simon says: Water me!
276,1941,1,6,40,47,1.1702127659574468,0.0632100658866106,588,"Of course he's a monster, but he's MY monster."
292,1941,1,6,40,47,1.1702127659574468,0.0632100658866106,588,"I'm really sorry, Ted, but I'm seeing someone right now."
295,1941,1,6,40,47,1.1702127659574468,0.0632100658866106,588,"Yeah, it's an old pot but the flowers are beautiful."
309,1941,2,4,41,47,1.1702127659574468,0.07014685887189226,588,Could I trouble you for a cup of sugar?
333,1941,2,4,41,47,1.1702127659574468,0.07014685887189226,588,Not everything that looks like a gargoyle is a gargoyle... not even my ex
468,1941,0,8,39,47,1.1702127659574468,0.055411578656325414,588,He knelt down and gave me a ring.
469,1941,3,2,42,47,1.1702127659574468,0.07645685835683208,588,"Yes, I agree. Donald will do anything for attention."
715,1941,2,4,41,47,1.1702127659574468,0.07014685887189226,588,Different guy. This one says he's the celebrated jumping frog of Calaveras County.
752,1941,2,4,41,47,1.1702127659574468,0.07014685887189226,588,Harvey Weinstein is leering at me again. What are you up to?
824,1941,0,8,39,47,1.1702127659574468,0.055411578656325414,588,He doesn't even look like a real Modo. More like a quasi-Modo.
321,1941,2,4,41,47,1.1702127659574468,0.07014685887189226,588,This is the last time that I accept a date on hump day.
958,1941,1,6,40,47,1.1702127659574468,0.0632100658866106,588,"You'll love the view, it has a certain 'old world' charm."
1612,1941,1,6,40,47,1.1702127659574468,0.0632100658866106,588,"'' I know it, I told him yesterday its an easy jump it's only an inch and a quarter away ..."""
921,1941,1,6,40,47,1.1702127659574468,0.0632100658866106,588,My Tinder date's just arrived - let's see if he can ring my bell.
1588,1941,0,8,39,47,1.1702127659574468,0.055411578656325414,588,I think he followed me back from Paris.
1574,1941,1,6,40,47,1.1702127659574468,0.0632100658866106,588,You must have paid alot extra for that ring tone.
1548,1941,0,8,39,47,1.1702127659574468,0.055411578656325414,588,Hold on. Someone's ringing in.
1495,1941,2,4,41,47,1.1702127659574468,0.07014685887189226,588,"The view? Well, I would say it is a quasi one."
1481,1941,1,6,40,47,1.1702127659574468,0.0632100658866106,588,It's that bellringer again. Let me call you back.
1589,1941,2,4,41,47,1.1702127659574468,0.07014685887189226,588,"Yes, this is Esmeralda."
1401,1941,2,4,41,47,1.1702127659574468,0.07014685887189226,588,"It's kind of creepy, every time I water my plants he keeps saying ""Wah-ter!"" ""Wah-ter!"" ""Wah-TER!"""
1451,1941,1,6,40,47,1.1702127659574468,0.0632100658866106,588,"Gotta run, neighbor guy about to pop over. Says he knows how to ring my bell. Whatever that means !"
1307,1941,0,8,39,47,1.1702127659574468,0.055411578656325414,588,...he's got a career and doesn't live with 4 roommates
1338,1941,2,4,41,47,1.1702127659574468,0.07014685887189226,588,"I'm telling you, Harvey does not take no for an answer."
1159,1941,1,6,40,47,1.1702127659574468,0.0632100658866106,588,The new Bell Guy is very attentive.
1399,1941,3,2,42,47,1.1702127659574468,0.07645685835683208,588,Can you wake everyone tomorrow?
1366,1941,2,4,41,47,1.1702127659574468,0.07014685887189226,588,"Interestingly, the only thing we don't see eye to eye on is the need for him to stand up straight."
4046,2010,3,2,43,48,1.1666666666666667,0.074931016344381,588,"I told you Jim, we should never have moved next to the Notre Dame Cathedral."
4026,2010,2,4,42,48,1.1666666666666667,0.06876141641725292,588,"Esmeralda, he wants to know if you'll be ho e for dinner..."
4023,2010,1,6,41,48,1.1666666666666667,0.061980703166484186,588,"Helen, he's threatening to jump."
3843,2010,1,6,41,48,1.1666666666666667,0.061980703166484186,588,There's this weird guy on top of the church tower calling me Esmeralda and asking me for sanctuary. Have you ever?
2522,2010,0,8,40,48,1.1666666666666667,0.05436067275445353,588,"I keep telling him no, I won't take my clothes off and give you a massage!"
3818,2010,1,6,41,48,1.1666666666666667,0.061980703166484186,588,I just missed a rent-control apartment next door.
3511,2010,0,8,40,48,1.1666666666666667,0.05436067275445353,588,"Call it a hunch, but he sees my point of view."
3268,2010,1,6,41,48,1.1666666666666667,0.061980703166484186,588,"Yes, officer, I suppose he is somewhat a master of the obvious but he is also a peeping Tom."
3187,2010,2,4,42,48,1.1666666666666667,0.06876141641725292,588,588 by David Borchart
3065,2010,1,6,41,48,1.1666666666666667,0.061980703166484186,588,Well Mom... I'm kinda seeing somebody.
3027,2010,2,4,42,48,1.1666666666666667,0.06876141641725292,588,Straighten up!
3017,2010,0,8,40,48,1.1666666666666667,0.05436067275445353,588,"Hey, Esmeralda! You need to get over here. Quick!!"
2922,2010,1,6,41,48,1.1666666666666667,0.061980703166484186,588,"No, he definitely knows we're not together anymore."
2315,2010,0,8,40,48,1.1666666666666667,0.05436067275445353,588,"Harry, you told me the gentrification would be done last week!!"
3834,2010,2,4,42,48,1.1666666666666667,0.06876141641725292,588,Call it a leap of faith but I'm expecting a friend to drop in from the church to conduct a short private service.
2021,2010,1,6,41,48,1.1666666666666667,0.061980703166484186,588,The high priest next door takes things too literally.
288,2010,1,6,41,48,1.1666666666666667,0.061980703166484186,588,"Hello, is this the French language translation line??"
659,2010,0,8,40,48,1.1666666666666667,0.05436067275445353,588,Can't you see I'm on the phone? Come back in an hour.
806,2010,0,8,40,48,1.1666666666666667,0.05436067275445353,588,"The new neighbor brought over holy water, so I'm hoping that'll perk it back up."
889,2010,2,4,42,48,1.1666666666666667,0.06876141641725292,588,"Failing to gain her attention, Bill assumed the pigeon position."
281,2010,1,6,41,48,1.1666666666666667,0.061980703166484186,588,Bellman impresses me with his ding dong.
1221,2010,0,8,40,48,1.1666666666666667,0.05436067275445353,588,He brings out the gypsy in me.
1490,2010,1,6,41,48,1.1666666666666667,0.061980703166484186,588,Actually he is more of a peeing Tom.
1676,2010,0,8,40,48,1.1666666666666667,0.05436067275445353,588,I've got a hunch he's harmless.
1988,2010,3,2,43,48,1.1666666666666667,0.074931016344381,588,"Yea and he forgot his key again,this time I’m not letting him in!"
955,2010,2,4,42,48,1.1666666666666667,0.06876141641725292,588,"911 operator? Help! Some pot head pervert from the cathedral named Quasi wants jump on my balcony, smoke some reefer, and ""show me his moto""!"
2148,2010,2,4,42,48,1.1666666666666667,0.06876141641725292,588,"Yeah, you won't believe how tough the church has gotten with its sanctuary policies."
19,2037,1,6,42,49,1.163265306122449,0.060797833101086655,588,"Wait—hold on, can I call you back?"
290,2037,1,6,42,49,1.163265306122449,0.060797833101086655,588,I'll call you back; I have a hunch I am being stalked.
1937,2037,2,4,43,49,1.163265306122449,0.06742934558367009,588,"""Wherefore art thou cellphone and pants, Romeo?"
3439,2037,2,4,43,49,1.163265306122449,0.06742934558367009,588,You wanted to be Catholic.
1435,2041,0,7,36,43,1.1627906976744187,0.056964877739143695,588,We gave up on the Tower of Babel ages ago
2900,2042,1,5,38,44,1.1590909090909092,0.06456212749550704,588,"He says he's in training to be the hunchback of Notre Dame, so I guess I've got a lot to learn about football."
2942,2042,0,7,37,44,1.1590909090909092,0.055778005112363215,588,It's a miracle how this plant is growing. Holy water and same day delivery.
2936,2042,0,7,37,44,1.1590909090909092,0.055778005112363215,588,"...and, what is the bell schedule today?"
2924,2042,1,5,38,44,1.1590909090909092,0.06456212749550704,588,Did you know every cathedral has a bathroom?
2824,2042,0,7,37,44,1.1590909090909092,0.055778005112363215,588,I knew the bell tower view was a bad idea.
2861,2042,0,7,37,44,1.1590909090909092,0.055778005112363215,588,My new place has kind of an old world view from the deck
2851,2042,0,7,37,44,1.1590909090909092,0.055778005112363215,588,This balcony scene is not as romantic.
2957,2042,1,5,38,44,1.1590909090909092,0.06456212749550704,588,"Hey Esmeralda, you talkin' to me? You talkin' to me? Then who the hell else you talkin' to?"
2810,2042,1,5,38,44,1.1590909090909092,0.06456212749550704,588,Take the picture
2882,2042,1,5,38,44,1.1590909090909092,0.06456212749550704,588,"Hold on a minute, there's someone on my bell tower."
2968,2042,0,7,37,44,1.1590909090909092,0.055778005112363215,588,"Yeah, Quasi'll be here in a minute."
3100,2042,1,5,38,44,1.1590909090909092,0.06456212749550704,588,The new neighbor's a real poser.
2977,2042,1,5,38,44,1.1590909090909092,0.06456212749550704,588,But I thought the mascot for Notre Dame was a leprechaun.
2980,2042,0,7,37,44,1.1590909090909092,0.055778005112363215,588,"It's like taking a knee, but it's okay as long as the flag isn't being disrespected."
2981,2042,0,7,37,44,1.1590909090909092,0.055778005112363215,588,Living here is so quasi Paris.
2995,2042,1,5,38,44,1.1590909090909092,0.06456212749550704,588,"Yeah, he's been up there ever since I sniped him on eBay for this plant."
3009,2042,1,5,38,44,1.1590909090909092,0.06456212749550704,588,He's harmless mother and he's a little hunchbacked.
3068,2042,0,7,37,44,1.1590909090909092,0.055778005112363215,588,I think he's a composer.
2774,2042,1,5,38,44,1.1590909090909092,0.06456212749550704,588,"hunchback or not, can't you at least give him a bathroom key?"
3117,2042,2,3,39,44,1.1590909090909092,0.07228658768525041,588,"Move that plant, I'm coming over!!!"
3150,2042,2,3,39,44,1.1590909090909092,0.07228658768525041,588,"Uh huh, he tells me there are no public bathrooms in Manhattan"
3215,2042,1,5,38,44,1.1590909090909092,0.06456212749550704,588,He says he pays $500 a month.
3231,2042,1,5,38,44,1.1590909090909092,0.06456212749550704,588,"I agree... in godly world, shit takes you to the top."
2974,2042,1,5,38,44,1.1590909090909092,0.06456212749550704,588,I don't know. Something about the ringtone drives this guy crazy.
2773,2042,1,5,38,44,1.1590909090909092,0.06456212749550704,588,"Hold on a second, I have a hunch the neighbor needs something..."
2657,2042,0,7,37,44,1.1590909090909092,0.055778005112363215,588,"Oh hey and by the way, did you get an invite to Harvey Weinstein's party in the Hamptons this weekend??"
2742,2042,1,5,38,44,1.1590909090909092,0.06456212749550704,588,He preferred to incur her anger rather than to cause her pain.
2324,2042,0,7,37,44,1.1590909090909092,0.055778005112363215,588,Yes of course I've locked the door!
2307,2042,1,5,38,44,1.1590909090909092,0.06456212749550704,588,"Yes he is annoying , but not as much as those damn bells!"
3254,2042,2,3,39,44,1.1590909090909092,0.07228658768525041,588,"I know it's silly, but every time I come out to water the wandering Jew I feel like it's watching me."
2331,2042,1,5,38,44,1.1590909090909092,0.06456212749550704,588,My name...Okay. Esmeralda. On the 35th floor facing the bell tower. He's sitting on top of it and he's getting ready to jump onto my balcony. He's going to knock over my plant.
2349,2042,2,3,39,44,1.1590909090909092,0.07228658768525041,588,Is it ok if I drop in later?
2388,2042,1,5,38,44,1.1590909090909092,0.06456212749550704,588,Mom says it's time for us to change places!
2390,2042,1,5,38,44,1.1590909090909092,0.06456212749550704,588,Namaste!
2414,2042,0,7,37,44,1.1590909090909092,0.055778005112363215,588,He always puts himself on this holier-than-thou pedestal.
2455,2042,1,5,38,44,1.1590909090909092,0.06456212749550704,588,You’ll never believe how realistic this gargoyle is! I don’t know how I didn’t notice it when we first moved in.
2459,2042,1,5,38,44,1.1590909090909092,0.06456212749550704,588,"He's been here for days... claims he will give me a job if I ""ring his bell""."
2472,2042,2,3,39,44,1.1590909090909092,0.07228658768525041,588,that priest is peeping again
2490,2042,1,5,38,44,1.1590909090909092,0.06456212749550704,588,Okay! I'm sorry.
2508,2042,0,7,37,44,1.1590909090909092,0.055778005112363215,588,Let’s see... He’s outdoorsy. He likes climbing. Interested?
2509,2042,0,7,37,44,1.1590909090909092,0.055778005112363215,588,"Sorry, St. Patrick's already has a hunchback."
2564,2042,0,7,37,44,1.1590909090909092,0.055778005112363215,588,"I donno, I think it's going to rain. How about you?"
2573,2042,0,7,37,44,1.1590909090909092,0.055778005112363215,588,He says he just wants a tomato!
2642,2042,1,5,38,44,1.1590909090909092,0.06456212749550704,588,Don't worry; he's not a leaf hopper. He's a BASE jumper.
2651,2042,1,5,38,44,1.1590909090909092,0.06456212749550704,588,He has a hunch I'm overwatering
2682,2042,1,5,38,44,1.1590909090909092,0.06456212749550704,588,call 911
2699,2042,0,7,37,44,1.1590909090909092,0.055778005112363215,588,"Yeah, I swiped left. Let's just call it a hunch."
2711,2042,1,5,38,44,1.1590909090909092,0.06456212749550704,588,No... its you know who about to pull a Harvey Weinstein on top of the bell tower.
2713,2042,0,7,37,44,1.1590909090909092,0.055778005112363215,588,Pick up your phone. We can figure this out together.
2739,2042,1,5,38,44,1.1590909090909092,0.06456212749550704,588,He says he wants a percentage of your album sales for a sample of his rings.
2749,2042,1,5,38,44,1.1590909090909092,0.06456212749550704,588,Sean Spicer just started a new gig with our neighborhood church.
3256,2042,0,7,37,44,1.1590909090909092,0.055778005112363215,588,In a sudden leap of faith Brother John decided to leave the Monastery and throw himself at the girl next door all at the same time.
2267,2042,1,5,38,44,1.1590909090909092,0.06456212749550704,588,"In the book, ""The Hunchback of Notre Dame"", does Hugo mention if Quasimodo can jump?"
3287,2042,1,5,38,44,1.1590909090909092,0.06456212749550704,588,"It'd be one thing if it was parkour, but he just sits and stares..."
3807,2042,0,7,37,44,1.1590909090909092,0.055778005112363215,588,"That's right; he's a dead ringer for my ex, but he'll be perfect for caring for my plants when I'm on vacation next week."
3820,2042,1,5,38,44,1.1590909090909092,0.06456212749550704,588,My neighbor's really into the sanctuary city thing.
3882,2042,2,3,39,44,1.1590909090909092,0.07228658768525041,588,Can I borrow some toilet paper?
3929,2042,1,5,38,44,1.1590909090909092,0.06456212749550704,588,"Shelly, don't be so insinsitive. He's spinally challenged, and it's pronounced 'Domm.'"
4042,2042,1,5,38,44,1.1590909090909092,0.06456212749550704,588,Says his name is St. Tom.
4050,2042,2,3,39,44,1.1590909090909092,0.07228658768525041,588,You dated him when? Hmm... He’s not ringing any bells.
4065,2042,0,7,37,44,1.1590909090909092,0.055778005112363215,588,"Hey, can I have some of that water, ma'am?"
4075,2042,2,3,39,44,1.1590909090909092,0.07228658768525041,588,"It's great, except for the obstructed view."
4077,2042,0,7,37,44,1.1590909090909092,0.055778005112363215,588,I'm dating Rudy.
4083,2042,0,7,37,44,1.1590909090909092,0.055778005112363215,588,"Then again, it's not like he's in a bathrobe asking for a massage."
4115,2042,0,7,37,44,1.1590909090909092,0.055778005112363215,588,He got lost on the way to Notre Dame.
4138,2042,0,7,37,44,1.1590909090909092,0.055778005112363215,588,I just hope he doesn't knock my plant off.
4140,2042,1,5,38,44,1.1590909090909092,0.06456212749550704,588,Here’s the weird part—he thinks today is Thursday.
4158,2042,0,7,37,44,1.1590909090909092,0.055778005112363215,588,"Let me call you back, Quasimodo is going to sing again."
4164,2042,1,5,38,44,1.1590909090909092,0.06456212749550704,588,It's all about positioning.
4169,2042,1,5,38,44,1.1590909090909092,0.06456212749550704,588,"Darling, don't park your car near the cathedral."
4177,2042,2,3,39,44,1.1590909090909092,0.07228658768525041,588,The new place also overlooks the cathedral's flying butthead.
4188,2042,1,5,38,44,1.1590909090909092,0.06456212749550704,588,Stalking is a welcome break from that bell.
4242,2042,1,5,38,44,1.1590909090909092,0.06456212749550704,588,"Actually, mother, Kevin is an up-and-coming musician who has a lot on the ball."
4261,2042,1,5,38,44,1.1590909090909092,0.06456212749550704,588,Can I call you back? The neighbor won’t stop ringing the bell.
4264,2042,2,3,39,44,1.1590909090909092,0.07228658768525041,588,"Hmm? Oh, its nothing. Just another predator staring at me."
4268,2042,0,7,37,44,1.1590909090909092,0.055778005112363215,588,The rest of us can still be neighbors
4272,2042,0,7,37,44,1.1590909090909092,0.055778005112363215,588,"Well, how can you tell if he's a parkour guy or, like, Quasimodo?"
3806,2042,1,5,38,44,1.1590909090909092,0.06456212749550704,588,"Hold on, Trump has a few words."
3265,2042,1,5,38,44,1.1590909090909092,0.06456212749550704,588,"It would only go viral if he were cute. Or, a cat."
3781,2042,2,3,39,44,1.1590909090909092,0.07228658768525041,588,"Jeez Louise, what's a girl to do."
3751,2042,2,3,39,44,1.1590909090909092,0.07228658768525041,588,"Yes, I'm feeding it right now."
3295,2042,1,5,38,44,1.1590909090909092,0.06456212749550704,588,I have a hunch the answer’s staring me right in the face.
3303,2042,0,7,37,44,1.1590909090909092,0.055778005112363215,588,Is it inhumane to not feed my stalker?
3330,2042,0,7,37,44,1.1590909090909092,0.055778005112363215,588,"Sorry, Esmeralda lives two floors down."
3364,2042,1,5,38,44,1.1590909090909092,0.06456212749550704,588,911? That Peeping Quasimodo is back again
3369,2042,0,7,37,44,1.1590909090909092,0.055778005112363215,588,that plant is dangerously close to the edge
3384,2042,1,5,38,44,1.1590909090909092,0.06456212749550704,588,He says he's a movie producer.
3403,2042,1,5,38,44,1.1590909090909092,0.06456212749550704,588,"Hey baby, take down my quasi number!"
3441,2042,1,5,38,44,1.1590909090909092,0.06456212749550704,588,I fed it once and he still comes back every day
3443,2042,1,5,38,44,1.1590909090909092,0.06456212749550704,588,It’s not the Jehovah’s that’s got me uneasy it’s the witness.
3469,2042,0,7,37,44,1.1590909090909092,0.055778005112363215,588,...I wish he'd stop calling me Esmeralda.
3470,2042,0,7,37,44,1.1590909090909092,0.055778005112363215,588,Can't take the frog out of that prince.
3472,2042,0,7,37,44,1.1590909090909092,0.055778005112363215,588,Could you move that a little to the left?
3488,2042,1,5,38,44,1.1590909090909092,0.06456212749550704,588,"Oh, wait. I'll get back to you. I've got a hunch"
3521,2042,0,7,37,44,1.1590909090909092,0.055778005112363215,588,I'm quasi concerned about him as a neighbor....
3527,2042,0,7,37,44,1.1590909090909092,0.055778005112363215,588,"not sure I know him, but he rings a bell :)"
3557,2042,2,3,39,44,1.1590909090909092,0.07228658768525041,588,It's definitely an up-and-coming neighborhood.
3611,2042,1,5,38,44,1.1590909090909092,0.06456212749550704,588,Preservation of historic landmarks? whatever. Still gives me the creeps. At least he should put on some pants.
3624,2042,2,3,39,44,1.1590909090909092,0.07228658768525041,588,The FAA needs to revisit their drone policy.
3629,2042,0,7,37,44,1.1590909090909092,0.055778005112363215,588,What's the city's stand on sanctuary for a 'quasi' something?
3639,2042,1,5,38,44,1.1590909090909092,0.06456212749550704,588,"It's a fern, but he keeps shouting, 'Topiary! Topiary!'"
3665,2042,3,1,40,44,1.1590909090909092,0.07926180171815858,588,There's a guy out here who insists that he writes all your material.
3728,2042,0,7,37,44,1.1590909090909092,0.055778005112363215,588,I swiped up by mistake.
3736,2042,1,5,38,44,1.1590909090909092,0.06456212749550704,588,It appears the rooftop confessionalis back up for rent
3752,2042,0,7,37,44,1.1590909090909092,0.055778005112363215,588,"I've got to put you on hold darling, some just came up!"
2234,2042,0,7,37,44,1.1590909090909092,0.055778005112363215,588,"You won't believe the irony. Okay, I'm calling you from Motorola's new Quasi-Moto phone, right?..."
2144,2042,0,7,37,44,1.1590909090909092,0.055778005112363215,588,"OK Esmeralda, I'll put him right on"
2217,2042,2,3,39,44,1.1590909090909092,0.07228658768525041,588,"Yes, officer. I'm being flashed by the halfback of Notre Dame."
663,2042,2,3,39,44,1.1590909090909092,0.07228658768525041,588,Superman? This is Lois. Junior is acting up again.
669,2042,1,5,38,44,1.1590909090909092,0.06456212749550704,588,I think my Esmeralda plant has an admirer.
676,2042,0,7,37,44,1.1590909090909092,0.055778005112363215,588,I met him on a new app called Quasi-Monde. He's coming over right now.
690,2042,1,5,38,44,1.1590909090909092,0.06456212749550704,588,"Well, I just got a hunch."
755,2042,1,5,38,44,1.1590909090909092,0.06456212749550704,588,"I gather that Harvey Weinstein is doing a remake of The Hunchback of Notre Dame, and that he is starring in it."
823,2042,0,7,37,44,1.1590909090909092,0.055778005112363215,588,I don't think swiping left will work in this case.
826,2042,1,5,38,44,1.1590909090909092,0.06456212749550704,588,He said he has a hunch about me.
836,2042,2,3,39,44,1.1590909090909092,0.07228658768525041,588,I'm waiting for him to spread his wings.
845,2042,0,7,37,44,1.1590909090909092,0.055778005112363215,588,"Well, he says he also has a place in Bridgehampton. What do I tell him?"
854,2042,2,3,39,44,1.1590909090909092,0.07228658768525041,588,"Sorry, it's just that annoying Quasimodo telling me his sad tale."
600,2042,1,5,38,44,1.1590909090909092,0.06456212749550704,588,"No, he’s not that good looking, but I saw on Tinder that he lives right next door. What’s the harm?"
862,2042,0,7,37,44,1.1590909090909092,0.055778005112363215,588,"So far I love it here, the neighborhood is a great mix of new and old."
872,2042,2,3,39,44,1.1590909090909092,0.07228658768525041,588,"But for her posture and over-watering, he would have asked her out."
917,2042,0,7,37,44,1.1590909090909092,0.055778005112363215,588,Remember that unsuitable suitor? I have a hunch he’s back.
937,2042,2,3,39,44,1.1590909090909092,0.07228658768525041,588,There's nothing quasi about him. He's a real modo.
939,2042,0,7,37,44,1.1590909090909092,0.055778005112363215,588,"he's super pissed about gentrification but, like, his argument isn't very nuanced?"
948,2042,1,5,38,44,1.1590909090909092,0.06456212749550704,588,Peeping Gargoyle.
979,2042,1,5,38,44,1.1590909090909092,0.06456212749550704,588,Some renters are squatting on prime real estate with beautiful city views and cathedral ceilings.
1034,2042,2,3,39,44,1.1590909090909092,0.07228658768525041,588,I've given up dancing and now we spend all our time together.
1066,2042,1,5,38,44,1.1590909090909092,0.06456212749550704,588,Aren't there some bells that need ringing?
1085,2042,1,5,38,44,1.1590909090909092,0.06456212749550704,588,"Fame? He says half the people want to know how he liked the opera, and the other half tell him his face somehow rings a bell."
1087,2042,0,7,37,44,1.1590909090909092,0.055778005112363215,588,Notre Dame? I assumed a college guy would have used the stairs.
870,2042,1,5,38,44,1.1590909090909092,0.06456212749550704,588,"Betty, I think the anti-depressants are acting up again."
597,2042,2,3,39,44,1.1590909090909092,0.07228658768525041,588,Sorry. I don't know his last name.
585,2042,2,3,39,44,1.1590909090909092,0.07228658768525041,588,I want to report a dirty old man
476,2042,1,5,38,44,1.1590909090909092,0.06456212749550704,588,I'm going to have to ring you back. SORRY. NO OFFENSE.
54,2042,1,5,38,44,1.1590909090909092,0.06456212749550704,588,"What do you mean, you won't do anything? I thought this was a sanctuary city?"
71,2042,1,5,38,44,1.1590909090909092,0.06456212749550704,588,"3, 2, 1, ...."
96,2042,0,7,37,44,1.1590909090909092,0.055778005112363215,588,"ooooooo i've travelled in time and look at that girl ""whistles"""
98,2042,0,7,37,44,1.1590909090909092,0.055778005112363215,588,I think it's that actor from Birdman.
103,2042,1,5,38,44,1.1590909090909092,0.06456212749550704,588,"Then he said, ""Is it all right if I call you?"" And I said, ""Yes, I'd like that."" And he said, ""OK, I will then."" That was, like 10 days ago. What's wrong with men?"
107,2042,1,5,38,44,1.1590909090909092,0.06456212749550704,588,"When you try to impression your crush, but she calls the cops on you."
120,2042,0,7,37,44,1.1590909090909092,0.055778005112363215,588,I have a hunch my ex wants me back.
126,2042,1,5,38,44,1.1590909090909092,0.06456212749550704,588,I think somebody's been following me. Let's just call it a hunch.
165,2042,0,7,37,44,1.1590909090909092,0.055778005112363215,588,"Yes, he brought the bell, too."
181,2042,1,5,38,44,1.1590909090909092,0.06456212749550704,588,"Hello... Deacon Frollo, I think you need to have a talk with Quasimodo."
185,2042,1,5,38,44,1.1590909090909092,0.06456212749550704,588,It's just another parkourist.
192,2042,0,7,37,44,1.1590909090909092,0.055778005112363215,588,"Betty, I can't tell if he is looking at me or my plant"
232,2042,0,7,37,44,1.1590909090909092,0.055778005112363215,588,"I believe this is what's known as a ""meet-cute."""
277,2042,0,7,37,44,1.1590909090909092,0.055778005112363215,588,I feel like my life is kinda a Disney movie
299,2042,0,7,37,44,1.1590909090909092,0.055778005112363215,588,"Hey Esmeralda, that guy you've been seeing is here again."
335,2042,1,5,38,44,1.1590909090909092,0.06456212749550704,588,Looks like I'm going to have to spray for pests.
339,2042,1,5,38,44,1.1590909090909092,0.06456212749550704,588,"What day is it again? Oh, never mind ... it's Wednesday ..."
361,2042,1,5,38,44,1.1590909090909092,0.06456212749550704,588,"It's a quasi-obstructed view, but you get used to it."
380,2042,0,7,37,44,1.1590909090909092,0.055778005112363215,588,"He honestly doesn't say much, but seems really opinionated about which flower pots I use."
428,2042,1,5,38,44,1.1590909090909092,0.06456212749550704,588,"Yep, he's here again, and still asking if I'm Esmeralda."
441,2042,0,7,37,44,1.1590909090909092,0.055778005112363215,588,"No, it's the plant. I can always tell if someone is staring at me."
447,2042,1,5,38,44,1.1590909090909092,0.06456212749550704,588,"Well, what about MY sanctuary?"
474,2042,0,7,37,44,1.1590909090909092,0.055778005112363215,588,"Esmeralda!! It's me, Qasimodo... it looks like you've been avoiding my calls."
1093,2042,1,5,38,44,1.1590909090909092,0.06456212749550704,588,I think he's harmless and just squatting in an unoccupied building.
1094,2042,1,5,38,44,1.1590909090909092,0.06456212749550704,588,If he's going to sit up there all the time they should change the name to Notre Dude.
877,2042,1,5,38,44,1.1590909090909092,0.06456212749550704,588,"Either I have tinnitus or your talking about me, what else could it be ?"
1102,2042,0,7,37,44,1.1590909090909092,0.055778005112363215,588,"A peeping hunchback. I know, right?"
1698,2042,0,7,37,44,1.1590909090909092,0.055778005112363215,588,"You're so vane, you probably think this call is about you."
1730,2042,1,5,38,44,1.1590909090909092,0.06456212749550704,588,Do not ask for whom the bell tolls.
1734,2042,1,5,38,44,1.1590909090909092,0.06456212749550704,588,He says he's a celibate.
1744,2042,2,3,39,44,1.1590909090909092,0.07228658768525041,588,I had a hunch he would be back!
1765,2042,1,5,38,44,1.1590909090909092,0.06456212749550704,588,"Sorry, you're really breaking up. Yes, I'm as close as I can get to the bell tower."
1782,2042,2,3,39,44,1.1590909090909092,0.07228658768525041,588,You say a big bird just pooped on your head? I don't think so.
1785,2042,2,3,39,44,1.1590909090909092,0.07228658768525041,588,"Damn-it, when I bought this high rise apartment there was no mention of peeping-Quasimodo being my next Cathedral neighbor."
1871,2042,1,5,38,44,1.1590909090909092,0.06456212749550704,588,Charles Laughton! What are you doing here?
1878,2042,1,5,38,44,1.1590909090909092,0.06456212749550704,588,"Oh look "" It's the Hunchback of Notre Dame picking up extra shifts as a peeping tom ! """
1095,2042,1,5,38,44,1.1590909090909092,0.06456212749550704,588,I'm watering a plant.
1934,2042,1,5,38,44,1.1590909090909092,0.06456212749550704,588,I thought I was paying extra for a view of a wildlife conservatory.
1947,2042,0,7,37,44,1.1590909090909092,0.055778005112363215,588,"Well yeah, of course I agree with the First Amendment, but are these ""Daily Exercises of Religious Freedom"" really necessary?"
1950,2042,2,3,39,44,1.1590909090909092,0.07228658768525041,588,Thanks Esmeralda for confirming he is a vegan.
1963,2042,0,7,37,44,1.1590909090909092,0.055778005112363215,588,I think he'd like us to get back together.
1984,2042,0,7,37,44,1.1590909090909092,0.055778005112363215,588,You make it hard to talk face to face.
2095,2042,2,3,39,44,1.1590909090909092,0.07228658768525041,588,But he's not ringing the bell... he's on the roof again.
2099,2042,0,7,37,44,1.1590909090909092,0.055778005112363215,588,"Flirting? No, just playing a hunch."
2102,2042,1,5,38,44,1.1590909090909092,0.06456212749550704,588,He says he's famous.
2142,2042,3,1,40,44,1.1590909090909092,0.07926180171815858,588,"You may think I'm stalking you but, really. it's just a steeple chase."
2226,2042,0,7,37,44,1.1590909090909092,0.055778005112363215,588,"Hurry up and take the photo, this will be perfect for my City Living Botany Blog."
2177,2042,1,5,38,44,1.1590909090909092,0.06456212749550704,588,"Not hatchback Bishop, HUNCHback....and he's....what?....no, your car is NOT on the roof, it's that MAN again with the....what?....no, My car is downstairs, it's that MAN....what?....no, it's a Mercedes S Class...."
2178,2042,0,7,37,44,1.1590909090909092,0.055778005112363215,588,"OK, I admit it. I told him he has to watch me water a potted plant if he wants to be in my movie."
2215,2042,1,5,38,44,1.1590909090909092,0.06456212749550704,588,"If your hair were longer, I could come over."
1689,2042,1,5,38,44,1.1590909090909092,0.06456212749550704,588,He must have taken the stairs.
1660,2042,0,7,37,44,1.1590909090909092,0.055778005112363215,588,"Joanie, vacay plant-rescue mystery, um, solved."
1932,2042,2,3,39,44,1.1590909090909092,0.07228658768525041,588,"The next time you forget your costume, I would just stay home."
1613,2042,1,5,38,44,1.1590909090909092,0.06456212749550704,588,Am I just swapping one institution for another?
1659,2042,1,5,38,44,1.1590909090909092,0.06456212749550704,588,"I'm good, mom. I'd be better if Quasi would realize it's really over this time."
1118,2042,1,5,38,44,1.1590909090909092,0.06456212749550704,588,"To be fair, his profile did say he was into cosplay."
1127,2042,1,5,38,44,1.1590909090909092,0.06456212749550704,588,"Spin it any way you want, but you still violated our property disclosure contract."
1133,2042,1,5,38,44,1.1590909090909092,0.06456212749550704,588,This one IS Claiming to be a Good Catch and NOT Jewish!
1140,2042,2,3,39,44,1.1590909090909092,0.07228658768525041,588,"Yeah, he's back...No, that's not necessary- he can't keep this pose much longer."
1182,2042,1,5,38,44,1.1590909090909092,0.06456212749550704,588,"You won't take my calls, so you left me no other choice."
1195,2042,1,5,38,44,1.1590909090909092,0.06456212749550704,588,It looks like they've started filming Mission Impossible 7..
1210,2042,1,5,38,44,1.1590909090909092,0.06456212749550704,588,"Well, I guess I find it quasi-unsettling."
1223,2042,2,3,39,44,1.1590909090909092,0.07228658768525041,588,"I know I could just give him some water, but wouldn't that be encouraging him?"
1242,2042,1,5,38,44,1.1590909090909092,0.06456212749550704,588,He’s quasi-stalking me again.
1278,2042,1,5,38,44,1.1590909090909092,0.06456212749550704,588,He helps make it a complete Sanctuary City.
1104,2042,1,5,38,44,1.1590909090909092,0.06456212749550704,588,Yes.. I'd like to report a peeping hunchback.
1293,2042,1,5,38,44,1.1590909090909092,0.06456212749550704,588,"I told him, I said look fella I'm not that type of girl."
1289,2042,2,3,39,44,1.1590909090909092,0.07228658768525041,588,"not much, nothing new here; how about by you?"
1551,2042,0,7,37,44,1.1590909090909092,0.055778005112363215,588,Be careful not to over water it!
1505,2042,0,7,37,44,1.1590909090909092,0.055778005112363215,588,"Hang on, the bell ringer wants to know what time it is."
1501,2042,1,5,38,44,1.1590909090909092,0.06456212749550704,588,My neighbor Quasimodo is going to making a leap of faith.
1496,2042,0,7,37,44,1.1590909090909092,0.055778005112363215,588,People are dying to have my view!
1599,2042,1,5,38,44,1.1590909090909092,0.06456212749550704,588,Hi! I just happened to be in neighborhood...
1406,2042,0,7,37,44,1.1590909090909092,0.055778005112363215,588,Gotta go my date just arrived outside!
1405,2042,0,7,37,44,1.1590909090909092,0.055778005112363215,588,Some things never change in Norte Dame.
1309,2042,0,7,37,44,1.1590909090909092,0.055778005112363215,588,"Police, the stalker I told you about is back again."
1444,2042,1,5,38,44,1.1590909090909092,0.06456212749550704,588,"No I didn't get the part, but it felt like Harvey Weinstein may have taken an interest in me for future roles. Who knows when I'll see him again though."
3095,2253,0,7,38,45,1.1555555555555554,0.05463890236888291,588,Just watch out for my plant when you jump over here--okay?
2296,2253,0,7,38,45,1.1555555555555554,0.05463890236888291,588,"No, the name Quasimodo doesn't ring a bell."
2661,2253,1,5,39,45,1.1555555555555554,0.06321005190772531,588,May I use your toilet?
2671,2253,1,5,39,45,1.1555555555555554,0.06321005190772531,588,Let's just say I have a hunch his name will ring a bell...
2779,2253,0,7,38,45,1.1555555555555554,0.05463890236888291,588,"Oh I almost forgot, Happy Hump Day."
2788,2253,1,5,39,45,1.1555555555555554,0.06321005190772531,588,After last night and you won't pick up!??!
2793,2253,2,3,40,45,1.1555555555555554,0.07075034750641399,588,"No, officer, I’m not certain. It’s just a hunch."
2140,2253,0,7,38,45,1.1555555555555554,0.05463890236888291,588,"Yeah, well, life isn't a Disney movie."
3016,2253,0,7,38,45,1.1555555555555554,0.05463890236888291,588,It's not ringing a bell...
3051,2253,2,3,40,45,1.1555555555555554,0.07075034750641399,588,Honey..You need more balls than that to call yourself a Gargoyle!!
3138,2253,0,7,38,45,1.1555555555555554,0.05463890236888291,588,"I am looking at, like, you know, the ugliest pigeon. EVER."
3897,2253,2,3,40,45,1.1555555555555554,0.07075034750641399,588,"Yeah, I would say living next to Notre Dame has its pervs."
3670,2253,0,7,38,45,1.1555555555555554,0.05463890236888291,588,"‘Yes, I am canceling my husbands chiropractor appointment... I have a hunch, he won’t be back.”"
3746,2253,1,5,39,45,1.1555555555555554,0.06321005190772531,588,You know my neighbor? He's taken Halloween to a who new level.
3769,2253,1,5,39,45,1.1555555555555554,0.06321005190772531,588,"Gargoyle, I said. G A R G O Y L E."
3936,2253,2,3,40,45,1.1555555555555554,0.07075034750641399,588,"Yeah, I told him my name wasn't Esmeralda, that he should just climb down and ring a few more bells."
3937,2253,1,5,39,45,1.1555555555555554,0.06321005190772531,588,Hello 911. I want to report a peeping Tom.
4037,2253,2,3,40,45,1.1555555555555554,0.07075034750641399,588,I have a hunch that skydiver is back.
4056,2253,0,7,38,45,1.1555555555555554,0.05463890236888291,588,Hello James - please send up an extension ladder to apartment 1314.
4062,2253,1,5,39,45,1.1555555555555554,0.06321005190772531,588,I have a hunch it'll work out. We're both botanists.
4232,2253,1,5,39,45,1.1555555555555554,0.06321005190772531,588,"Aha! Just like a thought, another fine specimen of Euphorbia erecta!"
2096,2253,1,5,39,45,1.1555555555555554,0.06321005190772531,588,"I didn’t say ‘humpback whale’, I said, ‘Hunchback,’ Gail."
3496,2253,2,3,40,45,1.1555555555555554,0.07075034750641399,588,You should hear this dimwit try to say Noter Dame.
1951,2253,1,5,39,45,1.1555555555555554,0.06321005190772531,588,"Quasimodo, please don't jump until the vine grows out."
2146,2253,2,3,40,45,1.1555555555555554,0.07075034750641399,588,Did you ring?
1759,2253,0,7,38,45,1.1555555555555554,0.05463890236888291,588,"Hang on, my plant sitter is here."
263,2253,1,5,39,45,1.1555555555555554,0.06321005190772531,588,Lover's Leap
372,2253,1,5,39,45,1.1555555555555554,0.06321005190772531,588,"Please turn off all cell phones, and enjoy the performance."
479,2253,2,3,40,45,1.1555555555555554,0.07075034750641399,588,You are always on the phone!
540,2253,1,5,39,45,1.1555555555555554,0.06321005190772531,588,"Hello, Father? Don't you people have a bathroom?"
587,2253,0,7,38,45,1.1555555555555554,0.05463890236888291,588,The buildings here are like characters.
807,2253,0,7,38,45,1.1555555555555554,0.05463890236888291,588,He's back again this year to try and convince me to root for the Irish when they play USC.
844,2253,0,7,38,45,1.1555555555555554,0.05463890236888291,588,Wonderful exhibit on the evolution of Cervidae Erectus
856,2253,1,5,39,45,1.1555555555555554,0.06321005190772531,588,Just remembered- gotta call my chiropractor.
1083,2253,1,5,39,45,1.1555555555555554,0.06321005190772531,588,yeah he's still there....god i hope he doesn't take another crap!
1132,2253,1,5,39,45,1.1555555555555554,0.06321005190772531,588,I said you should come see my new 'potted plant!'
1105,2253,2,3,40,45,1.1555555555555554,0.07075034750641399,588,"Oh, like, you know - Phantom of the Opera, Sponge Bob, something like that."
1348,2253,1,5,39,45,1.1555555555555554,0.06321005190772531,588,"I know it's hard to find a straight guy in Manhattan, but he can't look like Quasimodo."
1408,2253,1,5,39,45,1.1555555555555554,0.06321005190772531,588,"Sure, it's impressive, but it's still not a sport."
1436,2253,1,5,39,45,1.1555555555555554,0.06321005190772531,588,"I dunno, Clair -- He just keeps shouting ""Sanctuary City, Sanctuary City!"""
1494,2253,1,5,39,45,1.1555555555555554,0.06321005190772531,588,I’ll call you back. Quasimodo’s about to drop in.
1522,2253,1,5,39,45,1.1555555555555554,0.06321005190772531,588,"There's some guy droning on about ""precarious perches."""
1564,2253,1,5,39,45,1.1555555555555554,0.06321005190772531,588,Here's the thing. He not only does wake up calls but dinner bells as well.
1623,2253,1,5,39,45,1.1555555555555554,0.06321005190772531,588,We have a Quasi Neighborhood Watch Progam.
1921,2253,0,7,38,45,1.1555555555555554,0.05463890236888291,588,It's some guy shouting about how he can make me a movie star
1654,2253,3,1,41,45,1.1555555555555554,0.07756102553718168,588,The Hunch Back and Water Dame.
1711,2253,0,7,38,45,1.1555555555555554,0.05463890236888291,588,My name? It's Quasimodo. And you must be Ismeralda.
1314,2253,0,7,38,45,1.1555555555555554,0.05463890236888291,588,NYPD? Do you still have those armed biplanes?
2864,2301,1,5,40,46,1.1521739130434783,0.061913070618242964,588,"That plant could fall off, you know!"
3959,2301,1,5,40,46,1.1521739130434783,0.061913070618242964,588,"He is obviously very high and says he is lost. He has a French accent and is a hunchback. Keeps mumbling about Trump taking away his Visa and yelling ""I am not a Muslim."""
3316,2301,0,7,39,46,1.1521739130434783,0.05354479188959757,588,"Monsignor, Will you please call Quasimodo down from the bell tower, he's staring again."
3185,2301,1,5,40,46,1.1521739130434783,0.061913070618242964,588,"Sleep-walking again, Harvey?"
2763,2301,0,7,39,46,1.1521739130434783,0.05354479188959757,588,"Yes, your Grace, I am sorry about your pigeon problem, however..."
1166,2301,1,5,40,46,1.1521739130434783,0.061913070618242964,588,"[Be Cool Esmerelda] Yes, Roxy, I'd say he's ""QUASI"" cute"
894,2301,0,7,39,46,1.1521739130434783,0.05354479188959757,588,I’m on top of the world.
307,2301,0,7,39,46,1.1521739130434783,0.05354479188959757,588,He claims ringing the bell helps his scoliosis.
2329,2301,0,7,39,46,1.1521739130434783,0.05354479188959757,588,I really have to change my ringtone
2565,2310,1,5,41,47,1.148936170212766,0.06066790909183939,588,"He says he's gonna jump, but he's much too good looking to be a stockbroker."
2826,2311,2,2,38,42,1.1428571428571428,0.07286591006438153,588,"Hello, Animal Control? Yeah, it's back"
2883,2311,1,4,37,42,1.1428571428571428,0.0644049739048166,588,Sorry to interrupt. Trying to get wifi.
2902,2311,2,2,38,42,1.1428571428571428,0.07286591006438153,588,I'll always have Paris
2919,2311,0,6,36,42,1.1428571428571428,0.05464943254828616,588,"9-1-1, what is your emergency, please?"
2923,2311,0,6,36,42,1.1428571428571428,0.05464943254828616,588,Is Rapunzel home?
2941,2311,0,6,36,42,1.1428571428571428,0.05464943254828616,588,This call is being monitored.
2960,2311,1,4,37,42,1.1428571428571428,0.0644049739048166,588,"I hope it's thirst, and not lust."
2972,2311,0,6,36,42,1.1428571428571428,0.05464943254828616,588,"Actually, officer, I'm calling about the priest outside my keyhole."
2983,2311,0,6,36,42,1.1428571428571428,0.05464943254828616,588,I think he's jealous of our rooftop garden.
3211,2311,1,4,37,42,1.1428571428571428,0.0644049739048166,588,Not only does he ring that damn bell on the hour but he also has air rights.
2988,2311,0,6,36,42,1.1428571428571428,0.05464943254828616,588,He likes my 'Bell Tower' ringtone.
3059,2311,0,6,36,42,1.1428571428571428,0.05464943254828616,588,New plant?
3072,2311,1,4,37,42,1.1428571428571428,0.0644049739048166,588,It's almost my sanctuary.
3101,2311,1,4,37,42,1.1428571428571428,0.0644049739048166,588,"Yeah, since he's been up here I notice it hasn't needed as much fertilizer."
3119,2311,0,6,36,42,1.1428571428571428,0.05464943254828616,588,The carillonneur is exposing himself again.
3134,2311,1,4,37,42,1.1428571428571428,0.0644049739048166,588,Which one of us is the Peeping Tom?
3141,2311,1,4,37,42,1.1428571428571428,0.0644049739048166,588,...and his mouth is REALLY watering.
3159,2311,0,6,36,42,1.1428571428571428,0.05464943254828616,588,"I like Paris, but sometimes it's like being in a gothic novel."
3160,2311,1,4,37,42,1.1428571428571428,0.0644049739048166,588,I really think an urban garden would help Quasimodo break this dangerous habit.
3198,2311,1,4,37,42,1.1428571428571428,0.0644049739048166,588,He hasn’t swept me off my feet yet.
3177,2311,1,4,37,42,1.1428571428571428,0.0644049739048166,588,The landlord said it was a room with a view. I didn't know that I was to be the view.
3038,2311,1,4,37,42,1.1428571428571428,0.0644049739048166,588,I wanted a park view but all I could afford was parkour.
2820,2311,1,4,37,42,1.1428571428571428,0.0644049739048166,588,"Yes, Zelda, we are the first Sanctuary high rise on E 51st Street."
2385,2311,0,6,36,42,1.1428571428571428,0.05464943254828616,588,"Yes, the Feng Shui gargoyle balanced the view..."
2729,2311,0,6,36,42,1.1428571428571428,0.05464943254828616,588,"""Don't re-set you Ringtone from Cosmic to Chimes, Esmeralda, unless you want to alert your neighbors. Believe me."
2006,2311,1,4,37,42,1.1428571428571428,0.0644049739048166,588,"Sorry, I have to go now. Mody's popping over."
2063,2311,1,4,37,42,1.1428571428571428,0.0644049739048166,588,"I think he's saying ""Hey, Ms."" but I can't hear over the ringing bells."
2108,2311,0,6,36,42,1.1428571428571428,0.05464943254828616,588,No I don’t need a restraining order.
2151,2311,0,6,36,42,1.1428571428571428,0.05464943254828616,588,"Yes, Melania, he's wearing that ugly green fleece you hate."
2241,2311,1,4,37,42,1.1428571428571428,0.0644049739048166,588,"Hi Mom, Remember when I suspected a pigeon from the church yard was nibbling my kale plant? Well, I have a new theory..."
2312,2311,1,4,37,42,1.1428571428571428,0.0644049739048166,588,need some fertilizer?
2363,2311,1,4,37,42,1.1428571428571428,0.0644049739048166,588,I mean... he's kind of a gargoyle but I think he's cute.
2378,2311,1,4,37,42,1.1428571428571428,0.0644049739048166,588,Did you hear the doorbell?
2380,2311,0,6,36,42,1.1428571428571428,0.05464943254828616,588,It's again my husband; he left the keys in the offering plate
3226,2311,0,6,36,42,1.1428571428571428,0.05464943254828616,588,"I know the connection is bad, but if I stand on my balcony for five more minutes, I'll be starring in Harvey Weinstein's next picture."
2435,2311,1,4,37,42,1.1428571428571428,0.0644049739048166,588,I don't get it.
2500,2311,2,2,38,42,1.1428571428571428,0.07286591006438153,588,I find the Squatting Deer series much more moving.
2502,2311,1,4,37,42,1.1428571428571428,0.0644049739048166,588,"You get used to it, but I hear it's dragginig down property values across the street."
2527,2311,1,4,37,42,1.1428571428571428,0.0644049739048166,588,I'm hoping this will make him thirsty and he'll get off that stupid ball.
2530,2311,0,6,36,42,1.1428571428571428,0.05464943254828616,588,See me!
2594,2311,2,2,38,42,1.1428571428571428,0.07286591006438153,588,May I borrow your phone?
2662,2311,1,4,37,42,1.1428571428571428,0.0644049739048166,588,There's a gargoyle on my belfry.
2668,2311,0,6,36,42,1.1428571428571428,0.05464943254828616,588,It's just a hunch.
2681,2311,2,2,38,42,1.1428571428571428,0.07286591006438153,588,"Ya Notre Dame Condos, they have everything!"
2689,2311,1,4,37,42,1.1428571428571428,0.0644049739048166,588,"Say what you may, he's on the ball this week."
2690,2311,0,6,36,42,1.1428571428571428,0.05464943254828616,588,I love it - it's my little sanctuary.
2723,2311,1,4,37,42,1.1428571428571428,0.0644049739048166,588,He wants to know if we'd like to receive a pledge card.
2724,2311,0,6,36,42,1.1428571428571428,0.05464943254828616,588,"How do I know, he's fooling around!"" ""Let's just say I have a hunch."
2815,2311,0,6,36,42,1.1428571428571428,0.05464943254828616,588,"Ok, he says his name is Quasimodo, does that ring a bell?"
3237,2311,1,4,37,42,1.1428571428571428,0.0644049739048166,588,"""Victor, I've been thinking about it and all is can see is a big, gothic wedding""."
3663,2311,0,6,36,42,1.1428571428571428,0.05464943254828616,588,Gotta go. Quasimodo's here.
3247,2311,0,6,36,42,1.1428571428571428,0.05464943254828616,588,I guess I can’t be positive he’s a stalker.
3948,2311,2,2,38,42,1.1428571428571428,0.07286591006438153,588,"911, my ex-boyfriend is quasi irritating again."
3964,2311,0,6,36,42,1.1428571428571428,0.05464943254828616,588,He says he'll jump unless I get him a Groupon for a chiropractor.
3984,2311,0,6,36,42,1.1428571428571428,0.05464943254828616,588,Do you have the number for Sanctuary in the East Village?
4018,2311,0,6,36,42,1.1428571428571428,0.05464943254828616,588,"I disagree, the government has elevated its surveillance efforts,"
4043,2311,2,2,38,42,1.1428571428571428,0.07286591006438153,588,It's northwest of the cathedral. That's right. The NoWeNoDa neighborhood.
4047,2311,0,6,36,42,1.1428571428571428,0.05464943254828616,588,I’ve got to go Eileen. The Hugo’s hunchback is on the roof again and I need to call the fire department.
4048,2311,0,6,36,42,1.1428571428571428,0.05464943254828616,588,I think my dad wants me to go to the University of Notre Dame.
4078,2311,0,6,36,42,1.1428571428571428,0.05464943254828616,588,I like his perspective.
4108,2311,1,4,37,42,1.1428571428571428,0.0644049739048166,588,"Hold on a sec Mom, the guy that keeps me up at night with his bell tolling is outside."
4127,2311,0,6,36,42,1.1428571428571428,0.05464943254828616,588,it's like my own urban sanctuary
3927,2311,1,4,37,42,1.1428571428571428,0.0644049739048166,588,"Yeah, that 'Sanctuary?' pickup line of his is getting old."
4133,2311,1,4,37,42,1.1428571428571428,0.0644049739048166,588,Are you even getting a quasi signal?
4163,2311,0,6,36,42,1.1428571428571428,0.05464943254828616,588,"Daddy, you sent me to the wrong Notre Dame. But I love it!"
4167,2311,1,4,37,42,1.1428571428571428,0.0644049739048166,588,"Yes, Uncle Victor, I'm having a wonderful time in Paris. It was SO SWEET of you to let me use your condo this summer! However, you really didn't need to ask the guy next door to keep an eye on me."
4230,2311,0,6,36,42,1.1428571428571428,0.05464943254828616,588,"I will have to call you back, my personal plant fertilizer is here."
4241,2311,1,4,37,42,1.1428571428571428,0.0644049739048166,588,Let's just say I think he's quasi-interested in me.
4246,2311,0,6,36,42,1.1428571428571428,0.05464943254828616,588,He's just crouched there like a statue.
4251,2311,1,4,37,42,1.1428571428571428,0.0644049739048166,588,"What do you mean, ‘It’s already been written’?"
4257,2311,0,6,36,42,1.1428571428571428,0.05464943254828616,588,"Hello 911? I've gotta flagpole sitter that's going to expose himself. Like the 39th floor. No problem, I'll hold."
4265,2311,0,6,36,42,1.1428571428571428,0.05464943254828616,588,And of course his name is Tom.
4258,2311,0,6,36,42,1.1428571428571428,0.05464943254828616,588,Me? I am looking at a fine execution of church steeple Asana!
1999,2311,0,6,36,42,1.1428571428571428,0.05464943254828616,588,"Seriously, I've got a peeping hunchback."
4157,2311,0,6,36,42,1.1428571428571428,0.05464943254828616,588,Parkour peeping Tom.
3924,2311,2,2,38,42,1.1428571428571428,0.07286591006438153,588,I wonder if this really is a welcoming and accepting community.
3898,2311,0,6,36,42,1.1428571428571428,0.05464943254828616,588,At least he keeps the pigeons away...
3892,2311,2,2,38,42,1.1428571428571428,0.07286591006438153,588,"Yay, it's Rush week at Julliard again! Party at my flat 5pm"
3252,2311,0,6,36,42,1.1428571428571428,0.05464943254828616,588,"He thinks Rex called him a ""Moroni"" not ""Moron""."
3258,2311,1,4,37,42,1.1428571428571428,0.0644049739048166,588,Does the name Esmerelda ring a bell?
3274,2311,0,6,36,42,1.1428571428571428,0.05464943254828616,588,Could I please speak to Victor?
3325,2311,1,4,37,42,1.1428571428571428,0.0644049739048166,588,"He doesn't know how he got up there, and now he doesn't know how to get down."
3367,2311,3,0,39,42,1.1428571428571428,0.08044178662449615,588,The lift was out of order
3368,2311,0,6,36,42,1.1428571428571428,0.05464943254828616,588,"Nope, he still hasn't found a way down."
3370,2311,0,6,36,42,1.1428571428571428,0.05464943254828616,588,"So, he waters my plants for me while I’m away for a couple of months and now he’s like, Ring my bells???"
3386,2311,1,4,37,42,1.1428571428571428,0.0644049739048166,588,Toss me some bottled water and I'll play church bells for your next dinner party.
3452,2311,0,6,36,42,1.1428571428571428,0.05464943254828616,588,Yeah Mom: He still thinks He's Spiderman!
3457,2311,1,4,37,42,1.1428571428571428,0.0644049739048166,588,Paris just isn't what it used to be.
3494,2311,1,4,37,42,1.1428571428571428,0.0644049739048166,588,Six days and still no handstand.
3593,2311,2,2,38,42,1.1428571428571428,0.07286591006438153,588,"I don't know Mom, he's calling it a ""leap of faith."""
3621,2311,0,6,36,42,1.1428571428571428,0.05464943254828616,588,Do you ever feel you can't escape the male gaze?
3637,2311,0,6,36,42,1.1428571428571428,0.05464943254828616,588,I forgot my selfie stick
3687,2311,1,4,37,42,1.1428571428571428,0.0644049739048166,588,I don’t know...His face doesn’t ring a bell.
3748,2311,1,4,37,42,1.1428571428571428,0.0644049739048166,588,QuasiDodo is back
3772,2311,0,6,36,42,1.1428571428571428,0.05464943254828616,588,I climbed all the way up here for this?
3782,2311,1,4,37,42,1.1428571428571428,0.0644049739048166,588,"I know, but he's so cute."
3793,2311,1,4,37,42,1.1428571428571428,0.0644049739048166,588,I wish he would wear pants.
3841,2311,1,4,37,42,1.1428571428571428,0.0644049739048166,588,"My new boyfriend is a religious, hunch backed, jumping herbivore. He’ll be here in a moment."
3844,2311,0,6,36,42,1.1428571428571428,0.05464943254828616,588,"The good-night kiss was okay, but I didn't hear bells or anything."
3851,2311,1,4,37,42,1.1428571428571428,0.0644049739048166,588,"No, no, no! This is NOT a sanctuary city."
3859,2311,1,4,37,42,1.1428571428571428,0.0644049739048166,588,Creepy Quasimodo I can deal with. It's the noon day bells that are really driving me crazy.
3242,2311,0,6,36,42,1.1428571428571428,0.05464943254828616,588,"One second mom, my neighbor is asking me if I have any sugar."
1989,2311,0,6,36,42,1.1428571428571428,0.05464943254828616,588,"Esmirelda, please call 911. The bell rope broke."
2440,2311,0,6,36,42,1.1428571428571428,0.05464943254828616,588,"No, it is not Jack be nimble.."
1983,2311,1,4,37,42,1.1428571428571428,0.0644049739048166,588,"AND THEN, our eyes met........."
582,2311,1,4,37,42,1.1428571428571428,0.0644049739048166,588,Hold on there's somebody hunching in
590,2311,1,4,37,42,1.1428571428571428,0.0644049739048166,588,Hi Victor? This is Cosette. I think you sent the wrong bachelor.
616,2311,0,6,36,42,1.1428571428571428,0.05464943254828616,588,"A little creepy, I'll admit. But at least the damn bells have stopped ringing."
682,2311,1,4,37,42,1.1428571428571428,0.0644049739048166,588,He's here to get his Tupperware back.
684,2311,0,6,36,42,1.1428571428571428,0.05464943254828616,588,"He claims he's Quasimodo, wants to ring my bell?"
694,2311,2,2,38,42,1.1428571428571428,0.07286591006438153,588,He's doing it again.
727,2311,1,4,37,42,1.1428571428571428,0.0644049739048166,588,Any weekend plans? Bell tower and chill.
763,2311,1,4,37,42,1.1428571428571428,0.0644049739048166,588,Somehow it rings a bell
772,2311,0,6,36,42,1.1428571428571428,0.05464943254828616,588,"Hold on. Do you do windows, Sweetie?"
783,2311,1,4,37,42,1.1428571428571428,0.0644049739048166,588,"Grunting sound? Oh, that's just Harvey."
522,2311,1,4,37,42,1.1428571428571428,0.0644049739048166,588,"Hello, 911? I'd like to report a crouching tiger, peeping tom."
784,2311,1,4,37,42,1.1428571428571428,0.0644049739048166,588,So Jump! I won't love you but I'll love your splatter.
792,2311,0,6,36,42,1.1428571428571428,0.05464943254828616,588,Stalking was so much easier in the middle ages.
815,2311,1,4,37,42,1.1428571428571428,0.0644049739048166,588,I'd like to report a code violation.
863,2311,1,4,37,42,1.1428571428571428,0.0644049739048166,588,Gotta go. My boyfriend Quasi is here.
869,2311,0,6,36,42,1.1428571428571428,0.05464943254828616,588,I ruminate about your mother and what might have been.
874,2311,0,6,36,42,1.1428571428571428,0.05464943254828616,588,"I'm telling you, this guy has taken ""peeping tom's"" to a whole new level."
909,2311,1,4,37,42,1.1428571428571428,0.0644049739048166,588,I hardly notice him anymore and I am quasi certain he is blind.
956,2311,1,4,37,42,1.1428571428571428,0.0644049739048166,588,"Hey girl, what are you doing this weekend? There's someone I'd like you to meet."
962,2311,0,6,36,42,1.1428571428571428,0.05464943254828616,588,Nostradoofus is at it again.
967,2311,1,4,37,42,1.1428571428571428,0.0644049739048166,588,'You were right when you said faith took him to a higher place.'
1009,2311,1,4,37,42,1.1428571428571428,0.0644049739048166,588,"Hey, Sis. I think I found you a date for the prom."
790,2311,0,6,36,42,1.1428571428571428,0.05464943254828616,588,"Yeah, I like most of my neighbors, but I have a bad hunch about the guy who lives directly across from me."
1016,2311,0,6,36,42,1.1428571428571428,0.05464943254828616,588,I can't shake the feeling that I'm being watched.
478,2311,2,2,38,42,1.1428571428571428,0.07286591006438153,588,"Hi, this is Esmeralda again. That creep with the hunchback is stalking me again from Notre Dame."
433,2311,1,4,37,42,1.1428571428571428,0.0644049739048166,588,Our new security camera is giving me the creeps.
1986,2311,0,6,36,42,1.1428571428571428,0.05464943254828616,588,"I'm not sure, but I think it may be a bald-headed cuckoo."
9,2311,2,2,38,42,1.1428571428571428,0.07286591006438153,588,Come here often?
14,2311,0,6,36,42,1.1428571428571428,0.05464943254828616,588,hi
24,2311,0,6,36,42,1.1428571428571428,0.05464943254828616,588,I guess I'd describe him as Quasimodo if he were a better climber.
63,2311,0,6,36,42,1.1428571428571428,0.05464943254828616,588,"Hi Betty, I think I may have found that date for you. He's well up in the world, although he does carry a bit of baggage."
67,2311,1,4,37,42,1.1428571428571428,0.0644049739048166,588,"OK, I've distracted him; be quick about pulling out those bell clappers."
86,2311,0,6,36,42,1.1428571428571428,0.05464943254828616,588,He calls me Esmerelda. I call him quasi-loco.
128,2311,1,4,37,42,1.1428571428571428,0.0644049739048166,588,The new gargoyle seems to always be looking at you.
210,2311,1,4,37,42,1.1428571428571428,0.0644049739048166,588,Apparently his pre-existing conditions don't include acrophobia.
229,2311,0,6,36,42,1.1428571428571428,0.05464943254828616,588,Not pie and lattes. I said he's doing PILATES again.
434,2311,0,6,36,42,1.1428571428571428,0.05464943254828616,588,Loving Paris and getting use to its tourist bureau promos.
231,2311,1,4,37,42,1.1428571428571428,0.0644049739048166,588,"The poor guy. Not only does he have chronic health issues, but he's been in the neighborhood so long no one knew he was a dreamer, too."
271,2311,2,2,38,42,1.1428571428571428,0.07286591006438153,588,Just love the quasi-Parisian feel of my condo.
275,2311,1,4,37,42,1.1428571428571428,0.0644049739048166,588,"By the way, is Notre Dame having a good season this year?"
280,2311,1,4,37,42,1.1428571428571428,0.0644049739048166,588,Uh...I mean...I'm pretty sure he's taking a dump?
289,2311,1,4,37,42,1.1428571428571428,0.0644049739048166,588,"Yes, I see him"
353,2311,2,2,38,42,1.1428571428571428,0.07286591006438153,588,The hunchback of St. Patrick's is stalking me again.
355,2311,0,6,36,42,1.1428571428571428,0.05464943254828616,588,Couldn't you just go with a nice simple cross?
374,2311,0,6,36,42,1.1428571428571428,0.05464943254828616,588,Hello 911 ? There's a weirdo stalking me from above the cathedral.
397,2311,0,6,36,42,1.1428571428571428,0.05464943254828616,588,"Hello Officer, he is doing it again."
416,2311,1,4,37,42,1.1428571428571428,0.0644049739048166,588,he says his name is TOM.
425,2311,1,4,37,42,1.1428571428571428,0.0644049739048166,588,"Honey, would please get off the phone and unlock the front door!"
246,2311,1,4,37,42,1.1428571428571428,0.0644049739048166,588,It's ugly at the top.
1027,2311,0,6,36,42,1.1428571428571428,0.05464943254828616,588,"No, I do not want to make a night of it with the ring-a-ding kid."
822,2311,1,4,37,42,1.1428571428571428,0.0644049739048166,588,"It seems that whenever I water my plant, he'll ring the bell and then just sit on the spire... Could he be Pavlov's love child, or is there something more sinister afoot?"
1039,2311,1,4,37,42,1.1428571428571428,0.0644049739048166,588,I could describe him but I don't like to body shame people
1474,2311,0,6,36,42,1.1428571428571428,0.05464943254828616,588,These days my life is like a musty old book I never bothered to read in high school.
1510,2311,1,4,37,42,1.1428571428571428,0.0644049739048166,588,I'd like to report a peeping Quasimodo.
1512,2311,1,4,37,42,1.1428571428571428,0.0644049739048166,588,"He knows, that I know, that he knows he'll never be able to get over that gypsy girl. He can grovel all day if he likes, but I have a plant now. I have more important things going on in my life."
1517,2311,0,6,36,42,1.1428571428571428,0.05464943254828616,588,"Yes, he thinks we should have gone with the gargoyle upgrade."
1537,2311,0,6,36,42,1.1428571428571428,0.05464943254828616,588,"I'm really happy to see you, but I recommend using the elevator on the ground floor."
1552,2311,1,4,37,42,1.1428571428571428,0.0644049739048166,588,I'm really not into religious guys.
1570,2311,1,4,37,42,1.1428571428571428,0.0644049739048166,588,Really? That doesn't ring a bell.
1662,2311,0,6,36,42,1.1428571428571428,0.05464943254828616,588,I am guessing he may have back problems.
1031,2311,0,6,36,42,1.1428571428571428,0.05464943254828616,588,"I am all for Gothic architecture, but I am not thrilled with the accompanying bell ringer."
1677,2311,0,6,36,42,1.1428571428571428,0.05464943254828616,588,I'm thinking it was a bad idea to move into the Victor Hugo.
1471,2311,1,4,37,42,1.1428571428571428,0.0644049739048166,588,He wants to jump right into a relationship and I'm not ready.
1707,2311,1,4,37,42,1.1428571428571428,0.0644049739048166,588,He can't come to the phone right now. He's polishing the steeple.
1796,2311,0,6,36,42,1.1428571428571428,0.05464943254828616,588,I don't know. I guess he's starting to grow on me.
1797,2311,0,6,36,42,1.1428571428571428,0.05464943254828616,588,I can't tell whether it's a real Modo or a quasi-Modo.
1802,2311,0,6,36,42,1.1428571428571428,0.05464943254828616,588,"No thanks, I like my ringtone."
1838,2311,1,4,37,42,1.1428571428571428,0.0644049739048166,588,"Esmeralda, you've changed!"
1850,2311,2,2,38,42,1.1428571428571428,0.07286591006438153,588,"yeah, police. This creepy guy's just sitting on notre dame, staring at me."
1882,2311,0,6,36,42,1.1428571428571428,0.05464943254828616,588,"You're right. The bell was made in Troy, NY..."
1885,2311,1,4,37,42,1.1428571428571428,0.0644049739048166,588,And we've got a direct view of the Mad Friar's Cathedral...
1889,2311,1,4,37,42,1.1428571428571428,0.0644049739048166,588,"I have to go, my boyfriend who rings my bells is here."
1893,2311,0,6,36,42,1.1428571428571428,0.05464943254828616,588,The audition went really well and I got a hunchback. I mean callback.
1961,2311,1,4,37,42,1.1428571428571428,0.0644049739048166,588,Will you at least meet with the chiropractor?
1795,2311,2,2,38,42,1.1428571428571428,0.07286591006438153,588,Mom! I have a hunch he's giving me a ring!
1466,2311,1,4,37,42,1.1428571428571428,0.0644049739048166,588,Well for one thing he's a re-enactor.
1671,2311,1,4,37,42,1.1428571428571428,0.0644049739048166,588,"He's just another gross lech who won't take ""no"" for an answer."
1450,2311,0,6,36,42,1.1428571428571428,0.05464943254828616,588,How's Paris you ask? . . . fairy tales say it all.
1042,2311,0,6,36,42,1.1428571428571428,0.05464943254828616,588,"Is his hair brown? Well, quasi..."
1452,2311,2,2,38,42,1.1428571428571428,0.07286591006438153,588,"Sorry, I can't talk now, Quasi, I'm on the phone."
1056,2311,1,4,37,42,1.1428571428571428,0.0644049739048166,588,"Yeah, I can't believe zoning was OK with this either."
1059,2311,2,2,38,42,1.1428571428571428,0.07286591006438153,588,He looks quasi-balanced.
1063,2311,0,6,36,42,1.1428571428571428,0.05464943254828616,588,"That's right, Officer....he's definitely Episcopalian and I think he's vegan too....."
1090,2311,0,6,36,42,1.1428571428571428,0.05464943254828616,588,"Correct, Quasimodo with a 'Q'."
1162,2311,1,4,37,42,1.1428571428571428,0.0644049739048166,588,Hello Moto...Quasimodo
1178,2311,1,4,37,42,1.1428571428571428,0.0644049739048166,588,Love is always a leap of faith.
1222,2311,2,2,38,42,1.1428571428571428,0.07286591006438153,588,"We’re connected wirelessly, walk on over!"
1226,2311,0,6,36,42,1.1428571428571428,0.05464943254828616,588,Yes Quasimodo also lives on the 14th floor.
1055,2311,2,2,38,42,1.1428571428571428,0.07286591006438153,588,My neighbor seems like a bit of a loner.
1376,2311,0,6,36,42,1.1428571428571428,0.05464943254828616,588,That cute guy is checking me out again!
1238,2311,0,6,36,42,1.1428571428571428,0.05464943254828616,588,Your place or mine?
1244,2311,1,4,37,42,1.1428571428571428,0.0644049739048166,588,"I'm looking at him now. I really think you'd like him, Esmeralda."
1266,2311,0,6,36,42,1.1428571428571428,0.05464943254828616,588,You don't have a prayer.
1273,2311,0,6,36,42,1.1428571428571428,0.05464943254828616,588,The guys on this dating apse are so not my type
1319,2311,1,4,37,42,1.1428571428571428,0.0644049739048166,588,Hi Dad! My neighbor got a new table!
1341,2311,0,6,36,42,1.1428571428571428,0.05464943254828616,588,"Well, I'll give him this, he's got ball."
1358,2311,0,6,36,42,1.1428571428571428,0.05464943254828616,588,"Yes, I see him almost every day, but I'd call it a quasi-friendship."
1371,2311,0,6,36,42,1.1428571428571428,0.05464943254828616,588,Our new neighbor's got the hump that he doesn't have a balcony.
1235,2311,2,2,38,42,1.1428571428571428,0.07286591006438153,588,"Hold the line a moment, Esmerelda. There's a performance artist outside my balcony, and he seems to want some water."
2854,2515,1,4,38,43,1.1395348837209303,0.06297704189640278,588,I will have to move. Squatters on the twenty-seventh floor can be quite annoying.
2830,2515,1,4,38,43,1.1395348837209303,0.06297704189640278,588,"Hang on a sec, Hunchie has the munchies."
2786,2515,0,6,37,43,1.1395348837209303,0.05346670079545209,588,"Yes, I do like my new neighborhood. It has such a thriving literary scene."
2677,2515,1,4,38,43,1.1395348837209303,0.06297704189640278,588,"You haven't heard ? Well, Tom and I have separated."
4053,2515,1,4,38,43,1.1395348837209303,0.06297704189640278,588,Finally! Someone who ring my bell!
2550,2515,0,6,37,43,1.1395348837209303,0.05346670079545209,588,Hello? St. Patrick's? Your gargoyle is acting up again!
2543,2515,0,6,37,43,1.1395348837209303,0.05346670079545209,588,"well, officer, a REAL modo would have rung the bell first"
2918,2515,1,4,38,43,1.1395348837209303,0.06297704189640278,588,"Gladys, ""have you ever seen a pants less peeping tom?"""
2540,2515,1,4,38,43,1.1395348837209303,0.06297704189640278,588,"No, he's not a plant, I said I'm watering my plant!"
2625,2515,0,6,37,43,1.1395348837209303,0.05346670079545209,588,"I've decided to name my plant, ""Victor."" It just came to me."
2943,2515,1,4,38,43,1.1395348837209303,0.06297704189640278,588,You seem to have found work-life balance
3248,2515,1,4,38,43,1.1395348837209303,0.06297704189640278,588,Quasi motivated
3099,2515,0,6,37,43,1.1395348837209303,0.05346670079545209,588,"I wouldn’t say he’s what you’d call a traditional peeping Tom, but I’m creeped out big time. And, the only thing he’s ever said to me is, “Hi Esmeralda.”"
3178,2515,0,6,37,43,1.1395348837209303,0.05346670079545209,588,"It will hatch, it will hatch, it will hatch, I just know it."
3182,2515,1,4,38,43,1.1395348837209303,0.06297704189640278,588,"""""...and you also better bring a large pair of tighty whities."" '"
3201,2515,1,4,38,43,1.1395348837209303,0.06297704189640278,588,His name is Tom.
3338,2515,1,4,38,43,1.1395348837209303,0.06297704189640278,588,I see your back again.
3537,2515,1,4,38,43,1.1395348837209303,0.06297704189640278,588,"Excuse me Sir, but--are you a Real-modo, or just a Quasi-modo?"
4015,2515,0,6,37,43,1.1395348837209303,0.05346670079545209,588,"He keeps yelling ""sanctuary,"" and I have no idea what he wants."
3797,2515,0,6,37,43,1.1395348837209303,0.05346670079545209,588,"It's still NO Quasi, and that's going to hurt your back."
3960,2515,2,2,39,43,1.1395348837209303,0.07122869869716944,588,"No, you may not have a bite."
2497,2515,0,6,37,43,1.1395348837209303,0.05346670079545209,588,I just reached landmark status.
3069,2515,0,6,37,43,1.1395348837209303,0.05346670079545209,588,I can see your house from here.
2486,2515,2,2,39,43,1.1395348837209303,0.07122869869716944,588,"Well, sure, he's a hunchback, but he follows me and likes everything I do, so..."
3744,2515,1,4,38,43,1.1395348837209303,0.06297704189640278,588,"I don't know who you're calling, miss. But I have a hunch."
2394,2515,1,4,38,43,1.1395348837209303,0.06297704189640278,588,The new bell is wifi -- he rings it with an app; so now the belfry is open to tourists from nine and five.
2422,2515,0,6,37,43,1.1395348837209303,0.05346670079545209,588,Have I told you about my new neighbor?
44,2515,0,6,37,43,1.1395348837209303,0.05346670079545209,588,"I'm not making eye contact, I promise. Postmodernism is too far a leap."
298,2515,1,4,38,43,1.1395348837209303,0.06297704189640278,588,Wouldn't you know—a peeping hunchback!
358,2515,2,2,39,43,1.1395348837209303,0.07122869869716944,588,Do you think he'll take song requests when he rings the bell?
442,2515,0,6,37,43,1.1395348837209303,0.05346670079545209,588,I have a sort of quasi-relationship with him.
451,2515,1,4,38,43,1.1395348837209303,0.06297704189640278,588,Psst! Ever do the roots thing?
583,2515,1,4,38,43,1.1395348837209303,0.06297704189640278,588,Can't put my finger on it but his face sure rings a bell.
705,2515,1,4,38,43,1.1395348837209303,0.06297704189640278,588,"...And I can't call the cops because he claimed, 'Sanctuary' or something."
803,2515,0,6,37,43,1.1395348837209303,0.05346670079545209,588,I'm a gentrifier? He's a hunchback living in a cathedral. Compared to him we're ALL gentrifiers!
1029,2515,1,4,38,43,1.1395348837209303,0.06297704189640278,588,"Yes, living in Paris is amazing. My new apartment is in the centre of everything, just a hop, skip and a jump away from Notre Dame."
746,2515,1,4,38,43,1.1395348837209303,0.06297704189640278,588,"It’s my hunch that he got his bell rung, out in the back of Notre Dame."
1220,2515,0,6,37,43,1.1395348837209303,0.05346670079545209,588,I think I am going to drop my Curves membership and signing up for CrossFit.
1362,2515,0,6,37,43,1.1395348837209303,0.05346670079545209,588,"'gotta go, my parkour instructor just got here"""
1446,2515,0,6,37,43,1.1395348837209303,0.05346670079545209,588,From this angle you are doing a great job.
1461,2515,1,4,38,43,1.1395348837209303,0.06297704189640278,588,No MSG on mine.
1594,2515,0,6,37,43,1.1395348837209303,0.05346670079545209,588,"He still thinks he's Quasimodo, but at least he's stable for now."
1801,2515,0,6,37,43,1.1395348837209303,0.05346670079545209,588,"Ding-dong, check out my schlong!"
1991,2515,0,6,37,43,1.1395348837209303,0.05346670079545209,588,"Well, there are ICE vehicles below.....and he's yelling ""Sanctuary! Sanctuary!"""
2018,2515,1,4,38,43,1.1395348837209303,0.06297704189640278,588,"Oh jeez, it's that hunchback from across the street again. Hang on... ""Hey, Moe, how's it going?"""
2337,2515,1,4,38,43,1.1395348837209303,0.06297704189640278,588,"He says his name is sort of ""Modo."""
1047,2515,0,6,37,43,1.1395348837209303,0.05346670079545209,588,"Hold the line, Esmeralda.....he's actually right on the ball!"
2322,2562,0,6,38,44,1.1363636363636365,0.05233358898302985,588,"No, not crazy. _Quasi_."
4012,2562,1,4,39,44,1.1363636363636365,0.06161077006722115,588,"Oh, did I tell you about my new neighbor, Quasimodo?"
3947,2562,0,6,38,44,1.1363636363636365,0.05233358898302985,588,Not everything was better. You should see the pre-war balcony across the way.
3262,2562,1,4,39,44,1.1363636363636365,0.06161077006722115,588,How do you like my new ringtone?
1538,2562,2,2,40,44,1.1363636363636365,0.06966325746551968,588,Quasimodo is stalking me again.
3442,2562,1,4,39,44,1.1363636363636365,0.06161077006722115,588,"He’s called the Hunchback of Notre Dame, but he doesn’t look like a football player to me."
934,2562,0,6,38,44,1.1363636363636365,0.05233358898302985,588,I keep telling him I am not Esmeralda .
624,2562,0,6,38,44,1.1363636363636365,0.05233358898302985,588,What hump?
1202,2562,0,6,38,44,1.1363636363636365,0.05233358898302985,588,I don't know Mom. What did you do when Dad acted like this?
643,2571,1,4,40,45,1.1333333333333333,0.06030226891555274,588,"Sorry, hon, can't talk. Quasimodo's about to get here for brunch."
1819,2571,1,4,40,45,1.1333333333333333,0.06030226891555274,588,I'd like to report a peeping hunchback of Notre Dame.
2872,2573,1,3,35,39,1.1282051282051282,0.06550424345215436,588,"OK, Goggle..What is the going rate for a bell ringer?"
2845,2573,1,3,35,39,1.1282051282051282,0.06550424345215436,588,"I know he's not my type, but suddenly I hear wedding bells."
2790,2573,1,3,35,39,1.1282051282051282,0.06550424345215436,588,‘The new place?’ Urban contemporary with penthouse view of hunchback on steeple.
2781,2573,1,3,35,39,1.1282051282051282,0.06550424345215436,588,"So, who rings your bell?"
2766,2573,2,1,36,39,1.1282051282051282,0.07510215426707977,588,"""I have a hunch he's back""."
2751,2573,0,5,34,39,1.1282051282051282,0.054233552759541476,588,They're filming the new Marvel movie across the street. I think casting Mickey Rooney as the new Spider Man was a stretch.
2726,2573,0,5,34,39,1.1282051282051282,0.054233552759541476,588,I'm visiting your downstairs neighbor do you think you could lend me a ladder
2725,2573,0,5,34,39,1.1282051282051282,0.054233552759541476,588,"So tell me, officer, does my description ring any bells?"
2722,2573,2,1,36,39,1.1282051282051282,0.07510215426707977,588,"Yes, Father, did you water the hunchback today?"
2719,2573,0,5,34,39,1.1282051282051282,0.054233552759541476,588,Hi Quasi - I heard you ring the bell this morning.
2705,2573,1,3,35,39,1.1282051282051282,0.06550424345215436,588,"He's staring at me like he knows me, but doesn't ring any bells."
2686,2573,1,3,35,39,1.1282051282051282,0.06550424345215436,588,"Steeples, pants, plants, I guess he is against something."
2744,2573,0,5,34,39,1.1282051282051282,0.054233552759541476,588,"No, he’s a REAL Modo! I’ll send you a pic."
2885,2573,0,5,34,39,1.1282051282051282,0.054233552759541476,588,"I told him exactly what you said: “Sanctuary? Quasi, don’t ring those damn things again until they are wedding bells.”"
3133,2573,1,3,35,39,1.1282051282051282,0.06550424345215436,588,Can you tell me how to get back to the Parcour event?
2932,2573,1,3,35,39,1.1282051282051282,0.06550424345215436,588,"I appreciate the call, but it's just a routine check from the condo board."
2948,2573,0,5,34,39,1.1282051282051282,0.054233552759541476,588,He says he's protesting the lack of French cathedrals in Manhattan.
2953,2573,0,5,34,39,1.1282051282051282,0.054233552759541476,588,This was more fun when it was forbidden.
2955,2573,1,3,35,39,1.1282051282051282,0.06550424345215436,588,Looks like my neighbor is trying to get the perfect selfie again.
2965,2573,0,5,34,39,1.1282051282051282,0.054233552759541476,588,Let's just say our sanctuary city has reached a new height.
2970,2573,0,5,34,39,1.1282051282051282,0.054233552759541476,588,Here is a guy who is either asking me out or jumping to death because of me
3000,2573,1,3,35,39,1.1282051282051282,0.06550424345215436,588,Please join us for the lunch back at Notre Dame.
3004,2573,0,5,34,39,1.1282051282051282,0.054233552759541476,588,I have a hunch my neighbor is spying on me.
3006,2573,1,3,35,39,1.1282051282051282,0.06550424345215436,588,I've never made it this far in Frogger before
3013,2573,1,3,35,39,1.1282051282051282,0.06550424345215436,588,Quasimodo I presume.
3120,2573,0,5,34,39,1.1282051282051282,0.054233552759541476,588,He followed me from Paris. I had an apartment across from Notre Dame.
3104,2573,0,5,34,39,1.1282051282051282,0.054233552759541476,588,He's not spying. He's subletting.
2666,2573,1,3,35,39,1.1282051282051282,0.06550424345215436,588,I think they’re getting ready to tear the church next-door down
3019,2573,0,5,34,39,1.1282051282051282,0.054233552759541476,588,Does the name Quasimoto ring a bell?
2891,2573,1,3,35,39,1.1282051282051282,0.06550424345215436,588,"Jesus Christ, I have to go to the bathroom."
2660,2573,1,3,35,39,1.1282051282051282,0.06550424345215436,588,I have the strangest sense that I'm being watched.
2342,2573,2,1,36,39,1.1282051282051282,0.07510215426707977,588,Just watering the plants. . .what the blank?!?
2641,2573,0,5,34,39,1.1282051282051282,0.054233552759541476,588,"The view is spectacular--a gothic church, bell tower, with its very own hunchback!"
2043,2573,1,3,35,39,1.1282051282051282,0.06550424345215436,588,"Welcome Quasimodo, may I offer you some water?"
2052,2573,0,5,34,39,1.1282051282051282,0.054233552759541476,588,This guy from Notre Dame either said he's a hunchback or a halfback.
2078,2573,2,1,36,39,1.1282051282051282,0.07510215426707977,588,The sunny side of the building gets Tigger.
2111,2573,0,5,34,39,1.1282051282051282,0.054233552759541476,588,He wants me to call 1X-1-1.......
2115,2573,1,3,35,39,1.1282051282051282,0.06550424345215436,588,"No, he's still up there. When he admits he was wrong!"
2120,2573,1,3,35,39,1.1282051282051282,0.06550424345215436,588,"""Quasimodo has finally reached the pinnacle of his life."" Joe Pitts, Washington, DC"
2123,2573,0,5,34,39,1.1282051282051282,0.054233552759541476,588,"Yeah, I'll say it's the dark side of the building."
2134,2573,0,5,34,39,1.1282051282051282,0.054233552759541476,588,"I have a hunch, I'll find more drama in this new condo."
2145,2573,1,3,35,39,1.1282051282051282,0.06550424345215436,588,One of those predatory priests has been exiled to a place he can do no further damage. I hope this plant grows fast.
2185,2573,1,3,35,39,1.1282051282051282,0.06550424345215436,588,"You can take the prince out of the frog, but you can't take the frog out of the prince."
2214,2573,1,3,35,39,1.1282051282051282,0.06550424345215436,588,He says that I remind him of someone named Esmeralda.
2223,2573,1,3,35,39,1.1282051282051282,0.06550424345215436,588,"oh, hey neighbor!"
2230,2573,1,3,35,39,1.1282051282051282,0.06550424345215436,588,"Yes, the new bishop’s assistant really is on the ball."
2258,2573,1,3,35,39,1.1282051282051282,0.06550424345215436,588,"Once you feed them once, you just can't get rid of them!"
2284,2573,0,5,34,39,1.1282051282051282,0.054233552759541476,588,The good news is he's stopped ringing the bell...
2321,2573,0,5,34,39,1.1282051282051282,0.054233552759541476,588,Hold on a sec. I have a hunch a certain someone is back.
2333,2573,0,5,34,39,1.1282051282051282,0.054233552759541476,588,I have a feeling he's not on Facebook.
2632,2573,0,5,34,39,1.1282051282051282,0.054233552759541476,588,"I'd like to report a peeping hunchback. Sure, I'll hold."
2616,2573,0,5,34,39,1.1282051282051282,0.054233552759541476,588,He insists he came back as a bird.
2603,2573,0,5,34,39,1.1282051282051282,0.054233552759541476,588,Caviar? Do you have a drone service? I have this friend...
2574,2573,1,3,35,39,1.1282051282051282,0.06550424345215436,588,"Careful with that pot, lady."
2566,2573,0,5,34,39,1.1282051282051282,0.054233552759541476,588,The guy who thinks he is a bird is still there
2557,2573,1,3,35,39,1.1282051282051282,0.06550424345215436,588,You blinked first.
2650,2573,1,3,35,39,1.1282051282051282,0.06550424345215436,588,"Yes, officer. He's middle aged, balding and keeps asking if I want to watch him ring his bells."
2541,2573,0,5,34,39,1.1282051282051282,0.054233552759541476,588,"Yes, I do usually swipe right on Catholic boys. Why do you ask?"
2496,2573,2,1,36,39,1.1282051282051282,0.07510215426707977,588,"Yeah, apparently he's got a a chip on his shoulder about gentrification or something. Or, uh, a hunch on his back, I don't know - ugh, these people should've moved out years ago!"
2494,2573,0,5,34,39,1.1282051282051282,0.054233552759541476,588,"Betsy, you won't believe it? Vince forgot his pants again."
2421,2573,0,5,34,39,1.1282051282051282,0.054233552759541476,588,"I'm not sure what he's doing, but his name rings a bell."
2405,2573,1,3,35,39,1.1282051282051282,0.06550424345215436,588,"''...and then, you simply make a right at Notre-Dame, you can't miss''"
2396,2573,1,3,35,39,1.1282051282051282,0.06550424345215436,588,I love you.
3173,2573,0,5,34,39,1.1282051282051282,0.054233552759541476,588,No. He's still down there.
2504,2573,2,1,36,39,1.1282051282051282,0.07510215426707977,588,"If a Quasimodo isn't a new phone, then what is it?"
3176,2573,1,3,35,39,1.1282051282051282,0.06550424345215436,588,"That's not what I mean when I said you needed to ""get on the ball"" at school."
3359,2573,1,3,35,39,1.1282051282051282,0.06550424345215436,588,"I'll call you right back, I have a Quasimodo situation. I'll have to call you back, right now I have a Quasimodo situation."
3199,2573,0,5,34,39,1.1282051282051282,0.054233552759541476,588,Do I call him Kwahsee-modo or Kwayzai-modo?
3718,2573,0,5,34,39,1.1282051282051282,0.054233552759541476,588,It’s lonely at the top.
3719,2573,1,3,35,39,1.1282051282051282,0.06550424345215436,588,"911, I'd like to report a Peeping Tom."
3735,2573,1,3,35,39,1.1282051282051282,0.06550424345215436,588,No other apartments in Paris had better views than The Quasimodo.
3775,2573,0,5,34,39,1.1282051282051282,0.054233552759541476,588,"Polo-?! Oh come on, my quads are killing me..."
3817,2573,0,5,34,39,1.1282051282051282,0.054233552759541476,588,"Gloria, I gotta go. The neighbor's here asking to borrow a cup of sugar."
3854,2573,1,3,35,39,1.1282051282051282,0.06550424345215436,588,"I always say, if you have a hunch, follow it."
3871,2573,0,5,34,39,1.1282051282051282,0.054233552759541476,588,I have a hunch about this place.
3874,2573,1,3,35,39,1.1282051282051282,0.06550424345215436,588,"But mom,he has a steady job"
3900,2573,1,3,35,39,1.1282051282051282,0.06550424345215436,588,Gotta go; there's a guy perched on the bell tower who's about to go bald if I don't water his head.
3906,2573,0,5,34,39,1.1282051282051282,0.054233552759541476,588,Let me know when lunch is ready and I will hop right over.
3917,2573,1,3,35,39,1.1282051282051282,0.06550424345215436,588,He's Quasi-Quasimodo at best.
3923,2573,0,5,34,39,1.1282051282051282,0.054233552759541476,588,"Yes, he is on top of his tower peeping again!"
3926,2573,0,5,34,39,1.1282051282051282,0.054233552759541476,588,"Just hanging out...watering my plant ""Quasi."""
3949,2573,1,3,35,39,1.1282051282051282,0.06550424345215436,588,"Blame Victor Hugo, Shakespeare made it easy for Romeo."
3710,2573,0,5,34,39,1.1282051282051282,0.054233552759541476,588,"Either he goes or you go, Victor!"
3966,2573,1,3,35,39,1.1282051282051282,0.06550424345215436,588,Remember when there were pigeons?
4003,2573,0,5,34,39,1.1282051282051282,0.054233552759541476,588,"Yes, I see you’ve been on the ball lately, but no, I still think we’re going nowhere."
4059,2573,0,5,34,39,1.1282051282051282,0.054233552759541476,588,It's like Quasimordor over here.
4060,2573,1,3,35,39,1.1282051282051282,0.06550424345215436,588,"Well, its view is great. But it is much too small."
4061,2573,1,3,35,39,1.1282051282051282,0.06550424345215436,588,It's amazing what a man will do for a well-watered plant.
4070,2573,1,3,35,39,1.1282051282051282,0.06550424345215436,588,"Greg didn’t have cable, nor a sense of privacy."
4137,2573,1,3,35,39,1.1282051282051282,0.06550424345215436,588,"Yes officer, it's about my husband. He took a dare..."
4168,2573,1,3,35,39,1.1282051282051282,0.06550424345215436,588,"Well, he says he's looking for sanctuary and a toilet"
4214,2573,1,3,35,39,1.1282051282051282,0.06550424345215436,588,What hump?
4215,2573,0,5,34,39,1.1282051282051282,0.054233552759541476,588,He going to swing over and pick me up
4235,2573,0,5,34,39,1.1282051282051282,0.054233552759541476,588,"I don't mind, we are a quasi-sanctuary city."
2034,2573,0,5,34,39,1.1282051282051282,0.054233552759541476,588,Did you ever hear the tragedy of Darth Plagueis the Wise?
4263,2573,0,5,34,39,1.1282051282051282,0.054233552759541476,588,"And like, there’s this hunchback who keeps staring at me?"
4271,2573,0,5,34,39,1.1282051282051282,0.054233552759541476,588,I've got a hungry guy here with a question about pizza delivery... Is it still free if delivery takes more than 45 minutes?
4280,2573,1,3,35,39,1.1282051282051282,0.06550424345215436,588,"Yes, I am at church but some troll is staring at me so I will have to call you back tomorrow mom."
3967,2573,2,1,36,39,1.1282051282051282,0.07510215426707977,588,He says I inspire him.
3194,2573,2,1,36,39,1.1282051282051282,0.07510215426707977,588,I can barely understand him but I think he wants to ring my bells.
3705,2573,0,5,34,39,1.1282051282051282,0.054233552759541476,588,"""Oh, he's doing well, but his Tinnitus is getting worse""!"
3675,2573,0,5,34,39,1.1282051282051282,0.054233552759541476,588,"Oh, I don't mind - he's kind of cute."
3200,2573,0,5,34,39,1.1282051282051282,0.054233552759541476,588,"Thanks for letting me know, the plant needed to be watered."
3210,2573,0,5,34,39,1.1282051282051282,0.054233552759541476,588,So this is what heaven is like ?
3222,2573,0,5,34,39,1.1282051282051282,0.054233552759541476,588,"Uh-huh! Yeah, I know! So...now that the whole stalker business us behind me, my biggest worry is whether this plant on my balcony might be in a precarious spot..."
3223,2573,0,5,34,39,1.1282051282051282,0.054233552759541476,588,"""It's your chiropractor. Can you come in at noon""?"
3246,2573,0,5,34,39,1.1282051282051282,0.054233552759541476,588,"Yeah, apparently my ringtone peaked his interest."
3259,2573,0,5,34,39,1.1282051282051282,0.054233552759541476,588,"911? What's the PC term for ""hunchback"" jumper?"
3278,2573,0,5,34,39,1.1282051282051282,0.054233552759541476,588,I ruv you a rot.
3280,2573,0,5,34,39,1.1282051282051282,0.054233552759541476,588,"It's okay Cynthia, he just wanted to let me know that my plants need watering."
3312,2573,1,3,35,39,1.1282051282051282,0.06550424345215436,588,I'm looking at a complete pervert...
3314,2573,1,3,35,39,1.1282051282051282,0.06550424345215436,588,Have you seen Esmerelda?
3323,2573,0,5,34,39,1.1282051282051282,0.054233552759541476,588,"Dad? No, everything is fine, got in last night, fed the cat, watering the plants, and the chimney sweep is here, but for one thing, you don't have a fireplace, right?"
3337,2573,0,5,34,39,1.1282051282051282,0.054233552759541476,588,You are clearly the tops in New York real estate.
3356,2573,1,3,35,39,1.1282051282051282,0.06550424345215436,588,"Yeah, he just sits there and waits for the phone to ring."
3385,2573,1,3,35,39,1.1282051282051282,0.06550424345215436,588,Some sicko has put a gnome on the dome.
3685,2573,0,5,34,39,1.1282051282051282,0.054233552759541476,588,I’d like to report a peeping hunchback.
3391,2573,1,3,35,39,1.1282051282051282,0.06550424345215436,588,"Honey, if you think the pigeons are bad this year---just wait!!"
3417,2573,1,3,35,39,1.1282051282051282,0.06550424345215436,588,Is the place below you available?
3428,2573,0,5,34,39,1.1282051282051282,0.054233552759541476,588,"I guess I'd say I'm ""Quasi"" seeing someone..."
3473,2573,1,3,35,39,1.1282051282051282,0.06550424345215436,588,He thinks he still plays football.
3490,2573,0,5,34,39,1.1282051282051282,0.054233552759541476,588,"No, he doesn't ring any bells!"
3538,2573,1,3,35,39,1.1282051282051282,0.06550424345215436,588,"He keeps shouting ""sanctuary,"" but we aren't a sanctuary city."
3548,2573,1,3,35,39,1.1282051282051282,0.06550424345215436,588,"I'll take Notre Dame +3. I dunno, just a hunch."
3580,2573,1,3,35,39,1.1282051282051282,0.06550424345215436,588,"...no, I haven’t met any cute neighbours yet."
3589,2573,1,3,35,39,1.1282051282051282,0.06550424345215436,588,"""Hello Moto"" really confused him until I changed my ringtone."
3606,2573,1,3,35,39,1.1282051282051282,0.06550424345215436,588,My imp is threatening to jump again .
3616,2573,0,5,34,39,1.1282051282051282,0.054233552759541476,588,As if getting to the top is not enough. Danny wants to do it in style!
3636,2573,0,5,34,39,1.1282051282051282,0.054233552759541476,588,"Yes, he does bear a striking resemblance to Steve Bannon........minus the hunch of course."
3646,2573,0,5,34,39,1.1282051282051282,0.054233552759541476,588,"It's just a hunch, but I think he's back."
3651,2573,0,5,34,39,1.1282051282051282,0.054233552759541476,588,"The ringtone, the ringtone, the ringtone!"
3658,2573,0,5,34,39,1.1282051282051282,0.054233552759541476,588,"No we haven’t met, but his texts are so sweet."
3400,2573,0,5,34,39,1.1282051282051282,0.054233552759541476,588,Funny you should mention Lon Chaney.
2019,2573,1,3,35,39,1.1282051282051282,0.06550424345215436,588,"Mommy! Mommy! Why am I running in circles?” “Shut up, or I’ll nail your other foot to the floor."
1849,2573,0,5,34,39,1.1282051282051282,0.054233552759541476,588,"Seriously Esmeralda, I would call him. He looks like he might do something drastic."
1992,2573,2,1,36,39,1.1282051282051282,0.07510215426707977,588,"Just my luck, I got a hunchback peeping Tom."
429,2573,1,3,35,39,1.1282051282051282,0.06550424345215436,588,By any chance is your name Esmeralda?
455,2573,0,5,34,39,1.1282051282051282,0.054233552759541476,588,"Yeah, the babysitting job is going well."
480,2573,0,5,34,39,1.1282051282051282,0.054233552759541476,588,"Yes, mom. I know I'm never home and I know that a healthy plant needs to be spoken to regularly. I believe I've got that covered."
502,2573,1,3,35,39,1.1282051282051282,0.06550424345215436,588,Hunchback of the Upper West Side
508,2573,0,5,34,39,1.1282051282051282,0.054233552759541476,588,"Stop calling me, you know I can't answer."
529,2573,0,5,34,39,1.1282051282051282,0.054233552759541476,588,I'll ask him.
553,2573,0,5,34,39,1.1282051282051282,0.054233552759541476,588,"He says he's just a gargoyle, but I'm not buying it."
557,2573,0,5,34,39,1.1282051282051282,0.054233552759541476,588,"Esmeralda, is that you?"
625,2573,0,5,34,39,1.1282051282051282,0.054233552759541476,588,"Hold on, someone just found my sanctuary."
642,2573,1,3,35,39,1.1282051282051282,0.06550424345215436,588,Someone needs to tell Don Jr. that I don't need my plumbing fixed.
647,2573,0,5,34,39,1.1282051282051282,0.054233552759541476,588,"Well, he's a dead ringer for the hunchback of Norte Dame."
649,2573,0,5,34,39,1.1282051282051282,0.054233552759541476,588,Atleast he's not in the shower this time.
666,2573,0,5,34,39,1.1282051282051282,0.054233552759541476,588,"GARGOYLE, mother, I said I am falling in love with a GARGOYLE!"
674,2573,0,5,34,39,1.1282051282051282,0.054233552759541476,588,"Listen Liz I'll call you back, I've got a peeping ""gnome""."
677,2573,1,3,35,39,1.1282051282051282,0.06550424345215436,588,"No, he only watches my plant. I'm going to need you to water it."
686,2573,1,3,35,39,1.1282051282051282,0.06550424345215436,588,I’m not sure if I’m seeing things but I see a blob in front of me.
689,2573,0,5,34,39,1.1282051282051282,0.054233552759541476,588,It's no biggie...he's just a quasi-stalker.
717,2573,0,5,34,39,1.1282051282051282,0.054233552759541476,588,"Thanks, this is my sanctuary."
736,2573,2,1,36,39,1.1282051282051282,0.07510215426707977,588,My steeple? No cross. No angel.......
739,2573,1,3,35,39,1.1282051282051282,0.06550424345215436,588,"Yeah, he keeps calling me 'Esmerelda.' Is that weird or what? I feel like I should throw him a cracker or something. I mean, how many gargoyles can talk? So anyway, what I told Wayne about Shirley was..."
743,2573,1,3,35,39,1.1282051282051282,0.06550424345215436,588,"I'm not sure where our son is, but I have a hunch."
753,2573,0,5,34,39,1.1282051282051282,0.054233552759541476,588,I get it; parkour.
811,2573,1,3,35,39,1.1282051282051282,0.06550424345215436,588,"It's a studio unit, nice airy feeling, with a view . . . and it just went coop. Call me!"
829,2573,0,5,34,39,1.1282051282051282,0.054233552759541476,588,"There's a guy out here who says he's from 2048, via 1482."
831,2573,2,1,36,39,1.1282051282051282,0.07510215426707977,588,So my new boyfriend isn’t quasi-anything. He’s the real thing!
852,2573,0,5,34,39,1.1282051282051282,0.054233552759541476,588,"Yeah, he's still there. He acts like he thinks its not over between us, but he's got a hunch."
857,2573,0,5,34,39,1.1282051282051282,0.054233552759541476,588,I have a hunch that I'm being watched.
859,2573,1,3,35,39,1.1282051282051282,0.06550424345215436,588,Weird Neighbors
866,2573,0,5,34,39,1.1282051282051282,0.054233552759541476,588,Are we hosting Notre Dame in this week's game by any chance?
421,2573,0,5,34,39,1.1282051282051282,0.054233552759541476,588,"No, I said 'it's a peeping Quasimodo,' Tom."
884,2573,1,3,35,39,1.1282051282051282,0.06550424345215436,588,"Hello, Victor. Hugo is peering at me again."
414,2573,0,5,34,39,1.1282051282051282,0.054233552759541476,588,I know this may seem a bit awkward but I'm really not stalking you!
401,2573,1,3,35,39,1.1282051282051282,0.06550424345215436,588,"Yes, I'm watering it now. Uh, okay. hold on... Hey, mister, Esmeralda says hi."
22,2573,0,5,34,39,1.1282051282051282,0.054233552759541476,588,"The view isn't great, but the rent is low."
28,2573,1,3,35,39,1.1282051282051282,0.06550424345215436,588,"Igor, it's for you."
32,2573,1,3,35,39,1.1282051282051282,0.06550424345215436,588,Remember I said I'd a hunch he'd be back?
46,2573,0,5,34,39,1.1282051282051282,0.054233552759541476,588,We're going away so I hired a house plant sitter.
69,2573,1,3,35,39,1.1282051282051282,0.06550424345215436,588,I can't believe that creep sent you a friend request. What a stalker!
73,2573,0,5,34,39,1.1282051282051282,0.054233552759541476,588,Actually I do have someone in my life right now
93,2573,1,3,35,39,1.1282051282051282,0.06550424345215436,588,Would you have some bird seed?
105,2573,0,5,34,39,1.1282051282051282,0.054233552759541476,588,"You draw water, I draw crowds!"
114,2573,2,1,36,39,1.1282051282051282,0.07510215426707977,588,"Oh, #102 5th Ave, not #100. Well, at least I got the 32nd floor right."
146,2573,0,5,34,39,1.1282051282051282,0.054233552759541476,588,"Somebody is ready for a ""leap of faith""!"
169,2573,1,3,35,39,1.1282051282051282,0.06550424345215436,588,"No, David, I asked if you would climb any mountain, not climb any steeple."
170,2573,1,3,35,39,1.1282051282051282,0.06550424345215436,588,The church still hasn't installed a bathroom.
173,2573,0,5,34,39,1.1282051282051282,0.054233552759541476,588,He begs for water every morning. It's adorable.
175,2573,1,3,35,39,1.1282051282051282,0.06550424345215436,588,He brought the wrong pizza.
187,2573,1,3,35,39,1.1282051282051282,0.06550424345215436,588,"Anyway Sarah I gotta go, my Super Squats trainer is here."
196,2573,0,5,34,39,1.1282051282051282,0.054233552759541476,588,I'd say I am in a quasi relationship
200,2573,0,5,34,39,1.1282051282051282,0.054233552759541476,588,"He's the boy next door, but he's not MY boy next door."
207,2573,1,3,35,39,1.1282051282051282,0.06550424345215436,588,"On second thought, I'll call you back."
209,2573,1,3,35,39,1.1282051282051282,0.06550424345215436,588,I had a hunch he'd come back from Trump Tower
213,2573,1,3,35,39,1.1282051282051282,0.06550424345215436,588,I think I'm going to have to change my Notre Dame ring tone on my phone.
223,2573,0,5,34,39,1.1282051282051282,0.054233552759541476,588,Your name rings a bell ... who did you say you're with again?
238,2573,0,5,34,39,1.1282051282051282,0.054233552759541476,588,I found him on TaskRabbit.
239,2573,0,5,34,39,1.1282051282051282,0.054233552759541476,588,Hang on a sec. My quasi-boyfriend wants to ask me something.
260,2573,1,3,35,39,1.1282051282051282,0.06550424345215436,588,"Well, he keeps saying ""Sanctuary"" and pointing at my plant."
301,2573,0,5,34,39,1.1282051282051282,0.054233552759541476,588,Well if you’re leaning prewar I may have something coming available soon.
323,2573,0,5,34,39,1.1282051282051282,0.054233552759541476,588,"He's fixated on my Esmeralda plant, Julie."
349,2573,1,3,35,39,1.1282051282051282,0.06550424345215436,588,"The belles, the belles."
368,2573,0,5,34,39,1.1282051282051282,0.054233552759541476,588,"Hello police, There's a man staring at me and I have a hunch he's up to no good!"
385,2573,0,5,34,39,1.1282051282051282,0.054233552759541476,588,Why do some men think this is romantic?
407,2573,0,5,34,39,1.1282051282051282,0.054233552759541476,588,Remember when mom said she had a hunch about this apartment?
891,2573,2,1,36,39,1.1282051282051282,0.07510215426707977,588,"He keeps coming up here when my ringtone says, ""Hello Moto."""
645,2573,1,3,35,39,1.1282051282051282,0.06550424345215436,588,"Sherry, I'm going to have to call you back. The higher power is staring at me again..."
931,2573,1,3,35,39,1.1282051282051282,0.06550424345215436,588,"No, I specifically requested the halfback who plays for Notre Dame."
1409,2573,0,5,34,39,1.1282051282051282,0.054233552759541476,588,Marco....!
1415,2573,1,3,35,39,1.1282051282051282,0.06550424345215436,588,"No, so far it's only a Quasi-Modo."
1473,2573,0,5,34,39,1.1282051282051282,0.054233552759541476,588,Hello police! There's some nut in a holloween costume stalking me!
1527,2573,0,5,34,39,1.1282051282051282,0.054233552759541476,588,"I have to go now, Jim’s home."
1529,2573,0,5,34,39,1.1282051282051282,0.054233552759541476,588,Got rid of the beetle eating my plants but now there's a parish beadle without his pants.
1572,2573,2,1,36,39,1.1282051282051282,0.07510215426707977,588,Do you know if it's Wednesday yet?
1598,2573,0,5,34,39,1.1282051282051282,0.054233552759541476,588,I've got a guy who watches the place when we're away.
1610,2573,1,3,35,39,1.1282051282051282,0.06550424345215436,588,I've got to hang up—someone needs to use my bathroom.
1614,2573,0,5,34,39,1.1282051282051282,0.054233552759541476,588,He's ringing like 24/7.
1625,2573,1,3,35,39,1.1282051282051282,0.06550424345215436,588,"Seriously, you reporters would do anything for a buck."
1627,2573,2,1,36,39,1.1282051282051282,0.07510215426707977,588,I said I had other plans....but he did stick the landing
1647,2573,2,1,36,39,1.1282051282051282,0.07510215426707977,588,"Yeah, Airbnb listed this place as a 'sanctuary.'"
1664,2573,0,5,34,39,1.1282051282051282,0.054233552759541476,588,I have a hunch.
1673,2573,1,3,35,39,1.1282051282051282,0.06550424345215436,588,"Front desk? Hi, it's Esmeralda in 12C. The peeper's back."
1393,2573,0,5,34,39,1.1282051282051282,0.054233552759541476,588,"Errrrr, Esmerelda? I think I've got myself into a spot of bother.....could you call 911?"
1675,2573,0,5,34,39,1.1282051282051282,0.054233552759541476,588,"I'd like to report a peeping hunchback, please."
1717,2573,0,5,34,39,1.1282051282051282,0.054233552759541476,588,"Hang on, Peeping Quasimodo is back"
1735,2573,1,3,35,39,1.1282051282051282,0.06550424345215436,588,"Esmeralda, listen, I have special manure!"
1758,2573,0,5,34,39,1.1282051282051282,0.054233552759541476,588,Ryan seems to think the belfry career impresses me.
905,2573,0,5,34,39,1.1282051282051282,0.054233552759541476,588,"Yeah, well, looks aren't everything and he puts me on a pedestal..."
1781,2573,1,3,35,39,1.1282051282051282,0.06550424345215436,588,Yes Mr. President. I will try to convince him to stand. Notre Dame is his French Lieu of sanctuary after all.
1803,2573,1,3,35,39,1.1282051282051282,0.06550424345215436,588,"It's some creepy neighborhood kid. Harvey, I think. Or, Donald, maybe?"
2011,2573,0,5,34,39,1.1282051282051282,0.054233552759541476,588,It's a monument to quasi-architecture.
1852,2573,0,5,34,39,1.1282051282051282,0.054233552759541476,588,"He keeps saying, 'She gave me water.'"
1855,2573,0,5,34,39,1.1282051282051282,0.054233552759541476,588,He's adorably creepy and better than the plastic owl!
1864,2573,2,1,36,39,1.1282051282051282,0.07510215426707977,588,Call your hunch back. He misses you.
1868,2573,0,5,34,39,1.1282051282051282,0.054233552759541476,588,The Halloween pop-up is next door.
1884,2573,0,5,34,39,1.1282051282051282,0.054233552759541476,588,It feels like the whole world is waiting for him to land nut first.
1914,2573,1,3,35,39,1.1282051282051282,0.06550424345215436,588,"911, I want to report another steeple-assisted suicide try."
1972,2573,0,5,34,39,1.1282051282051282,0.054233552759541476,588,"Same old, same old...nothing exciting on this front."
1682,2573,0,5,34,39,1.1282051282051282,0.054233552759541476,588,No balcony. He lives in one of the older buildings.
1392,2573,1,3,35,39,1.1282051282051282,0.06550424345215436,588,It was probably a matter of time before 'dangerous succulent watching' became a thing.
1764,2573,0,5,34,39,1.1282051282051282,0.054233552759541476,588,"Come on Quasi, it's not like you didn't see it coming."
1375,2573,0,5,34,39,1.1282051282051282,0.054233552759541476,588,The new gargoyles seem so life-like.
1387,2573,0,5,34,39,1.1282051282051282,0.054233552759541476,588,"Yes, I did say I wanted to study humpbacks, but as in whales!"
972,2573,0,5,34,39,1.1282051282051282,0.054233552759541476,588,"""I always water my plants on Hump Day""."
980,2573,1,3,35,39,1.1282051282051282,0.06550424345215436,588,You were right. I did need glasses.
985,2573,0,5,34,39,1.1282051282051282,0.054233552759541476,588,I have no hunch why he’s there
986,2573,0,5,34,39,1.1282051282051282,0.054233552759541476,588,A little to the left
987,2573,0,5,34,39,1.1282051282051282,0.054233552759541476,588,"That's right, we've casted Quasimodo as the next Spiderman."
1061,2573,0,5,34,39,1.1282051282051282,0.054233552759541476,588,Fern whom the bell tolls.
1075,2573,2,1,36,39,1.1282051282051282,0.07510215426707977,588,He says it's just lunch.
1076,2573,1,3,35,39,1.1282051282051282,0.06550424345215436,588,"No, I was looking for someone with a good BANK balance..."
1082,2573,0,5,34,39,1.1282051282051282,0.054233552759541476,588,That damn humpback is STILL stalking me - help!
1089,2573,0,5,34,39,1.1282051282051282,0.054233552759541476,588,"I'm just calling in in, OK? He looks set to do a doody on the people below any second now!"
1164,2573,1,3,35,39,1.1282051282051282,0.06550424345215436,588,"I know, 'love is like a tree.' But he's really into this houseplant."
1167,2573,0,5,34,39,1.1282051282051282,0.054233552759541476,588,It's like he's too emotionally available or something.
1179,2573,1,3,35,39,1.1282051282051282,0.06550424345215436,588,My phone model? Quasi-Moto.
1185,2573,1,3,35,39,1.1282051282051282,0.06550424345215436,588,I’m calling to cancel my cable subscription
1051,2573,1,3,35,39,1.1282051282051282,0.06550424345215436,588,That guy who maintains the place across the street looks quasi-familiar.
1228,2573,1,3,35,39,1.1282051282051282,0.06550424345215436,588,"Wait, hold on, Deb. Trump-goyle dropped his wig & his phone."
1359,2573,1,3,35,39,1.1282051282051282,0.06550424345215436,588,"""But Esmerelda, it's not safe for you outside the Cathedral, although, I must admit, you do get a splendid sense of isolation up here."
1224,2573,1,3,35,39,1.1282051282051282,0.06550424345215436,588,"I don't know why I think of the balcony as my sanctuary, but I do."
1351,2573,0,5,34,39,1.1282051282051282,0.054233552759541476,588,"Let's just say I now HATE that ""Hello 'Moto"" commercial."
1350,2573,0,5,34,39,1.1282051282051282,0.054233552759541476,588,"Yeah, he's French, kinda cute, a musician and available."
1330,2573,0,5,34,39,1.1282051282051282,0.054233552759541476,588,There may be some lingering resentment.
1327,2573,1,3,35,39,1.1282051282051282,0.06550424345215436,588,"I know, but can't he keep his religious views to himself?"
1336,2573,1,3,35,39,1.1282051282051282,0.06550424345215436,588,"...one brown eye, hunched back, and no pants....no idea how tall he is..."
1315,2573,0,5,34,39,1.1282051282051282,0.054233552759541476,588,"I suppose your bell ringer might just be dehydrated, Father, but it's creepy just the same"
1312,2573,2,1,36,39,1.1282051282051282,0.07510215426707977,588,My neighbor thinks I over water my plants.
1311,2573,0,5,34,39,1.1282051282051282,0.054233552759541476,588,Can you spare a small glass of water?
1251,2573,0,5,34,39,1.1282051282051282,0.054233552759541476,588,"If that was your new ringtone, Relda, it's absolutely through the roof."
1237,2573,0,5,34,39,1.1282051282051282,0.054233552759541476,588,"This is weird, he know my name is Rapunzel"
1316,2573,2,1,36,39,1.1282051282051282,0.07510215426707977,588,Really? What a coincidence. Me too!
3277,2839,2,1,37,40,1.125,0.07327066086497203,588,"He's not that cute -- but his Tinder name is totes amazeballs. Have you ever heard ""Quasimodo"" before in your entire life?"
2925,2839,1,3,36,40,1.125,0.06392603899459486,588,"Plants are fine but, tell me, who’s your cute yogi neighbor?"
3283,2839,1,3,36,40,1.125,0.06392603899459486,588,"He's out of the bell tower again, and needs some help."
3139,2839,0,5,35,40,1.125,0.05295740910852021,588,I could have sworn that you said “quarter” back...
3090,2839,0,5,35,40,1.125,0.05295740910852021,588,I've got to go; I'm expecting someone to drop in at any moment.
3034,2839,0,5,35,40,1.125,0.05295740910852021,588,"Hey Clara, I have to go, yeah..my date's here."
3021,2839,1,3,36,40,1.125,0.06392603899459486,588,I want a guy who really rings my bell.
3015,2839,1,3,36,40,1.125,0.06392603899459486,588,"No, I said, ""Peeping Hunchback of the Bell Tower Next Door."""
2906,2839,1,3,36,40,1.125,0.06392603899459486,588,I'm quasi-busy tonight.
2721,2839,1,3,36,40,1.125,0.06392603899459486,588,"Hold on, the hunchback of the neighborhood is about jump madam."
2833,2839,2,1,37,40,1.125,0.07327066086497203,588,The Bell Tower Boy's taking another bathroom break.
2822,2839,0,5,35,40,1.125,0.05295740910852021,588,It's a Hollywood gargoyle.
2772,2839,1,3,36,40,1.125,0.06392603899459486,588,He wants to know if there's an open spot in our Pilates class this afternoon.
2762,2839,0,5,35,40,1.125,0.05295740910852021,588,When you try to do the impossible.
2602,2839,0,5,35,40,1.125,0.05295740910852021,588,I have a hunch. I think you can jump this far . . . and then you can ring MY bell.
2376,2839,2,1,37,40,1.125,0.07327066086497203,588,He just crapped on the roof.
2357,2839,2,1,37,40,1.125,0.07327066086497203,588,"If this creep comes any closer, he's dead."
3345,2839,1,3,36,40,1.125,0.06392603899459486,588,"I'm not sure I should trust that ""boy next door"" thing."
2338,2839,0,5,35,40,1.125,0.05295740910852021,588,Can you call 911 to help me down from here?
2889,2839,1,3,36,40,1.125,0.06392603899459486,588,"Oh, hi Vic. Esmeralda here. I’ve got two tickets to the Notre Dame game. Wanna go?"
3360,2839,0,5,35,40,1.125,0.05295740910852021,588,"Yes, yet another gargoyle..."
4030,2839,0,5,35,40,1.125,0.05295740910852021,588,The large balcony is a bonus. Few buildings have the luxury of a usable outdoor space.
3399,2839,0,5,35,40,1.125,0.05295740910852021,588,"Yeah, the rent is low...but the view is boring."
2311,2839,0,5,35,40,1.125,0.05295740910852021,588,"Yes, to day he made it to the top"
4228,2839,1,3,36,40,1.125,0.06392603899459486,588,There's this Middle Age creep who's eyeing me. I guess he knows I'm Middle Age too.
4161,2839,1,3,36,40,1.125,0.06392603899459486,588,"Spire, Aspire, Expire spire, aspire, expire Spire, Aspire, Expire"
4100,2839,1,3,36,40,1.125,0.06392603899459486,588,"I think his name starts with ""Q"""
4099,2839,1,3,36,40,1.125,0.06392603899459486,588,I think this hunchback I'm looking at rings a bell.
4098,2839,1,3,36,40,1.125,0.06392603899459486,588,"Remind me how the movie ""hunchback of noted dame"" ended"
4072,2839,1,3,36,40,1.125,0.06392603899459486,588,"Well, Ancestry.com says I'm 1.7% Gypsy. Why?"
4021,2839,0,5,35,40,1.125,0.05295740910852021,588,I suppose he has a certain quasi-Gothic appeal.
3986,2839,1,3,36,40,1.125,0.06392603899459486,588,"I know he's harmless, but he really creeps me out."
3380,2839,1,3,36,40,1.125,0.06392603899459486,588,I don't even notice the hunch anymore.
3972,2839,1,3,36,40,1.125,0.06392603899459486,588,I've been trying to ring you all morning.
3813,2839,0,5,35,40,1.125,0.05295740910852021,588,Did I tell you about the new acid yoga place downstairs? It's amazing.
3689,2839,0,5,35,40,1.125,0.05295740910852021,588,They call me The Pervert of Notre-Dame.
3664,2839,0,5,35,40,1.125,0.05295740910852021,588,I doubt he has a girlfriend. Just a hunch.
3661,2839,1,3,36,40,1.125,0.06392603899459486,588,"Esmeralda, you're over watering it again."
3653,2839,1,3,36,40,1.125,0.06392603899459486,588,"Actually Mom, the new cell tower has only made the connection worse."
3564,2839,0,5,35,40,1.125,0.05295740910852021,588,"When I asked you to bring me a flower stalk, I didn’t mean a flower stalker."
3540,2839,0,5,35,40,1.125,0.05295740910852021,588,The son rises early on the Upper East Side
3418,2839,1,3,36,40,1.125,0.06392603899459486,588,There are some disadvantages to residential infill.
3406,2839,1,3,36,40,1.125,0.06392603899459486,588,It looks like the building next door has rooftop yoga.
3885,2839,0,5,35,40,1.125,0.05295740910852021,588,"He just keeps mumbling ""forgive us our trespasses"""
2268,2839,1,3,36,40,1.125,0.06392603899459486,588,He's looking at me again.
2718,2839,0,5,35,40,1.125,0.05295740910852021,588,You'll never guess what happens when I water my hostas.
2139,2839,0,5,35,40,1.125,0.05295740910852021,588,Why do I keep thinking about Quasimodo? I haven't read that in years.
896,2839,1,3,36,40,1.125,0.06392603899459486,588,"Hello, HouseHunters? This wasn't what I meant by 'Parisian Charm'."
795,2839,0,5,35,40,1.125,0.05295740910852021,588,Swipe left? Swipe right? Do sensitive eyes really count?
735,2839,1,3,36,40,1.125,0.06392603899459486,588,"I'm just saying, add a wig and it could be him. Nobody else sits like that."
660,2839,1,3,36,40,1.125,0.06392603899459486,588,"Yes, he rings a bell."
637,2839,1,3,36,40,1.125,0.06392603899459486,588,The cathedral itself was a nice touch to Tribeca although the view's a little Disney for me
519,2839,0,5,35,40,1.125,0.05295740910852021,588,"Can you hear me now? I said ""This is stalking, with bells on"""
512,2839,0,5,35,40,1.125,0.05295740910852021,588,It’s just a medium hunchback. How is yours?
511,2839,0,5,35,40,1.125,0.05295740910852021,588,I think the tenant association would be fine with letting him stay there if he wasn't constantly screaming at all hours for someone named Esmeralda.
992,2839,0,5,35,40,1.125,0.05295740910852021,588,Those were dark days when humans drove cars.
495,2839,0,5,35,40,1.125,0.05295740910852021,588,"No Mom, I did not ask him over."
408,2839,1,3,36,40,1.125,0.06392603899459486,588,"Alice, you told me that our place to see the sunrise and sunset was attached to the flower garden!"
406,2839,0,5,35,40,1.125,0.05295740910852021,588,hey give me a sec... Quasi is stalking me again..
392,2839,1,3,36,40,1.125,0.06392603899459486,588,"Don't mind me, Ma'am. I am just your friendly neighborhood homeless man."
265,2839,1,3,36,40,1.125,0.06392603899459486,588,The Hunchback of Boca Raton
236,2839,0,5,35,40,1.125,0.05295740910852021,588,I have a hunch you don't like me.
220,2839,0,5,35,40,1.125,0.05295740910852021,588,There's no bathroom in the bell tower.
174,2839,0,5,35,40,1.125,0.05295740910852021,588,I guess I misunderstood what they meant by cathedral ceilings.
59,2839,2,1,37,40,1.125,0.07327066086497203,588,Sarah thought her boyfriend was too clingy...
439,2839,0,5,35,40,1.125,0.05295740910852021,588,"I don't know if he's a real threat or not. He just keeps leering at me and yelling, 'Sanctuary! Sanctuary!'"
1005,2839,1,3,36,40,1.125,0.06392603899459486,588,I told him he wasn't on my level.
781,2839,1,3,36,40,1.125,0.06392603899459486,588,Q! You want whipped creme on that Bellringer Latte.
1175,2839,0,5,35,40,1.125,0.05295740910852021,588,It's a Quasi-Motorola.
2037,2839,0,5,35,40,1.125,0.05295740910852021,588,These city pigeons seem to get bigger and bigger
2032,2839,0,5,35,40,1.125,0.05295740910852021,588,"I'm telling you, he's European and very athletic. Just wait till he shows you his music studio."
1922,2839,2,1,37,40,1.125,0.07327066086497203,588,I want my wake-up call to be moved up an hour.
1903,2839,1,3,36,40,1.125,0.06392603899459486,588,What I love about this place is the privacy.
1822,2839,0,5,35,40,1.125,0.05295740910852021,588,Quasimodo considers a degree in horticulture.
1114,2839,0,5,35,40,1.125,0.05295740910852021,588,The view? Sometimes the moon looks like it's right in front of me.
1771,2839,0,5,35,40,1.125,0.05295740910852021,588,The Hunchback of Trump Tower is back from the Cabinet Meeting.
1729,2839,0,5,35,40,1.125,0.05295740910852021,588,His face definitely rings a bell...
1703,2839,1,3,36,40,1.125,0.06392603899459486,588,"Snapchat THIS, Quasi!"
1665,2839,0,5,35,40,1.125,0.05295740910852021,588,"Historic or not, I have a hunch you're not going to like the view."
2201,2839,0,5,35,40,1.125,0.05295740910852021,588,"Hold on, the bellhop has a message for me..."
1567,2839,0,5,35,40,1.125,0.05295740910852021,588,I'm not asking him where he buys his tights!
1563,2839,0,5,35,40,1.125,0.05295740910852021,588,"Hey girl, you look Notre-DAMN fine,"
1438,2839,0,5,35,40,1.125,0.05295740910852021,588,Mouse!
1418,2839,0,5,35,40,1.125,0.05295740910852021,588,Yep he is here again...
1416,2839,2,1,37,40,1.125,0.07327066086497203,588,"...and those those social-climbing outsiders? For the birds, I tell you!"
1365,2839,0,5,35,40,1.125,0.05295740910852021,588,Monsignor? I'd like to order a better gargoyle.
1301,2839,0,5,35,40,1.125,0.05295740910852021,588,Will you go out with me?
1279,2839,1,3,36,40,1.125,0.06392603899459486,588,I don't know if he's on Facebook.
1656,2839,1,3,36,40,1.125,0.06392603899459486,588,Do you mind?
2138,2928,0,5,36,41,1.1219512195121952,0.051739520574625435,588,"Girl, I’m so ready to settle down that I’m beyond looks."
2197,2928,1,3,37,41,1.1219512195121952,0.06242187264424257,588,Hello father?... your new verger was just arrived by drone.
2561,2928,1,3,37,41,1.1219512195121952,0.06242187264424257,588,You won’t believe who’s stalking me again. Yes! Harvey Weinstein’s making his bio-pic.
2605,2928,0,5,36,41,1.1219512195121952,0.051739520574625435,588,"Quazimoto, dear, please swing by the store and pickup some milk for dinner!"
3922,2928,0,5,36,41,1.1219512195121952,0.051739520574625435,588,"Hello, Acme Seed Company, maybe I've been overwatering, but, um, there seems to be a big problem with my order of magic beans."
3491,2928,0,5,36,41,1.1219512195121952,0.051739520574625435,588,Save some for me.
3623,2928,0,5,36,41,1.1219512195121952,0.051739520574625435,588,Hey! I'm walking' here.
3831,2928,0,5,36,41,1.1219512195121952,0.051739520574625435,588,"All I know is that if he doesn't stop peeping into my apartment, I'm gonna ring his bell."
2119,2928,1,3,37,41,1.1219512195121952,0.06242187264424257,588,I'd call the Time Police but then they might wonder how I knew their number.
2964,2928,1,3,37,41,1.1219512195121952,0.06242187264424257,588,I'm preparing a salad for a guest. You?
1970,2928,0,5,36,41,1.1219512195121952,0.051739520574625435,588,I hear bells ring and thought it was my cell phone.
3503,2928,1,3,37,41,1.1219512195121952,0.06242187264424257,588,"There are rooftops, then there are rooftops."
1844,2928,0,5,36,41,1.1219512195121952,0.051739520574625435,588,Gotta go. The boyfriend wants to chill and Netflix.
1277,2928,0,5,36,41,1.1219512195121952,0.051739520574625435,588,"Oh, it must be wednesday !"
989,2928,0,5,36,41,1.1219512195121952,0.051739520574625435,588,"Hold on, my nosy neighbour needs sanctuary again."
875,2928,1,3,37,41,1.1219512195121952,0.06242187264424257,588,"Yeah, I don’t think he knows what ‘social climbing’ means."
868,2928,1,3,37,41,1.1219512195121952,0.06242187264424257,588,"Yes Mom, I am seeing someone right now"
198,2928,2,1,38,41,1.1219512195121952,0.07152623560300088,588,"Yeah, but you know I have a thing for creepy stalkers."
152,2928,0,5,36,41,1.1219512195121952,0.051739520574625435,588,I want a man who'll go to the ends of the earth for me.
1874,2928,0,5,36,41,1.1219512195121952,0.051739520574625435,588,How far away is Florida as the crow flies? Some guy is asking me for directions.
2808,2948,0,4,32,36,1.1111111111111112,0.05312127152597306,588,Why are you calling me when you know I don't have my cell phone?
2765,2948,1,2,33,36,1.1111111111111112,0.06640158940746632,588,I had a hunch the view wasn't all it was cracked up to be.
2761,2948,1,2,33,36,1.1111111111111112,0.06640158940746632,588,"No, it's their Half back."
2758,2948,0,4,32,36,1.1111111111111112,0.05312127152597306,588,"You can have your hunch back, I have my own."
2755,2948,0,4,32,36,1.1111111111111112,0.05312127152597306,588,I feel I have really good insights into the Trump base.
2716,2948,0,4,32,36,1.1111111111111112,0.05312127152597306,588,"If you insist, you might as well fertilize my plant...."
2738,2948,1,2,33,36,1.1111111111111112,0.06640158940746632,588,"Hey, Esmerelda, there is a guy here who says he knows you!"
2733,2948,1,2,33,36,1.1111111111111112,0.06640158940746632,588,.... a cup of sugar?
2839,2948,0,4,32,36,1.1111111111111112,0.05312127152597306,588,The Hunchback of Peeping Tom
2693,2948,1,2,33,36,1.1111111111111112,0.06640158940746632,588,"All he told me on the phone was ""Essie, it has a quasi-perfect view of a church ... a ringer for Notre Dam""."
2646,2948,1,2,33,36,1.1111111111111112,0.06640158940746632,588,The Hunchback of Peeping Tom
2745,2948,0,4,32,36,1.1111111111111112,0.05312127152597306,588,"'Yeah, he's small, but doesn't look particularly French.'"
2874,2948,0,4,32,36,1.1111111111111112,0.05312127152597306,588,He wants to borrow a wok so that he can iron his tunic.
2938,2948,0,4,32,36,1.1111111111111112,0.05312127152597306,588,There's this guy playing leap-frog on the bell tower.
2912,2948,0,4,32,36,1.1111111111111112,0.05312127152597306,588,This vine grows to 50 feet in a couple of months so hang on until you can swing over here.
2934,2948,1,2,33,36,1.1111111111111112,0.06640158940746632,588,I'm being stalked by my ex-boyfriend. Guy with a hump. Ring any bells?
2187,2948,0,4,32,36,1.1111111111111112,0.05312127152597306,588,"I get that we live in a sanctuary city, but does he literally have to shout it from the roof top?"
2959,2948,1,2,33,36,1.1111111111111112,0.06640158940746632,588,"If it takes forever, I will wait for you."
2978,2948,0,4,32,36,1.1111111111111112,0.05312127152597306,588,I have friends in high places...
2991,2948,1,2,33,36,1.1111111111111112,0.06640158940746632,588,I dunno but his face rings a bell.
2999,2948,0,4,32,36,1.1111111111111112,0.05312127152597306,588,"well, his face doesn't ring any bells for me {for Sarah}"
3002,2948,1,2,33,36,1.1111111111111112,0.06640158940746632,588,"Well, Nancy, as Popeye would say, he looks a lot more ""gar"" than ""goyle"""
3023,2948,1,2,33,36,1.1111111111111112,0.06640158940746632,588,"Siri!"" ""What is Google Ogre watching me for?"
3025,2948,1,2,33,36,1.1111111111111112,0.06640158940746632,588,Did you remember to add fertilizer?
3046,2948,0,4,32,36,1.1111111111111112,0.05312127152597306,588,I'm parched up here.
3047,2948,0,4,32,36,1.1111111111111112,0.05312127152597306,588,I can only be with a man who can rise above traditional religion.
3082,2948,0,4,32,36,1.1111111111111112,0.05312127152597306,588,I've long wished I had a little spot to grow something.
3097,2948,1,2,33,36,1.1111111111111112,0.06640158940746632,588,He says he's a pigeon.
2908,2948,0,4,32,36,1.1111111111111112,0.05312127152597306,588,"...not too much, just watching parkour."
2627,2948,0,4,32,36,1.1111111111111112,0.05312127152597306,588,He's a musician and into heavy metal.
2591,2948,0,4,32,36,1.1111111111111112,0.05312127152597306,588,I need to hang up. My date is here.
2600,2948,0,4,32,36,1.1111111111111112,0.05312127152597306,588,"I'll tell you, honey, those new glass doors out to the terrace really live up to their name"
3112,2948,1,2,33,36,1.1111111111111112,0.06640158940746632,588,"..and speaking of our mother, you'll never guess who lives next door."
2248,2948,0,4,32,36,1.1111111111111112,0.05312127152597306,588,"Hold on, Quazimoto wants to say hi."
2237,2948,0,4,32,36,1.1111111111111112,0.05312127152597306,588,"Says he was at Notre Dame, sounds like he played in the backfield, but he doesn't look like a football type of guy."
2209,2948,0,4,32,36,1.1111111111111112,0.05312127152597306,588,Juliet come with me. This time the ending would be different. I promise.
2261,2948,1,2,33,36,1.1111111111111112,0.06640158940746632,588,"Old creepy guy, or Prince Charming? Just hop already."
2266,2948,1,2,33,36,1.1111111111111112,0.06640158940746632,588,Pants-less parkour is a very big thing here.
2299,2948,0,4,32,36,1.1111111111111112,0.05312127152597306,588,A gargoyle is taking a dump on the church steeple!
2304,2948,2,0,34,36,1.1111111111111112,0.07743689471524107,588,can i borrow your little brother's slingshot? the gargoyle is back again
2325,2948,0,4,32,36,1.1111111111111112,0.05312127152597306,588,Have you seen my back pack?
2326,2948,0,4,32,36,1.1111111111111112,0.05312127152597306,588,I knew what Pollock was all about but this is beyond words.
2347,2948,0,4,32,36,1.1111111111111112,0.05312127152597306,588,I come here to discuss the merger.
2351,2948,1,2,33,36,1.1111111111111112,0.06640158940746632,588,"""The strangest thing- my new neighbor wants me to pour molten metal on my potted plant and knock it off the ledge""."
2356,2948,0,4,32,36,1.1111111111111112,0.05312127152597306,588,"Finally, I'm starting to meet some neighbors."
2361,2948,0,4,32,36,1.1111111111111112,0.05312127152597306,588,"Phoebus, when you're done will you take my new profile pic."
2369,2948,1,2,33,36,1.1111111111111112,0.06640158940746632,588,They cut down the tree I usually watch you from...
2373,2948,0,4,32,36,1.1111111111111112,0.05312127152597306,588,Now will you marry me?
2389,2948,0,4,32,36,1.1111111111111112,0.05312127152597306,588,Yes he’s staring at me right now. I don’t know his name but his his face rings a bell.
2395,2948,1,2,33,36,1.1111111111111112,0.06640158940746632,588,"Oh, Hey Esme...no: same old, same old."
2419,2948,0,4,32,36,1.1111111111111112,0.05312127152597306,588,I meant the bell in the lobby.
2449,2948,0,4,32,36,1.1111111111111112,0.05312127152597306,588,These virtual reality ring tones are great!
2463,2948,1,2,33,36,1.1111111111111112,0.06640158940746632,588,"I asked him to start our taxes and now he won't stop screaming ""sanctuary!"""
2476,2948,1,2,33,36,1.1111111111111112,0.06640158940746632,588,Do you have a few moments for our Lord and Savior Jesus Christ?
2478,2948,0,4,32,36,1.1111111111111112,0.05312127152597306,588,He does surprisingly well on social media.
2510,2948,0,4,32,36,1.1111111111111112,0.05312127152597306,588,I have a hunch the Fighting Irish will win.
2528,2948,1,2,33,36,1.1111111111111112,0.06640158940746632,588,I love the quaint reminders of the old neighborhood.
2545,2948,0,4,32,36,1.1111111111111112,0.05312127152597306,588,I'm thirsty
2546,2948,0,4,32,36,1.1111111111111112,0.05312127152597306,588,"I'm not buying the ""came of age in a different culture"" excuse."
2577,2948,1,2,33,36,1.1111111111111112,0.06640158940746632,588,I GOT TIRED OF OF ADMIRING YOU FROM AFARWe
2598,2948,0,4,32,36,1.1111111111111112,0.05312127152597306,588,The hunchback Harry meets Sally.
2619,2948,0,4,32,36,1.1111111111111112,0.05312127152597306,588,He's a ringer for that guy you're looking for.
3115,2948,0,4,32,36,1.1111111111111112,0.05312127152597306,588,"No, i'm not worried. I've been told this is a sanctuary city."
3711,2948,0,4,32,36,1.1111111111111112,0.05312127152597306,588,"In many ways, the world is still in the dark ages."
3144,2948,0,4,32,36,1.1111111111111112,0.05312127152597306,588,"I know I'm attractive, Mom, but I just don't think he's all about ME."
3759,2948,1,2,33,36,1.1111111111111112,0.06640158940746632,588,"Mom, he's got a hunchback but, he really rings my bell."
3786,2948,0,4,32,36,1.1111111111111112,0.05312127152597306,588,The Hunchback's view of The Watering Dame
3787,2948,0,4,32,36,1.1111111111111112,0.05312127152597306,588,Think I've found a quarterback for the 'Fighting Irish'.
3788,2948,0,4,32,36,1.1111111111111112,0.05312127152597306,588,"Well, he's kinda cute...has great balance...I really think he would be perfect for Lisa."
3812,2948,1,2,33,36,1.1111111111111112,0.06640158940746632,588,"Hi, I'm Quasimodo. Will you be my friend? And maybe Like me on Facebook?"
3823,2948,0,4,32,36,1.1111111111111112,0.05312127152597306,588,I'm not sure; I think he's seeking a bathroom.
3832,2948,0,4,32,36,1.1111111111111112,0.05312127152597306,588,"Did the cathedral next get a new gargoyle, or what?"
3846,2948,0,4,32,36,1.1111111111111112,0.05312127152597306,588,I can't decide if he's auditioning for a date with me or Americas Got Talent.
3849,2948,0,4,32,36,1.1111111111111112,0.05312127152597306,588,I ordered a Notre Dame football player and look what they sent me.
3857,2948,0,4,32,36,1.1111111111111112,0.05312127152597306,588,"I don't know, another batty guy. He keeps saying, "" Essie, it's Quasi""."
3873,2948,1,2,33,36,1.1111111111111112,0.06640158940746632,588,I thought he was going to jump. Now I think he has to go potty!
3919,2948,0,4,32,36,1.1111111111111112,0.05312127152597306,588,Hello. The Vatican? I need to speak to the Pope.
3944,2948,0,4,32,36,1.1111111111111112,0.05312127152597306,588,"Beware Esmeralda, Madame Guillotine awaits you!"
3756,2948,1,2,33,36,1.1111111111111112,0.06640158940746632,588,"So, he said something like I should go watch this halfback for Notre Dame, and, like, whatever, I don't even like baseball."
3945,2948,1,2,33,36,1.1111111111111112,0.06640158940746632,588,"ready,set,grow!!!!"
4009,2948,0,4,32,36,1.1111111111111112,0.05312127152597306,588,I have a hunch its the guy from last night.
4073,2948,1,2,33,36,1.1111111111111112,0.06640158940746632,588,"It’s quasi creepy, but I think he’s harmless."
4097,2948,0,4,32,36,1.1111111111111112,0.05312127152597306,588,Yeah. And I have a hunch he'll be back in an hour.
4102,2948,1,2,33,36,1.1111111111111112,0.06640158940746632,588,He's looking at me again.
4156,2948,0,4,32,36,1.1111111111111112,0.05312127152597306,588,"You're gonna have to speak up, I can hardly hear you."
4170,2948,0,4,32,36,1.1111111111111112,0.05312127152597306,588,The wind must be from the north.
4176,2948,0,4,32,36,1.1111111111111112,0.05312127152597306,588,"Harvey, I'm calling the police."
4184,2948,1,2,33,36,1.1111111111111112,0.06640158940746632,588,I think the gargoyle on the church next door just yelled 'sanctuary'
4216,2948,0,4,32,36,1.1111111111111112,0.05312127152597306,588,I told him he could ring me later.
4262,2948,1,2,33,36,1.1111111111111112,0.06640158940746632,588,That guy I went out with is staring at me from the top of the bell tower - sweet or creepy?
4250,2948,2,0,34,36,1.1111111111111112,0.07743689471524107,588,"He's kinda funny looking, but he has a certain je ne sais quoi."
4238,2948,0,4,32,36,1.1111111111111112,0.05312127152597306,588,You want man or the money bag!
2176,2948,0,4,32,36,1.1111111111111112,0.05312127152597306,588,We see eye to eye on the matter.
3989,2948,0,4,32,36,1.1111111111111112,0.05312127152597306,588,"I told him Esmeralda moved back to Paris, but he won't listen!"
3754,2948,0,4,32,36,1.1111111111111112,0.05312127152597306,588,"Look, Helen is 37 and she seldom has anything to say anyway. Why should the deafness be a problem?"
3737,2948,1,2,33,36,1.1111111111111112,0.06640158940746632,588,"I'm ignoring him, so are we going sightseeing today."
4274,2948,1,2,33,36,1.1111111111111112,0.06640158940746632,588,"No, I don't think I'm next to Sainte-Chappelle..."
3183,2948,0,4,32,36,1.1111111111111112,0.05312127152597306,588,"Uh, I'll really have to call you back."
3186,2948,0,4,32,36,1.1111111111111112,0.05312127152597306,588,"Siri, what does it mean when Superman doesn't completely leap a tall building with a single bound?"
3213,2948,0,4,32,36,1.1111111111111112,0.05312127152597306,588,911? Yeah. The steeple peeper is back.
3266,2948,0,4,32,36,1.1111111111111112,0.05312127152597306,588,There is a strange guy next door who thinks I am Esmeralda.
3269,2948,0,4,32,36,1.1111111111111112,0.05312127152597306,588,"I told him polishing it with his feet wasn't the best idea, but he is still there."
3289,2948,1,2,33,36,1.1111111111111112,0.06640158940746632,588,Hang on. You're about to get your bell rung.
3302,2948,0,4,32,36,1.1111111111111112,0.05312127152597306,588,I had a hunch I’d be seeing you again.
3304,2948,1,2,33,36,1.1111111111111112,0.06640158940746632,588,This week on 'Creepy Priests' caught on tape.
3305,2948,1,2,33,36,1.1111111111111112,0.06640158940746632,588,Did you know the church conversion was a walk up?
3349,2948,0,4,32,36,1.1111111111111112,0.05312127152597306,588,"Ozie, you used the wrong door again."
3350,2948,0,4,32,36,1.1111111111111112,0.05312127152597306,588,Strange things started to happen after I installed this Esmeralda app on my phone.
3408,2948,1,2,33,36,1.1111111111111112,0.06640158940746632,588,“Your not gonna believe who’s checking on me again”.
3416,2948,0,4,32,36,1.1111111111111112,0.05312127152597306,588,"I knew John had gargoyle on his resume, but I never thought he'd get a job so close!"
3422,2948,0,4,32,36,1.1111111111111112,0.05312127152597306,588,Quick does falling water ALWAYS stimulate flow
3429,2948,0,4,32,36,1.1111111111111112,0.05312127152597306,588,It's working!
3433,2948,0,4,32,36,1.1111111111111112,0.05312127152597306,588,"No, really. Don't hang up...I am the football coach here and I am smarter than Chip."
3459,2948,1,2,33,36,1.1111111111111112,0.06640158940746632,588,Why do I want to sell the apartment? I just have a hunch that now is the right time
3460,2948,1,2,33,36,1.1111111111111112,0.06640158940746632,588,"If it's just the CO2, why does the plant only like it when he talks to it?"
3466,2948,1,2,33,36,1.1111111111111112,0.06640158940746632,588,"Well, he's not Weinstein-bothering me. He's quasi-bothering me."
3487,2948,1,2,33,36,1.1111111111111112,0.06640158940746632,588,My broker couldn’t even get me roof access.
3508,2948,1,2,33,36,1.1111111111111112,0.06640158940746632,588,It's an old model Quasimodorola phone but I still love the ringtone.
3515,2948,0,4,32,36,1.1111111111111112,0.05312127152597306,588,"Not much, just another Esmeralda night."
3523,2948,0,4,32,36,1.1111111111111112,0.05312127152597306,588,"He´s not being a dick, he´s being a cock - whaddyamean, that´s not funny?"
3576,2948,0,4,32,36,1.1111111111111112,0.05312127152597306,588,"No, I said 'holla-back'"
3595,2948,0,4,32,36,1.1111111111111112,0.05312127152597306,588,I don't know if I should call 911 or water him.
3635,2948,0,4,32,36,1.1111111111111112,0.05312127152597306,588,"Theoretically, we could have been happily married."
3667,2948,0,4,32,36,1.1111111111111112,0.05312127152597306,588,"Hello, 911? Yeah, it looks like Quasimodo is gonna jump."
3691,2948,0,4,32,36,1.1111111111111112,0.05312127152597306,588,"You really shouldn't use the term pervert, it's intrusive."
3727,2948,0,4,32,36,1.1111111111111112,0.05312127152597306,588,Any last words?
3125,2948,1,2,33,36,1.1111111111111112,0.06640158940746632,588,I won't do anything. I swear I won't. Just sit with me.
2166,2948,1,2,33,36,1.1111111111111112,0.06640158940746632,588,"Yes, I've just signed him up for aerial yoga."
521,2948,0,4,32,36,1.1111111111111112,0.05312127152597306,588,It's not the ringing I detest.
2163,2948,0,4,32,36,1.1111111111111112,0.05312127152597306,588,"hang on, i am being quasi stalked"
564,2948,0,4,32,36,1.1111111111111112,0.05312127152597306,588,The hump is back
575,2948,1,2,33,36,1.1111111111111112,0.06640158940746632,588,"Yeah, my neighbor Quasimodo wants to know if there are any apartments available?"
594,2948,0,4,32,36,1.1111111111111112,0.05312127152597306,588,"Esmeralda, I don't know what it is, but whenever I water your plants, I'm always reminded what a sanctuary you have in this crazy city."
598,2948,0,4,32,36,1.1111111111111112,0.05312127152597306,588,I've a hunch my plant will recover.
601,2948,1,2,33,36,1.1111111111111112,0.06640158940746632,588,He wants a recommendation for a good back doctor.
636,2948,1,2,33,36,1.1111111111111112,0.06640158940746632,588,I can't help but feel like I’m a really bad example of Gothic architecture.
2165,2948,0,4,32,36,1.1111111111111112,0.05312127152597306,588,I was wondering if you would like to go out for a cup of coffee sometime?
691,2948,0,4,32,36,1.1111111111111112,0.05312127152597306,588,I think they told me he was the quasi-bell ringer.
696,2948,0,4,32,36,1.1111111111111112,0.05312127152597306,588,"No, I'm just making a salad for a neighbor."
768,2948,0,4,32,36,1.1111111111111112,0.05312127152597306,588,"Yes, I suppose it's my fault for misunderstanding the meaning of ""balcony view"" in the real estate listing."
778,2948,1,2,33,36,1.1111111111111112,0.06640158940746632,588,"Finally, it's his turn to take a leap of faith."
780,2948,0,4,32,36,1.1111111111111112,0.05312127152597306,588,"No, he's definitely not fully modo."
796,2948,0,4,32,36,1.1111111111111112,0.05312127152597306,588,Why do I think I’m being watched? Just a hunch.
801,2948,1,2,33,36,1.1111111111111112,0.06640158940746632,588,"Love the new place, quirky neighbors though!"
808,2948,0,4,32,36,1.1111111111111112,0.05312127152597306,588,I think I’ve spotted that bald eagle everybody’s looking for.
834,2948,1,2,33,36,1.1111111111111112,0.06640158940746632,588,"Well, he is kinda cute."
843,2948,0,4,32,36,1.1111111111111112,0.05312127152597306,588,If I take a selfie it will just encourage him.
855,2948,0,4,32,36,1.1111111111111112,0.05312127152597306,588,Do you happen to have any Doan's pills?
861,2948,1,2,33,36,1.1111111111111112,0.06640158940746632,588,"No it's ok, keep talking, for a moment I thought I heard the doorbell..."
888,2948,0,4,32,36,1.1111111111111112,0.05312127152597306,588,You will barely recognize Notre Dame.
892,2948,1,2,33,36,1.1111111111111112,0.06640158940746632,588,Yes...9-1-1? The vigilante: 'Fatman'? I'm calling in another sighting.
919,2948,1,2,33,36,1.1111111111111112,0.06640158940746632,588,I had a hunch you'd like this Cathedral Bell plant.
940,2948,1,2,33,36,1.1111111111111112,0.06640158940746632,588,"Yeah, so after I told Frollo to buzz off his wingman stepped up thinking he had a chance!"
942,2948,0,4,32,36,1.1111111111111112,0.05312127152597306,588,"For some reason I have the urge to rename my cat ""Sanctuary."""
946,2948,1,2,33,36,1.1111111111111112,0.06640158940746632,588,"I'd list it as a pre-war walk-up with 360 views, utilities included."
978,2948,1,2,33,36,1.1111111111111112,0.06640158940746632,588,"Yes, I own the air rights."
981,2948,0,4,32,36,1.1111111111111112,0.05312127152597306,588,"3BR, 2BA with a quasi view of the Bell Tower."
550,2948,0,4,32,36,1.1111111111111112,0.05312127152597306,588,....and he's not wearing any pants either.
538,2948,0,4,32,36,1.1111111111111112,0.05312127152597306,588,Gotta go. The guy is here to fix the washer.
534,2948,0,4,32,36,1.1111111111111112,0.05312127152597306,588,"My creepy neighbor claims he's meditating my garden, not me."
532,2948,0,4,32,36,1.1111111111111112,0.05312127152597306,588,DISNEY IS ANIME
12,2948,2,0,34,36,1.1111111111111112,0.07743689471524107,588,"Hi, do you know anything about aphids?"
25,2948,0,4,32,36,1.1111111111111112,0.05312127152597306,588,"Well, a quasi-boyfriend I would say."
60,2948,1,2,33,36,1.1111111111111112,0.06640158940746632,588,"I've got a Hunch, we've got a peeping Tom."
65,2948,0,4,32,36,1.1111111111111112,0.05312127152597306,588,I feel bad for him too...but you can't live in a bell tower.
102,2948,0,4,32,36,1.1111111111111112,0.05312127152597306,588,Lets meet for hunch...I mean lunch.
111,2948,0,4,32,36,1.1111111111111112,0.05312127152597306,588,He's back. Have a hunch?
112,2948,1,2,33,36,1.1111111111111112,0.06640158940746632,588,I just knew there would be a downside to this penthouse.
122,2948,1,2,33,36,1.1111111111111112,0.06640158940746632,588,The zoning regulations went through.
130,2948,1,2,33,36,1.1111111111111112,0.06640158940746632,588,"He keeps calling me Esmeralda. Weird, huh?"
134,2948,0,4,32,36,1.1111111111111112,0.05312127152597306,588,"Not much, just watering the Esmeralda."
151,2948,1,2,33,36,1.1111111111111112,0.06640158940746632,588,"I've been coyly hoping our church's cute hunchback would show some interest in me, and I think he's about to do so with a great leap."
171,2948,0,4,32,36,1.1111111111111112,0.05312127152597306,588,"Just about to start my "" Quasi-exercise class ""."
177,2948,0,4,32,36,1.1111111111111112,0.05312127152597306,588,Yeah it’s kinda weird but his property value now is probably like woah so I get it
990,2948,1,2,33,36,1.1111111111111112,0.06640158940746632,588,Are you stalking me?
199,2948,0,4,32,36,1.1111111111111112,0.05312127152597306,588,"Yes, Marie, on top of the Cathedral! The length these peeping toms will go to!"
216,2948,0,4,32,36,1.1111111111111112,0.05312127152597306,588,Esmeralda 2.0 makes me horny.
252,2948,0,4,32,36,1.1111111111111112,0.05312127152597306,588,"He's cute, but I don't believe him. He couldn't even sing the fight song."
311,2948,2,0,34,36,1.1111111111111112,0.07743689471524107,588,"Yea, that's just Quasimodo, still thinking I'm Esmeralda in need of rescuing!"
315,2948,0,4,32,36,1.1111111111111112,0.05312127152597306,588,"Thanks for the offer, but I am really not interested in dating a vision challenged, hearing impaired, athletic and not afraid of heights, man with back problems, who lives in a church bell tower, at this time."
320,2948,0,4,32,36,1.1111111111111112,0.05312127152597306,588,I've got a hunch that creepy guy is back.
328,2948,1,2,33,36,1.1111111111111112,0.06640158940746632,588,....and they put a quasi-statue on the roof!
332,2948,0,4,32,36,1.1111111111111112,0.05312127152597306,588,His advisor requires him to go higher than the last grad student before he can defend.
340,2948,0,4,32,36,1.1111111111111112,0.05312127152597306,588,"Hey, Hugo? Listen. I know you feel sorry for the guy, but he's actually kind of creepy."
346,2948,0,4,32,36,1.1111111111111112,0.05312127152597306,588,Batty's up and I'm on deck.
379,2948,0,4,32,36,1.1111111111111112,0.05312127152597306,588,Can you hold for a sec? I'm getting a drone delivery.
396,2948,1,2,33,36,1.1111111111111112,0.06640158940746632,588,"Yeah, I thought I was moving next to the university too..."
413,2948,0,4,32,36,1.1111111111111112,0.05312127152597306,588,"If nothing else, I've learned that 'gentrification' is actually a French word."
524,2948,0,4,32,36,1.1111111111111112,0.05312127152597306,588,"I'm really into his rugged good looks, but all the undying love and devotion is just too old school for me."
208,2948,1,2,33,36,1.1111111111111112,0.06640158940746632,588,He must have skipped the Seminary class on Cardinals.
1007,2948,0,4,32,36,1.1111111111111112,0.05312127152597306,588,"Hi, realtor? It's Becky. I need a new place. That Quasi Modo doesn't know what ""no, I'm not interested"" means."
658,2948,0,4,32,36,1.1111111111111112,0.05312127152597306,588,"Please, blow me a kiss so I can hop down."
1135,2948,1,2,33,36,1.1111111111111112,0.06640158940746632,588,Esméralda I have to go...there's a staring contest afoot!
1702,2948,0,4,32,36,1.1111111111111112,0.05312127152597306,588,"Laughton...no sounds like L-A-W-T-O-N. Yeah, that's who he looks like...and he has no pants."
1718,2948,1,2,33,36,1.1111111111111112,0.06640158940746632,588,"Sorry to bother you while you're away, but your ex is telling me to give them plant food..."
1725,2948,1,2,33,36,1.1111111111111112,0.06640158940746632,588,I'd call it quasi-scenic.
1733,2948,0,4,32,36,1.1111111111111112,0.05312127152597306,588,Fancy seeing you here.
1741,2948,0,4,32,36,1.1111111111111112,0.05312127152597306,588,"No, Quasi, my bell does not need rung, thank you"
1761,2948,1,2,33,36,1.1111111111111112,0.06640158940746632,588,"No...I said the 'hunchback,' not the 'quarterback."
1800,2948,1,2,33,36,1.1111111111111112,0.06640158940746632,588,Does running water always release your own?
1805,2948,0,4,32,36,1.1111111111111112,0.05312127152597306,588,"No gardening tips, thanks! Do feel free to awkwardly stare at me while I sleep though!"
1810,2948,0,4,32,36,1.1111111111111112,0.05312127152597306,588,He must be from Paris
1817,2948,0,4,32,36,1.1111111111111112,0.05312127152597306,588,"I know this is a ""sanctuary"" city, but this is getting ridiculous!"
1830,2948,0,4,32,36,1.1111111111111112,0.05312127152597306,588,I love this neighborhood but the gentrification is just out of control.
1861,2948,1,2,33,36,1.1111111111111112,0.06640158940746632,588,Hello 911??? I have an ogre ogling me
1890,2948,0,4,32,36,1.1111111111111112,0.05312127152597306,588,And another thing I find quasi-creepy—he always has to be on top.
1645,2948,1,2,33,36,1.1111111111111112,0.06640158940746632,588,"You think your neighbors make a lot of noise, try bells every hour on the hour."
1904,2948,1,2,33,36,1.1111111111111112,0.06640158940746632,588,The Bell tolls for you.
1956,2948,0,4,32,36,1.1111111111111112,0.05312127152597306,588,Homeboy is def not wearing pants lol OH SHIT yo the shrooms are hitting p. hard rn like is this even real whuuuuuuuuuuuuuuuuuuuuuuuuuuuuuuuuuu
2001,2948,0,4,32,36,1.1111111111111112,0.05312127152597306,588,I'm just quasi on the ball with my plant watering.
2004,2948,0,4,32,36,1.1111111111111112,0.05312127152597306,588,"Yes, I know it says all about how close he is allowed to get, but it does it say anyting about building a cburch spire to stand on so he can see in?"
2009,2948,0,4,32,36,1.1111111111111112,0.05312127152597306,588,"Well, you can have nosy neighbors anywhere, right?"
2014,2948,0,4,32,36,1.1111111111111112,0.05312127152597306,588,"My hunchback neighbor is so cute. I think he thinks I'm, like, his Esmeralda or something."""
2029,2948,0,4,32,36,1.1111111111111112,0.05312127152597306,588,I have a hunch I'm being stalked.
1091,2948,0,4,32,36,1.1111111111111112,0.05312127152597306,588,"it's for you, hang on a minite"
2051,2948,0,4,32,36,1.1111111111111112,0.05312127152597306,588,"What's the French word for ""peeping tom""?"
2056,2948,0,4,32,36,1.1111111111111112,0.05312127152597306,588,"I don't care if he is meditating,get him down!"
2116,2948,0,4,32,36,1.1111111111111112,0.05312127152597306,588,I thought you said to give you a ring sometime.
2133,2948,0,4,32,36,1.1111111111111112,0.05312127152597306,588,This whole gothic phase thing is very different from when we were teenagers.
2149,2948,1,2,33,36,1.1111111111111112,0.06640158940746632,588,It will be easier if we face time next!
2153,2948,0,4,32,36,1.1111111111111112,0.05312127152597306,588,"I said HAMILTON tickets, not HUNCHBACK tickets!"
1910,2948,0,4,32,36,1.1111111111111112,0.05312127152597306,588,I've got a hunch my neighbor is stalking me.
1638,2948,0,4,32,36,1.1111111111111112,0.05312127152597306,588,There is an 'Emoji for Love' in front of me.
2049,2948,0,4,32,36,1.1111111111111112,0.05312127152597306,588,I think it's the hunchback of nasturtiums.
1569,2948,0,4,32,36,1.1111111111111112,0.05312127152597306,588,"No, no, don't get me wrong, I think it's great that Quazimodo has learned parkour."
1611,2948,0,4,32,36,1.1111111111111112,0.05312127152597306,588,Can I sell you a living will?
1146,2948,1,2,33,36,1.1111111111111112,0.06640158940746632,588,I told him 'relax -- we're a sanctuary city.'
1149,2948,0,4,32,36,1.1111111111111112,0.05312127152597306,588,This is worse than a bird problem.
1158,2948,0,4,32,36,1.1111111111111112,0.05312127152597306,588,"That weird dude who always screams about 'sanctuary' is back. Huh? No, he's not really a stalker. He's more like a quasi-stalker."
1177,2948,0,4,32,36,1.1111111111111112,0.05312127152597306,588,He doesn’t look like a “Tom”
1188,2948,0,4,32,36,1.1111111111111112,0.05312127152597306,588,The guy from Notre Dame keeps looking in our apartment.
1207,2948,0,4,32,36,1.1111111111111112,0.05312127152597306,588,"Have to call you back Sal, OK Cupid Premium has done it, I actually miss those disgusting selfies."
1239,2948,0,4,32,36,1.1111111111111112,0.05312127152597306,588,I guess on-line dating can be better than high-rise trysts.
1261,2948,0,4,32,36,1.1111111111111112,0.05312127152597306,588,That Disney princess test on facebook was so right!
1286,2948,0,4,32,36,1.1111111111111112,0.05312127152597306,588,Esmeralda? Sorry wrong number.
1292,2948,0,4,32,36,1.1111111111111112,0.05312127152597306,588,"Yes, you can tell spring is just around the corner."
1308,2948,0,4,32,36,1.1111111111111112,0.05312127152597306,588,He has his idea of sanctuary and I have mine.
1343,2948,0,4,32,36,1.1111111111111112,0.05312127152597306,588,"He says he's very famous...""The what back of what honey?""...I'm pretty sure he's foreign"
1349,2948,0,4,32,36,1.1111111111111112,0.05312127152597306,588,"It's not only that I'm stuck, I can hardly imagine what anyone else would submit."
1169,2948,1,2,33,36,1.1111111111111112,0.06640158940746632,588,"I gotta go, Liz. Aiden's coming over."
1380,2948,1,2,33,36,1.1111111111111112,0.06640158940746632,588,He says the top of the UC Berkeley campanile is still university property so he's entitled to free speech.
1354,2948,1,2,33,36,1.1111111111111112,0.06640158940746632,588,I wonder which plant that is
1549,2948,0,4,32,36,1.1111111111111112,0.05312127152597306,588,He says he was a fullback at the University.
1565,2948,0,4,32,36,1.1111111111111112,0.05312127152597306,588,"I don't know, it just never seems as real onstage."
1507,2948,0,4,32,36,1.1111111111111112,0.05312127152597306,588,"This is Esmerelda, remember what you were saying about the view from my terrace."""
1488,2948,1,2,33,36,1.1111111111111112,0.06640158940746632,588,"Yeah, I'd say his training for Ninja Warrior is going well."
1482,2948,0,4,32,36,1.1111111111111112,0.05312127152597306,588,"So this deformed guy keeps staring at me, but he seems harmless. Maybe I should offer him some water?"
1526,2948,1,2,33,36,1.1111111111111112,0.06640158940746632,588,"They're too cheap to buy a drone, I guess."
1448,2948,1,2,33,36,1.1111111111111112,0.06640158940746632,588,"Yeah, I know the feeling: every morning, my downstairs neighbor thinks he's a pigeon."
1447,2948,0,4,32,36,1.1111111111111112,0.05312127152597306,588,"I told him not to stand up there, but he says it's only Quasi-dangerous."
1433,2948,0,4,32,36,1.1111111111111112,0.05312127152597306,588,"The apartment is lovely, and the neighbors are just too eager to meet us!"
1384,2948,0,4,32,36,1.1111111111111112,0.05312127152597306,588,And it looks like he might be the one who stole my other plant.
1382,2948,1,2,33,36,1.1111111111111112,0.06640158940746632,588,"Yes, Fire Department? I have a 'cat stuck in a tree' situation, but instead of a cat, it's my husband, and a church steeple instead of a tree."
1453,2948,0,4,32,36,1.1111111111111112,0.05312127152597306,588,It is not the hood that makes a monk. As is the evil so is the remedy
3195,3202,0,4,33,37,1.1081081081081081,0.05175281663547772,588,"Yes, this is Leah again, your altar boy is pretending to be a gargoyle again!"
3146,3202,0,4,33,37,1.1081081081081081,0.05175281663547772,588,"You know I don't believe in God, but I do think there's something there."
3056,3202,0,4,33,37,1.1081081081081081,0.05175281663547772,588,"A hunchback? No, doesn't ring a bell."
3045,3202,0,4,33,37,1.1081081081081081,0.05175281663547772,588,Quasimodo moved on to new interest.
3037,3202,1,2,34,37,1.1081081081081081,0.06465180222706,588,I don't know. Says his name is something modo and says if I don't marry him he will jump.
2966,3202,0,4,33,37,1.1081081081081081,0.05175281663547772,588,May I have a cup of water?
2929,3202,2,0,35,37,1.1081081081081081,0.07537477716523201,588,Quick history lesson; the first gargoyle may actually have been a peeping Tom.
2866,3202,0,4,33,37,1.1081081081081081,0.05175281663547772,588,"Sorry, Esmeralda, I'm afraid it doesn't ring a bell."
2757,3202,0,4,33,37,1.1081081081081081,0.05175281663547772,588,All I said was reach me on my cell phone.
2735,3202,1,2,34,37,1.1081081081081081,0.06465180222706,588,Don't ignore me; we need to talk.
2526,3202,1,2,34,37,1.1081081081081081,0.06465180222706,588,peeping Thomas
2617,3202,0,4,33,37,1.1081081081081081,0.05175281663547772,588,He says he can redeem my soul for only 12 monthly payments of $19.95.
2607,3202,0,4,33,37,1.1081081081081081,0.05175281663547772,588,They don't care about us bucks.
2580,3202,1,2,34,37,1.1081081081081081,0.06465180222706,588,Aspiring two a condo.
2554,3202,0,4,33,37,1.1081081081081081,0.05175281663547772,588,"I'm telling you, my plant does have a doppelganger."
2460,3202,0,4,33,37,1.1081081081081081,0.05175281663547772,588,"Sorry, gotta run. That kid across the way is about to sing ""Out There"" again, and I'm totally hooked."
2442,3202,0,4,33,37,1.1081081081081081,0.05175281663547772,588,Probably another handstand.
2434,3202,1,2,34,37,1.1081081081081081,0.06465180222706,588,"""Cuius est solum, eius est usque ad coelum et ad inferos."" ""Beautiful day! Just a neighbor mumbling something in Latin about air rights!"
2399,3202,0,4,33,37,1.1081081081081081,0.05175281663547772,588,It's that nagging little hunch back again.
3271,3202,1,2,34,37,1.1081081081081081,0.06465180222706,588,It's worse than a wall.
2624,3202,1,2,34,37,1.1081081081081081,0.06465180222706,588,"No Sally, nothing interesting happening around here."
3401,3202,0,4,33,37,1.1081081081081081,0.05175281663547772,588,"No water for you, sir. I have a boyfriend."
4032,3202,1,2,34,37,1.1081081081081081,0.06465180222706,588,...and officer... he keeps calling me Esmeralda...
3534,3202,0,4,33,37,1.1081081081081081,0.05175281663547772,588,"I’m not sure, but his face rings a bell."
4259,3202,0,4,33,37,1.1081081081081081,0.05175281663547772,588,Privacy is a thing of the past.
4225,3202,0,4,33,37,1.1081081081081081,0.05175281663547772,588,Our tastes in architecture are just too different
4189,3202,0,4,33,37,1.1081081081081081,0.05175281663547772,588,"I tell you, the gargoyles get more realistic looking every year!"
2381,3202,0,4,33,37,1.1081081081081081,0.05175281663547772,588,Seems the bell ringer's been given a raise.
4154,3202,0,4,33,37,1.1081081081081081,0.05175281663547772,588,Red Lover Oh Lover Watch Me Jump Over!
4150,3202,0,4,33,37,1.1081081081081081,0.05175281663547772,588,He said he's waiting for the president's motorcade.
4147,3202,1,2,34,37,1.1081081081081081,0.06465180222706,588,"That's the south side of 51st just off Fifth; and tell the Seals not to forget the DNA kit, a body bag and that they should clear air space so Marine One could get him out to Gowanus Canal as quickly as possible, that's very important"
4106,3202,0,4,33,37,1.1081081081081081,0.05175281663547772,588,Can I call you back? I'm expecting another ring-in any minute.
4089,3202,1,2,34,37,1.1081081081081081,0.06465180222706,588,"Hi, I'm not online. My name is Quasimodo."
4027,3202,0,4,33,37,1.1081081081081081,0.05175281663547772,588,"Mom, my neighbor wants to know if you have any brass cleaner - I'm out."
4022,3202,0,4,33,37,1.1081081081081081,0.05175281663547772,588,I think Harvey Weinstein is interested in me for the part.
3935,3202,1,2,34,37,1.1081081081081081,0.06465180222706,588,This guy I'm seeing really rings my bell!
3878,3202,1,2,34,37,1.1081081081081081,0.06465180222706,588,"Fine, except do you remember that dating site I was telling you about?"
3862,3202,0,4,33,37,1.1081081081081081,0.05175281663547772,588,""" I've gotta hang up now. Some guy wants Kaopectate""."
3784,3202,1,2,34,37,1.1081081081081081,0.06465180222706,588,I'm house sitting for a friend.
4273,3202,0,4,33,37,1.1081081081081081,0.05175281663547772,588,I think he's thirsty.
3783,3202,0,4,33,37,1.1081081081081081,0.05175281663547772,588,Please help. I was on my way to the restroom and got lost.
3778,3202,0,4,33,37,1.1081081081081081,0.05175281663547772,588,"No, I'm loving it. The neighbors are, like, so real, you know?"
3750,3202,0,4,33,37,1.1081081081081081,0.05175281663547772,588,I hope the advertisements for my new chiropractic office will attract those who need it most in the community.
3700,3202,1,2,34,37,1.1081081081081081,0.06465180222706,588,Watching reality shows is a legitimate hobby.
3671,3202,0,4,33,37,1.1081081081081081,0.05175281663547772,588,In other respects they were a pretty advanced civilization.
3431,3202,1,2,34,37,1.1081081081081081,0.06465180222706,588,How am I going to tell him this isn't a sanctuary city?
2374,3202,1,2,34,37,1.1081081081081081,0.06465180222706,588,"I'm fond of him, but there's not physical connection."
545,3202,1,2,34,37,1.1081081081081081,0.06465180222706,588,"I understand that it's hard to get a job these days, but does he have to look right at me?"
2262,3202,0,4,33,37,1.1081081081081081,0.05175281663547772,588,Police? How much do you charge to taze someone nowadays?
913,3202,1,2,34,37,1.1081081081081081,0.06465180222706,588,I'm on my break from ringing those damn bells.
775,3202,2,0,35,37,1.1081081081081081,0.07537477716523201,588,"He is just sitting there, bawling."
759,3202,0,4,33,37,1.1081081081081081,0.05175281663547772,588,Would you mind turning your ring off?
758,3202,1,2,34,37,1.1081081081081081,0.06465180222706,588,Captain Frollo? It's Esmeralda. That creep is looking in my window again.
704,3202,1,2,34,37,1.1081081081081081,0.06465180222706,588,He's asking if this is a sanctuary city.
629,3202,0,4,33,37,1.1081081081081081,0.05175281663547772,588,"What's new? Oh, I don't know. Another dollar Another hunchback in the tower."
559,3202,1,2,34,37,1.1081081081081081,0.06465180222706,588,"Yes, I believe it was Zen Greenleaf who said, 'Starve a disturbing dolt attention, then feed a plant and ignore said dolt.'"
500,3202,0,4,33,37,1.1081081081081081,0.05175281663547772,588,"""Hunchback 2019"" was a little-known sequel to the 1939 classic that was poorly received despite its depictions of urban sprawl and advances in communication technology that would turn out to be spot-on."
489,3202,0,4,33,37,1.1081081081081081,0.05175281663547772,588,No - he wants you to hold the anchovies.
487,3202,1,2,34,37,1.1081081081081081,0.06465180222706,588,He wants to borrow our lead smelter pot.
419,3202,0,4,33,37,1.1081081081081081,0.05175281663547772,588,"I love the new place, but did I tell you? I have a peeping Pom."
404,3202,0,4,33,37,1.1081081081081081,0.05175281663547772,588,He says his name is something Modo and he hates the bell.
386,3202,1,2,34,37,1.1081081081081081,0.06465180222706,588,New York is my sanctuary.
267,3202,0,4,33,37,1.1081081081081081,0.05175281663547772,588,You know - Paris has really become an eclectic place.
256,3202,1,2,34,37,1.1081081081081081,0.06465180222706,588,He's harmless. They're knocking down that stupid church soon to build condos anyway.
245,3202,1,2,34,37,1.1081081081081081,0.06465180222706,588,Guess what movie I just saw.
221,3202,0,4,33,37,1.1081081081081081,0.05175281663547772,588,Sure! Just as soon as I water the plants.
138,3202,0,4,33,37,1.1081081081081081,0.05175281663547772,588,I didn't realize this was a sanctuary city.
2275,3202,0,4,33,37,1.1081081081081081,0.05175281663547772,588,"I don't know birds, but I think might be a hairy chested nutcracker."
1092,3202,0,4,33,37,1.1081081081081081,0.05175281663547772,588,I'm thinking I need to get back into yoga.
1138,3202,0,4,33,37,1.1081081081081081,0.05175281663547772,588,How long have you been living there?
431,3202,0,4,33,37,1.1081081081081081,0.05175281663547772,588,"He's reliving his college days...I think it is one of those silly ""sitting on top of things"" thing. Last week he was eating the gold fish out of the tank."
1317,3202,0,4,33,37,1.1081081081081081,0.05175281663547772,588,"I don't know who he is, but something about him rings a bell."
1143,3202,0,4,33,37,1.1081081081081081,0.05175281663547772,588,"Hey Mom, it's Esmeralda. I closed today on that apartment I told you about with the view of the skyline ."
2160,3202,0,4,33,37,1.1081081081081081,0.05175281663547772,588,I'm just watering my bellflowers.
2159,3202,0,4,33,37,1.1081081081081081,0.05175281663547772,588,"I think he's screaming, ""Sanctuary City""."
2112,3202,0,4,33,37,1.1081081081081081,0.05175281663547772,588,911 please state your emergency It's Esmeralda. The stalker is back and apparently he knows my name.
2045,3202,1,2,34,37,1.1081081081081081,0.06465180222706,588,Let's do sex in the afternoon at your place today.
2012,3202,1,2,34,37,1.1081081081081081,0.06465180222706,588,Exactly. I think he's finally seeing my side.
2007,3202,0,4,33,37,1.1081081081081081,0.05175281663547772,588,This halloween I'm going as a gypsy with my neighbor Quasi.
1993,3202,0,4,33,37,1.1081081081081081,0.05175281663547772,588,"On second thought, maybe I will buy that drone."
1959,3202,1,2,34,37,1.1081081081081081,0.06465180222706,588,I have a hunch he is back because he is allergic to bell ringing.
2039,3202,0,4,33,37,1.1081081081081081,0.05175281663547772,588,Parkour!
1776,3202,0,4,33,37,1.1081081081081081,0.05175281663547772,588,This is Esmeralda in 2110 and I think I have a stalker problem.
1751,3202,0,4,33,37,1.1081081081081081,0.05175281663547772,588,You're just a dame. I show my haunch 'cause I'm the hunch at Notre Dame.
1740,3202,0,4,33,37,1.1081081081081081,0.05175281663547772,588,"Honey, Hamiltons sold out. Would Phantom tkts, front row, work?"
1620,3202,0,4,33,37,1.1081081081081081,0.05175281663547772,588,I think she will notice me now...
1607,3202,0,4,33,37,1.1081081081081081,0.05175281663547772,588,"Security? There is a flasher on top of the condo spire, singing ""Happy Birthday Ella."" My name is Maria."
1585,3202,1,2,34,37,1.1081081081081081,0.06465180222706,588,"Le pauvre, il vit dans un immeuble super vieux."
1573,3202,0,4,33,37,1.1081081081081081,0.05175281663547772,588,I've got a hunch your name's Esmeralda.
1545,3202,0,4,33,37,1.1081081081081081,0.05175281663547772,588,Hubert is going to extremes.
1847,3202,0,4,33,37,1.1081081081081081,0.05175281663547772,588,Hello? Mr. Hugo? Ummmm.
1374,3202,0,4,33,37,1.1081081081081081,0.05175281663547772,588,...Peeping Tom taking it to new heights
4001,3294,0,4,34,38,1.105263157894737,0.050452767712569575,588,you know this is a better posture for it. Your intestines are at a 90 degree angle the other way.
2332,3294,0,4,34,38,1.105263157894737,0.050452767712569575,588,"Me? Oh, not much. Just watering my neighbor Esmerelda's plants while she's out of town."
2403,3294,0,4,34,38,1.105263157894737,0.050452767712569575,588,"No, Margo, he doesn't at all look like he's about to sing."
2423,3294,0,4,34,38,1.105263157894737,0.050452767712569575,588,and by the way there's a peeping tom in the building next to mine
2452,3294,0,4,34,38,1.105263157894737,0.050452767712569575,588,Jim’s working on his gargoyle imitation.
3928,3294,0,4,34,38,1.105263157894737,0.050452767712569575,588,Gotta go. This guy who calls himself Quasimodo keeps staring at me.
3206,3294,0,4,34,38,1.105263157894737,0.050452767712569575,588,"I admire the squatters' tenacity, but condos are the future."
3233,3294,1,2,35,38,1.105263157894737,0.06299172069839128,588,"Hi, Tech Support. My ringtone isn't working."
3512,3294,0,4,34,38,1.105263157894737,0.050452767712569575,588,"My Ex has found religion, but he's got a hunch I'm better off without him."
1697,3294,1,2,35,38,1.105263157894737,0.06299172069839128,588,"Oh wait, hold on, I think I see a possible candidate for 20/20"
2703,3294,0,4,34,38,1.105263157894737,0.050452767712569575,588,"Do you remember Quasimodo? We'll, you won't believe it, but he's moved into the building next to me."
1318,3294,0,4,34,38,1.105263157894737,0.050452767712569575,588,"Marilyn, what did we agree upon as being too short to date?"
4254,3294,0,4,34,38,1.105263157894737,0.050452767712569575,588,"Odd, bumping into you again."
1243,3294,0,4,34,38,1.105263157894737,0.050452767712569575,588,The others lack realism and family values.
1151,3294,1,2,35,38,1.105263157894737,0.06299172069839128,588,"It's right under my flat, with a perfect ""horror-movie-angle"" view of the Hunchback..."
1145,3294,0,4,34,38,1.105263157894737,0.050452767712569575,588,Tell her I'm in a meeting
830,3294,2,0,36,38,1.105263157894737,0.07341956131188587,588,"Hello, concierge? I found your missing bellhop."
827,3294,0,4,34,38,1.105263157894737,0.050452767712569575,588,"Yes, he's staring right at me. So, anyway, how do i change the ringtone again?"
703,3294,0,4,34,38,1.105263157894737,0.050452767712569575,588,I said I'm dating a Fullback at Notre Dame and he said he offers more.
484,3294,1,2,35,38,1.105263157894737,0.06299172069839128,588,Did you get my text?
168,3294,1,2,35,38,1.105263157894737,0.06299172069839128,588,Hello Mr Griffin
4036,3294,1,2,35,38,1.105263157894737,0.06299172069839128,588,"With no toilet paper in sight, the leaves were his only option."
1306,3294,1,2,35,38,1.105263157894737,0.06299172069839128,588,Well he's at least a little quasi-concerning.
4151,3294,0,4,34,38,1.105263157894737,0.050452767712569575,588,"No, I won't go out on a date with you."
2921,3318,0,4,35,39,1.1025641025641026,0.04921614717627658,588,Sanctuary is in my bedroom.
2951,3318,1,2,36,39,1.1025641025641026,0.06141463024552095,588,"Ha ha, you can't see my bum. They can see my bum but you can't see my bum. You will never see my bum! Ha ha."
1646,3320,0,4,36,40,1.1,0.04803844614152615,588,I think someone named Esmeralda used to live here.
4181,3321,0,3,31,34,1.088235294117647,0.04937482703908927,588,Nothing to worry about. Just a guygoyle.
2544,3321,0,3,31,34,1.088235294117647,0.04937482703908927,588,"The economy really is creating new jobs, even for a guy I know with scoliosis."
2548,3321,0,3,31,34,1.088235294117647,0.04937482703908927,588,"Sorry, Tina - I keep trying to swipe left but this hunchback won't stop showing up on my feed!"
2596,3321,1,1,32,34,1.088235294117647,0.06496464222510488,588,He's doing it again. This is why we can never go to the movies.
2644,3321,0,3,31,34,1.088235294117647,0.04937482703908927,588,I don't remember a second coming of Quasimodo from my Bible studies.
2645,3321,0,3,31,34,1.088235294117647,0.04937482703908927,588,"Hello, Minister? I think you have an escapee."
2652,3321,0,3,31,34,1.088235294117647,0.04937482703908927,588,Over heeeere Juliet! Esmeralda is driving me nuts.
2653,3321,1,1,32,34,1.088235294117647,0.06496464222510488,588,I have no idea who keeps stealing my bell peppers...
2664,3321,0,3,31,34,1.088235294117647,0.04937482703908927,588,"Yes, but 'sanctuary' does sound attractive."
2756,3321,0,3,31,34,1.088235294117647,0.04937482703908927,588,"Esmerelda, and we all move on, Quasimodo."
2834,3321,1,1,32,34,1.088235294117647,0.06496464222510488,588,Altamira?
2865,3321,0,3,31,34,1.088235294117647,0.04937482703908927,588,"No, this is Midtown. You're looking for Morningside Heights..."
2896,3321,1,1,32,34,1.088235294117647,0.06496464222510488,588,"He looks like some character from ‘Game of Thrones’, officer, and plant friendly."
2897,3321,0,3,31,34,1.088235294117647,0.04937482703908927,588,"I just got tired of all the filth on the street, you know?"
2937,3321,0,3,31,34,1.088235294117647,0.04937482703908927,588,"Walter, that funny little man is watching me again."
2969,3321,0,3,31,34,1.088235294117647,0.04937482703908927,588,"CAW, CAW, CA-CAW!"
2538,3321,1,1,32,34,1.088235294117647,0.06496464222510488,588,I have a hunch I'm going to regret offering him a back massage.
3011,3321,1,1,32,34,1.088235294117647,0.06496464222510488,588,"'Great composition, but limited palette.'"
2529,3321,1,1,32,34,1.088235294117647,0.06496464222510488,588,I just learned that the priest loves Victor Hugo.
2524,3321,0,3,31,34,1.088235294117647,0.04937482703908927,588,"Hi, it's Esmeralda, can you remind me how much water I should give to it?"
2180,3321,0,3,31,34,1.088235294117647,0.04937482703908927,588,you can ring my bell anytime
2212,3321,1,1,32,34,1.088235294117647,0.06496464222510488,588,"Considering the view and the sphere-footage, I'm sure he's overpaying."
2228,3321,0,3,31,34,1.088235294117647,0.04937482703908927,588,That peeping Quasimodo is back again
2271,3321,0,3,31,34,1.088235294117647,0.04937482703908927,588,How did you get up there?
2274,3321,1,1,32,34,1.088235294117647,0.06496464222510488,588,He looks like Marty Feldman and he's lost Esmeralda.
2292,3321,0,3,31,34,1.088235294117647,0.04937482703908927,588,"Esmeralda, please help me ring my bell"
2298,3321,0,3,31,34,1.088235294117647,0.04937482703908927,588,Fancy meeting you here.You must be Esmeralda!
2317,3321,0,3,31,34,1.088235294117647,0.04937482703908927,588,Quasi-what? Doesn't ring a bell.
2352,3321,0,3,31,34,1.088235294117647,0.04937482703908927,588,"Nope, he still hasn't said a word. I don't care how many steps he climbs or how often he rings that bell, I'm not making the first move!"
2402,3321,0,3,31,34,1.088235294117647,0.04937482703908927,588,"I think he's a stalker, but maybe it's just a hunch."
2431,3321,0,3,31,34,1.088235294117647,0.04937482703908927,588,I think the neighbours look down on us.
2447,3321,0,3,31,34,1.088235294117647,0.04937482703908927,588,Don't tell me you're on the phone with Captain Phoebus!
2470,3321,0,3,31,34,1.088235294117647,0.04937482703908927,588,At length I thought it the best way to announce the winner.
2507,3321,0,3,31,34,1.088235294117647,0.04937482703908927,588,He gave me water
2516,3321,1,1,32,34,1.088235294117647,0.06496464222510488,588,"He's a real hump, you know - no ringing, no jumping, no nothing."
2525,3321,0,3,31,34,1.088235294117647,0.04937482703908927,588,"Well what, then, exactly is Atlas supposed to look like?"
3030,3321,0,3,31,34,1.088235294117647,0.04937482703908927,588,Hello moto...sort of.
3062,3321,0,3,31,34,1.088235294117647,0.04937482703908927,588,He just doesn't ring my bell.
3157,3321,0,3,31,34,1.088235294117647,0.04937482703908927,588,"He's, like, so cute. I'll text you a photo."
3649,3321,0,3,31,34,1.088235294117647,0.04937482703908927,588,I guess this is what it means to live in a sanctuary city!
3681,3321,1,1,32,34,1.088235294117647,0.06496464222510488,588,I'm learning how to fly!
3694,3321,1,1,32,34,1.088235294117647,0.06496464222510488,588,Tell the chaplain I may need a jump start.
3695,3321,0,3,31,34,1.088235294117647,0.04937482703908927,588,"Regarding that restraining order, he's back."
3780,3321,0,3,31,34,1.088235294117647,0.04937482703908927,588,I had a hunch you'd be here.
3856,3321,0,3,31,34,1.088235294117647,0.04937482703908927,588,"For the third time, Q-U-A-S-I-M-O-D-O"
3858,3321,1,1,32,34,1.088235294117647,0.06496464222510488,588,"He's going to have to learn, to stand up for himself."
3876,3321,0,3,31,34,1.088235294117647,0.04937482703908927,588,The condo association offers even non-Nazis the opportunity to join torch-carrying lynch mobs.
3965,3321,1,1,32,34,1.088235294117647,0.06496464222510488,588,I’ll keep talking. Feel free to chime in.
3979,3321,0,3,31,34,1.088235294117647,0.04937482703908927,588,"Yes, I do, Father-- as a matter of fact, I'm having a tête-á-tête with him right now."
3998,3321,0,3,31,34,1.088235294117647,0.04937482703908927,588,Hi Cindy. That weird guy is here again looking at my bluebells .
4040,3321,1,1,32,34,1.088235294117647,0.06496464222510488,588,I am taking prayer to a higher level.
4114,3321,0,3,31,34,1.088235294117647,0.04937482703908927,588,I've got a hunch that he's got a hunch.
2175,3321,1,1,32,34,1.088235294117647,0.06496464222510488,588,You inspire me.
4194,3321,0,3,31,34,1.088235294117647,0.04937482703908927,588,Not even the heavens can stall gentrification.
3641,3321,1,1,32,34,1.088235294117647,0.06496464222510488,588,Not 'mojo'. Moto. Moto!
3526,3321,1,1,32,34,1.088235294117647,0.06496464222510488,588,I think he wants to be friends.
3520,3321,0,3,31,34,1.088235294117647,0.04937482703908927,588,WOW - never thought their was reception up here!
3516,3321,0,3,31,34,1.088235294117647,0.04937482703908927,588,you ever dated a guy by the name Quasimodo?
3220,3321,0,3,31,34,1.088235294117647,0.04937482703908927,588,Gentrification is ruining my view.
3255,3321,0,3,31,34,1.088235294117647,0.04937482703908927,588,"Year 2027: ""Sad, to think he use to be the f***ing president."""
3329,3321,0,3,31,34,1.088235294117647,0.04937482703908927,588,We have got to quit meeting like this!
3334,3321,1,1,32,34,1.088235294117647,0.06496464222510488,588,I already showered. Come back tomorrow.
3373,3321,0,3,31,34,1.088235294117647,0.04937482703908927,588,Mr. Hugo please...
3378,3321,1,1,32,34,1.088235294117647,0.06496464222510488,588,He's'quasi' all right. But he'll have to ring the buzzer and not the bells.
3389,3321,0,3,31,34,1.088235294117647,0.04937482703908927,588,"Tom, aspiring to take his peeps to new heights."
4134,3321,0,3,31,34,1.088235294117647,0.04937482703908927,588,The only bad thing is he's French.
3392,3321,0,3,31,34,1.088235294117647,0.04937482703908927,588,The stalker is back
3394,3321,1,1,32,34,1.088235294117647,0.06496464222510488,588,"Oh Good, She Doesn't See me!"
3402,3321,0,3,31,34,1.088235294117647,0.04937482703908927,588,Slouching is bad for your posture
3410,3321,0,3,31,34,1.088235294117647,0.04937482703908927,588,He says he just doesn't fit in anywhere.
3430,3321,0,3,31,34,1.088235294117647,0.04937482703908927,588,I hope the hell he leaves pretty soon !
3448,3321,0,3,31,34,1.088235294117647,0.04937482703908927,588,"She's plain for a gargoyle, but I'd still like to meet her."
3467,3321,1,1,32,34,1.088235294117647,0.06496464222510488,588,"Oh, I know he's flirting but I'm just not dating now"
3479,3321,0,3,31,34,1.088235294117647,0.04937482703908927,588,That new guy just texted. Said he had a hunch I was his type.
3393,3321,0,3,31,34,1.088235294117647,0.04937482703908927,588,Better a peeping hunchback than Harvey Weinstein.
2172,3321,0,3,31,34,1.088235294117647,0.04937482703908927,588,"No,don` call the police.It,s been a long time since a man tried to hop onto my ballcony."
1899,3321,0,3,31,34,1.088235294117647,0.04937482703908927,588,He claims he's trading off with King Kong.
2124,3321,0,3,31,34,1.088235294117647,0.04937482703908927,588,"Yes, hello 911? That creep from the Halloween Haunted House is flashing us again."
687,3321,0,3,31,34,1.088235294117647,0.04937482703908927,588,"No, nobody watched our place while we were away."
712,3321,1,1,32,34,1.088235294117647,0.06496464222510488,588,"Oh my god, Becky it looks like Quasimodo is doing parkor again.."
719,3321,1,1,32,34,1.088235294117647,0.06496464222510488,588,"No, I have an iPhone. Moto is my neighbor."
730,3321,0,3,31,34,1.088235294117647,0.04937482703908927,588,It must be spring. I just saw my first Hunchback Voyeur.
809,3321,0,3,31,34,1.088235294117647,0.04937482703908927,588,Just a moment. I think Quasimodo is itching to talk with you.
853,3321,0,3,31,34,1.088235294117647,0.04937482703908927,588,Squats are definitely hard but lunges are killer.
879,3321,0,3,31,34,1.088235294117647,0.04937482703908927,588,Looks more like a Pseudomodo to me.
928,3321,0,3,31,34,1.088235294117647,0.04937482703908927,588,"I gotta water my plants and my neighbor, then I'll be down."
941,3321,1,1,32,34,1.088235294117647,0.06496464222510488,588,Apple? This guy says you stole his ringtone.
947,3321,0,3,31,34,1.088235294117647,0.04937482703908927,588,"Yeah, I think he's high."
949,3321,0,3,31,34,1.088235294117647,0.04937482703908927,588,I can recommend a great chiropractor.
954,3321,0,3,31,34,1.088235294117647,0.04937482703908927,588,I have a hunch he just moved in.
983,3321,0,3,31,34,1.088235294117647,0.04937482703908927,588,"You don't understand - HE's growing, not my fern."
1002,3321,0,3,31,34,1.088235294117647,0.04937482703908927,588,"Yes, he's on the ball. But, this did not go well for Esmeralda."
1098,3321,0,3,31,34,1.088235294117647,0.04937482703908927,588,"411, how can I help?"" ""Hi yes, could you connect me to Esmeralda?"
638,3321,1,1,32,34,1.088235294117647,0.06496464222510488,588,I think he's trying to get away from the priest...
1113,3321,1,1,32,34,1.088235294117647,0.06496464222510488,588,"I guess I'd describe my new place as quasi-modern, for some reason."
623,3321,0,3,31,34,1.088235294117647,0.04937482703908927,588,THE CHURCH IS TRYING TO HAVE YOUR ATTENTION.
611,3321,0,3,31,34,1.088235294117647,0.04937482703908927,588,I keep telling him to try yogilates.
3,3321,0,3,31,34,1.088235294117647,0.04937482703908927,588,I can't believe we once walked on four legs.
49,3321,0,3,31,34,1.088235294117647,0.04937482703908927,588,He’s just staring at me.
61,3321,0,3,31,34,1.088235294117647,0.04937482703908927,588,Domain Squatting has taken a new turn.
81,3321,0,3,31,34,1.088235294117647,0.04937482703908927,588,"Doctor, every hour I get a ringing in my ear?"
101,3321,1,1,32,34,1.088235294117647,0.06496464222510488,588,Quasimodo's operandi for picking up women.
116,3321,0,3,31,34,1.088235294117647,0.04937482703908927,588,Hello Police. The Peeping Tom is back.
133,3321,0,3,31,34,1.088235294117647,0.04937482703908927,588,"Still single, but I think the heir to the Squatty Potty fortune is on the verge of asking me out."
189,3321,0,3,31,34,1.088235294117647,0.04937482703908927,588,Bambi and his mother? How ironic.
205,3321,0,3,31,34,1.088235294117647,0.04937482703908927,588,It's a Quasi-ocean view apartment.
285,3321,0,3,31,34,1.088235294117647,0.04937482703908927,588,"No, he's very talented, just not someone I want to live in a belfry with."
373,3321,1,1,32,34,1.088235294117647,0.06496464222510488,588,I think I finally spotted an affordable rental space.
2164,3321,0,3,31,34,1.088235294117647,0.04937482703908927,588,You know Mr.Follett it probably wouldn't hurt you to pick up a real estate section every now and then and see what's going on with some of the guys you went to school with.
450,3321,0,3,31,34,1.088235294117647,0.04937482703908927,588,"Yes, I have a two year lease. But he's out here babbling about squatters rights!"
477,3321,0,3,31,34,1.088235294117647,0.04937482703908927,588,I don't have a hunch why he's staring at me.
520,3321,1,1,32,34,1.088235294117647,0.06496464222510488,588,Enough with these Memes and I right?
618,3321,0,3,31,34,1.088235294117647,0.04937482703908927,588,"This is Esmeralda again. I'd like to report that my stalker is hunched, back at Notre Dame."
1236,3321,0,3,31,34,1.088235294117647,0.04937482703908927,588,Just guessing he plays Center on Notre Dame's football team.
393,3321,1,1,32,34,1.088235294117647,0.06496464222510488,588,Did you say to tell him to jump back?
1320,3321,1,1,32,34,1.088235294117647,0.06496464222510488,588,Honey: Our neighbor Joe has taken taken stalking to the next level!
1694,3321,0,3,31,34,1.088235294117647,0.04937482703908927,588,"Ugh, my neighbor’s staring again"
1767,3321,0,3,31,34,1.088235294117647,0.04937482703908927,588,I'm calling to report a peeping Tom.
1794,3321,0,3,31,34,1.088235294117647,0.04937482703908927,588,I think I know who's sitting on the winning lottery ticket.
1837,3321,1,1,32,34,1.088235294117647,0.06496464222510488,588,"I think I'm a doe. (It's actually the winning caption for the cartoon in the 10/9 print edition, but feel free to consider it for this cartoon, too.)"
1912,3321,1,1,32,34,1.088235294117647,0.06496464222510488,588,"Operator? I need the number for The Weinstein Company, please."
1927,3321,0,3,31,34,1.088235294117647,0.04937482703908927,588,"Water, water, I need water, please!"
1690,3321,0,3,31,34,1.088235294117647,0.04937482703908927,588,Don’t mind me I’m just the hired help
1973,3321,1,1,32,34,1.088235294117647,0.06496464222510488,588,I want you to look me in the eye when we talk!
1985,3321,0,3,31,34,1.088235294117647,0.04937482703908927,588,I'm not really sure. But something about him rings a bell. I don't know. He was here yesterday; I had a hunch he would be back.
1987,3321,0,3,31,34,1.088235294117647,0.04937482703908927,588,"Hi, it's Esmeralda. He's back."
2015,3321,1,1,32,34,1.088235294117647,0.06496464222510488,588,"Listen, I've gotta run. I invited my neighbor, Moe, over for coffee and sanctuary."
2038,3321,0,3,31,34,1.088235294117647,0.04937482703908927,588,You could have just used the cell phone tower!
2064,3321,1,1,32,34,1.088235294117647,0.06496464222510488,588,"Come on over and ring my bell, Quasi."
1302,3321,0,3,31,34,1.088235294117647,0.04937482703908927,588,Is your name Tom?
1975,3321,1,1,32,34,1.088235294117647,0.06496464222510488,588,"I tried to tell him that the real moral high ground is on the 85th floor at $10,000 a square foot."
1668,3321,0,3,31,34,1.088235294117647,0.04937482703908927,588,Well he's certainly Djali looking
1977,3321,0,3,31,34,1.088235294117647,0.04937482703908927,588,I feel like we've drifted apart.
1600,3321,0,3,31,34,1.088235294117647,0.04937482703908927,588,"I know that's not politically correct, but calling him ""the Kyphosic of Notre Dame"" would just confuse people."
1334,3321,0,3,31,34,1.088235294117647,0.04937482703908927,588,I want to report a peeping Priest
1648,3321,0,3,31,34,1.088235294117647,0.04937482703908927,588,The guy from no. 2 is constipated again
1335,3321,0,3,31,34,1.088235294117647,0.04937482703908927,588,"Sorry, but I have to go...Quasimodo is dropping over for a drink."
1340,3321,1,1,32,34,1.088235294117647,0.06496464222510488,588,"Little Quasi is staring at me again. HEY ,,, HEY ... GO RING YOUR FUCKING BELL, YOU MORON!"
1353,3321,0,3,31,34,1.088235294117647,0.04937482703908927,588,He says he'll climb down if I play him that Fergie song.
1427,3321,1,1,32,34,1.088235294117647,0.06496464222510488,588,"Mom, cancel my J-Date membership..."
1454,3321,1,1,32,34,1.088235294117647,0.06496464222510488,588,He comes every Wednesday. Is that a proper use of the word 'Ironic'?
1472,3321,0,3,31,34,1.088235294117647,0.04937482703908927,588,"Remember that guy I found in the shadow play--I cast out my fear and doubt, but I'm just not into him in that way."
1357,3321,0,3,31,34,1.088235294117647,0.04937482703908927,588,"You have no idea how hard it is to meet a deaf, one-eyed hunchback in New York City."
1479,3321,1,1,32,34,1.088235294117647,0.06496464222510488,588,He says there's a message tied to his leg.
1593,3321,0,3,31,34,1.088235294117647,0.04937482703908927,588,"Hello, officer? I'd like to report an incident of excessive bell ringing by my neighbor."
1492,3321,0,3,31,34,1.088235294117647,0.04937482703908927,588,The view from here gives me something to aspire to.
1508,3321,0,3,31,34,1.088235294117647,0.04937482703908927,588,That bell ringer I've telling you about is about ready to ring his last bell.
1559,3321,0,3,31,34,1.088235294117647,0.04937482703908927,588,"Yes mom, the view from my apartment was worth the extra money."
1475,3321,0,3,31,34,1.088235294117647,0.04937482703908927,588,"Yes, I see you. My answer is still no!"
1571,3321,0,3,31,34,1.088235294117647,0.04937482703908927,588,"Yes, he's still here."
3128,3471,0,3,32,35,1.0857142857142856,0.04800960288096031,588,"Let this be a lesson, son. Never hold a Stag Party at an Art Gallery."
2823,3471,0,3,32,35,1.0857142857142856,0.04800960288096031,588,so...what are some of the more extreme symptoms for addiction to angry birds?
2759,3471,0,3,32,35,1.0857142857142856,0.04800960288096031,588,"Hang on, my ex is hunching around outside again"
2732,3471,0,3,32,35,1.0857142857142856,0.04800960288096031,588,Do you really think that this bean stalk can grow so fast that he can get back in time for dinner?
2622,3471,0,3,32,35,1.0857142857142856,0.04800960288096031,588,"...yeahhh, he's like totally still there... he says its a peaceful sit in, but, like, I think he's just, like, a perv."
2597,3471,1,1,33,35,1.0857142857142856,0.06313156292770737,588,"Hold on a minute Mom, I need to run Quasimodo off again"
3257,3471,1,1,33,35,1.0857142857142856,0.06313156292770737,588,"Lady, if they ring the Church Bell, please catch me....."
2562,3471,0,3,32,35,1.0857142857142856,0.04800960288096031,588,I'm telling you he thinks it's a squatty potty!
2579,3471,0,3,32,35,1.0857142857142856,0.04800960288096031,588,"I'm meeting new people since I've moved in, mom. The caretaker at the church next door is giving me a lot attention but he's only quasi-interesting."
2688,3471,1,1,33,35,1.0857142857142856,0.06313156292770737,588,I've got a hunch I'm overwatering this succulent.
3293,3471,0,3,32,35,1.0857142857142856,0.04800960288096031,588,I am calling to report a peeping gargoyle.
3875,3471,0,3,32,35,1.0857142857142856,0.04800960288096031,588,He keeps calling me 'Esmeralda.'
3388,3471,0,3,32,35,1.0857142857142856,0.04800960288096031,588,I have a hunch that I should have swiped left.
3486,3471,0,3,32,35,1.0857142857142856,0.04800960288096031,588,"I have to ring off, Mom; I think my neighbor wants to borrow my mortar and pestle again."
3634,3471,1,1,33,35,1.0857142857142856,0.06313156292770737,588,Now THIS sucks.
3680,3471,1,1,33,35,1.0857142857142856,0.06313156292770737,588,Is that bottled or spigot water?
3717,3471,0,3,32,35,1.0857142857142856,0.04800960288096031,588,"I have to let you go, my husbands almost home"
3907,3471,0,3,32,35,1.0857142857142856,0.04800960288096031,588,I have a hunch that this isn’t going to have a happy ending.
3941,3471,1,1,33,35,1.0857142857142856,0.06313156292770737,588,I've got a hunch my neighbor's been spying on me.
4020,3471,0,3,32,35,1.0857142857142856,0.04800960288096031,588,Just as soon as I finish watering my plant.
2552,3471,0,3,32,35,1.0857142857142856,0.04800960288096031,588,when the bell rings
4064,3471,1,1,33,35,1.0857142857142856,0.06313156292770737,588,He asks me to watch him relieving himself and promises the eternity.
3352,3471,0,3,32,35,1.0857142857142856,0.04800960288096031,588,"doMy life is just like a ""spinning top"" no body knows where it may go. I just follow the ""flow"" ( do you know) ??"
2302,3471,0,3,32,35,1.0857142857142856,0.04800960288096031,588,He wants me to come over and ring his bell. He says he's famous and his name is Harvey. What can go wrong?
925,3471,1,1,33,35,1.0857142857142856,0.06313156292770737,588,"I can't help him now, Stanley. already multitasking."
2122,3471,0,3,32,35,1.0857142857142856,0.04800960288096031,588,"No, I said a peeping Quasimodo."
225,3471,0,3,32,35,1.0857142857142856,0.04800960288096031,588,"""I'm sorry honey, when your name's on the tower you can sit wherever you want""."
233,3471,1,1,33,35,1.0857142857142856,0.06313156292770737,588,Does your sanctuary program protect humpbacked perverts?
266,3471,0,3,32,35,1.0857142857142856,0.04800960288096031,588,Preoccupied strangers
640,3471,0,3,32,35,1.0857142857142856,0.04800960288096031,588,I have a hunch it is a large bat
965,3471,1,1,33,35,1.0857142857142856,0.06313156292770737,588,"True, he's not stalking me on Facebook."
1125,3471,0,3,32,35,1.0857142857142856,0.04800960288096031,588,Who needs Tinder when you've got the boy next door...
2280,3471,0,3,32,35,1.0857142857142856,0.04800960288096031,588,"No one notices me in this city, not a single soul."
1577,3471,0,3,32,35,1.0857142857142856,0.04800960288096031,588,He's Quasi cute...
1700,3471,1,1,33,35,1.0857142857142856,0.06313156292770737,588,"He must have read my biography in the ""Book of Ruth"". He's following me everywhere. All he ever says to me is, ""Where you go, I will go."""
1483,3471,0,3,32,35,1.0857142857142856,0.04800960288096031,588,I had a hunch back then you would predict this.
1779,3471,0,3,32,35,1.0857142857142856,0.04800960288096031,588,Maybe now she'll notice me!
1783,3471,0,3,32,35,1.0857142857142856,0.04800960288096031,588,"Well yeah...Vic claims he's at the pinnacle of success in his tech start-up, but I just can't help seeing it's a quasi mode of confidence-- and that he's really staring oblivion in the face."
1826,3471,1,1,33,35,1.0857142857142856,0.06313156292770737,588,It's either Quasimodo or a frog and I won't kiss him or it!
1857,3471,0,3,32,35,1.0857142857142856,0.04800960288096031,588,"Well, i jus t dint know..."
1897,3471,1,1,33,35,1.0857142857142856,0.06313156292770737,588,Quasi is pointed south by southeast.
2031,3471,0,3,32,35,1.0857142857142856,0.04800960288096031,588,Centuries of the sanctuary of urban life
2070,3471,0,3,32,35,1.0857142857142856,0.04800960288096031,588,I'm not much on rear window ethics.
2091,3471,1,1,33,35,1.0857142857142856,0.06313156292770737,588,My French neighbor is such a weirdo...
1723,3471,1,1,33,35,1.0857142857142856,0.06313156292770737,588,"No, I didn’t say I have a hunch…"
4218,3516,0,3,33,36,1.0833333333333333,0.04671765921511568,588,You won’t believe what some people will do to watch me water my balcony plant.
3883,3516,0,3,33,36,1.0833333333333333,0.04671765921511568,588,"A week ago my plant was, like, dying!"
3729,3516,0,3,33,36,1.0833333333333333,0.04671765921511568,588,911? I've got another window peeper on Church Point 27.
3313,3516,0,3,33,36,1.0833333333333333,0.04671765921511568,588,Lon Chaney just moved in next door. I think he likes my floral arrangement.
3333,3516,0,3,33,36,1.0833333333333333,0.04671765921511568,588,"HE LOOKS SO REAL..QUASI-HUMAN,THEY SAY.."
2055,3516,1,1,34,36,1.0833333333333333,0.06139903313441727,588,"Yes, ""stoney limits cannot hold love out."""
2474,3516,0,3,33,36,1.0833333333333333,0.04671765921511568,588,I think he keeps saying bluebells! Bluebells! But it's a Dracaena.
1858,3516,1,1,34,36,1.0833333333333333,0.06139903313441727,588,Esmeralda. You used to be so topsy-turvy.
1502,3516,0,3,33,36,1.0833333333333333,0.04671765921511568,588,"Why yes, I would say that he is taking his precarious predilection to new heights."
1077,3516,0,3,33,36,1.0833333333333333,0.04671765921511568,588,These lights are very distracting.
435,3526,0,3,34,37,1.0810810810810811,0.045493265488117475,588,Larry is trying to peak at my treats again.
3214,3526,1,1,35,37,1.0810810810810811,0.05975900523162883,588,"Yeah, some French guy found out I'm an American and is worried I'm going to shoot him."
2850,3528,0,2,29,31,1.064516129032258,0.04485301852605202,588,"What've ya gotta loose, girl? He's got a great location, but might be a tad sensitive about his background."
2835,3528,1,0,30,31,1.064516129032258,0.06451612903225803,588,Forever condemned to this high love
2827,3528,0,2,29,31,1.064516129032258,0.04485301852605202,588,I think he said he can't find the clapper.
2776,3528,0,2,29,31,1.064516129032258,0.04485301852605202,588,"Hello, Charles Laughton Fan Club? I have news."
2750,3528,0,2,29,31,1.064516129032258,0.04485301852605202,588,It's Apu from The Golden House and he wants in. Maybe Rushdie's gone beyond his literary license.
2685,3528,0,2,29,31,1.064516129032258,0.04485301852605202,588,I'm still not going to marry you even if you climb the the highest mountain.
2730,3528,0,2,29,31,1.064516129032258,0.04485301852605202,588,I've decided to decorate the apartment in a quasimodern style.
2857,3528,0,2,29,31,1.064516129032258,0.04485301852605202,588,I knew I should have looked into those air rights.
2683,3528,0,2,29,31,1.064516129032258,0.04485301852605202,588,"Hey, lady? You got any toilet paper?"
2669,3528,0,2,29,31,1.064516129032258,0.04485301852605202,588,It's quasi modern
2649,3528,0,2,29,31,1.064516129032258,0.04485301852605202,588,"Go back downstairs, Tom, or I'm calling 911."
2746,3528,0,2,29,31,1.064516129032258,0.04485301852605202,588,What? Did you say it might be a guy named Casey Motor?
2875,3528,0,2,29,31,1.064516129032258,0.04485301852605202,588,"Oh, really? I sleep right through it!"
2257,3528,0,2,29,31,1.064516129032258,0.04485301852605202,588,He says his name is Quasimodo.
2639,3528,0,2,29,31,1.064516129032258,0.04485301852605202,588,Thank you. That's enough dressing on my salad.
2907,3528,0,2,29,31,1.064516129032258,0.04485301852605202,588,Fern whom the bell tolls.
2914,3528,0,2,29,31,1.064516129032258,0.04485301852605202,588,"Oh y’know, my usual Saturday stuff....after The Hunchback is done watching me water the pathos maybe I’ll go check out the farmer’s market."
2967,3528,0,2,29,31,1.064516129032258,0.04485301852605202,588,"Quasimodo? No, I think he's just an imposture."
2975,3528,0,2,29,31,1.064516129032258,0.04485301852605202,588,"Well, it appears that Quasimodo escaped from the bell tower at Notre Dame."
3032,3528,0,2,29,31,1.064516129032258,0.04485301852605202,588,I can’t believe Sandra would do that.
3102,3528,0,2,29,31,1.064516129032258,0.04485301852605202,588,My neighbor has got the hump again!
3111,3528,0,2,29,31,1.064516129032258,0.04485301852605202,588,Bowling got boring.
3149,3528,0,2,29,31,1.064516129032258,0.04485301852605202,588,"Hi, 911, either a gargoyle's squatting on the spire opposite my balcony or it’s the aquaphobic downstairs neighbor."
3154,3528,0,2,29,31,1.064516129032258,0.04485301852605202,588,It's Peeping Tom Sunday at the church.
3171,3528,0,2,29,31,1.064516129032258,0.04485301852605202,588,"Yes, the author' name begins with H, but the book is not For Whom the Bell Tolls!"
3180,3528,0,2,29,31,1.064516129032258,0.04485301852605202,588,This Hunchback wanna be is now a peeping tom!
2887,3528,1,0,30,31,1.064516129032258,0.06451612903225803,588,"I know I haven't called since our break-up, but someone just made me think of you."
2610,3528,0,2,29,31,1.064516129032258,0.04485301852605202,588,"Other than Quasimodo at eye level, nothhing much is new."
2576,3528,0,2,29,31,1.064516129032258,0.04485301852605202,588,"Yeah, so I got the lead role in the movie... but there's a catch."
2589,3528,0,2,29,31,1.064516129032258,0.04485301852605202,588,Who wore it better: Quasimodo or Simeon Stylites?
2076,3528,0,2,29,31,1.064516129032258,0.04485301852605202,588,"IU've told him a hundred times, I'm not interested."
2083,3528,0,2,29,31,1.064516129032258,0.04485301852605202,588,I think Medical Marijuana will help him.
2126,3528,0,2,29,31,1.064516129032258,0.04485301852605202,588,"If that wan't bad enough, we now have hunchbacks."
2155,3528,0,2,29,31,1.064516129032258,0.04485301852605202,588,excuse me your blocking my lighting for my selfie
2168,3528,0,2,29,31,1.064516129032258,0.04485301852605202,588,"No, no! I have a hunch PERIOD. I am being watched"
2179,3528,0,2,29,31,1.064516129032258,0.04485301852605202,588,"I'm serving my penance, but for Christ sake please call the fire department on that Iphone glued to your ear."
2188,3528,0,2,29,31,1.064516129032258,0.04485301852605202,588,"Lennie's just rehearsing for ""The Hunchback of Notre Dame."""
2202,3528,0,2,29,31,1.064516129032258,0.04485301852605202,588,"Tom, your peeking is a bit extreme."
2204,3528,0,2,29,31,1.064516129032258,0.04485301852605202,588,You know the hideous gargoyle on the building across the street? Harvey Weinstein is squatting on the bell tower above it.
2222,3528,0,2,29,31,1.064516129032258,0.04485301852605202,588,My doctor told me to reach for the stars
2243,3528,1,0,30,31,1.064516129032258,0.06451612903225803,588,I think we have a jhumper at Notre Dame.
2260,3528,0,2,29,31,1.064516129032258,0.04485301852605202,588,"I was looking for a modern feel, but he was hoping for a more old world charm."
2285,3528,0,2,29,31,1.064516129032258,0.04485301852605202,588,He wants to know if his religion is a deal breaker for you.
2293,3528,0,2,29,31,1.064516129032258,0.04485301852605202,588,"I love my new apartment, it's very bourgeois!"
2300,3528,0,2,29,31,1.064516129032258,0.04485301852605202,588,I can't decide if he's a beautiful flower in an ugly vase or a creeper with a big pot.
2318,3528,0,2,29,31,1.064516129032258,0.04485301852605202,588,"Yes, he's still there. I hear he taught at The New School."
2336,3528,0,2,29,31,1.064516129032258,0.04485301852605202,588,"My chakras have just been so misaligned lately, you know?"
2398,3528,0,2,29,31,1.064516129032258,0.04485301852605202,588,Oops ... Pardon me ... I climbed the wrong bell tower.
2436,3528,0,2,29,31,1.064516129032258,0.04485301852605202,588,"Yeah, I know...I just go with it now."
2446,3528,0,2,29,31,1.064516129032258,0.04485301852605202,588,But I have no maintenance fees!
2450,3528,0,2,29,31,1.064516129032258,0.04485301852605202,588,"Little help here, madam?"
2456,3528,0,2,29,31,1.064516129032258,0.04485301852605202,588,My neighbor? He's one of those 12th century dudes.
2487,3528,1,0,30,31,1.064516129032258,0.06451612903225803,588,"'That don't impress me much, and I still say no."""
2511,3528,0,2,29,31,1.064516129032258,0.04485301852605202,588,"You are going to love my new place, I have a hunch."
3208,3528,0,2,29,31,1.064516129032258,0.04485301852605202,588,"Hello, I'd like to report a peeping tom."
2606,3528,0,2,29,31,1.064516129032258,0.04485301852605202,588,"He's so funny. He keeps saying ""waawaa"" instead of water."
3244,3528,1,0,30,31,1.064516129032258,0.06451612903225803,588,It's suppose to repel gargoyles or your money back!
3332,3528,0,2,29,31,1.064516129032258,0.04485301852605202,588,"He doesn't look exactly like his profile photo, but he is a musician."
3320,3528,1,0,30,31,1.064516129032258,0.06451612903225803,588,He’s got “bats in the belfry.”
3852,3528,0,2,29,31,1.064516129032258,0.04485301852605202,588,It's kind of a quasi-modern neighborhood.
3867,3528,0,2,29,31,1.064516129032258,0.04485301852605202,588,Forget the osteopath; get me the proctologist.
3886,3528,0,2,29,31,1.064516129032258,0.04485301852605202,588,I clearly need to significantly reduce my fiber intake!
3896,3528,0,2,29,31,1.064516129032258,0.04485301852605202,588,Buyers may lack your aesthetic sensitivity. Let me do some staging.
3902,3528,0,2,29,31,1.064516129032258,0.04485301852605202,588,It's the best way to improve your posture. You have to try it.
3908,3528,0,2,29,31,1.064516129032258,0.04485301852605202,588,Suppose this is what I get for being name Esmerelda -- and moving across the street from the Cathedral.
3920,3528,0,2,29,31,1.064516129032258,0.04485301852605202,588,"Sure, I'm OK. Quasi is looking after me."""
3934,3528,0,2,29,31,1.064516129032258,0.04485301852605202,588,"Yea, this new Quasimotorola has a hunchback guarantee."
3956,3528,0,2,29,31,1.064516129032258,0.04485301852605202,588,"Got any liquid courage in the old cabinet, missus?"
3985,3528,0,2,29,31,1.064516129032258,0.04485301852605202,588,I have a hunch he's up to something.
3993,3528,0,2,29,31,1.064516129032258,0.04485301852605202,588,The ringtone! The ringtone!
3997,3528,0,2,29,31,1.064516129032258,0.04485301852605202,588,"""Pull my chain and ring my bell""."
3850,3528,0,2,29,31,1.064516129032258,0.04485301852605202,588,"Officer, I'd like to report a thirsty hunchback."
4006,3528,0,2,29,31,1.064516129032258,0.04485301852605202,588,"?""I mean he doesn't look anything like his eHarmony profile pic.""?"
4076,3528,0,2,29,31,1.064516129032258,0.04485301852605202,588,"Hold on Sally, the stalker's back."
4091,3528,0,2,29,31,1.064516129032258,0.04485301852605202,588,That Trump Era bald eagle is looking for a hair piece again.
4092,3528,0,2,29,31,1.064516129032258,0.04485301852605202,588,"Oh, and that hunch is back."
4178,3528,0,2,29,31,1.064516129032258,0.04485301852605202,588,He's kind of growing on me.
4190,3528,0,2,29,31,1.064516129032258,0.04485301852605202,588,A leap of faith.
4202,3528,1,0,30,31,1.064516129032258,0.06451612903225803,588,"On the plus side, he manages a successful limo service called Quasi-Motors."
4204,3528,0,2,29,31,1.064516129032258,0.04485301852605202,588,I sense a Gothic Revival is just ahead. I sense a Gothic Revival is just ahead.
4205,3528,0,2,29,31,1.064516129032258,0.04485301852605202,588,You won't believe what I'm looking at!
4213,3528,0,2,29,31,1.064516129032258,0.04485301852605202,588,"No, I have never seen him ring the bells."
4221,3528,1,0,30,31,1.064516129032258,0.06451612903225803,588,We’d make a perfect couple-you’re sanity would counterbalance my inanity
4248,3528,0,2,29,31,1.064516129032258,0.04485301852605202,588,"Oh, it's just the Hunchback of Battery Park."
4255,3528,0,2,29,31,1.064516129032258,0.04485301852605202,588,One step away from paradise.
4017,3528,0,2,29,31,1.064516129032258,0.04485301852605202,588,He says he'll throw in the alarm system.
3267,3528,0,2,29,31,1.064516129032258,0.04485301852605202,588,He's always reminding me that it's a sanctuary up here.
3848,3528,0,2,29,31,1.064516129032258,0.04485301852605202,588,"Well, at least they kicked him out of the Academy."
3800,3528,0,2,29,31,1.064516129032258,0.04485301852605202,588,La Notre Dame aux Camelias?
2057,3528,0,2,29,31,1.064516129032258,0.04485301852605202,588,"Oh my god - can I call you back - my neighbor, Quasimodo - yeah, that guy - right, the guy who's like, You're Not Going To Sleep In On Sunday Mornings Ever Again! - is peeping."
3348,3528,0,2,29,31,1.064516129032258,0.04485301852605202,588,Ive got a hunch I'm being stared at
3355,3528,0,2,29,31,1.064516129032258,0.04485301852605202,588,I have a hunch that you come out here because you like me.
3434,3528,0,2,29,31,1.064516129032258,0.04485301852605202,588,"Honey, That Hunchback is here again!"
3435,3528,0,2,29,31,1.064516129032258,0.04485301852605202,588,They say his name is Harvey...
3456,3528,0,2,29,31,1.064516129032258,0.04485301852605202,588,"Dr. Roberts, one of your chiropractic patients got confused and is up here again."
3471,3528,0,2,29,31,1.064516129032258,0.04485301852605202,588,He’s about to desecrate the liberty bell.
3535,3528,0,2,29,31,1.064516129032258,0.04485301852605202,588,I'll have to call you back. My Father's here for confession.
3553,3528,0,2,29,31,1.064516129032258,0.04485301852605202,588,Hello hunchback.
3561,3528,0,2,29,31,1.064516129032258,0.04485301852605202,588,I think that in a perverse way that what he's doing is gallant.
3565,3528,0,2,29,31,1.064516129032258,0.04485301852605202,588,So that's how he got his hunched back.
3569,3528,0,2,29,31,1.064516129032258,0.04485301852605202,588,If only she'd swipe right...
3830,3528,0,2,29,31,1.064516129032258,0.04485301852605202,588,He keeps calling me 'Esmeralda.'
3588,3528,1,0,30,31,1.064516129032258,0.06451612903225803,588,I didn't say Simon says.
3610,3528,0,2,29,31,1.064516129032258,0.04485301852605202,588,I'm training Tom to look into my eyes instead of DOWN my blouse.
3613,3528,0,2,29,31,1.064516129032258,0.04485301852605202,588,"Hey there, I am your new neighbor from San Francisco nano-apartment"
3625,3528,0,2,29,31,1.064516129032258,0.04485301852605202,588,"Hold on, I think the neighbor just rang the bell."
3645,3528,0,2,29,31,1.064516129032258,0.04485301852605202,588,"I think he was, like, drawn to my new ringtone. It's, like, marimbas or something."
3704,3528,0,2,29,31,1.064516129032258,0.04485301852605202,588,"Aspire to the top: high floor, garden view, peak property."
3708,3528,0,2,29,31,1.064516129032258,0.04485301852605202,588,"For the disco hour, I have someone dying to hear ""Ring My Bell"""
3715,3528,0,2,29,31,1.064516129032258,0.04485301852605202,588,"My back's not getting any straighter, you know?"
3721,3528,0,2,29,31,1.064516129032258,0.04485301852605202,588,The zoning laws in this neighborhood have to change
3731,3528,0,2,29,31,1.064516129032258,0.04485301852605202,588,I guess that's what happens when you feed a genetically modified organism a genetically modified organism.
3773,3528,0,2,29,31,1.064516129032258,0.04485301852605202,588,I am looking at him right now - we are on top of the world and he really is on the ball!
3792,3528,1,0,30,31,1.064516129032258,0.06451612903225803,588,"He's just the Gargoyle. Not Mr. Gargoyle, not Bro-goyle, not The Goyle-meister, not Gargoyl-ius, not Gargoy-licious. Ok, sometimes he's Mr. Crouchy...."
3795,3528,0,2,29,31,1.064516129032258,0.04485301852605202,588,Is that Esmerelda?
3599,3528,0,2,29,31,1.064516129032258,0.04485301852605202,588,"Judy, there's a peeping Quasimodo staring at me"
2030,3528,0,2,29,31,1.064516129032258,0.04485301852605202,588,"It may be politically incorrect, but you should see this."
2103,3528,0,2,29,31,1.064516129032258,0.04485301852605202,588,Have ever thought that Harvey Weinstein and Quasimodo are twins?
1953,3528,1,0,30,31,1.064516129032258,0.06451612903225803,588,"Oh yes, Dan's new job is a perfect fit for him, and the commute - right across the street - has been great for our relationship."
395,3528,0,2,29,31,1.064516129032258,0.04485301852605202,588,He's not kneeling or standing - he's just squatting.
440,3528,0,2,29,31,1.064516129032258,0.04485301852605202,588,"Hold on, I'm having a deja vu."""
493,3528,0,2,29,31,1.064516129032258,0.04485301852605202,588,"He's kind of cute, but he does have his own place --Notre Dame."
494,3528,0,2,29,31,1.064516129032258,0.04485301852605202,588,I have a quasi-view from my balcony.
503,3528,0,2,29,31,1.064516129032258,0.04485301852605202,588,"Here, I can let you talk to him right now."
537,3528,0,2,29,31,1.064516129032258,0.04485301852605202,588,All I said was 'Esmerelda from the University of Notre Dame' and now he won't leave me alone.
549,3528,0,2,29,31,1.064516129032258,0.04485301852605202,588,Ring-a-ding-ding!
551,3528,0,2,29,31,1.064516129032258,0.04485301852605202,588,If he starts ringing the bell I'll call you back
589,3528,0,2,29,31,1.064516129032258,0.04485301852605202,588,I had a hunch I'd find you here.
605,3528,0,2,29,31,1.064516129032258,0.04485301852605202,588,Venison de Milo and little Stew...magnificent
610,3528,1,0,30,31,1.064516129032258,0.06451612903225803,588,I swear he's a dead ringer for Charles Laughton.
672,3528,0,2,29,31,1.064516129032258,0.04485301852605202,588,Chill out. Phone's almost charged.
675,3528,0,2,29,31,1.064516129032258,0.04485301852605202,588,"Ma, look I gotta go. That tower bell guy is leering at me again."
681,3528,0,2,29,31,1.064516129032258,0.04485301852605202,588,"So far it's 1-0, and I'm leading this staring contest."
710,3528,0,2,29,31,1.064516129032258,0.04485301852605202,588,Gotta go - I think my blind date for Easter Sunday just showed up.
728,3528,0,2,29,31,1.064516129032258,0.04485301852605202,588,He says he took a second job.
757,3528,0,2,29,31,1.064516129032258,0.04485301852605202,588,"It's been a few days , huh?"
774,3528,1,0,30,31,1.064516129032258,0.06451612903225803,588,"You PROBABLY shouldn't be intimidated - but as I was saying before you HUNG UP on me, ""I'm calling on behalf of the Police Benovent Fund . . ."""
779,3528,0,2,29,31,1.064516129032258,0.04485301852605202,588,"Next time, text me."
1955,3528,0,2,29,31,1.064516129032258,0.04485301852605202,588,The human gargoyle is back
818,3528,0,2,29,31,1.064516129032258,0.04485301852605202,588,"Yeah, he does ring a bell, actually."
860,3528,0,2,29,31,1.064516129032258,0.04485301852605202,588,"These phone bills sure aren't going down. And these government vultures sure are invasive, Ivy."
885,3528,0,2,29,31,1.064516129032258,0.04485301852605202,588,Quasimodon't look at me like that
886,3528,0,2,29,31,1.064516129032258,0.04485301852605202,588,"No, it's the hunchback of St. Patrick's in New York."
890,3528,0,2,29,31,1.064516129032258,0.04485301852605202,588,"Look, I'm not a religious person, but I think a miracle is about to happen."
388,3528,0,2,29,31,1.064516129032258,0.04485301852605202,588,Mine is a co op.
382,3528,0,2,29,31,1.064516129032258,0.04485301852605202,588,I have a hunch about my potted plant.
381,3528,0,2,29,31,1.064516129032258,0.04485301852605202,588,I am hoping he meant to say to look for the key under the pot.
369,3528,0,2,29,31,1.064516129032258,0.04485301852605202,588,The balls! The balls!
1,3528,0,2,29,31,1.064516129032258,0.04485301852605202,588,I see this guy's work everywhere.
2,3528,0,2,29,31,1.064516129032258,0.04485301852605202,588,He's become very popular. I see his work everywhere.
13,3528,0,2,29,31,1.064516129032258,0.04485301852605202,588,I’ve always enjoyed his early Bambi period.
33,3528,0,2,29,31,1.064516129032258,0.04485301852605202,588,...just a hunch
52,3528,0,2,29,31,1.064516129032258,0.04485301852605202,588,Deerivative...
62,3528,0,2,29,31,1.064516129032258,0.04485301852605202,588,"You know what, I will swipe right. Sometimes it's fun to live on the edge."
64,3528,0,2,29,31,1.064516129032258,0.04485301852605202,588,Yes he does look like Charles Laughton’s great grandson. How did you know?
89,3528,0,2,29,31,1.064516129032258,0.04485301852605202,588,"Victor Hugo, no I never heard of him."
94,3528,0,2,29,31,1.064516129032258,0.04485301852605202,588,It's a sign. That's what I'm telling you.
127,3528,0,2,29,31,1.064516129032258,0.04485301852605202,588,"Uh huh, right. Yup- hold on. Hey Quasimodo, you need something? Water?"
129,3528,0,2,29,31,1.064516129032258,0.04485301852605202,588,"Nothing much. Oh, yeah, there's this guy who insists on calling me Esmeralda."
153,3528,0,2,29,31,1.064516129032258,0.04485301852605202,588,He says he is a Bruce-goyle.
895,3528,0,2,29,31,1.064516129032258,0.04485301852605202,588,"Hello 9-1-1, I have a description of that peeping tom. A weird looking face, hunchback, and a Notre Dame fan."
183,3528,0,2,29,31,1.064516129032258,0.04485301852605202,588,"Hold on a second, someone else is ringing."
202,3528,0,2,29,31,1.064516129032258,0.04485301852605202,588,Esmeralda? Beats me!
206,3528,0,2,29,31,1.064516129032258,0.04485301852605202,588,I've got a hunch you're really going to like my new apartment.
214,3528,0,2,29,31,1.064516129032258,0.04485301852605202,588,"Quasi is my name, ringing bells is my game."
240,3528,0,2,29,31,1.064516129032258,0.04485301852605202,588,"Mom, I feel like I'm missing something..."
253,3528,0,2,29,31,1.064516129032258,0.04485301852605202,588,"I think he thinks my name is ""sanctuary"""
254,3528,0,2,29,31,1.064516129032258,0.04485301852605202,588,"No, I'm not a football fan and yes, 'The Halfback of Notre Dame' is perched outside my window!"
274,3528,0,2,29,31,1.064516129032258,0.04485301852605202,588,"A peaking Tom, in deed."
282,3528,0,2,29,31,1.064516129032258,0.04485301852605202,588,"Sorry, what? My neighbor is at his music again!"
296,3528,0,2,29,31,1.064516129032258,0.04485301852605202,588,It has a quasi-nice view though.
304,3528,0,2,29,31,1.064516129032258,0.04485301852605202,588,Can you hear me now?
329,3528,0,2,29,31,1.064516129032258,0.04485301852605202,588,He's a hunchback on top of a church. What more do you need?
347,3528,0,2,29,31,1.064516129032258,0.04485301852605202,588,Keeping up with the Kardeershians
193,3528,0,2,29,31,1.064516129032258,0.04485301852605202,588,He does chime on the hour.
897,3528,0,2,29,31,1.064516129032258,0.04485301852605202,588,Guess what Harvey’s up to now.
814,3528,0,2,29,31,1.064516129032258,0.04485301852605202,588,"Es here, sweetie, just spitballing but I see Quasimodo and a potted plant as a winning ticket in 2020."
922,3528,0,2,29,31,1.064516129032258,0.04485301852605202,588,Creepy neighbors keep locksmiths in business... right Quasimodo?
1397,3528,0,2,29,31,1.064516129032258,0.04485301852605202,588,He could be the hunchback of Notre-Dame for all I care. I just want to feel protected.
1403,3528,0,2,29,31,1.064516129032258,0.04485301852605202,588,IF YOU WOULD HAVE SIGNED UP YOU COULD HAVE HAD THAT PROBLEM REMOVED .
1421,3528,0,2,29,31,1.064516129032258,0.04485301852605202,588,Who told you there was a stick up my butt?
1424,3528,1,0,30,31,1.064516129032258,0.06451612903225803,588,Not much. What's new with you?
1504,3528,0,2,29,31,1.064516129032258,0.04485301852605202,588,I think he’s a football player. From Notre Dame?
1547,3528,0,2,29,31,1.064516129032258,0.04485301852605202,588,Be careful you don't knock that thing over.
914,3528,0,2,29,31,1.064516129032258,0.04485301852605202,588,"I don't know, I think he's yelling something about the quarterback at Notre Dame."
1586,3528,0,2,29,31,1.064516129032258,0.04485301852605202,588,"I gotta run, the hunchback is here."
1592,3528,0,2,29,31,1.064516129032258,0.04485301852605202,588,Le Voyeur de Notre Damr
1604,3528,0,2,29,31,1.064516129032258,0.04485301852605202,588,Only when I water.
1606,3528,0,2,29,31,1.064516129032258,0.04485301852605202,588,"I told him I pitched for Notre Dame, so now he wants to see my rise ball."
1608,3528,0,2,29,31,1.064516129032258,0.04485301852605202,588,I can smell that pot plant from here.
1632,3528,0,2,29,31,1.064516129032258,0.04485301852605202,588,This is my second goth sighting this week.
1635,3528,0,2,29,31,1.064516129032258,0.04485301852605202,588,I had a hunch you would be here today. You too?
1680,3528,1,0,30,31,1.064516129032258,0.06451612903225803,588,"Sally, he really takes charades seriously."
1705,3528,0,2,29,31,1.064516129032258,0.04485301852605202,588,Looks like he's about to leap from church to private sector. Must be one of those lobbyists trying to do away with birth control.
1720,3528,1,0,30,31,1.064516129032258,0.06451612903225803,588,He says he belongs to the local Neighborhood Watch.
1743,3528,0,2,29,31,1.064516129032258,0.04485301852605202,588,"I call it ""mooning"" because the Hebrew words for moon and buttocks are almost homonyms. = = = = = = = = = See slide 11 in https://www.dropbox.com/s/am5qcg97ef4h77n/Idioms_via_PSM.pptx?dl=0"
1749,3528,0,2,29,31,1.064516129032258,0.04485301852605202,588,If I jump on your balcony we you let me inside so we can massage each other.
1750,3528,0,2,29,31,1.064516129032258,0.04485301852605202,588,"That new club Sanctuary is great. The bouncer, though..."
1862,3528,0,2,29,31,1.064516129032258,0.04485301852605202,588,"Yes, Quasimodo, we do wear pants AND water plants."
1873,3528,0,2,29,31,1.064516129032258,0.04485301852605202,588,"I don't know why I have to pay for his sunshine, I'm on the shady side of the building."
1875,3528,0,2,29,31,1.064516129032258,0.04485301852605202,588,"So this dweeb with all his underwear on his back is looking at me, but I don't think he can jump this far."
1895,3528,0,2,29,31,1.064516129032258,0.04485301852605202,588,"Trust me. If you're afraid of heights, this apartment definitely is not for you."
1900,3528,0,2,29,31,1.064516129032258,0.04485301852605202,588,"I have a hunch, he is either a prayer or a pryer."
1391,3528,0,2,29,31,1.064516129032258,0.04485301852605202,588,Security? I'd like to report a quasi-stalker.
1389,3528,0,2,29,31,1.064516129032258,0.04485301852605202,588,Want:-to-be actors will do anything to get that part in the remake of Hunchbak..
1558,3528,0,2,29,31,1.064516129032258,0.04485301852605202,588,"It's a no-bedroom loft. It comes with ""sanctuary"", and the best part is we would be neighbors!! He's asking $100K but I think you could talk him down."
1370,3528,0,2,29,31,1.064516129032258,0.04485301852605202,588,I have apretty strong hunch he likes me!
932,3528,0,2,29,31,1.064516129032258,0.04485301852605202,588,I have a hunch my neighbor likes me.
938,3528,0,2,29,31,1.064516129032258,0.04485301852605202,588,Can we do hunch—I mean brunch.
951,3528,0,2,29,31,1.064516129032258,0.04485301852605202,588,Your face rings a bell.
952,3528,0,2,29,31,1.064516129032258,0.04485301852605202,588,"Yeah, he's right there, just staring at me. But least he isn't ringing that damn bell at all hours!"
1381,3528,0,2,29,31,1.064516129032258,0.04485301852605202,588,I swear my plant is thriving! I think Quasi sings to it while I'm away.
998,3528,0,2,29,31,1.064516129032258,0.04485301852605202,588,"His name may be Quasi, but he's totally creepy."
1028,3528,1,0,30,31,1.064516129032258,0.06451612903225803,588,See the way she is watering her plant...she wants me.
1074,3528,0,2,29,31,1.064516129032258,0.04485301852605202,588,"He’s old fashioned. No texts, but he’s trying to learn voicemail."
1108,3528,0,2,29,31,1.064516129032258,0.04485301852605202,588,It's called reverse AirBnB.
1112,3528,0,2,29,31,1.064516129032258,0.04485301852605202,588,"Finally, we meet, one crone to another."
1180,3528,0,2,29,31,1.064516129032258,0.04485301852605202,588,"Sure he's unsettling, but his parkour is amazing."
1189,3528,0,2,29,31,1.064516129032258,0.04485301852605202,588,"Cardinal Dolan, he's back."
997,3528,0,2,29,31,1.064516129032258,0.04485301852605202,588,Mouse!
1192,3528,0,2,29,31,1.064516129032258,0.04485301852605202,588,"I want to report a high-jumper, who happens to be something of an exhibishinist."
1204,3528,1,0,30,31,1.064516129032258,0.06451612903225803,588,"I’d take a selfie with him, but it’s probably what he wants."
1218,3528,0,2,29,31,1.064516129032258,0.04485301852605202,588,Cream or sugar?
1225,3528,0,2,29,31,1.064516129032258,0.04485301852605202,588,He dumped me last week but I have a hunch he'll be back.
1227,3528,0,2,29,31,1.064516129032258,0.04485301852605202,588,Pics or it never happened.
1233,3528,1,0,30,31,1.064516129032258,0.06451612903225803,588,It all started when his cell phone died.
1258,3528,0,2,29,31,1.064516129032258,0.04485301852605202,588,Put me th
1259,3528,0,2,29,31,1.064516129032258,0.04485301852605202,588,I guess he's trying to tell me his place is rent controlled.
1276,3528,0,2,29,31,1.064516129032258,0.04485301852605202,588,He only comes up on Wednesdays.
1280,3528,0,2,29,31,1.064516129032258,0.04485301852605202,588,"""If you're busy, I can ring you later.""spevakpoet@"
1325,3528,0,2,29,31,1.064516129032258,0.04485301852605202,588,"Oh, oh, send me TWO chocolate croissants, please."
1356,3528,0,2,29,31,1.064516129032258,0.04485301852605202,588,"Esmeralda, what’s growing between us?"
1191,3528,0,2,29,31,1.064516129032258,0.04485301852605202,588,"That's a Ficus, it prefers regular misting!"
3075,3761,0,2,30,32,1.0625,0.04347552147751577,588,The Climb definitely wasn't worth it!
3114,3761,0,2,30,32,1.0625,0.04347552147751577,588,He's the most dedicated Peeping Tom I've ever seen.
3270,3761,1,0,31,32,1.0625,0.0625,588,He could be my Father!
3219,3761,0,2,30,32,1.0625,0.04347552147751577,588,I have to go. My new boyfriend’s here to pick me up.
2856,3761,0,2,30,32,1.0625,0.04347552147751577,588,"No, I'm guessing he lives there, but I paid no attention to him until after the hurricane. I tried throwing him a roll of toilet paper yesterday."
3175,3761,0,2,30,32,1.0625,0.04347552147751577,588,You says his name is . . . Quasimodo ?
2841,3761,0,2,30,32,1.0625,0.04347552147751577,588,"She said what ! . . they do so know, . . . oh yeah, says his name is Quazi something . . . lunch tomorrow?"
2181,3761,0,2,30,32,1.0625,0.04347552147751577,588,He can probably claim squatters’ rights...
2567,3761,0,2,30,32,1.0625,0.04347552147751577,588,Harry thinks he's a gargoyle.
2531,3761,0,2,30,32,1.0625,0.04347552147751577,588,"Ez, he keeps asking,"" Why can I not be made of phones like thee?"""
2407,3761,0,2,30,32,1.0625,0.04347552147751577,588,Buy the air rights.
2295,3761,0,2,30,32,1.0625,0.04347552147751577,588,"Yes, I told the bishop that I was not interested!"
2154,3761,0,2,30,32,1.0625,0.04347552147751577,588,"It's okay, his wife doesn't allow him to watch the TV."
2227,3761,0,2,30,32,1.0625,0.04347552147751577,588,"So, just tell him ""Back in the belfry?"""
3282,3761,0,2,30,32,1.0625,0.04347552147751577,588,The new Hugo Boss ad campaign is over the top if you ask me.
2828,3761,0,2,30,32,1.0625,0.04347552147751577,588,Gotta run. Harvey Weinstein wants me to give him a shower.
3286,3761,0,2,30,32,1.0625,0.04347552147751577,588,You won't believe the new fineal they put on the Cathedral !
2137,3761,0,2,30,32,1.0625,0.04347552147751577,588,"yes, it grows very well, the bath every day"
3438,3761,0,2,30,32,1.0625,0.04347552147751577,588,Hang on—just got to move this plant over for a fellow playing leap frog.
4088,3761,0,2,30,32,1.0625,0.04347552147751577,588,"No, I didn’t say it was quasi-modern."
4113,3761,0,2,30,32,1.0625,0.04347552147751577,588,Hold on a second. I've got to get away from the hunchback voyeur of New York City.
4200,3761,0,2,30,32,1.0625,0.04347552147751577,588,"Hi, I'm Harvey. For a quick massage, I could make you into a movie star."
4035,3761,1,0,31,32,1.0625,0.0625,588,I think he's a Comic con guy getting carried away.
4024,3761,0,2,30,32,1.0625,0.04347552147751577,588,"No, he's not listed in the lease."
3860,3761,0,2,30,32,1.0625,0.04347552147751577,588,"Well, I have a Hunch that might go down the wrong way !"
3777,3761,0,2,30,32,1.0625,0.04347552147751577,588,I think it's time to change my ringtone.
3405,3761,0,2,30,32,1.0625,0.04347552147751577,588,I'm thirsty
4211,3761,0,2,30,32,1.0625,0.04347552147751577,588,"Elizabeth, your ex is wearing his Quasimodo outfit again and looking scary."
3714,3761,0,2,30,32,1.0625,0.04347552147751577,588,There's this really weird pigeon that won't stop looking at me.
3684,3761,0,2,30,32,1.0625,0.04347552147751577,588,I was thinking about spending more time at church.
3607,3761,0,2,30,32,1.0625,0.04347552147751577,588,This gentrification is getting out of control.
3597,3761,0,2,30,32,1.0625,0.04347552147751577,588,He grows on you.
3522,3761,0,2,30,32,1.0625,0.04347552147751577,588,Well he can ring my bell any time he wants.
3498,3761,0,2,30,32,1.0625,0.04347552147751577,588,You should check out the new balancing act by my apartment.
3454,3761,0,2,30,32,1.0625,0.04347552147751577,588,"I don't know his name, what is this Jeopardy? It's the guy that played Captain Bligh, but he's without his uniform and he's staring at me."
3776,3761,0,2,30,32,1.0625,0.04347552147751577,588,Now for the plyometric jump I learned last week in class.
1968,3761,0,2,30,32,1.0625,0.04347552147751577,588,If you had let down your hair.
303,3761,0,2,30,32,1.0625,0.04347552147751577,588,Once you go hunch you got back.
1931,3761,0,2,30,32,1.0625,0.04347552147751577,588,"The 1800's are calling, they want their belfry back."
729,3761,0,2,30,32,1.0625,0.04347552147751577,588,I think I know where he went when he left the Colts game
574,3761,0,2,30,32,1.0625,0.04347552147751577,588,He's getting bolder.
572,3761,0,2,30,32,1.0625,0.04347552147751577,588,Ahhhhh. Too much water. Back off. Just a hunch.
565,3761,0,2,30,32,1.0625,0.04347552147751577,588,Quasiloco.
499,3761,0,2,30,32,1.0625,0.04347552147751577,588,I have a hunch on where to find sanctuary.
459,3761,0,2,30,32,1.0625,0.04347552147751577,588,It’s hard to describe but I just seem to have this feeling ...
804,3761,0,2,30,32,1.0625,0.04347552147751577,588,I gotta go...45 is peeping at me again.
437,3761,1,0,31,32,1.0625,0.0625,588,"Not sure sweetie, he doesn't appear to be a true modo, more of a quasi-modo."
322,3761,0,2,30,32,1.0625,0.04347552147751577,588,The simplicity is so amazing and the images remind me of home and family.
273,3761,0,2,30,32,1.0625,0.04347552147751577,588,Don't lecture me again about gentrification.
92,3761,0,2,30,32,1.0625,0.04347552147751577,588,"Darling conservationists just don't understand real estate development, it gets rid of the riff-raff"
43,3761,0,2,30,32,1.0625,0.04347552147751577,588,"Frollo? Yeah, it's me ... I have a hunch that the weirdo is back."
7,3761,0,2,30,32,1.0625,0.04347552147751577,588,"He's kinda cute, but he keeps calling me Esmeralda."
1939,3761,0,2,30,32,1.0625,0.04347552147751577,588,Your hunch's back.
383,3761,0,2,30,32,1.0625,0.04347552147751577,588,"Tea, thee, and me?"
810,3761,0,2,30,32,1.0625,0.04347552147751577,588,I have a hunch you're Quasimodo.
695,3761,0,2,30,32,1.0625,0.04347552147751577,588,"Well, now I know why the old tenant suggested I set my ringtone as ""the bells""."
881,3761,0,2,30,32,1.0625,0.04347552147751577,588,"I do like the apartment, but the hunchback is kind of creepy."
1913,3761,0,2,30,32,1.0625,0.04347552147751577,588,It's quasi private here.
1876,3761,0,2,30,32,1.0625,0.04347552147751577,588,Careful. You look like squab.
1845,3761,0,2,30,32,1.0625,0.04347552147751577,588,I need a new outfit for the Festival of Fools.
1807,3761,0,2,30,32,1.0625,0.04347552147751577,588,"No, Notre Dame plays Navy this week"
851,3761,0,2,30,32,1.0625,0.04347552147751577,588,I'd like to ring her bell.
1557,3761,0,2,30,32,1.0625,0.04347552147751577,588,Hop right over if you are thirsty.
1442,3761,0,2,30,32,1.0625,0.04347552147751577,588,It's so humbling to realize they thought of us as gods.
1727,3761,0,2,30,32,1.0625,0.04347552147751577,588,"Sorry, but its the only place I could get away from Hillary Clinton's excuse making after her loss to Donald Trump."
1203,3761,0,2,30,32,1.0625,0.04347552147751577,588,I absolutely love my new apartment. It has a fantastic view of Notre-Dame.
1200,3761,0,2,30,32,1.0625,0.04347552147751577,588,I'm willing to continue the relationship from a distance. I just hope he has guts enough to take the plunge!
1109,3761,0,2,30,32,1.0625,0.04347552147751577,588,"Hey, I don't like you that, can we be friends?"
1025,3761,0,2,30,32,1.0625,0.04347552147751577,588,TOTALLY PERFECT BODY.
993,3761,1,0,31,32,1.0625,0.0625,588,"We were way ahead of the curves, weren't we?"
944,3761,0,2,30,32,1.0625,0.04347552147751577,588,We started out selling cheese steaks.
1412,3761,0,2,30,32,1.0625,0.04347552147751577,588,"It's just a hunch, but I think he's thirsty."
1550,3833,0,2,31,33,1.0606060606060606,0.04218003305174255,588,A leap of faith.
4171,3833,0,2,31,33,1.0606060606060606,0.04218003305174255,588,"Oui, mon amour, this new apartment really is a sanctuary for my thirsty plants."
3659,3833,1,0,32,33,1.0606060606060606,0.06060606060606058,588,Are you God?
3560,3833,0,2,31,33,1.0606060606060606,0.04218003305174255,588,Can you smell me now?
2993,3833,0,2,31,33,1.0606060606060606,0.04218003305174255,588,He says if I massage his back l'll He says if I massage his back he'll make me a real bell ringer.
1609,3833,0,2,31,33,1.0606060606060606,0.04218003305174255,588,He's cute. He's just always getting high and clingy.
1064,3833,0,2,31,33,1.0606060606060606,0.04218003305174255,588,He's more like quasi-stalker.
3147,3833,0,2,31,33,1.0606060606060606,0.04218003305174255,588,Is like to report a peeping Quasimodo please.
633,3833,0,2,31,33,1.0606060606060606,0.04218003305174255,588,Hey I am going to have to call you back. That weirdo from next door is staring at me again!
558,3833,0,2,31,33,1.0606060606060606,0.04218003305174255,588,I'm looking for someone who can sweep me off my feet.
350,3833,0,2,31,33,1.0606060606060606,0.04218003305174255,588,I have cell service but the hunchback is still trying.
701,3833,0,2,31,33,1.0606060606060606,0.04218003305174255,588,Do you think I'm close enough for Him to hear me?
2880,3845,0,2,32,34,1.0588235294117647,0.0409594484601642,588,"No, Quasimodo is not some kinda cross between haute couture and shabby chic."
1732,3845,0,2,32,34,1.0588235294117647,0.0409594484601642,588,I just have a hunch that Notre Dame football will be back this year.
1907,3845,1,0,33,34,1.0588235294117647,0.05882352941176471,588,"Last week I thought he was cured, but now I take my hunch back."
3543,3848,0,2,33,35,1.0571428571428572,0.039807459772527774,588,"Yes, Mr. Hugo, Quasimodo still seems obsessed with me, and this time half-naked!"
1298,3849,0,2,34,36,1.0555555555555556,0.0387184473576205,588,Mom...I think I'm falling in love.
1974,3849,0,2,34,36,1.0555555555555556,0.0387184473576205,588,Victor.....Desdemona here and have I got a novel idea for you!
2684,3851,0,1,27,28,1.0357142857142858,0.036369648372665396,588,He is complaining that my Bells of Ireland Flowers are too loud and make his ears ring.
2852,3851,0,1,27,28,1.0357142857142858,0.036369648372665396,588,"Hello...yes, this is Ismeralda...."
2680,3851,0,1,27,28,1.0357142857142858,0.036369648372665396,588,"Gee, from the ground, it DID look lieit was mylar..."
2760,3851,0,1,27,28,1.0357142857142858,0.036369648372665396,588,I feel like you've been up there for centuries.
2802,3851,0,1,27,28,1.0357142857142858,0.036369648372665396,588,"Yes, that's right. He decided to use one of his sick days."
2698,3851,0,1,27,28,1.0357142857142858,0.036369648372665396,588,"I'm glad I bought the condo, downtown rental vacancies are really low!"
2862,3851,0,1,27,28,1.0357142857142858,0.036369648372665396,588,"""...and now he's telling me that love is like a tree, grows by itself. I agree it seems sweet, I'm just saying it seems like a lot of effort""."
3001,3851,0,1,27,28,1.0357142857142858,0.036369648372665396,588,Looks like my Uber is going to be late.
2945,3851,0,1,27,28,1.0357142857142858,0.036369648372665396,588,I'd like to report a broken elevator.
2952,3851,0,1,27,28,1.0357142857142858,0.036369648372665396,588,"The Blue Bells, The Blue Bells..."
2958,3851,0,1,27,28,1.0357142857142858,0.036369648372665396,588,"Romeo, my Romeo, why must thou be a pooper?"
2659,3851,0,1,27,28,1.0357142857142858,0.036369648372665396,588,I had a hunch ur gonna call
3008,3851,0,1,27,28,1.0357142857142858,0.036369648372665396,588,Hopefully he can’t jump because of his hump!
3012,3851,0,1,27,28,1.0357142857142858,0.036369648372665396,588,First I'd like to get whatever serves as his autograph---then a restraining order.
3049,3851,0,1,27,28,1.0357142857142858,0.036369648372665396,588,He does ring a bell
3085,3851,0,1,27,28,1.0357142857142858,0.036369648372665396,588,"..and at the end, the beast magically turns into a handsome prince. Movies are so far-fetched!"
2933,3851,0,1,27,28,1.0357142857142858,0.036369648372665396,588,Esmeralda! Long time no see.
2587,3851,0,1,27,28,1.0357142857142858,0.036369648372665396,588,Quasi-modern is the newest trend.
2409,3851,0,1,27,28,1.0357142857142858,0.036369648372665396,588,"Yes, I would like to report a peeping Quasimodo."
2495,3851,0,1,27,28,1.0357142857142858,0.036369648372665396,588,"Yeah, I know what your thinking, but he says he's Batman."
3126,3851,0,1,27,28,1.0357142857142858,0.036369648372665396,588,He appears to need a bathroom.
2061,3851,0,1,27,28,1.0357142857142858,0.036369648372665396,588,he says I'll never work in this town again
2024,3851,0,1,27,28,1.0357142857142858,0.036369648372665396,588,The rent is high but the view is only quasi-luxurious
1976,3851,0,1,27,28,1.0357142857142858,0.036369648372665396,588,I will tolerate anything for south-facing views.
2071,3851,0,1,27,28,1.0357142857142858,0.036369648372665396,588,"Hello, this is Esmeralda. May I speak to the Archdeacon?"
2072,3851,0,1,27,28,1.0357142857142858,0.036369648372665396,588,"Hey, it's Esmy. So, I'm seeing this new guy who really rings my chimes."
2141,3851,0,1,27,28,1.0357142857142858,0.036369648372665396,588,"Oh my God, I love their bread sticks!"
2150,3851,0,1,27,28,1.0357142857142858,0.036369648372665396,588,I was afraid something like this would happen when the Church finally cracked down on priest child abuse.
2184,3851,0,1,27,28,1.0357142857142858,0.036369648372665396,588,Donna... He's baaack!
2301,3851,0,1,27,28,1.0357142857142858,0.036369648372665396,588,"I'm busy now, but why don't you swing by later."
2319,3851,0,1,27,28,1.0357142857142858,0.036369648372665396,588,I'm pouring a bunch of my piss on a plant.
2334,3851,0,1,27,28,1.0357142857142858,0.036369648372665396,588,"Sorry, smoking not allowed there."
2370,3851,0,1,27,28,1.0357142857142858,0.036369648372665396,588,Looks like Apartment 1 are growing genetically modified plants again.
2392,3851,0,1,27,28,1.0357142857142858,0.036369648372665396,588,"Jack is sitting across from me, waiting for his beanstalk to grow. My flying carpet should be here in a minute."
2400,3851,0,1,27,28,1.0357142857142858,0.036369648372665396,588,"I'm sorry, Master. I will never disobey you again."
2432,3851,0,1,27,28,1.0357142857142858,0.036369648372665396,588,"I was trying to get closer to God, but apparently there's an easier way."
2437,3851,0,1,27,28,1.0357142857142858,0.036369648372665396,588,"If you are that interested in my plant, I'll just give it to you..."
2581,3851,0,1,27,28,1.0357142857142858,0.036369648372665396,588,"Pole sitter, ""Sitting on a ball is not the way to my heart Alvin."""
3145,3851,0,1,27,28,1.0357142857142858,0.036369648372665396,588,"Hold on, I've got a hunch..."
3864,3851,0,1,27,28,1.0357142857142858,0.036369648372665396,588,Now he's moved in right across the street.
3281,3851,0,1,27,28,1.0357142857142858,0.036369648372665396,588,Why didn't you bring your phone with you?
3816,3851,0,1,27,28,1.0357142857142858,0.036369648372665396,588,Guess I can't look down on him anymore
3829,3851,0,1,27,28,1.0357142857142858,0.036369648372665396,588,"Yes, I met Quasimodo."
1967,3851,0,1,27,28,1.0357142857142858,0.036369648372665396,588,I think I need a taller chapel.
3887,3851,0,1,27,28,1.0357142857142858,0.036369648372665396,588,"Oh, I wouldn't say there's a motive -- well, maybe a quasi motive."
3893,3851,0,1,27,28,1.0357142857142858,0.036369648372665396,588,"Good to see Philly remains Penn's ""greene country towne""."
3916,3851,0,1,27,28,1.0357142857142858,0.036369648372665396,588,"There’s a guy here, says his name is Quasimodo and that, I look like his gypsy!"
3930,3851,0,1,27,28,1.0357142857142858,0.036369648372665396,588,He's always ringing that bell and inviting me over for drinks.
3946,3851,0,1,27,28,1.0357142857142858,0.036369648372665396,588,"""I thought this would help you pee""."
3955,3851,0,1,27,28,1.0357142857142858,0.036369648372665396,588,Can you hold? My ringer says I have another call.
3962,3851,0,1,27,28,1.0357142857142858,0.036369648372665396,588,We'll take Notre Dame with the points.
4085,3851,0,1,27,28,1.0357142857142858,0.036369648372665396,588,Good morning. Have a good day.
4105,3851,0,1,27,28,1.0357142857142858,0.036369648372665396,588,Had a hunch you'd like my new apartment
4107,3851,0,1,27,28,1.0357142857142858,0.036369648372665396,588,I said he looked like Quasimodo; now he's insisting I'm his Esmeralda. So Weinstein!
4123,3851,0,1,27,28,1.0357142857142858,0.036369648372665396,588,"No, no that's the Phantom. This is the really ugly one."
4130,3851,0,1,27,28,1.0357142857142858,0.036369648372665396,588,It’s just my ex-boyfriend making out he naturally inhabits the tops of bell towers.
4196,3851,0,1,27,28,1.0357142857142858,0.036369648372665396,588,Hello police department. This is Esmeralda again.
4231,3851,0,1,27,28,1.0357142857142858,0.036369648372665396,588,I'm just not sure how he feels.
3809,3851,0,1,27,28,1.0357142857142858,0.036369648372665396,588,There goes your son again. Did you make sure he applied sunscreen this time?
3163,3851,0,1,27,28,1.0357142857142858,0.036369648372665396,588,Get a beagle? I thought you said... get a smeagle
3803,3851,0,1,27,28,1.0357142857142858,0.036369648372665396,588,"You're not going to believe this. Religion is dead, but that dear hunchback is the last holdout, clinging to the church tower."
3741,3851,0,1,27,28,1.0357142857142858,0.036369648372665396,588,1833 would like Quasimodo back. Can you send a ladder and bucket?
3331,3851,0,1,27,28,1.0357142857142858,0.036369648372665396,588,I have a hunch it won't work.
3344,3851,0,1,27,28,1.0357142857142858,0.036369648372665396,588,Should I tell him to walk this way?
3363,3851,0,1,27,28,1.0357142857142858,0.036369648372665396,588,"Really, I promise this one's not gay."
3383,3851,0,1,27,28,1.0357142857142858,0.036369648372665396,588,"Hi, honey. I think we need to go to that church down the street. Just a thought!"
3424,3851,0,1,27,28,1.0357142857142858,0.036369648372665396,588,Just when does falling water stimulate flow?
3436,3851,0,1,27,28,1.0357142857142858,0.036369648372665396,588,"As you told me, he can climb higher than the bell tower."
3440,3851,0,1,27,28,1.0357142857142858,0.036369648372665396,588,"Yes, he's still here. He used to be in for ""Sleep No More"" and is now unemployed."
3493,3851,0,1,27,28,1.0357142857142858,0.036369648372665396,588,"Hi Mom--I've told you before that Quasi is ""really on the ball""!"
3509,3851,0,1,27,28,1.0357142857142858,0.036369648372665396,588,"That reminds, it's Wednesday, time to water my plants."
3525,3851,0,1,27,28,1.0357142857142858,0.036369648372665396,588,The guy from match.com just won't take no for an answer.
3544,3851,0,1,27,28,1.0357142857142858,0.036369648372665396,588,"Quasi...really, get with the times..."
3545,3851,0,1,27,28,1.0357142857142858,0.036369648372665396,588,"Yeah, he's still here, even though I told him I won't play Esmeralda to his Hunchback!"
3574,3851,0,1,27,28,1.0357142857142858,0.036369648372665396,588,esmeralda blues...
3587,3851,0,1,27,28,1.0357142857142858,0.036369648372665396,588,"For all one knows, at this pitch, I may ring a bell."
3614,3851,0,1,27,28,1.0357142857142858,0.036369648372665396,588,May I have some privacy please... This is my first time on AirP&P.
3622,3851,0,1,27,28,1.0357142857142858,0.036369648372665396,588,"So, do you have a goat?"
3734,3851,0,1,27,28,1.0357142857142858,0.036369648372665396,588,He's supposed to come down on a barge.
3745,3851,0,1,27,28,1.0357142857142858,0.036369648372665396,588,I gotta go. Hunch needs me again.
1929,3851,0,1,27,28,1.0357142857142858,0.036369648372665396,588,If watching is all you're going to do...
1880,3851,0,1,27,28,1.0357142857142858,0.036369648372665396,588,Get Quasimodo off the Spire and explain to him that this is not a sanctuary Condo.
1853,3851,0,1,27,28,1.0357142857142858,0.036369648372665396,588,"No, I feel like he’s just going to stay there until he dies..."
547,3851,0,1,27,28,1.0357142857142858,0.036369648372665396,588,"Peter Kuper's cartoon has gone missing, pictures of several ""Deer Crossing"" warnings hung as art, one of a doe and fawn. Two standing bucks size that one up. One says. ""Four is fair for them."""
566,3851,0,1,27,28,1.0357142857142858,0.036369648372665396,588,"He's not great looking, but he rings a mean bell."
586,3851,0,1,27,28,1.0357142857142858,0.036369648372665396,588,"Yeah, but at least I no longer have to listen to deafening bells, every fifteen minutes."
631,3851,0,1,27,28,1.0357142857142858,0.036369648372665396,588,Don't you think your plant might prefer a SOUTHERN exposure?
654,3851,0,1,27,28,1.0357142857142858,0.036369648372665396,588,It fells as if I can see the future
685,3851,0,1,27,28,1.0357142857142858,0.036369648372665396,588,"Yes, and I don't like birds or stalkers."
707,3851,0,1,27,28,1.0357142857142858,0.036369648372665396,588,"The guy outside my deck has a delusion of ""Bell Tower Power"" ."
711,3851,0,1,27,28,1.0357142857142858,0.036369648372665396,588,"No honey, I think it’s just another one of those ninja warriors"
725,3851,0,1,27,28,1.0357142857142858,0.036369648372665396,588,"Yes, this is Esmeralda. Who's calling please?"
740,3851,0,1,27,28,1.0357142857142858,0.036369648372665396,588,Call someone to get me down.
817,3851,0,1,27,28,1.0357142857142858,0.036369648372665396,588,"Yes Frollo, he's up here again"
821,3851,0,1,27,28,1.0357142857142858,0.036369648372665396,588,"Yes, this is Esmeralda. Why do you ask?"
876,3851,0,1,27,28,1.0357142857142858,0.036369648372665396,588,"Actually, I find these exhibits of bathroom door art to be pretty limited."
882,3851,0,1,27,28,1.0357142857142858,0.036369648372665396,588,"""911? There's a man outside looking threateningly at my potted pothos."
883,3851,0,1,27,28,1.0357142857142858,0.036369648372665396,588,"Get us off the Île de la Cité, NOW!"
535,3851,0,1,27,28,1.0357142857142858,0.036369648372665396,588,He's pulling some strings to get us off-street parking.
530,3851,0,1,27,28,1.0357142857142858,0.036369648372665396,588,He sounds so exotic. His name is Igor. He could be from Russia!
491,3851,0,1,27,28,1.0357142857142858,0.036369648372665396,588,"No, I didn't say I could see a humpback from my balcony...I said hunchback."
464,3851,0,1,27,28,1.0357142857142858,0.036369648372665396,588,Parkour!
11,3851,0,1,27,28,1.0357142857142858,0.036369648372665396,588,Quasimodo is taking this stalking thing to a whole new level!
17,3851,0,1,27,28,1.0357142857142858,0.036369648372665396,588,"Deer #1: I was walking by these signs and I seen deer on 4 legs. What does it mean? Deer #2: Im not sure, maybe they have deer prancing in the area."
38,3851,0,1,27,28,1.0357142857142858,0.036369648372665396,588,"Not ""Monty."" I'm practicing for the Full-Modo."
149,3851,0,1,27,28,1.0357142857142858,0.036369648372665396,588,"Hello, is this the dating service? My name is Esmeralda and I have a complaint."
166,3851,0,1,27,28,1.0357142857142858,0.036369648372665396,588,They just make such a mess on the roof tiles.
191,3851,0,1,27,28,1.0357142857142858,0.036369648372665396,588,I need to report a Peeping Tom who has gone up in the world!
243,3851,0,1,27,28,1.0357142857142858,0.036369648372665396,588,"I'm telling you, I think Quasi is actually going to Parkour this time."
898,3851,0,1,27,28,1.0357142857142858,0.036369648372665396,588,"um, honey there is a strange man watching me water the plants."
248,3851,0,1,27,28,1.0357142857142858,0.036369648372665396,588,"About 5' 10"", maybe 180 lbs. - never mind, he could be a dead ringer for my brother."
270,3851,0,1,27,28,1.0357142857142858,0.036369648372665396,588,"Sir, you don't know how comforting it is to have someone to talk to."
284,3851,0,1,27,28,1.0357142857142858,0.036369648372665396,588,"I don't know what he wants, but he sure isn't getting any water from me."
410,3851,0,1,27,28,1.0357142857142858,0.036369648372665396,588,"Esmeralda, I will always want your water."
418,3851,0,1,27,28,1.0357142857142858,0.036369648372665396,588,9-11. He looks like Laughton but without makeup.
420,3851,0,1,27,28,1.0357142857142858,0.036369648372665396,588,"...to be by Esmerelda's ear! Oh iPhone, why was I not made of anodized aluminum like thee!"
432,3851,0,1,27,28,1.0357142857142858,0.036369648372665396,588,Do you ever feel like you're living in a movie?
452,3851,0,1,27,28,1.0357142857142858,0.036369648372665396,588,I have a hunch that he'll be back before you know it
258,3851,0,1,27,28,1.0357142857142858,0.036369648372665396,588,"I loved moving to Paris and looking at all of its Gothic architecture but there's this guy outside my balcony yelling ""Esmeralda, Esmeralda"""
936,3851,0,1,27,28,1.0357142857142858,0.036369648372665396,588,Ew! That Quasi-mofo is stalking me again.
337,3851,0,1,27,28,1.0357142857142858,0.036369648372665396,588,You should go to church sometime.
963,3851,0,1,27,28,1.0357142857142858,0.036369648372665396,588,I'm calling to report a peeping Tom.
1513,3851,0,1,27,28,1.0357142857142858,0.036369648372665396,588,"If I ignore him, do you think he'll go away?"
1536,3851,0,1,27,28,1.0357142857142858,0.036369648372665396,588,Victor Hugo always did creep me out!
1553,3851,0,1,27,28,1.0357142857142858,0.036369648372665396,588,It happened again! I swear the gargoyle just called my plant Esmeralda!
1581,3851,0,1,27,28,1.0357142857142858,0.036369648372665396,588,He must be seeking sanctuary outside of Hollywood
1587,3851,0,1,27,28,1.0357142857142858,0.036369648372665396,588,"Bill?, our balcony is a bit too close to Notre Dame"
1602,3851,0,1,27,28,1.0357142857142858,0.036369648372665396,588,I'm Butt-man! I came here all the way from Europe to help the poor guys: after a short glance at me - girls run straight to their spouses and don't leave them again.
1629,3851,0,1,27,28,1.0357142857142858,0.036369648372665396,588,"I envy his squat game, but he's still creepy."
1509,3851,0,1,27,28,1.0357142857142858,0.036369648372665396,588,"“But, he just keeps staring and singing in quasi-tones”."
1655,3851,0,1,27,28,1.0357142857142858,0.036369648372665396,588,"Honestly, Rachel, I preferred the movie version."
1681,3851,0,1,27,28,1.0357142857142858,0.036369648372665396,588,"""It looks like he's been left high and dry""."
1692,3851,0,1,27,28,1.0357142857142858,0.036369648372665396,588,"EXCUSE ME, IS THIS THE ROUTE TO HEAVEN?"
1701,3851,0,1,27,28,1.0357142857142858,0.036369648372665396,588,"On game day Saturdays, he tolls the Notre Dame fight song then peeps..."
1704,3851,0,1,27,28,1.0357142857142858,0.036369648372665396,588,How are the Fighting Irish doing today?
1762,3851,0,1,27,28,1.0357142857142858,0.036369648372665396,588,We broke up a week ago so now I'm just trying to give him the space he needs to pine away for me until he turns to dust.
1773,3851,0,1,27,28,1.0357142857142858,0.036369648372665396,588,Hold on. I'm on the balcony. The Hunchback of Flatbush is giving me a weird look from his spire.
957,3851,0,1,27,28,1.0357142857142858,0.036369648372665396,588,Need any help?
1667,3851,0,1,27,28,1.0357142857142858,0.036369648372665396,588,"Oh, God, I have to hang up. You know that weird little dude I told you about in that church next door, well I think he's actually gunna jump this time. Oh fuck me. I'm going inside. I'll call you back."
1487,3851,0,1,27,28,1.0357142857142858,0.036369648372665396,588,We broke up but we will always have Notre Dame.
1679,3851,0,1,27,28,1.0357142857142858,0.036369648372665396,588,Only if it's a cat?
1458,3851,0,1,27,28,1.0357142857142858,0.036369648372665396,588,I've got this hunch.
968,3851,0,1,27,28,1.0357142857142858,0.036369648372665396,588,would you like to go out to dinner?
1468,3851,0,1,27,28,1.0357142857142858,0.036369648372665396,588,"Yeah, I think they put a new gargoyle on the church across the street."
975,3851,0,1,27,28,1.0357142857142858,0.036369648372665396,588,Didja ever feel you could just reach out and touch Quasimodo?
988,3851,0,1,27,28,1.0357142857142858,0.036369648372665396,588,"Hi, I think there's a gargoyle on the loose."
991,3851,0,1,27,28,1.0357142857142858,0.036369648372665396,588,"Yeah, another member of the book club reading Hunchback of Notre Dame.."
1021,3851,0,1,27,28,1.0357142857142858,0.036369648372665396,588,"Front Desk? This is Room 804. I asked for a room with a view, a viewer!"
1072,3851,0,1,27,28,1.0357142857142858,0.036369648372665396,588,"I guess I just wasn't expecting the Hunchback view to be so, you know, disconcerting."
1073,3851,0,1,27,28,1.0357142857142858,0.036369648372665396,588,Taken... By the Pope! Andy Serkis Edition.
1004,3851,0,1,27,28,1.0357142857142858,0.036369648372665396,588,"Hold on, it looks like I've got a message from Harry Potter."
1096,3851,0,1,27,28,1.0357142857142858,0.036369648372665396,588,"Hello, officer. His name is Jose and yes he can see."
1130,3851,0,1,27,28,1.0357142857142858,0.036369648372665396,588,It is truly the only way to get a bird's eye view of the city.
1355,3851,0,1,27,28,1.0357142857142858,0.036369648372665396,588,"I think he though cathedral buttress was ""butt terrace""."
1139,3851,0,1,27,28,1.0357142857142858,0.036369648372665396,588,Hunchback's just looking for a callback
1176,3851,0,1,27,28,1.0357142857142858,0.036369648372665396,588,My yoga instructor likes to get medieval.
1267,3851,0,1,27,28,1.0357142857142858,0.036369648372665396,588,Mother - my husband is making sure I water his plant again
1080,3851,0,1,27,28,1.0357142857142858,0.036369648372665396,588,He’s baaaaaaaack!
1291,3851,0,1,27,28,1.0357142857142858,0.036369648372665396,588,"No officer it's not a peeping Tom, its a peeping Quasimodo."
2586,4010,0,1,28,29,1.0344827586206897,0.03509312031717982,588,He must have a friend in the building named Sanctuary and he's totally creeping me out.
2592,4010,0,1,28,29,1.0344827586206897,0.03509312031717982,588,What kind of bird is that?
2608,4010,0,1,28,29,1.0344827586206897,0.03509312031717982,588,I can see a woman watering her plants from here .
2620,4010,0,1,28,29,1.0344827586206897,0.03509312031717982,588,"These greens are rich in vitamins and bone-building Vitamin D. Quasi, are you listening ?"
4249,4010,0,1,28,29,1.0344827586206897,0.03509312031717982,588,It's your mother. She says you need to drink more water.
2679,4010,0,1,28,29,1.0344827586206897,0.03509312031717982,588,iAGO. Must be some new startup.
2727,4010,0,1,28,29,1.0344827586206897,0.03509312031717982,588,Our property manager is really on the ball!
2584,4010,0,1,28,29,1.0344827586206897,0.03509312031717982,588,"I can't talk now, there's a bell ringer stalking me."
2881,4010,0,1,28,29,1.0344827586206897,0.03509312031717982,588,"Never mind, it's not another solar eclipse."
2804,4010,0,1,28,29,1.0344827586206897,0.03509312031717982,588,Where are my glasses when I need them
2643,4010,0,1,28,29,1.0344827586206897,0.03509312031717982,588,"Hold on, I think Harvey Weinstein is trying to get my attention"
2578,4010,0,1,28,29,1.0344827586206897,0.03509312031717982,588,I love you.
2245,4010,0,1,28,29,1.0344827586206897,0.03509312031717982,588,I heard a ring...did you call?
2465,4010,0,1,28,29,1.0344827586206897,0.03509312031717982,588,Why doesn't she talk to us small guys?
2371,4010,0,1,28,29,1.0344827586206897,0.03509312031717982,588,Well it's not just that he's staring at me - it's also a hunch.
2339,4010,0,1,28,29,1.0344827586206897,0.03509312031717982,588,"*Mouths* ""Your phone."""
2310,4010,0,1,28,29,1.0344827586206897,0.03509312031717982,588,"OMG, the Climbing Shaun is back."
2288,4010,0,1,28,29,1.0344827586206897,0.03509312031717982,588,And the bell on that Quasimodo chime you sent just doesn’t work!
2278,4010,0,1,28,29,1.0344827586206897,0.03509312031717982,588,"Wow, our ancestors sure did look a lot like us!"
2191,4010,0,1,28,29,1.0344827586206897,0.03509312031717982,588,You rememb.er I told you about the guy next door who keeps bothering me for some water? I think I'll go ahead and give it to him
2174,4010,0,1,28,29,1.0344827586206897,0.03509312031717982,588,He's not quasi anything. He's fully hunched on the church steeple
2110,4010,0,1,28,29,1.0344827586206897,0.03509312031717982,588,I have a hunch I'm being watched.
2913,4010,0,1,28,29,1.0344827586206897,0.03509312031717982,588,He just stares at me. I have a hunch he'll be back.
2088,4010,0,1,28,29,1.0344827586206897,0.03509312031717982,588,"Another Madona con bambino, I'm getting sick and trend of these Italian museums"
2551,4010,0,1,28,29,1.0344827586206897,0.03509312031717982,588,"yes Mom, he's still there. yes, he has a huge hunchback, and great balance. and no, i am not interested in dating right now, why..?"
2982,4010,0,1,28,29,1.0344827586206897,0.03509312031717982,588,The bell ringer is defecating atop the bell tower. Do you think he is commenting on today's sermon?
3740,4010,0,1,28,29,1.0344827586206897,0.03509312031717982,588,Shall we take the plunge?
3024,4010,0,1,28,29,1.0344827586206897,0.03509312031717982,588,I'll have to call you back. Quasimodo's gone rogue.
2084,4010,0,1,28,29,1.0344827586206897,0.03509312031717982,588,"Yes, that‘s his new daily routine!"
3987,4010,0,1,28,29,1.0344827586206897,0.03509312031717982,588,I have to go. My boyfriend's ringing me.
4104,4010,0,1,28,29,1.0344827586206897,0.03509312031717982,588,I've got a hunch that he thinks we're related.
4143,4010,0,1,28,29,1.0344827586206897,0.03509312031717982,588,I think he belongs back with the bats.
3963,4010,0,1,28,29,1.0344827586206897,0.03509312031717982,588,Now Harvey's sizing ME up.
3911,4010,0,1,28,29,1.0344827586206897,0.03509312031717982,588,"Hey Esmeralda, any chance of a sip of that?"
3877,4010,0,1,28,29,1.0344827586206897,0.03509312031717982,588,"Yes, I'm dressed, and, yes, it's growing."
3853,4010,0,1,28,29,1.0344827586206897,0.03509312031717982,588,Your watering schedule is very unfortunate.
3811,4010,0,1,28,29,1.0344827586206897,0.03509312031717982,588,"So he tells me, 'you either unclog the toilet or it stays clogged.' I just walked away. I'm tired of doing everything for him."
3739,4010,0,1,28,29,1.0344827586206897,0.03509312031717982,588,"Funny, he doesn't look gargoylsh."
3706,4010,0,1,28,29,1.0344827586206897,0.03509312031717982,588,"""He's on the thrown right now, can he call you back""?"
3683,4010,0,1,28,29,1.0344827586206897,0.03509312031717982,588,"Yes, he's been up here for hours, complaining that his view of the graveyard has been obstructed by our new condo building. Something about ""greenspace""!"
3644,4010,0,1,28,29,1.0344827586206897,0.03509312031717982,588,"Yeah, I love how much, like, old school CULTURE there is here, but I still have to drive like 20 minutes to get some decent sushi..."
3530,4010,0,1,28,29,1.0344827586206897,0.03509312031717982,588,"No, he is not good looking."
3519,4010,0,1,28,29,1.0344827586206897,0.03509312031717982,588,I dialed the number. Can you hear it ringing?
3492,4010,0,1,28,29,1.0344827586206897,0.03509312031717982,588,He says he's looking for the Notre Dame.
3446,4010,0,1,28,29,1.0344827586206897,0.03509312031717982,588,Oh no she didn’t
3353,4010,0,1,28,29,1.0344827586206897,0.03509312031717982,588,I've been rehearsing Quasimodo's lines with him for the movie remake.
3343,4010,0,1,28,29,1.0344827586206897,0.03509312031717982,588,"I believe, he thinks he's a frog. I wish he'd just hop away."
3298,4010,0,1,28,29,1.0344827586206897,0.03509312031717982,588,I always knew we could get together!
3284,4010,0,1,28,29,1.0344827586206897,0.03509312031717982,588,"Uh, a little help?"
3245,4010,0,1,28,29,1.0344827586206897,0.03509312031717982,588,Did you get a chance to follow up on my hunch?
3243,4010,0,1,28,29,1.0344827586206897,0.03509312031717982,588,"Before cell phones, you would have needed me."
3224,4010,0,1,28,29,1.0344827586206897,0.03509312031717982,588,"Be patient, we'll be eating kale in no time."
3081,4010,0,1,28,29,1.0344827586206897,0.03509312031717982,588,Nice Tits
3007,4010,0,1,28,29,1.0344827586206897,0.03509312031717982,588,In your dreams Harry.
1969,4010,0,1,28,29,1.0344827586206897,0.03509312031717982,588,And I came up here for more privacy
1041,4010,0,1,28,29,1.0344827586206897,0.03509312031717982,588,""" hello ?.....Statue Quasimodo ?"
1821,4010,0,1,28,29,1.0344827586206897,0.03509312031717982,588,May I come over for years?
793,4010,0,1,28,29,1.0344827586206897,0.03509312031717982,588,Is it yoga or pilates for back issues?
791,4010,0,1,28,29,1.0344827586206897,0.03509312031717982,588,'I'm jumping because housing prices are unreasonable in Sydney' - George Pell
777,4010,0,1,28,29,1.0344827586206897,0.03509312031717982,588,Quasi's into parkour these days....
741,4010,0,1,28,29,1.0344827586206897,0.03509312031717982,588,"Hang on , Quasimodo can't find the garderobe!"
720,4010,0,1,28,29,1.0344827586206897,0.03509312031717982,588,"I've tried that, Sheryl. He knows my binge schedule for Game of Thrones."
667,4010,0,1,28,29,1.0344827586206897,0.03509312031717982,588,"911, this is Esmeralda from the Parc Notre Dame Condos. That Quasimodo creep is  stalking me again. Can you send a patrol car right away?"
661,4010,0,1,28,29,1.0344827586206897,0.03509312031717982,588,It's almost as if he KNOWS I'll need sanctuary at some point.
614,4010,0,1,28,29,1.0344827586206897,0.03509312031717982,588,Would you be so kind as to toss over the gyro- with- double feta order that should be arriving at your door?
591,4010,0,1,28,29,1.0344827586206897,0.03509312031717982,588,I knew her when she was just one of the herd
581,4010,0,1,28,29,1.0344827586206897,0.03509312031717982,588,"Bell or no bell, get me down from here!"
837,4010,0,1,28,29,1.0344827586206897,0.03509312031717982,588,"You haven't met him, mom, but his face may ring a bell."
555,4010,0,1,28,29,1.0344827586206897,0.03509312031717982,588,"What's the difference between calling the President a Dotard and a Moron? 1. Free Speech, 2. Citizenship, 3. Honesty, 4. All of the above, 5. None of the above, or 6. Country of Origin"
453,4010,0,1,28,29,1.0344827586206897,0.03509312031717982,588,How do I know it's not a latex gargoyle?
445,4010,0,1,28,29,1.0344827586206897,0.03509312031717982,588,"You can take your hunch back, I'm NOT going to church today!"
384,4010,0,1,28,29,1.0344827586206897,0.03509312031717982,588,"I don't know... Says his name is Quasimodo. He'd work for the Halloween party, but then I'd have to get right back on Tinder. So I asked myself, Is it worth it?"
294,4010,0,1,28,29,1.0344827586206897,0.03509312031717982,588,I think Harvey Weinstein's been cleaning my windows again.
141,4010,0,1,28,29,1.0344827586206897,0.03509312031717982,588,Your Bernie is playing a hunch again.
85,4010,0,1,28,29,1.0344827586206897,0.03509312031717982,588,Don't over water it.
53,4010,0,1,28,29,1.0344827586206897,0.03509312031717982,588,Phone the Bishop? But it is the Bishop.
6,4010,0,1,28,29,1.0344827586206897,0.03509312031717982,588,I love his use of color but would have preferred Hunters orange .
5,4010,0,1,28,29,1.0344827586206897,0.03509312031717982,588,We've come a long way since we defeated the apes who defeated the humans.
1918,4010,0,1,28,29,1.0344827586206897,0.03509312031717982,588,I can't find a balance man.
531,4010,0,1,28,29,1.0344827586206897,0.03509312031717982,588,At least it’s better than listening to the damn bell ringing day and night.
969,4010,0,1,28,29,1.0344827586206897,0.03509312031717982,588,"He says he's coming over tonight, but I don't know if he's going to make it."
751,4010,0,1,28,29,1.0344827586206897,0.03509312031717982,588,"Esmerelda, Esmerelda, it's me, Quasimodo. Esmerelda put down the damn phone for Christ's sake!"
982,4010,0,1,28,29,1.0344827586206897,0.03509312031717982,588,They served beans for lunch after church today
1808,4010,0,1,28,29,1.0344827586206897,0.03509312031717982,588,"'Bye, Siri. Hello, 'Modo!"
1736,4010,0,1,28,29,1.0344827586206897,0.03509312031717982,588,"Yep, I'm a material girl."
1658,4010,0,1,28,29,1.0344827586206897,0.03509312031717982,588,I suggested he try pilates
1652,4010,0,1,28,29,1.0344827586206897,0.03509312031717982,588,"So, should I like, swipe left, or jump with him?"
1540,4010,0,1,28,29,1.0344827586206897,0.03509312031717982,588,Seems harmless. Says he is the grandson of Quasimodo looking for South Bend.
1532,4010,0,1,28,29,1.0344827586206897,0.03509312031717982,588,"911, I'd like to report a stalker."
971,4010,0,1,28,29,1.0344827586206897,0.03509312031717982,588,"Quasimodo's back, but I'm trying to ignore him"
1455,4010,0,1,28,29,1.0344827586206897,0.03509312031717982,588,I can't see it
1440,4010,0,1,28,29,1.0344827586206897,0.03509312031717982,588,I have a quasi-secret admirer.
1430,4010,0,1,28,29,1.0344827586206897,0.03509312031717982,588,He keeps trying to ring my chimes!
1426,4010,0,1,28,29,1.0344827586206897,0.03509312031717982,588,Gargoyle Watching
1328,4010,0,1,28,29,1.0344827586206897,0.03509312031717982,588,"I did not mean for the H to be silent when you thought I said "" a man is SITTING on top of the bell tower next door"""
1498,4010,0,1,28,29,1.0344827586206897,0.03509312031717982,588,"Gotta go, Marge, my date is here to take me cathedral climbing again."
1250,4010,0,1,28,29,1.0344827586206897,0.03509312031717982,588,"Hi, it's your neighbor. Did someone forget Quasimodo again?"
1240,4010,0,1,28,29,1.0344827586206897,0.03509312031717982,588,"I'd like to report a ""Not-So-Peeping"" Tom"
1190,4010,0,1,28,29,1.0344827586206897,0.03509312031717982,588,Finally Your Here what took you so long
1161,4010,0,1,28,29,1.0344827586206897,0.03509312031717982,588,This perv across the street keeps asking for somebody named Esmeralda.
1137,4010,0,1,28,29,1.0344827586206897,0.03509312031717982,588,"This is Mrs. Shelly Berman. My husband's on the other phone talking to a store about a man hanging from their window, but I'm calling about a hunchback on your spire..."
1131,4010,0,1,28,29,1.0344827586206897,0.03509312031717982,588,"Well, at least he's not ringing that dam bell."
1123,4010,0,1,28,29,1.0344827586206897,0.03509312031717982,588,"It looks to be more a like a quasi-sculpturre."""
1015,4010,0,1,28,29,1.0344827586206897,0.03509312031717982,588,"Me? You know, Just a girl...and her hunchback...I know right?"
1013,4010,0,1,28,29,1.0344827586206897,0.03509312031717982,588,Appar
999,4010,0,1,28,29,1.0344827586206897,0.03509312031717982,588,"He's a Domer, but not like the ones we dated in college."
1260,4010,0,1,28,29,1.0344827586206897,0.03509312031717982,588,...and he keeps yelling “sanctuary!”
2208,4117,0,1,29,30,1.0333333333333334,0.03390317518104052,588,I know mom! I already told him to humpback down.
2387,4117,0,1,29,30,1.0333333333333334,0.03390317518104052,588,"Oui, my new place is over by Notre Dame. Yes, yes, THAT Notre Dame."
2483,4117,0,1,29,30,1.0333333333333334,0.03390317518104052,588,I'm highly attracted to you.
2962,4117,0,1,29,30,1.0333333333333334,0.03390317518104052,588,"Je te l'ai dit, Manon, il y aurait des problèmes dans un bâtiment surplombant la Seine"
3241,4117,0,1,29,30,1.0333333333333334,0.03390317518104052,588,I really thought it would stop when I moved into the apartment upstairs
3999,4117,0,1,29,30,1.0333333333333334,0.03390317518104052,588,"Uh, Matt’s in your belfry again"
3690,4117,0,1,29,30,1.0333333333333334,0.03390317518104052,588,"Nothing much, just watering the plants and watching the Gargoyle"
3968,4117,0,1,29,30,1.0333333333333334,0.03390317518104052,588,"Yeah mom, it has a great view, but there's just one problem... here's only one problem..."
3994,4117,0,1,29,30,1.0333333333333334,0.03390317518104052,588,Kindly silence your phone.
1792,4117,0,1,29,30,1.0333333333333334,0.03390317518104052,588,"No, I don't think he'll actually jump off."
3642,4117,0,1,29,30,1.0333333333333334,0.03390317518104052,588,I just told him I was feeling a friend vibe.
1639,4117,0,1,29,30,1.0333333333333334,0.03390317518104052,588,"Yeah...., mine abandoned me. For a plant, it really lacked a true appreciation for the outdoors."
3932,4117,0,1,29,30,1.0333333333333334,0.03390317518104052,588,Please save some water for me.
1304,4117,0,1,29,30,1.0333333333333334,0.03390317518104052,588,"I mean, he's not homeless and he's quasi employed."
911,4117,0,1,29,30,1.0333333333333334,0.03390317518104052,588,911? American ninja warrior keeps on stalking me.
709,4117,0,1,29,30,1.0333333333333334,0.03390317518104052,588,"Darling, can you be a darling and bring more water?"
688,4117,0,1,29,30,1.0333333333333334,0.03390317518104052,588,His hair isn't growing.
628,4117,0,1,29,30,1.0333333333333334,0.03390317518104052,588,It lacks a human element.
621,4117,0,1,29,30,1.0333333333333334,0.03390317518104052,588,"Hey one moment, there is a man on the cathedral outside."
490,4117,0,1,29,30,1.0333333333333334,0.03390317518104052,588,Quasimodo just invented a new yoga pose: Take a dump on a church steeple pose.
242,4117,0,1,29,30,1.0333333333333334,0.03390317518104052,588,I'll pick you up in the hunchback...I mean hatchback.
184,4117,0,1,29,30,1.0333333333333334,0.03390317518104052,588,"Well, at least it's Aunt Jane's best side."
1443,4117,0,1,29,30,1.0333333333333334,0.03390317518104052,588,Esmeralda as an anthophile.
3889,4140,0,1,30,31,1.032258064516129,0.032791291789197645,588,I don't know because he is quasi-deaf from ringing that bell.
3076,4140,0,1,30,31,1.032258064516129,0.032791291789197645,588,"The Blue Bells, The Blue Bells..."
2457,4140,0,1,30,31,1.032258064516129,0.032791291789197645,588,"...yes, I believe the Greenhouse Effect is caused mainly by human activities!"
2707,4143,0,0,25,25,1.0,0.040824829046386304,588,"Dear, don’t you think it’s a bit dangerous to remove highway signs in the name of art?"
2954,4143,0,0,25,25,1.0,0.040824829046386304,588,"I'm a fan of mid-nineties noir kids cartoon classic ""Gargoyles"" too, but this cosplay has gone too far."
2984,4143,0,0,25,25,1.0,0.040824829046386304,588,"I'm sorry, but you have to undate your facilities."
2886,4143,0,0,25,25,1.0,0.040824829046386304,588,I guess the buck stopped there.
2847,4143,0,0,26,26,1.0,0.03922322702763681,588,"Nothing new here, how about you?"
2846,4143,0,0,25,25,1.0,0.040824829046386304,588,Darling I said Ball singular
2836,4143,0,0,27,27,1.0,0.03774256780481986,588,Says his name is O’ Quasimodo?
2805,4143,0,0,26,26,1.0,0.03922322702763681,588,"Damn,but this little Sanctuary of mine is getting crowded..."
2801,4143,0,0,25,25,1.0,0.040824829046386304,588,"I'd like to report a gargoyle malfunction, he barely spits on my plants at all."
2782,4143,0,0,25,25,1.0,0.040824829046386304,588,W: Good Morning Tom.. M: Morning there Shiela.
2741,4143,0,0,25,25,1.0,0.040824829046386304,588,"Oh my gosh they've moved NotreDame and that Hunchback (what's his name), to my neighborhood. I'm sorry but he is NOT getting anything for Trick-or-Treating if he comes to my door."
2717,4143,0,0,25,25,1.0,0.040824829046386304,588,Faye?
2708,4143,0,0,26,26,1.0,0.03922322702763681,588,I think he wants to eat my Boston Fern.
2935,4143,0,0,25,25,1.0,0.040824829046386304,588,It’s Deerivative but representacial I must say.
2695,4143,0,0,25,25,1.0,0.040824829046386304,588,I have a hunch about us.
2438,4143,0,0,25,25,1.0,0.040824829046386304,588,Modern Gothic Romance. (MGR)
2615,4143,0,0,25,25,1.0,0.040824829046386304,588,"Of course, his sneaks got lost!"
2073,4143,0,0,25,25,1.0,0.040824829046386304,588,"Harvey, I'm on the phone."
2173,4143,0,0,26,26,1.0,0.03922322702763681,588,"“Oh, by the way, the Quasimodo guy is back at Saint Patrick’s”."
2213,4143,0,0,27,27,1.0,0.03774256780481986,588,This wasn't what she meant when she said come ringing at my door.
2231,4143,0,0,25,25,1.0,0.040824829046386304,588,"I don't need saving, but my plants do."
2290,4143,0,0,25,25,1.0,0.040824829046386304,588,"I'm not a fan, Tom."""
2308,4143,0,0,25,25,1.0,0.040824829046386304,588,hey sally i see the hunch back of notre dame. what comes next frankenstein or pennywise i dont know. oooh -- i'm so scared.
2382,4143,0,0,26,26,1.0,0.03922322702763681,588,I told you I would go to any lengths
2391,4143,0,0,25,25,1.0,0.040824829046386304,588,Da Bluebells. I can hear dem!
2415,4143,0,0,27,27,1.0,0.03774256780481986,588,nine-one-one? Perching Tom is about to jump on my balcony.
2417,4143,0,0,25,25,1.0,0.040824829046386304,588,He wants to know if there is a GPS locator for time travel.
2426,4143,0,0,25,25,1.0,0.040824829046386304,588,I JUST FEEL AS IF MY SANCTUARY IS BEING INVADED.
3033,4143,0,0,25,25,1.0,0.040824829046386304,588,Can you water my hump.
2521,4143,0,0,25,25,1.0,0.040824829046386304,588,"Hold on, Beth. I think Hubert's trying to get my attention."
2547,4143,0,0,26,26,1.0,0.03922322702763681,588,"Victor? Well, thanks to Go-Fund-Me he got eye fixed, and he's sent me plant....Yes he's still got his hunch. NOW what?"
2614,4143,0,0,26,26,1.0,0.03922322702763681,588,We don't read dead white guy novels anymore.
2670,4143,0,0,26,26,1.0,0.03922322702763681,588,You can’t use your neighbors
3086,4143,0,0,26,26,1.0,0.03922322702763681,588,"Gotta go, Hon. Quasimodo creep is serenading his Esmeralda again."
3107,4143,0,0,25,25,1.0,0.040824829046386304,588,"Call me Quasi, but I have a hunch that I'm being watched..."
4201,4143,0,0,25,25,1.0,0.040824829046386304,588,"Sure, he’s a gentleman caller."
3583,4143,0,0,25,25,1.0,0.040824829046386304,588,The game app 'Quasimodo-GO!' never quite grabbed players' attention.
3604,4143,0,0,25,25,1.0,0.040824829046386304,588,"... I already told him, 'Stop trying to ring my bell!'"
3640,4143,0,0,26,26,1.0,0.03922322702763681,588,What do you say we buck the trend?
3698,4143,0,0,25,25,1.0,0.040824829046386304,588,Excuse me I don't think you're zoned for potted plants
3723,4143,0,0,25,25,1.0,0.040824829046386304,588,This guy across the way says he can make me a movie star.
3738,4143,0,0,25,25,1.0,0.040824829046386304,588,"I have to hang up now, the minister is about to pop in."
3571,4143,0,0,25,25,1.0,0.040824829046386304,588,We communicate with our Pastor on much higher levels
3765,4143,0,0,26,26,1.0,0.03922322702763681,588,I think this guy needs help getting off the top of the tower. Should I call 911?
3942,4143,0,0,25,25,1.0,0.040824829046386304,588,The poor guy needs a break room.
4005,4143,0,0,25,25,1.0,0.040824829046386304,588,Our marriage is caput!
4192,4143,0,0,25,25,1.0,0.040824829046386304,588,Is that Mr. Pickles?????
4044,4143,0,0,26,26,1.0,0.03922322702763681,588,Now THAT is one good looking woman...if I could jump on that thing without scaring her...maybe I could ask her out...nah...
4025,4143,0,0,25,25,1.0,0.040824829046386304,588,Me too.
2059,4143,0,0,26,26,1.0,0.03922322702763681,588,So this is what you meant by a sitty view
3933,4143,0,0,25,25,1.0,0.040824829046386304,588,He's so adorable. I should write a book about him.
3484,4143,0,0,25,25,1.0,0.040824829046386304,588,"Yes, his name does ring a bell."
3468,4143,0,0,25,25,1.0,0.040824829046386304,588,"NO, I ALREADY TOLD YOU THAT YOU CAN'T HAVE IT!!"
3414,4143,0,0,25,25,1.0,0.040824829046386304,588,"Quit ringing, Q. This is not a bell; it's a phone in the 21st century."
3092,4143,0,0,26,26,1.0,0.03922322702763681,588,"Do you have a glass of water, please?"
3094,4143,0,0,25,25,1.0,0.040824829046386304,588,"Love, those people down below are jealous that you are an individual - I say laugh at them and let’s meet on my balcony - I’m getting a ladder."
3098,4143,0,0,25,25,1.0,0.040824829046386304,588,"Alexa, what happened to his back?"
3105,4143,0,0,25,25,1.0,0.040824829046386304,588,"Barb, I see why this place was so cheap now."
3118,4143,0,0,26,26,1.0,0.03922322702763681,588,Maybe the hunchback thinks I am Esmeralda.
3121,4143,0,0,25,25,1.0,0.040824829046386304,588,You have a hunch he’s back... you don’t say.
3129,4143,0,0,25,25,1.0,0.040824829046386304,588,"Straight guys are so BORING, can I give you my number?"
3137,4143,0,0,26,26,1.0,0.03922322702763681,588,"Yeah, sure, I'll ask him."" ""Hey, Hunch? Do you take requests?"
3148,4143,0,0,25,25,1.0,0.040824829046386304,588,"I'll leave here at ONE, pick you up at TWO, and we'll arrive by THREE."
3169,4143,0,0,25,25,1.0,0.040824829046386304,588,"Yes, he looks just like a newborn baby."
3228,4143,0,0,25,25,1.0,0.040824829046386304,588,"Melania: ""Donald. I am tell you I no want to visit Puerto Rico after dis. I no like dese peoples. Dey are try to take water from my plants. How come dey not know plants die if no water???"""
3240,4143,0,0,25,25,1.0,0.040824829046386304,588,He just doesn't ring my bell.
3285,4143,0,0,29,29,1.0,0.03509312031717982,588,"No, Mom, not a whale!"
3371,4143,0,0,25,25,1.0,0.040824829046386304,588,Come here much?
3375,4143,0,0,25,25,1.0,0.040824829046386304,588,"Oh, I’m staying at the most darling AirBnB in this new neighborhood: UnWaHuNoDa. Under the Watch of the Hunchback of Notre Dame!"
3088,4143,0,0,25,25,1.0,0.040824829046386304,588,Junior is a dedicated climber.
1978,4143,0,0,25,25,1.0,0.040824829046386304,588,"Excuse me ma'am Christianity is short on men, would you like to join us today?"
1057,4143,0,0,25,25,1.0,0.040824829046386304,588,'Quasi'No he didn't!'
1883,4143,0,0,26,26,1.0,0.03922322702763681,588,I tend to favor my left side.
466,4143,0,0,25,25,1.0,0.040824829046386304,588,"Not much, just watering my quasi-garden."
475,4143,0,0,26,26,1.0,0.03922322702763681,588,... and he doesn't have any pants on.
526,4143,0,0,26,26,1.0,0.03922322702763681,588,"It's weird. He looks like a troll, but he's definitely not sitting in a cave."
554,4143,0,0,26,26,1.0,0.03922322702763681,588,"You can ring my bell anytime ""You can ring my bell anytime, cheri."
573,4143,0,0,25,25,1.0,0.040824829046386304,588,"Hello, police department. I think I have a peeking Tomimodo."
599,4143,0,0,25,25,1.0,0.040824829046386304,588,"Well, well a futuristic gold digger."
465,4143,0,0,25,25,1.0,0.040824829046386304,588,"Yeah Mom, it's in this new neighborhood called NoHunch."
664,4143,0,0,25,25,1.0,0.040824829046386304,588,I never go out anymore... I'm as bad as the Hunchback of Notre Dame.
745,4143,0,0,28,28,1.0,0.036369648372665396,588,Don't overwater your pothos.
756,4143,0,0,26,26,1.0,0.03922322702763681,588,"I'm glad we bought here but there is, like, no culture here."
769,4143,0,0,25,25,1.0,0.040824829046386304,588,"I'd ask him to come to the phone, Emile, but he's hunching right now."
776,4143,0,0,25,25,1.0,0.040824829046386304,588,Would you like me to ring your bell?
794,4143,0,0,25,25,1.0,0.040824829046386304,588,"Hey Mother, it's Mary. The silver bell and cockle shells are coming in just fine, but the pretty made is a Dame of a different sort."
867,4143,0,0,25,25,1.0,0.040824829046386304,588,"I know he’s not great looking, Mom, but at least he’s really into me."
742,4143,0,0,25,25,1.0,0.040824829046386304,588,"Quasimodo Syndrome, huh... how long does it last?"
935,4143,0,0,25,25,1.0,0.040824829046386304,588,Any idea how much water Quasimodo Witch Hazel needs?
417,4143,0,0,25,25,1.0,0.040824829046386304,588,"I don't know what I'm doing wrong, even the spire is blooming."
341,4143,0,0,27,27,1.0,0.03774256780481986,588,Daniel Day-Lewis is back and preparing to play Quasimodo...? You don't say...
1322,4143,0,0,71,71,1.0,0.01418475390906605,588,"No, you heard me right: a gargoy."
2715,4143,0,0,51,51,1.0,0.019802950859533486,588,"I said. ""Let's water the flowers, not the towers!"""
2893,4143,0,0,49,49,1.0,0.020619652471058063,588,Most of those Parkour guys who come by are young and fit. But this one…wow!
4210,4143,0,0,25,25,1.0,0.040824829046386304,588,Ralph has taken Mansplaining to new heights
0,4143,0,0,25,25,1.0,0.040824829046386304,588,The stylized iconography would have made Bambi proud.
18,4143,0,0,25,25,1.0,0.040824829046386304,588,hey look what i can do!
364,4143,0,0,25,25,1.0,0.040824829046386304,588,My mother said that's how Edmund Hillary got his start.
78,4143,0,0,25,25,1.0,0.040824829046386304,588,Apparently this is still a sanctuary city.
234,4143,0,0,25,25,1.0,0.040824829046386304,588,He gave me water
247,4143,0,0,25,25,1.0,0.040824829046386304,588,"Um, there's a real live gargoyle looking at me."
297,4143,0,0,26,26,1.0,0.03922322702763681,588,I told you I was higher than any plant.
316,4143,0,0,27,27,1.0,0.03774256780481986,588,"Prince Kong? Yes, I see him."
325,4143,0,0,26,26,1.0,0.03922322702763681,588,"I know, but the listing for his place mentioned a garden view."
331,4143,0,0,25,25,1.0,0.040824829046386304,588,Let me call you back. There's someone creepin' in.
147,4143,0,0,25,25,1.0,0.040824829046386304,588,Not hearing bells.
1019,4143,0,0,26,26,1.0,0.03922322702763681,588,Should I throw him a bone?
1122,4143,0,0,25,25,1.0,0.040824829046386304,588,I'm inspired to become a Catholic since moving to Paris
1128,4143,0,0,25,25,1.0,0.040824829046386304,588,He says he just wants some water but that didn't end well for Esmeralda.....
1544,4143,0,0,25,25,1.0,0.040824829046386304,588,You have to inspire confidence to get her to notice you.
1590,4143,0,0,27,27,1.0,0.03774256780481986,588,Mory’s job got a lot harder when they invented multi-floor homes.
1597,4143,0,0,25,25,1.0,0.040824829046386304,588,"He introduced himself Quasimoto. But, I think he's kinda cute like Phoebus."
1631,4143,0,0,25,25,1.0,0.040824829046386304,588,"""Uh, no. I haven't read 'Candy'""."
1657,4143,0,0,25,25,1.0,0.040824829046386304,588,"I'd definitely feel some compassion if he was a true hunchback, but this might just be the way he chose to sit."
1663,4143,0,0,26,26,1.0,0.03922322702763681,588,"No, I'm not a NIMBY Carol."
1542,4143,0,0,25,25,1.0,0.040824829046386304,588,You're not even a quasi ape. Just a hunch.
1688,4143,0,0,25,25,1.0,0.040824829046386304,588,"He's at it again, that Phantom of the Opera creep."
1746,4143,0,0,25,25,1.0,0.040824829046386304,588,"He seems harmless, but it's just a hunch."
1756,4143,0,0,25,25,1.0,0.040824829046386304,588,It’s the giant sucking machine
1774,4143,0,0,25,25,1.0,0.040824829046386304,588,Good. I could use some shade.
1815,4143,0,0,25,25,1.0,0.040824829046386304,588,We’ll always have Paris; it’s a sanctuary city.
1833,4143,0,0,25,25,1.0,0.040824829046386304,588,"I could just give him some water, and maybe he'll go away."
1841,4143,0,0,25,25,1.0,0.040824829046386304,588,"Yes, his digestive issues are much better since he took up extreme parkour."
1724,4143,0,0,26,26,1.0,0.03922322702763681,588,I got rid of the aphids but I still can't rid myself of Quasimodo.
1539,4143,0,0,25,25,1.0,0.040824829046386304,588,"No, Mother, my friend did not ring the bell this morning."
1485,4143,0,0,25,25,1.0,0.040824829046386304,588,Says his name is Quasi-something and that he isn't enjoying life in an emerging fascist state. And he says he won't go away!
1478,4143,0,0,25,25,1.0,0.040824829046386304,588,Your garden inspires me.
1148,4143,0,0,25,25,1.0,0.040824829046386304,588,911 - Help a hunchback is putting a HEX on my plants
1153,4143,0,0,25,25,1.0,0.040824829046386304,588,"911? There's a funny-looking fellow doing a King Kong on top of the cathedral outside my apartment. If you give me a number, I'll send a photo."
1156,4143,0,0,25,25,1.0,0.040824829046386304,588,If you'd like to fertilize something you should aim this way.
1171,4143,0,0,26,26,1.0,0.03922322702763681,588,"Esmeralda, the church can offer you sanctuary. Just call me. Please, call me."
1174,4143,0,0,26,26,1.0,0.03922322702763681,588,"Sorry, can't hear you. The bell started ringing and there's a stalker on top of the cathedral again."
1208,4143,0,0,26,26,1.0,0.03922322702763681,588,"They call this one Broadway, Baby Boogie!"
1211,4143,0,0,25,25,1.0,0.040824829046386304,588,I'm innocent. Where am I going to get help?
1288,4143,0,0,25,25,1.0,0.040824829046386304,588,I used to be a hood ornament.
1300,4143,0,0,25,25,1.0,0.040824829046386304,588,"'one minute I'M the maniac, next I'm a queen, he is driving me NUTS"""
1337,4143,0,0,25,25,1.0,0.040824829046386304,588,I love this borough; I'm greeted by Queensimodo every morn!
1378,4143,0,0,27,27,1.0,0.03774256780481986,588,Step out on the balcony. I found your BASE jumping date.
1386,4143,0,0,25,25,1.0,0.040824829046386304,588,Love at first peep.
1414,4143,0,0,25,25,1.0,0.040824829046386304,588,Not a Quasi-Modo. A Complete Modo.
1419,4143,0,0,25,25,1.0,0.040824829046386304,588,Can I plant myself on your terrace?
1457,4143,0,0,25,25,1.0,0.040824829046386304,588,My balcony's become a quasi-no-go zone.
1916,4143,0,0,25,25,1.0,0.040824829046386304,588,keees BEHIND ankles please
4281,4143,0,0,25,25,1.0,0.040824829046386304,588,"Oh great, I've got a Peeping Dame."
