target_id,rank,funny,somewhat_funny,unfunny,count,score,precision,contest,caption
3875,1,1485,1773,1651,4909,1.9661845589733142,0.011398565453339237,590,"He did my summer cave in Lascaux, too."
2916,2,1381,1739,1553,4673,1.9631928097581852,0.01158008351803897,590,"Well, he can kiss his security deposit goodbye."
5729,3,1421,1766,1697,4884,1.9434889434889435,0.011405594113609495,590,"Sure, drawing it is the easy part, it's the caption that's tough."
3381,4,994,1404,1206,3604,1.9411764705882353,0.012979334593823085,590,It will be worth even more when he's extinct.
2329,5,1368,1940,1766,5074,1.9215608986992512,0.010979129703558316,590,"The way he tells it, we come out looking like a couple of Neanderthals."
5769,6,621,943,832,2396,1.9119365609348915,0.015810361149989495,590,"We're totally taking credit for this later, right?"
5403,7,1549,1964,2058,5571,1.9086339974869861,0.010711763987441291,590,"No one will believe this, not in a million years."
4183,8,1188,1694,1645,4527,1.8990501435829468,0.01166260360814,590,YOU tell him not to write on the walls.
218,9,1343,1545,1819,4707,1.8988740174208625,0.011856370495400255,590,Will the day ever come when you can just have a meal without posting it?
3399,10,398,510,548,1456,1.896978021978022,0.020958341051608598,590,Nobody would believe that in a million years.
4290,11,1398,2085,1963,5446,1.8962541314726404,0.010553001450908898,590,I get he's an artist. It's the 'in residence' part I'm not comfortable with.
3963,12,1335,1697,1915,4947,1.882757226601981,0.011403863787698715,590,You distract him with gentle criticism about his use of perspective and meager color palette while I club him from behind.
2392,13,1489,1505,2209,5203,1.8616182971362676,0.011530297968187286,590,It's a New Yorker cartoon. Just laugh and act like you get it.
4792,14,564,924,900,2388,1.8592964824120604,0.01576518953243271,590,"If that's a menu, we're in trouble."
1082,15,752,1260,1278,3290,1.8401215805471125,0.013410062879654972,590,Face it. You are that hairy.
5241,16,1015,1467,1698,4180,1.8366028708133972,0.012203354333673519,590,They're not going to believe this in a million years!
234,17,928,1650,1618,4196,1.8355576739752144,0.011755627285588665,590,"For our sake, I hope he's not a starving artist."
2526,18,481,873,847,2201,1.833711949114039,0.016176728406533072,590,"I don't know, it seems primitive to me."
1584,19,1027,1768,1794,4589,1.8328611898016998,0.011309194709849158,590,If it's a grocery list we're in trouble
1699,20,965,1426,1713,4104,1.8177387914230019,0.012285844908288733,590,Still want to brag about your handprint?
45,21,914,1401,1641,3956,1.8162285136501517,0.012440324701627143,590,"They go extinct, we take the credit, no one's the wiser."
5025,22,943,1489,1714,4146,1.8140376266280753,0.012094088863467904,590,"Let's see--the specials today are bison, fish, and...uh-oh."
4241,23,926,1529,1709,4164,1.8119596541786744,0.01197970322438333,590,You go first; I'm the gatherer.
3302,24,449,854,857,2160,1.8111111111111111,0.01623345514370585,590,I prefer his Paleolithic period.
1529,25,641,1078,1193,2912,1.8104395604395604,0.01428322402376301,590,"As long as they don't find out he invented the wheel, we're fine."
1326,26,911,1428,1707,4046,1.8032624814631735,0.012263618320921115,590,Why does he have to post everything he does to his wall?
3424,27,1028,1744,1977,4749,1.8001684565171614,0.01117404761510857,590,"Sure he can draw, but can he do captions?"
5520,28,832,1206,1634,3672,1.7815904139433552,0.013036272345588629,590,"He calls it, 'The Last Supper.'"
5702,29,782,1272,1594,3648,1.7774122807017543,0.012845397975979873,590,"If you ask me, his Jurassic period was better"
946,30,954,1351,1925,4230,1.770449172576832,0.012185228768934735,590,They'll never believe this in a million years!
3261,31,265,446,558,1269,1.7691095350669819,0.021666233457311234,590,"You were supposed to teach him 'fetch,' not 'sketch'."
3328,32,625,1028,1325,2978,1.7649429147078577,0.014191336675986781,590,He changes the menu daily. It's all locally sourced.
1086,33,713,1150,1516,3379,1.7623557265463154,0.013362768958892072,590,Liberal arts are a dead end. The future is hunting and gathering.
786,34,494,981,1116,2591,1.7599382477807797,0.014753470385886083,590,They say his art will be worth a lot more after he's extinct.
4660,35,355,657,795,1807,1.75650249031544,0.017876203249140615,590,The worst part is someday they'll say we did that.
697,36,732,1127,1596,3455,1.7499276410998552,0.013303175991021753,590,Paints like Picasso but tastes like chicken.
4053,37,798,1146,1736,3680,1.745108695652174,0.013019497155977652,590,They'll never believe this! Not in a million years!
1971,38,654,1061,1488,3203,1.7396191070871059,0.013699617698361845,590,"You know, once those pictures get posted they're there forever..."
3737,39,475,905,1147,2527,1.734072022160665,0.015036905484512076,590,"He knows he's going to lose his security deposit, right?"
5572,40,167,403,434,1004,1.7340637450199203,0.0229413289122412,590,His technique is really evolving.
1278,41,755,1206,1754,3715,1.7310901749663525,0.012742611944294501,590,First he invents the wheel; now this. It's embarrassing.
4618,42,696,1035,1589,3320,1.731024096385542,0.013622387499775065,590,"Let me guess, you didn't invent the wheel either."
5120,43,483,880,1215,2578,1.7160589604344454,0.014976732729528526,590,"Yeah, but it makes the room look dated."
4709,44,397,980,1105,2482,1.7147461724415793,0.014529950515908304,590,His work is still evolving...
1038,45,388,861,1056,2305,1.7101952277657266,0.015344388596028637,590,"Just remember, he doesn't do well with criticism."
2123,46,538,1014,1409,2961,1.7058426207362378,0.013889276948105858,590,Think how much they'll be worth when he's extinct.
3145,47,424,814,1130,2368,1.7018581081081081,0.015482132093241095,590,And this is the drawing room.
541,48,425,852,1159,2436,1.6986863711001643,0.015157711660251726,590,Critics are calling his work 'evolutionary.'
4892,49,354,726,976,2056,1.6974708171206225,0.0164392748675247,590,"He's not extinct, but he is passé."
6030,50,293,446,760,1499,1.6884589726484323,0.02010337935452333,590,"OK, now you’ve seen the underground scene. Want to go clubbing?"
5569,51,489,806,1305,2600,1.6861538461538461,0.015086012108487399,590,"No, YOU tell him not to draw on the walls."
4544,52,286,468,767,1521,1.6837606837606838,0.01974009390428829,590,"That's definitely Skrag on the bottom, so we can stop searching for him."
1160,53,247,504,710,1461,1.6830937713894594,0.019490096591078976,590,We have to seriously step it up if we want to become the dominant species.
4314,54,240,569,728,1537,1.682498373454782,0.018557887781626415,590,The upside is after he's extinct they'll be priceless.
490,55,406,754,1166,2326,1.6732588134135855,0.015644966157143905,590,I love his whimsical juxtaposition of Jurassic and Pleistocene species
1119,56,326,646,956,1928,1.6732365145228216,0.01701922634352318,590,They say talent like his only comes around every billion years or so.
3757,57,309,673,939,1921,1.672045809474232,0.016803206593192246,590,Somehow it's primitive yet derivative.
1960,58,397,672,1120,2189,1.6697121973503883,0.016336280919154712,590,"I never knew they had such sensitive, intelligent souls. You want the white meat or the dark?"
5795,59,211,376,619,1206,1.6616915422885572,0.021821093118971274,590,He's a great artist but he also ate my wife so...my opinion is mixed.
5814,60,266,464,782,1512,1.6587301587301588,0.019535583928270428,590,I've never seen a crayonasaurus rex in action!
445,61,312,571,935,1818,1.6573157315731573,0.017688151745744587,590,"Draws like Picasso, but tastes like chicken."
4506,62,384,672,1137,2193,1.6566347469220246,0.01620566318760044,590,They won't believe this in a million years.
2297,63,370,679,1130,2179,1.651216154199174,0.016131049035916337,590,The moment he goes extinct the value will triple
300,64,257,477,800,1534,1.6460234680573664,0.019176606595748137,590,But is it art?
2205,65,307,652,1006,1965,1.6442748091603054,0.01660694792433268,590,"Normally, I would just bludgeon and eat him but I'm dying to see how the story ends."
1180,66,233,448,739,1420,1.643661971830986,0.01982179685799071,590,Of course he agreed to a 50% commission. He's got a brain the size of a walnut.
1882,67,217,498,751,1466,1.635743519781719,0.018977575289087764,590,Imagine what he could do if he had thumbs.
4988,68,225,479,760,1464,1.6345628415300546,0.019199102331125865,590,We are SO not that hairy... but those long pointy stick things seem like a great idea
521,69,252,631,907,1790,1.6340782122905029,0.016943454421564343,590,"Me, not so much, but he really nailed you."
1483,70,223,468,751,1442,1.6338418862690707,0.019382898064778616,590,"When he's extinct, they'll be worth a fortune."
3452,71,247,516,835,1598,1.6320400500625782,0.01841737367039397,590,I'm worried it might be a menu.
4874,72,267,590,931,1788,1.628635346756152,0.017255943327628247,590,"Uh oh, I think that's his grocery list."
2618,73,242,508,842,1592,1.6231155778894473,0.01840364949910467,590,I'm more concerned about him standing on two feet.
2616,74,134,247,446,827,1.62273276904474,0.02601451320756701,590,"If the dinosaurs keep up this whole ""art as a career"" thing, they'll be wiped out in no time."
3401,75,254,479,854,1587,1.6219281663516067,0.018710550621063065,590,They'll never guess this in a million years.
1857,76,181,348,613,1142,1.6217162872154116,0.021998583458341568,590,"Oh no, you go first - I’m not the one who wrote his last show was “primitive deconstruction fit only for the reptilian brain.”"
5329,77,207,478,750,1435,1.621602787456446,0.019110529716759847,590,Looks a little primitive if you ask me.
273,78,238,511,839,1588,1.621536523929471,0.018360270938883146,590,I much prefer his Jurassic Period.
410,79,208,468,754,1430,1.6181818181818182,0.019202835193491374,590,Pre-modernism.
3087,80,243,423,807,1473,1.6171079429735233,0.019612839452686565,590,No one's gonna believe us in a million years!
1077,81,111,271,417,799,1.6170212765957446,0.025383112860652944,590,I prefer his earlier work.
4801,82,208,432,743,1383,1.6131597975415763,0.01973027661222255,590,"Look, if 'you could do that' you would have done it, okay?"
4075,83,173,512,715,1400,1.6128571428571428,0.01860783963327587,590,"Not yet, I want to see how he ends it."
2993,84,207,410,732,1349,1.6108228317272053,0.02010012577134545,590,When he's extinct we can take credit for this.
5996,85,191,416,703,1310,1.6091603053435115,0.020115918487663236,590,"Oh, great! This one keeps a food diary."
2532,86,153,370,588,1111,1.6084608460846084,0.021511861124222275,590,He posts way too much on his wall.
634,87,169,357,618,1144,1.6075174825174825,0.02161248092978221,590,So _that's_ what those little arms are for.
4994,88,124,255,450,829,1.6067551266586249,0.025484648976468793,590,"If he starts drawing two guys with clubs, run like hell."
416,89,109,233,404,746,1.6045576407506703,0.026704771733398868,590,"I know it's the last one, but I'm pretty hungry."
315,90,173,383,652,1208,1.603476821192053,0.020869984323900668,590,"If he invites you in to see his etchings, don't go."
1261,91,157,382,620,1159,1.6005176876617775,0.021002907195153117,590,And all these years I thought it was you.
3266,92,174,342,634,1150,1.6,0.021731182563467774,590,You watch: He'll only get famous when he's extinct.
4425,93,162,360,619,1141,1.5994741454864154,0.02144078609851552,590,"After we eat him, I’m signing that."
5787,94,124,230,446,800,1.5975,0.02624839824661957,590,There goes our security deposit.
5560,95,163,336,609,1108,1.5974729241877257,0.02197812116824147,590,They're going to be even more valuable when he's extinct.
1259,96,168,326,615,1109,1.5969341749323716,0.022149382472837927,590,It'll be worth more once he's extinct.
1544,97,139,315,541,995,1.5959798994974874,0.02287629324371652,590,"My left brain says to kill and eat him, but my right brain says I should hire him to paint my den."
751,98,160,332,602,1094,1.5959780621572213,0.022088833002888865,590,"I told you to teach him to fetch, but, noooo, you said, let him express himself."
1881,99,150,302,564,1016,1.5925196850393701,0.022995302549461652,590,"He could have been a great hunter-gatherer, but you let him go to that damn liberal arts school"
5539,100,145,318,565,1028,1.5914396887159532,0.02258253175897871,590,We need to invent the door.
383,101,128,337,540,1005,1.590049751243781,0.022240477850981016,590,His work hasn't fully evolved yet.
5078,102,88,198,350,636,1.5880503144654088,0.0285882168852605,590,I just don't get modern art.
2213,103,145,288,550,983,1.5879959308240081,0.023390599352161673,590,Let's try another place. Something about the menu here makes me uncomfortable.
4249,104,109,280,458,847,1.587957497048406,0.024302138348858485,590,I know it's expensive. But these days you just can't sell a cave without home staging.
592,105,120,294,503,917,1.5823336968375137,0.023478694517924708,590,Am I really that fat?
2025,106,127,266,501,894,1.58165548098434,0.02430325195226165,590,He's in his Jurassic period.
3093,107,120,271,489,880,1.580681818181818,0.024233827675425458,590,"You know they’re going to blame us for this, right?"
1037,108,119,281,494,894,1.580536912751678,0.02389162365591856,590,"It's your cave, YOU tell him his perspective is all wrong."
1998,109,117,275,486,878,1.5797266514806378,0.024118636544365406,590,I called them prehistoric and I thought he was going to bite my head off.
3947,110,121,263,488,872,1.5791284403669725,0.024463511705037112,590,Its another damn Interiordecorasauris.
2431,111,121,268,492,881,1.5788876276958002,0.024272707196914444,590,"Yet when I try to house break him, he acts like he can't understand a thing."
5617,112,110,283,476,869,1.578826237054085,0.023927477343436004,590,Why does he always make me look fat?
5559,113,110,281,475,866,1.5785219399538106,0.02399122853643602,590,Damn... we're still on the menu.
4563,114,122,257,488,867,1.5778546712802768,0.024630499627515984,590,"It's a bit primitive, don't you think?"
3426,115,119,258,482,859,1.5774155995343422,0.024643688846702497,590,"Impressive yes, but is it art?"
5421,116,123,244,483,850,1.576470588235294,0.02506913911510943,590,"My wife wanted to go with a floral motif, but I said “Not in my man cave.”"
1907,117,97,256,428,781,1.5761843790012804,0.025130312379630627,590,Careful. He's already eaten one art critic.
2170,118,112,253,465,830,1.574698795180723,0.02490753971118422,590,Big whoop. It's not like he invented the wheel.
942,119,117,230,462,809,1.573547589616811,0.025703871851603718,590,"After he's extinct, it could be worth a fortune."
6009,120,115,232,459,806,1.5732009925558312,0.02565905010702125,590,We're lucky we found him. Craftsmen who can do this type of work are practically extinct.
3220,121,137,196,487,820,1.5731707317073171,0.026583946459906724,590,See? They are taking all of our jobs. We need to make the Stone Age Great Again.
3712,122,108,243,451,802,1.5723192019950125,0.025334136994806623,590,You told me you drew those. What else have you been lying about?
888,123,96,269,441,806,1.5719602977667493,0.024495787825235083,590,"Hold up, I want to see how the story ends!!"
2374,123,104,253,449,806,1.5719602977667493,0.024994067163714863,590,I liked his Jurassic period better.
5470,125,126,189,460,775,1.5690322580645162,0.027146740627638093,590,He's going to evolve into a thesaurus.
4608,126,107,220,437,764,1.568062827225131,0.026242946093164993,590,"Yeah, but once that asteroid hits, we’ll get all the credit."
524,127,125,185,456,766,1.5678851174934725,0.02733865008077916,590,My instinct is to kill him and take all the credit.
1975,128,93,247,423,763,1.567496723460026,0.02533810131878271,590,You club him. We add a couple of hand prints. It'll be huge.
5925,129,102,227,431,760,1.5671052631578948,0.026021120849942972,590,"Most people train their pet to hunt, Brian"
5888,130,97,234,424,755,1.566887417218543,0.025815087085321445,590,"We didn’t really discover fire, either."
2235,131,114,197,439,750,1.5666666666666667,0.027087248527387447,590,So annoying. He won't eat anything without posting a picture of it.
2877,132,91,244,417,752,1.5664893617021276,0.025480742353009206,590,"As usual, we're going to get blamed for this!"
2517,133,114,199,441,754,1.56631299734748,0.02697669680239342,590,There he goes again—spreading fake news!
5813,133,78,271,405,754,1.56631299734748,0.02451384242140608,590,"I admit, the work has a certain primitive appeal to it."
5095,135,85,251,408,744,1.5658602150537635,0.02526194014902355,590,He's pretty good but he has no perspective.
2274,136,98,226,422,746,1.5656836461126005,0.026123615356742947,590,He's been drawing me fatter since I made that extinction joke.
2210,137,80,225,378,683,1.5636896046852122,0.026535105093632848,590,"Sure he's a monster, but you have to separate the art from the artist."
2815,138,67,217,339,623,1.5634028892455858,0.027226227311182884,590,"He's good, but he'll never be discovered."
5833,139,95,215,409,719,1.5632823365785813,0.026658138468545225,590,"We're gonna take credit for this, right?"
3352,140,76,245,386,707,1.5615275813295615,0.02555911008815666,590,"We decided to go Primitive with the front foyer, and then Contemporary for the den."
5536,140,96,205,406,707,1.5615275813295615,0.027081462746238964,590,His work is really evolving.
4819,142,82,231,391,704,1.5610795454545454,0.02610907840623211,590,"It has the pretensions of the Cretaceous period, but we all know he's stuck in the Jurassic."
4851,142,82,231,391,704,1.5610795454545454,0.02610907840623211,590,"Great, now we'll never sell this place."
5502,144,103,187,411,701,1.5606276747503567,0.02777949374482532,590,"Dave, its like watching a Weinstein film. Can you really separate the art from the predator that made it?"
2959,145,100,191,407,698,1.5601719197707737,0.02765104057704774,590,"Frankly, everything after his Triassic Period has been rather jejune."
5507,145,86,219,393,698,1.5601719197707737,0.026589975516398495,590,Do you think he made me look fat?
5150,147,73,200,345,618,1.5598705501618122,0.027969115634235372,590,"These drawings would be worth a lot more if he were to ""accidentally go extinct""."
2614,148,81,221,383,685,1.5591240875912409,0.026573320520708293,590,"The critics are all saying that once they’re extinct, it will really be worth something."
4706,149,93,202,399,694,1.559077809798271,0.027248028107346785,590,Random selection my ass.
4783,150,68,239,366,673,1.5572065378900446,0.025843152408997237,590,I was also impressed until I realized he’s menu planning.
4115,151,77,219,374,670,1.5567164179104478,0.02669189746806204,590,You know who's gonna get blamed for this
4113,152,100,179,402,681,1.5565345080763584,0.028192865327048577,590,"Here's the plan: we discover fire, cook him medium rare, and take credit for the art."
1525,153,88,192,383,663,1.555052790346908,0.027821974526030455,590,He’s painting his “Last Supper”.
3588,154,81,180,358,619,1.5525040387722133,0.028697613460617034,590,We're losing control of the narrative.
3657,155,78,175,347,600,1.5516666666666667,0.029102620674826357,590,"After he shows you how to start a fire, I say we club him and we take the credit for this too."
4724,156,79,180,357,616,1.5487012987012987,0.028630579194943093,590,My kid's dinosaur could do that.
3679,157,71,197,350,618,1.5485436893203883,0.027816747314074446,590,"When a Cretaceous artist tries to go all Cenozoic, it never quite works."
611,158,70,189,343,602,1.5465116279069768,0.028272350515437604,590,Do I really look like that from behind?
5620,159,73,174,340,587,1.545144804088586,0.02911329709009284,590,"No, YOU tell him it's too derivative!"
3970,160,72,166,332,570,1.543859649122807,0.029664435818309718,590,I think it's way better than that novel the chimpanzee wrote.
4771,161,75,162,338,575,1.5426086956521738,0.029780090169592828,590,"Nice, but you know it's going to cost us an arm and a leg!"
1860,161,75,162,338,575,1.5426086956521738,0.029780090169592828,590,He's allowed up to 140 characters. This is going to take awhile...
3411,163,69,175,333,577,1.5424610051993068,0.029088143524013805,590,Try explaining cultural appropriation to a dinosaur.
4543,164,45,91,198,334,1.5419161676646707,0.039429265846615234,590,"I hear he also does great work in bronze, whatever that is."
4895,165,71,165,331,567,1.5414462081128748,0.029683939600618364,590,"Just so you know, she's not known to respond very well to criticism."
3627,166,81,138,337,556,1.539568345323741,0.031186773950043337,590,He's in his Jurassic period.
3665,167,57,190,317,564,1.5390070921985815,0.028290742051923168,590,Your critique is fair; I just don't think he's really looking for feedback right now.
4343,168,75,148,330,553,1.538878842676311,0.030684703714044505,590,I have a bad feeling that he's evolving faster than we are.
2553,169,62,169,314,545,1.5376146788990825,0.029583756712657457,590,I like his early work better.
4677,170,70,154,323,547,1.5374771480804388,0.030398361317702828,590,"Yeah, she's good, but last year it was ballet lessons and before that, the violin."
222,171,67,161,321,549,1.5373406193078325,0.029984357961928193,590,Darwin is not going to like this.
5820,172,66,156,315,537,1.5363128491620113,0.03037365047833336,590,"Personally, I think it's kind of primitive."
4050,173,58,161,301,520,1.5326923076923078,0.030157203279210922,590,Suddenly I feel less evolved.
3139,174,62,150,303,515,1.5320388349514562,0.03086780562800169,590,"I don't know much about art, but I know what I like to eat."
6025,175,57,161,299,517,1.5319148936170213,0.030163775855730764,590,..and who do you think they'll believe in 65 million years?
2898,176,59,150,296,505,1.5306930693069307,0.030948026767147307,590,"No, wait until he finishes. Then we take credit for it."
5879,177,61,148,300,509,1.530451866404715,0.031018103108415785,590,"Remember: we did the paintings, and the dinosaurs died 65 million years ago."
1397,178,57,160,300,517,1.5299806576402322,0.03016762155930421,590,"That will never come off the wall, and I'm sure we'll get blamed for it."
2009,179,67,135,306,508,1.529527559055118,0.03180648001953904,590,Nobody will believe it in a million years.
3635,180,60,136,288,484,1.5289256198347108,0.0320809403634931,590,It's a cold-blooded commentary on modern hunter-gatherer culture.
3576,181,52,165,292,509,1.5284872298624754,0.029878714084937932,590,Don’t worry; the archeologists will say we did it!
782,182,69,124,303,496,1.528225806451613,0.03264220204191175,590,You're the fat one.
170,183,66,131,301,498,1.5281124497991967,0.03216750460285245,590,Okay! You say art and I say vandalism. Can we both agree it's dinner?
3108,183,71,121,306,498,1.5281124497991967,0.03278950157154619,590,You got the decorator in without consulting me?
1123,185,57,146,290,493,1.5273833671399595,0.03125060889550831,590,I'm finding that real artistic talent is almost extinct.
4884,186,62,138,298,498,1.5261044176706828,0.031664569417028714,590,"His work is derivative, lacks perspective, and anti-paleontological, but it sells."
2806,187,51,151,279,481,1.525987525987526,0.03100345614306773,590,Is my back really that hairy?
2719,188,48,148,272,468,1.5213675213675213,0.031202578894640426,590,This is going to play hell with evolution theory.
3578,188,59,126,283,468,1.5213675213675213,0.03277593064900972,590,"I say we kill him, eat him, and take credit for the art work."
474,190,67,112,293,472,1.521186440677966,0.03365396030477895,590,Picassosaurus.
3469,191,52,134,272,458,1.519650655021834,0.03229676693431326,590,Don't worry. We'll get credit for it.
5022,192,49,138,268,455,1.5186813186813186,0.032004804970921875,590,He's prolific. He works like he's going extinct tomorrow or something.
1933,193,56,122,274,452,1.5176991150442478,0.03321215656294003,590,If we kill him now they'll just call us art critics.
2153,193,59,116,277,452,1.5176991150442478,0.03365234704602008,590,I saw his work at an exhibit of post-extinctionism at the Lascaux last year.
1487,195,49,132,264,445,1.5168539325842696,0.0325334430862855,590,"Sure, he can paint. But can he stand criticism?"
5943,196,49,131,264,444,1.5157657657657657,0.03258855486578833,590,"When it's all said and done, I bet we get the blame for this ."
4750,196,56,117,271,444,1.5157657657657657,0.03366290510815581,590,"Inside it's art, outside it's graffiti. Go figure."
4925,198,37,157,254,448,1.515625,0.030467440750238398,590,Art therapy helps him face extinction.
3112,199,57,112,270,439,1.5148063781321184,0.034105057424367057,590,ANOTHER Graffitisaurus !!
2393,200,53,118,265,436,1.5137614678899083,0.03366262254269361,590,He's ahead of what time?
489,201,46,129,256,431,1.5127610208816706,0.03282420522469636,590,Your the one who wanted to domesticate it. I said we should have just eaten it.
5643,202,55,105,260,420,1.5119047619047619,0.03494841198275474,590,"So we're agreed, no more LSD at Burning Man."
427,203,56,106,264,426,1.511737089201878,0.034735065817061685,590,"opposable thumbs, my ass"
3799,204,40,139,249,428,1.5116822429906542,0.031982848632861646,590,Meh. He stopped evolving as an artist years ago.
5889,204,46,127,255,428,1.5116822429906542,0.03299339215039227,590,And this will be the baby's room!
2490,206,54,108,261,423,1.5106382978723405,0.034600152574607766,590,There goes our deposit.
2739,206,47,122,254,423,1.5106382978723405,0.03344759814840462,590,"A million years from now, we're going to get blamed for this."
1874,206,47,122,254,423,1.5106382978723405,0.03344759814840462,590,"His first love was the piano, but his hands were too small to reach all the keys."
3096,209,49,115,254,418,1.5095693779904307,0.03408123275804408,590,My kid could do that.
4507,210,49,116,255,420,1.5095238095238095,0.03396061984422586,590,I thought you said these were YOUR paintings...
4658,210,48,118,254,420,1.5095238095238095,0.03379288049828424,590,"Sure they're talented, but guess who gets the credit when they become extinct?"
3393,212,48,113,250,411,1.508515815085158,0.03434062243669321,590,It’ll be worth more after he’s extinct.
4940,213,47,116,250,413,1.5084745762711864,0.034044912053252066,590,It’s a Picassosaurus.
3133,214,43,118,242,403,1.5062034739454093,0.033950542776348784,590,YOU tell him it doesn’t go with the sofa.
4723,214,37,130,236,403,1.5062034739454093,0.03284155940446849,590,In his stories the animals always win.
4564,216,49,107,249,405,1.5061728395061729,0.03489507627522085,590,All this self-absorbed social media stuff will be the end of the dinosaurs.
4816,217,49,108,250,407,1.5061425061425062,0.03476694081178516,590,The wife insisted we get an interior designer.
848,218,43,115,240,398,1.5050251256281406,0.03426284348435532,590,Now don't forget what happened to his last critic.
5952,218,41,119,238,398,1.5050251256281406,0.03389139934091117,590,Let's wait. I want to see how the story ends.
526,220,53,96,251,400,1.505,0.03592581467971189,590,"And you didn't invent the wheel either, did you?"
2645,221,52,100,252,404,1.504950495049505,0.03548323740734154,590,You tell him he's extinct.
914,222,37,120,228,385,1.5038961038961038,0.033934396442737456,590,Four years of art school for what?
2337,223,48,103,244,395,1.5037974683544304,0.035374126378609705,590,I guess we owe the kids an apology.
5709,224,48,104,245,397,1.5037783375314862,0.03524084973940157,590,It's just so terribly derivative of that stuff in France.
74,225,38,118,230,386,1.5025906735751295,0.034069618568503275,590,They’re evolving faster than we thought. That’s burnt charcoal.
3548,226,47,103,242,392,1.5025510204081634,0.03539291368748235,590,What kind of Neanderthal uses oil instead of acrylic?
5577,227,58,82,254,394,1.50253807106599,0.0372191707507605,590,Odd for a thesaurus not to put a caption.
5911,227,45,108,241,394,1.50253807106599,0.03489059433229739,590,"Just our luck, a Graffitisaurus."
457,227,56,86,252,394,1.50253807106599,0.03687050158307588,590,Once he’s ‘extinct’ the value will soar.
1060,230,42,116,240,398,1.5025125628140703,0.03407832744628998,590,The reviews say he's way ahead of his time.
5437,231,44,105,236,385,1.5012987012987014,0.035302625534823794,590,"It's a bit wordy, but the story is quite compelling"
1118,231,41,111,233,385,1.5012987012987014,0.03472306083955701,590,"I said fetch, not sketch"
2620,233,38,116,230,384,1.5,0.03419788316882925,590,OMG it's a menu!
6028,233,31,129,222,382,1.5,0.03289622851008265,590,I don't think anyone will be interested in this kind of art 100 years from now.
5134,235,40,111,232,383,1.4986945169712793,0.03465898115397851,590,He reinterprets events from the perspective of the prey. It’s all very modern.
4252,236,43,104,234,381,1.4986876640419948,0.035382126864430034,590,I see Rex is finally using his tiny hands for something good.
2599,237,41,104,228,373,1.4986595174262736,0.0355387621636241,590,I could do that
4440,238,41,106,231,378,1.4973544973544974,0.035192694949995246,590,It's a pictosaurus
1113,239,51,83,238,372,1.4973118279569892,0.03758857722480074,590,You couldn't just teach him how to fetch?
1764,240,44,96,231,371,1.4959568733153639,0.03628641390551477,590,Confirmed - He ate your two brothers.
4367,241,46,91,232,369,1.4959349593495934,0.03683489782083441,590,"JUST GREAT !! Now I have to repaint the living room, again !"
4349,242,45,92,230,367,1.4959128065395095,0.0367837760654984,590,I liked his Jurassic period better.
331,242,35,112,220,367,1.4959128065395095,0.03470086807281403,590,I always love hunting new talent.
4970,244,46,89,230,365,1.4958904109589042,0.03713791884220006,590,"I really should start keeping a food diary, too."
4745,245,38,104,221,363,1.4958677685950412,0.035621914070015546,590,The rumors were right. We are on the menu.
5315,246,34,114,220,368,1.4945652173913044,0.03441821138221866,590,Is that really what I look like?
5327,246,42,98,228,368,1.4945652173913044,0.036098236112273904,590,"No opposable thumbs and he still wins ""Best in Show"" every year."
520,248,32,116,216,364,1.4945054945054945,0.03424888593766523,590,I say we let him finish.
1466,248,43,94,227,364,1.4945054945054945,0.03659899389971492,590,"Big deal--he still poops on the lawn, doesn't he?"
3429,248,43,94,227,364,1.4945054945054945,0.03659899389971492,590,YOU tell him not to write on the walls.
2582,251,42,95,226,363,1.4931129476584022,0.03646528384550099,590,I don't care what he does as long as he pays the rent.
5286,251,41,97,225,363,1.4931129476584022,0.03625599151530894,590,I think those are tonight's dinner specials.
5401,251,39,101,223,363,1.4931129476584022,0.03583373983285237,590,"Yeah, right. Like he ever caught a pterodactyl!"
4495,254,30,117,212,359,1.4930362116991645,0.034132604740158994,590,Wife’s idea. I just wanted nice blue walls.
4402,254,36,105,218,359,1.4930362116991645,0.035473989555200584,590,Was it your idea to have an artist in residence?
2265,256,42,92,224,358,1.4916201117318435,0.03684195365295341,590,"Yeah, but can he make fire?"
2344,256,37,102,219,358,1.4916201117318435,0.03576431127574525,590,"Oh sure, the art's great, but try getting him to use the litter box."
1343,258,31,113,212,356,1.4915730337078652,0.034563120034319154,590,"It would be a real shame to silence such talent, but I'm really hungry."
2315,259,34,106,214,354,1.4915254237288136,0.03538611693955976,590,We'll probably get blamed for this.
2864,259,30,114,210,354,1.4915254237288136,0.03446966507153465,590,After we eat him we can take credit for them.
5501,259,39,96,219,354,1.4915254237288136,0.03649933697282358,590,He's just my touch up guy. Creative control is still totally mine.
827,262,38,97,218,353,1.4900849858356942,0.03635365833312858,590,"I say we wait until he's finished. He's the last of his kind, after all."
5308,262,37,99,217,353,1.4900849858356942,0.03613160212317005,590,Let's move on. It might be his grocery list.
4025,264,43,86,222,351,1.4900284900284901,0.037603754144011174,590,"He just doodles on a wall, then he expects US to come up with a brilliant caption."
3089,265,35,100,212,347,1.4899135446685878,0.03612867858531596,590,"You wanted to domesticate it, now it thinks it owns the place."
2428,266,26,118,204,348,1.4885057471264367,0.03392198073046163,590,I hope the historians won't think that we painted that junk.
3758,267,33,103,210,346,1.4884393063583814,0.03573727788021386,590,"No, YOU tell him his figures are merely two-dimensional."
4308,267,45,79,222,346,1.4884393063583814,0.03844747809520135,590,It will be very valuable once he is extinct
5592,267,34,101,211,346,1.4884393063583814,0.0359709279662582,590,It's that dang graffitauras again!
1766,270,39,90,215,344,1.4883720930232558,0.03727640738586856,590,I prefer his Pleistocene Period.
342,270,36,96,212,344,1.4883720930232558,0.03658797128088853,590,"I used to like it here, but they keep changing the menu."
644,270,34,100,210,344,1.4883720930232558,0.03612172530514542,590,"I'll bet, thousands of years from now they'll think we did this."
4089,273,31,105,207,343,1.4868804664723032,0.035482715309967584,590,They like to mark their territory.
15,274,36,92,210,338,1.485207100591716,0.037057935298191465,590,I thought you said the painter would be done by the time we got home from vacation
5319,275,30,103,203,336,1.4851190476190477,0.03575830916182182,590,I hope that is not a menu.
4291,275,29,105,202,336,1.4851190476190477,0.03550899002734434,590,"Sure, his technique is good, but his style is derivative."
3383,277,37,88,209,334,1.4850299401197604,0.03762198511998735,590,Just sign your name...in a million years no one will know the difference!
5962,278,37,87,209,333,1.4834834834834836,0.03770324148381266,590,I'm thinking of switching from hunting-and-gathering and moving into collecting.
793,278,38,85,210,333,1.4834834834834836,0.0379423878785041,590,First fire...now this?
1011,280,34,92,205,331,1.4833836858006042,0.03713864133901686,590,"It’s not art, these are his dinner choices..."
4984,280,36,88,207,331,1.4833836858006042,0.0376284288365213,590,I thought we agreed on wall paper.
5375,280,38,84,209,331,1.4833836858006042,0.03811192245088357,590,Yuk. People are gonna believe WE drew them !!
5826,280,29,102,200,331,1.4833836858006042,0.035884937508871236,590,We can take the credit when they become extinct
1446,284,33,93,204,330,1.481818181818182,0.036969938559661915,590,Interesting idea. Pictures last longer if you don't draw them in the dirt.
3953,285,33,92,203,328,1.4817073170731707,0.03713290824126232,590,"I say we eat him first, then take credit for his work."
621,286,27,103,196,326,1.48159509202454,0.03574720779376959,590,Makes me feel even more like a Neanderthal.
4934,287,34,88,202,324,1.4814814814814814,0.037718757505323185,590,"Last week it was pottery. I mean, pick a major already."
2554,288,35,84,201,320,1.48125,0.0383188420998679,590,I’m not THAT hairy.
2477,289,33,89,201,323,1.479876160990712,0.037546219815702955,590,His work won't stand the test of time.
3391,290,31,91,197,319,1.4796238244514106,0.03736368003374487,590,Good forgers like him are nearly extinct.
5275,290,33,87,199,319,1.4796238244514106,0.03788767589714717,590,I told you short-term renters would ruin the place.
3834,292,29,93,193,315,1.4793650793650794,0.037164687034177045,590,Way too representational for my taste.
1610,293,27,98,193,318,1.4779874213836477,0.036370281448912516,590,You tell him it's not what you had in mind.
2149,293,35,82,201,318,1.4779874213836477,0.038490493420348555,590,Am I that fat?
3699,293,39,74,205,318,1.4779874213836477,0.03950795412668553,590,He said he works for the New Yorker and wants us to submit the captions.
5625,293,32,88,198,318,1.4779874213836477,0.03770938632610057,590,"The writing is on the wall, it is either him or us."
706,297,36,79,201,316,1.4778481012658229,0.03892839966490754,590,"Don't wimp out on me now, Grog, it's a double win. We become the dominant species and get credit for the art."
5838,298,38,74,202,314,1.4777070063694266,0.03962851617100147,590,"Brock posed for him earlier, but now we can’t find him."
2543,299,30,88,192,310,1.4774193548387098,0.0378653081124323,590,"The Paleo Diet Cookbook, 1st Edition."
5073,300,28,95,194,317,1.476340694006309,0.03672065213508775,590,Like anyone is ever going to see his work.
4617,300,25,101,191,317,1.476340694006309,0.03589581195664624,590,"He calls it his ""Paleo Diet."""
2375,302,35,80,200,315,1.4761904761904763,0.038756767594694055,590,We can take credit after he's extinct.
3065,303,34,81,198,313,1.476038338658147,0.03867510276086793,590,You know we're going to get blamed for this...
4606,303,35,79,199,313,1.476038338658147,0.03893897309884569,590,Of course you could have done that but you didn’t did you?
5344,303,29,91,193,313,1.476038338658147,0.03732778203187303,590,"If this is a shopping list, we're in big trouble"
6022,303,29,91,193,313,1.476038338658147,0.03732778203187303,590,"Of course, we'll repaint after moving in."
4992,307,32,84,195,311,1.4758842443729903,0.03831980081439497,590,"Sure, he has evolved as an artist, but as a species?"
2031,308,23,101,185,309,1.4757281553398058,0.03595985277048329,590,"If we club him now, we can pass it off as our own."
3859,309,32,82,193,307,1.47557003257329,0.03868222439152406,590,His use of charcoal imparts a contemporary yet somehow timeless quality
4227,310,29,88,191,308,1.474025974025974,0.03775616256994058,590,"Who knows what it means, but it keeps him busy."
3687,310,37,72,199,308,1.474025974025974,0.03993419221173808,590,More fake news.
2693,310,25,96,187,308,1.474025974025974,0.036618599976100286,590,"Trust me, the wall adds 10 pounds. You look fine, Steve."
2658,310,30,86,192,308,1.474025974025974,0.03803523759564694,590,The dude may have talent but he has no future.
2172,314,29,87,190,306,1.473856209150327,0.03793259707498177,590,I thought you said they were done by aliens.
2327,314,35,75,196,306,1.473856209150327,0.03959113463169601,590,He's doing my cave after he's finished with Barry's.
5777,314,33,79,194,306,1.473856209150327,0.03904611719365991,590,That's an interesting perspective the way he's drawn us upright.
1217,317,29,86,189,304,1.4736842105263157,0.03811122132807409,590,It keeps him from chewing on the furniture.
1671,317,34,76,194,304,1.4736842105263157,0.03950985546727791,590,Utter genius! These guys are going to rule the earth forever.
4510,317,30,84,190,304,1.4736842105263157,0.038395024270118615,590,So he’s the one spreading rumors about us!
736,320,17,108,175,300,1.4733333333333334,0.03482503915164757,590,You want to be the one to tell him his work lacks imagination?
3530,321,27,89,187,303,1.471947194719472,0.03762092475996486,590,You try to keep a nice cave and before you know it there's graffiti all over the walls.
2683,322,23,96,182,301,1.4717607973421927,0.036607215486341486,590,The best talent of a generation. Almost a shame to eat him.
501,322,31,80,190,301,1.4717607973421927,0.038952219187034516,590,But is it art?
3443,324,27,87,185,299,1.471571906354515,0.03797711471685197,590,The value of his cave paintings will skyrocket once he's extinct.
5108,324,29,83,187,299,1.471571906354515,0.03856363069990378,590,"Don't call her a ""dinosaur artist"" -- she prefers just ""artist."""
4324,326,29,82,186,297,1.4713804713804715,0.038750201301473254,590,"He can draw, but can he make fire?"
4767,327,32,76,190,298,1.4697986577181208,0.03951954635484368,590,I was hoping for something a bit more post-mesozoic
5475,328,32,75,189,296,1.4695945945945945,0.03971473395794483,590,"Don't worry, we're white men. We'll end up getting the credit."
5360,328,29,81,186,296,1.4695945945945945,0.03884002204908165,590,The menu here is locally sourced.
3951,328,23,93,180,296,1.4695945945945945,0.037028661218288385,590,"Considering the lack of opposable thumbs, it ain’t bad."
3317,328,34,71,191,296,1.4695945945945945,0.040287325720816065,590,I've told him a million times—you're as good as dead with an art degree in this job market.
3619,328,29,81,186,296,1.4695945945945945,0.03884002204908165,590,I don't get modern art.
2044,328,30,79,187,296,1.4695945945945945,0.03913376512636555,590,"Should we tell him that's not a survival skill, or let history run it's course?"
2000,328,31,77,188,296,1.4695945945945945,0.039425319696331444,590,I thought representational art was extinct.
433,328,35,69,192,296,1.4695945945945945,0.04057059124449043,590,"After the extinction, it'll be priceless."
365,328,34,71,191,296,1.4695945945945945,0.040287325720816065,590,He calls them Emojis.
2905,328,36,67,193,296,1.4695945945945945,0.04085189266264073,590,I find his style really primitive.
4207,338,27,82,181,290,1.4689655172413794,0.03880765082737168,590,The prospect of mass extinction really brings out his creative side.
5224,338,26,84,180,290,1.4689655172413794,0.038498964427158784,590,Keeping track of what he eats helps him stay on his diet
4269,340,29,79,185,293,1.4675767918088738,0.03912138442310338,590,Let's go with wallpaper.
5905,340,32,73,188,293,1.4675767918088738,0.0400076520805831,590,Just a bit too primitive for my taste
2943,342,21,94,176,291,1.4673539518900343,0.03682503517099326,590,"After he's done, we'll sneak in and trace our handprints all over it. A million years from now, guess who'll get the credit."
3962,343,24,87,178,289,1.467128027681661,0.037960569767350655,590,Let him discover how to make fire. Then I'll be impressed.
6034,343,33,69,187,289,1.467128027681661,0.04070955456450541,590,"Let's call it ""Art Gecko."""
3390,343,30,75,184,289,1.467128027681661,0.03981432122048038,590,I also own some works from his Paleolithic period.
2518,346,29,76,183,288,1.4652777777777777,0.03960533769735328,590,"Well, now we know where Zog and Zum went."
3919,346,29,76,183,288,1.4652777777777777,0.03960533769735328,590,"You let that egg hatch, didn't you?"
4270,346,26,82,180,288,1.4652777777777777,0.03867806565105073,590,They’ll be worth a lot more after he’s extinct.
419,349,27,79,180,286,1.465034965034965,0.03918416414565038,590,It'll be worth more after his extinction.
648,349,28,77,181,286,1.465034965034965,0.0394960198809374,590,"Reservations or not, if that's the menu I am leaving."
4375,349,27,79,180,286,1.465034965034965,0.03918416414565038,590,I don't want to be around when his mother comes home.
5586,349,30,73,183,286,1.465034965034965,0.04011245841032013,590,I guess we know what happened to Frank...
4674,353,24,84,176,284,1.4647887323943662,0.03842179203226319,590,"I thought they were extinct, but apparently they've just been focusing on their art."
1425,354,20,91,171,282,1.4645390070921986,0.03728253622703637,590,He paints what he eats.
4758,355,31,70,184,285,1.4631578947368422,0.040515451709371826,590,I've hired him to do my place in France.
1137,355,20,92,173,285,1.4631578947368422,0.037009398143720534,590,They'll be trying to figure this out for years.
581,357,29,73,181,283,1.4628975265017667,0.040104933413950335,590,I hate to tell him he's got no future.
2198,357,29,73,181,283,1.4628975265017667,0.040104933413950335,590,"the best part is that 20,000 years from now critics will think you and I were the geniuses that painted this"
2855,357,29,73,181,283,1.4628975265017667,0.040104933413950335,590,Let him live. Years from now they will think we did it.
2537,360,25,80,176,281,1.4626334519572954,0.03903019363023738,590,My kid could do that.
5764,360,24,82,175,281,1.4626334519572954,0.038703185842726286,590,Too primitive for my taste.
2698,362,30,68,179,277,1.4620938628158844,0.04105358918088722,590,I thought figurative painters were all pretty much extinct!
5083,362,28,72,177,277,1.4620938628158844,0.040411344625501444,590,"Don't worry, I'll see to it that we get the credit."
5648,362,29,70,178,277,1.4620938628158844,0.04073373269830611,590,I was hoping for some nudes.
5895,365,23,80,170,273,1.4615384615384615,0.039155556971583565,590,That's so sixty-five-million-years-ago.
3137,365,25,76,172,273,1.4615384615384615,0.03983748665116125,590,It is a chart of all its major food groups
262,365,24,78,171,273,1.4615384615384615,0.03949799352142066,590,"His background is paleolithic, but you get the feeling that the neolithic age is trying to break through."
5338,368,28,62,166,256,1.4609375,0.04280480645055655,590,You know theyre going to pin this on us.
4005,369,22,83,171,276,1.460144927536232,0.03851006305577709,590,"Not bad, though I'm no fan of modern art."
268,369,30,67,179,276,1.460144927536232,0.04115614954808681,590,We're keeping his security deposit.
1731,369,24,79,173,276,1.460144927536232,0.0391883385565919,590,You told me those were your drawings.
5077,372,34,58,182,274,1.4598540145985401,0.042648726296544585,590,Like his art will ever be noticed a million years from now
5089,372,27,72,175,274,1.4598540145985401,0.040394963592200406,590,Don't confuse the quality of the art with your feelings about the artist.
1588,372,34,58,182,274,1.4598540145985401,0.042648726296544585,590,That's the easy part. Now we have to come up with a witty caption.
312,375,26,73,173,272,1.4595588235294117,0.04027309824425668,590,"Actually, it's his menu."
4384,375,20,85,167,272,1.4595588235294117,0.03819851694224574,590,"It's a little primitive, but you know, I like it."
5936,375,21,83,168,272,1.4595588235294117,0.038552033939267774,590,"No-o-o, YOU tell him his work is derivative."
3288,378,23,84,176,283,1.459363957597173,0.03817154642234916,590,He's in his post-extinction phase.
250,379,27,70,174,271,1.4575645756457565,0.04070950509537516,590,They'll be worth more when he's dead.
3625,379,24,76,171,271,1.4575645756457565,0.039689582828522856,590,It's a shame he won't be appreciated until after he's extinct.
3645,379,31,62,178,271,1.4575645756457565,0.04203091994934177,590,He's almost too talented to eat.
4582,379,21,82,168,271,1.4575645756457565,0.03864275048562118,590,He loves making the weekly grocery list.
46,379,20,84,167,271,1.4575645756457565,0.03828744648608178,590,Is this fine for you or shall we look at the menu next door?
92,384,27,69,173,269,1.4572490706319703,0.04092748649718754,590,I know.... but when he dies they'll be worth millions.
2722,384,36,51,182,269,1.4572490706319703,0.04387186016333408,590,You know who's gonna get blamed for this
3321,384,23,77,169,269,1.4572490706319703,0.039548575625344765,590,"We will never get our deposit back, now!"
2989,387,23,76,168,267,1.4569288389513109,0.03975628381223434,590,We can't let them control the narrative.
4762,387,21,80,166,267,1.4569288389513109,0.03904153590518975,590,I always wondered what those short little arms are for.
355,389,25,69,167,261,1.4559386973180077,0.04112034321691635,590,Studio assistant. The ideas are mine.
4057,389,28,63,170,261,1.4559386973180077,0.04218174908741503,590,"No, you tell him there should only be one moon."
4478,389,30,59,172,261,1.4559386973180077,0.04287475763902033,590,You wanted a pet - you clean up after it.
1227,392,24,73,169,266,1.4548872180451127,0.0402077606666401,590,I don’t know how they think they’re going to survive as artists.
4172,393,23,74,167,264,1.4545454545454546,0.04006536050404617,590,"Oh, come on. I bet he hasn't eaten half those guys."
4275,393,28,64,172,264,1.4545454545454546,0.04182414280943761,590,Plagiasaurus!
2992,393,23,74,167,264,1.4545454545454546,0.04006536050404617,590,Dinosaurs are so primitive - That doesn't even look like us.
1932,393,28,64,172,264,1.4545454545454546,0.04182414280943761,590,We may not be the most intelligent but we got clubs.
3720,393,24,72,168,264,1.4545454545454546,0.040423239283909354,590,I told you not to leave him alone. That will never come off.
2730,398,29,61,172,262,1.4541984732824427,0.04240275175194912,590,I told you not to enroll him in Head Start.
4701,398,27,65,170,262,1.4541984732824427,0.04170729469256208,590,"They come here, they take our jobs..."
684,400,33,52,175,260,1.4538461538461538,0.04401280861002518,590,Just think about how much those are going to be worth once he's extinct.
1101,400,21,76,163,260,1.4538461538461538,0.039758357176100094,590,"Oh, Great! Now my wife’s gonna want to hire a decorator, too!"
4887,400,25,68,167,260,1.4538461538461538,0.041225320910121106,590,"He says it's called ""Premodern""."
5581,403,18,84,163,265,1.4528301886792452,0.03811983027561156,590,"I know you love it, but I live here too."
2425,404,30,58,173,261,1.4521072796934866,0.04285895224736539,590,"Last week it was this Italian woman, enigmatic smile."
1389,404,35,48,178,261,1.4521072796934866,0.04454494364200813,590,He was a cartoonist for the New Yorker back when its cartoons were funny.
970,406,27,68,175,270,1.451851851851852,0.04079515222994427,590,"If anyone finds this it's going to make us look like a bunch of ""Neanderthals""!"
3451,407,25,67,167,259,1.4517374517374517,0.0413306256686305,590,"When he becomes extinct, this stuff will be worth a fortune."
901,407,23,71,165,259,1.4517374517374517,0.040600001147581936,590,Just think how much his stuff will be worth after he's extinct!
1153,407,20,77,162,259,1.4517374517374517,0.039478719656524434,590,His paintings won't sell for a million years.
525,410,23,70,164,257,1.45136186770428,0.04082272359195272,590,"If you're asking me, it's a dying art form."
4218,410,22,72,163,257,1.45136186770428,0.04044868265815524,590,"I'm hungry, too, but the art man, the art!"
5431,410,20,76,161,257,1.45136186770428,0.0396900272538392,590,We're totally taking credit for this.
5982,410,24,68,165,257,1.45136186770428,0.04119336832731451,590,I don't eat at restaurants where I'm on the menu.
903,414,24,67,164,255,1.4509803921568627,0.04142312736820825,590,I'd be more impressed if he knew we only had one moon.
5945,414,20,75,160,255,1.4509803921568627,0.03990440462461083,590,This would be easier for me if the art was no good.
5711,416,21,70,158,249,1.4497991967871486,0.04096391892676494,590,"If you ask me, his Jurassic period work was better"
5183,417,26,62,166,254,1.4488188976377954,0.042272637792875226,590,Season 1 was better.
5716,417,27,60,167,254,1.4488188976377954,0.042639166242517866,590,"He's evolving as an artist, but I don't think he has a future."
5587,417,27,60,167,254,1.4488188976377954,0.042639166242517866,590,I can't stand modern art.
4610,417,28,58,168,254,1.4488188976377954,0.04300257073416109,590,So? They still taste like chicken.
3551,417,28,58,168,254,1.4488188976377954,0.04300257073416109,590,They're illustrations for a book he's writing called Genesis.
4319,417,29,56,169,254,1.4488188976377954,0.04336292980918126,590,It's fake news.
2652,417,26,62,166,254,1.4488188976377954,0.042272637792875226,590,I prefer his Jurassic period.
2521,417,27,60,167,254,1.4488188976377954,0.042639166242517866,590,Let's see what's on today's menu.
1675,417,23,68,163,254,1.4488188976377954,0.04115347045267586,590,I hate modern art.
1539,417,24,66,164,254,1.4488188976377954,0.0415298774641669,590,YOU do something. YOU'RE the one who said they were extinct.
535,417,17,80,157,254,1.4488188976377954,0.03881845667929818,590,"Oh really, Mr. Art Critic? You think it's 'primitive'?"
612,428,26,61,165,252,1.4484126984126984,0.04251495901089165,590,"He can be temperamental. Last week, he ate Grunella after she criticized his use of negative space."
4466,428,24,65,163,252,1.4484126984126984,0.04176460981062781,590,"I'm not that hairy, am I?"
5415,428,23,67,162,252,1.4484126984126984,0.041384333739980454,590,They say the value goes up after the artist's extinction.
5975,428,25,63,164,252,1.4484126984126984,0.04214145448564742,590,He draws what he ate. Now we know what happened to Thurg and Glook.
2282,432,22,68,160,250,1.448,0.04123086144798543,590,"Sure, the style is Jurassic. But drawing with charcoal? This guy is way ahead of his time."
744,432,21,70,159,250,1.448,0.040839385667352374,590,It looks like his Jurassic Period.
1666,434,27,57,164,248,1.4475806451612903,0.043388562958875394,590,"Refreshingly primitive, like he has direct access to his reptile brain."
3341,434,24,63,161,248,1.4475806451612903,0.04224473703344082,590,He'll never get his deposit back.
4239,434,18,75,155,248,1.4475806451612903,0.039858733419429054,590,The vet said it was good therapy.
5673,434,20,71,157,248,1.4475806451612903,0.04066962448243483,590,It won’t be worth anything until after he’s extinct.
5995,438,24,60,158,242,1.4462809917355373,0.04299287674228343,590,"You'd be wise to keep your ""a little too primitive"" to yourself."
2586,438,20,68,154,242,1.4462809917355373,0.04136687011798971,590,So what? My five year old could do that.
2649,440,29,54,168,251,1.4462151394422311,0.043734786428468446,590,"Who knew that the inventor of ""fake news"" was a creepy guy with small hands, scales and a tail?"
3127,441,26,59,164,249,1.4457831325301205,0.04287528202894241,590,See what you can accomplish when you stand on your own two feet.
3276,441,14,83,152,249,1.4457831325301205,0.03807411757807336,590,He's made a living plagiarizing our work.
3660,441,22,67,160,249,1.4457831325301205,0.04133690057511835,590,"It really does spruce up the place, but he charges an arm and a leg."
4383,444,21,68,158,247,1.4453441295546559,0.041174486024890565,590,We’re gonna get blamed for this.
3520,444,25,60,162,247,1.4453441295546559,0.04274341510752978,590,YOU tell him it's primitive.
1661,444,9,92,146,247,1.4453441295546559,0.03606042973248959,590,Sure it's primitive but it'll be worth a fortune in ten or twenty thousand years.
4143,444,27,56,164,247,1.4453441295546559,0.04350666791280336,590,"Boy, I hope no one ever thinks we did that!"
582,448,24,61,160,245,1.4448979591836735,0.04260388135770077,590,"Well, that pretty much destroys your 'opposable thumb' theory.."
1631,448,24,61,160,245,1.4448979591836735,0.04260388135770077,590,Am I really that hairy?
2980,448,22,65,158,245,1.4448979591836735,0.041811226913774265,590,Let's see how this evolves.
3929,448,19,71,155,245,1.4448979591836735,0.040593234411367606,590,"Genius or not, I'm still hungry."
1521,452,23,61,157,241,1.4439834024896265,0.04270702079761821,590,He updates the menu daily
3515,452,25,57,159,241,1.4439834024896265,0.04350914752820237,590,I hate modern art.
5227,452,25,57,159,241,1.4439834024896265,0.04350914752820237,590,"First he prices us out of our cave, now he appropriates our culture?"
5956,452,19,69,153,241,1.4439834024896265,0.04105577960485988,590,It's not his evolution as an artist that I'm concerned about.
2996,452,18,71,152,241,1.4439834024896265,0.04063248567773681,590,You know we'll get blamed for it eventually.
1009,457,13,80,146,239,1.4435146443514644,0.038653601453952594,590,We can always paint over it if you don't like it.
1636,458,24,57,156,237,1.4430379746835442,0.04363207949654313,590,Relax. It's not like in a million years anyone will care who drew them.
1150,459,25,56,159,240,1.4416666666666667,0.04362883367507677,590,A Plagerasauras if I ever saw one.
436,459,24,58,158,240,1.4416666666666667,0.04322739437394721,590,You know we’re going to get the blame for this don’t you?
3860,459,25,56,159,240,1.4416666666666667,0.04362883367507677,590,"Yes, the style is exuberantly primitive to be sure , but it still smacks of a certain subtextual pretentiousness..."
4616,459,18,70,152,240,1.4416666666666667,0.04073576565427806,590,"I know, but he's very good with the children."
5103,459,27,52,161,240,1.4416666666666667,0.04442082996546793,590,Do you think that's what we really look like?
5107,459,26,54,160,240,1.4416666666666667,0.04402661276244475,590,So he's artistic. That doesn't mean he's gay.
225,459,27,52,161,240,1.4416666666666667,0.04442082996546793,590,"Until he adds captions, I'm not worried."
1080,459,17,72,151,240,1.4416666666666667,0.0403055219536171,590,"If it's so easy, you go and tell him he's got no sense of perspective."
4521,467,20,61,148,229,1.4410480349344978,0.0429808788013296,590,Who let the Picassosarus loose?
5786,468,31,42,163,236,1.4406779661016949,0.04654865954149934,590,Let's kill him and take all the credit.
4151,468,18,68,150,236,1.4406779661016949,0.04120644801719411,590,"""Oh, oh! Our food sources are evolving faster than we are!"
417,468,20,64,152,236,1.4406779661016949,0.042072501845808026,590,He just posted and already has more likes than me.
4498,468,17,70,149,236,1.4406779661016949,0.04076652219049131,590,Do you think we'll ever be able to stand on just our back legs?
4210,472,22,59,153,234,1.4401709401709402,0.04318115705501792,590,He's ahead of his time.
1447,473,22,60,155,237,1.4388185654008439,0.042780026648909286,590,"No Neanderthal, it primitive art."
5016,473,24,56,157,237,1.4388185654008439,0.04360786731373804,590,"They'll think WE drew this crap, you know. We'll be a laughingstock for eons."
5389,475,18,67,150,235,1.4382978723404256,0.04131308110154089,590,He calls it a 'Tasting Menu'.
3118,475,18,67,150,235,1.4382978723404256,0.04131308110154089,590,And you said nothing would ever come of his fine arts degree.
1772,475,24,55,156,235,1.4382978723404256,0.04387473264784338,590,"Good... but not great. Want to hit another cave, or should we get brunch?"
4122,475,25,53,157,235,1.4382978723404256,0.04428727146772468,590,He'll need us to come up with the captions.
4158,475,23,57,155,235,1.4382978723404256,0.04345827787411194,590,Let him draw. They'll still think we did it.
4730,475,23,57,155,235,1.4382978723404256,0.04345827787411194,590,"It's bad enough that they eat our kids, but do they have to vandalize our homes as well?"
4480,481,18,66,149,233,1.4377682403433476,0.04155561530265468,590,Good? I'll say. He's actually left handed.
310,481,21,60,152,233,1.4377682403433476,0.04287032968529725,590,These graffiti hooligans are so cold-blooded.
2288,481,18,66,149,233,1.4377682403433476,0.04155561530265468,590,Totally fake news...pterodactyls are extinct.
1298,484,24,53,154,231,1.4372294372294372,0.04442150205169812,590,"I'm conflicted...my wife wants it out of the house, but the artwork is exquisite."
1382,484,24,53,154,231,1.4372294372294372,0.04442150205169812,590,Am I that fat?
4114,484,23,55,153,231,1.4372294372294372,0.04399575352945594,590,Me waiting until he all done. Then me binge watch entire wall.
4200,484,23,55,153,231,1.4372294372294372,0.04399575352945594,590,I told you Cave-bnb was a bad idea.
1501,488,19,62,148,229,1.4366812227074235,0.04250539682303069,590,We better get out of here - he's creating a menu.
2336,488,20,60,149,229,1.4366812227074235,0.04295362766398479,590,So primitive.
3487,488,18,64,147,229,1.4366812227074235,0.04205238862027193,590,He said something about 'primitivism.' I never understand him.
4933,488,21,58,150,229,1.4366812227074235,0.043397229173176156,590,"You know we're going to get blamed for this, right?"
5973,488,20,60,149,229,1.4366812227074235,0.04295362766398479,590,I guess we could hire a lawyer and sue him for encroaching upon our intellectual property. Or we could just eat him.
3686,493,15,69,143,227,1.4361233480176212,0.04090126053620903,590,"In 10,000 years we'll get the credit."
4804,494,18,61,144,223,1.4349775784753362,0.04282833228477668,590,"Next comes the espresso bars, and then before you know it we’re paying double our rent for the same old cave."
2228,495,32,36,162,230,1.434782608695652,0.047835579084620876,590,I prefer the Pre-Reptilites.
2465,495,20,60,150,230,1.434782608695652,0.04280858866554561,590,Maybe a little too primitive?
2779,495,23,54,153,230,1.434782608695652,0.044119067354627575,590,Looks like that the asteroid missed one of them.
1071,498,20,59,149,228,1.4342105263157894,0.04307100692108787,590,"He’s the greatest painter, ever. Of course, we’re still in the Stone Age."
2251,498,24,51,153,228,1.4342105263157894,0.044829489042922,590,"You just had to teach him how to stand on his hind legs, didn't you!"
2711,498,18,63,147,228,1.4342105263157894,0.04216427293183017,590,"Soon as he leaves, let's sign it"
3043,498,21,57,150,228,1.4342105263157894,0.04351728966582897,590,"Yeah, but in 12,000 years who’s going to remember him?"
4064,498,22,55,151,228,1.4342105263157894,0.043959041874487334,590,He won't really be appreciated until after he's extinct.
5662,498,20,59,149,228,1.4342105263157894,0.04307100692108787,590,It's his early charcoals that I find wildly primitive and engaging...
5684,498,20,59,149,228,1.4342105263157894,0.04307100692108787,590,I really don't like where this story is going
2385,505,22,54,150,226,1.4336283185840708,0.04423598662691563,590,"It's good, but a bit derivative."
2643,505,26,46,154,226,1.4336283185840708,0.04597986494017396,590,"After extinction, we'll take the credit."
5663,507,19,58,145,222,1.4324324324324325,0.04341767030773313,590,The landlord will blame this on us.
5652,507,25,46,151,222,1.4324324324324325,0.04614848399279882,590,Those are today's specials.
4242,507,25,46,151,222,1.4324324324324325,0.04614848399279882,590,This is what happens when you drain the swamp.
488,507,23,50,149,222,1.4324324324324325,0.045256525292375345,590,You distract him with a critique of Post-Neolithic realism; I'll hit him on the head.
3350,507,16,64,142,222,1.4324324324324325,0.041985710128682026,590,I'd ask him to leave but he's a really great decorator.
2183,507,18,60,144,222,1.4324324324324325,0.042945655755895866,590,Well there goes our security deposit on this place
1317,507,22,36,127,185,1.4324324324324325,0.05124920262639725,590,I say it's gentrification and I say we kill him.
4066,507,21,54,147,222,1.4324324324324325,0.04434662995364147,590,See what happens when they start walking upright....
4124,515,17,59,140,216,1.4305555555555556,0.04327225205458337,590,He's just adding details. Says our work is too primitive.
3438,515,22,49,145,216,1.4305555555555556,0.045692662524259214,590,"Wow, so THAT's what Banksy looks like!"
882,515,16,61,139,216,1.4305555555555556,0.04277173688008595,590,There goes another theory.
4013,518,14,68,141,223,1.4304932735426008,0.04086504668984143,590,Or do you prefer wallpaper?
2684,518,12,72,139,223,1.4304932735426008,0.039864191373795675,590,"Don't worry, the wall adds 10 pounds."
954,520,18,53,136,207,1.429951690821256,0.045100011724723464,590,I prefer his earlier work.
5452,521,16,63,142,221,1.4298642533936652,0.04209714723321359,590,I can't believe she left you for an artist.
2985,521,23,49,149,221,1.4298642533936652,0.0453885134361739,590,"First he wants credit for fire, and now this."
2145,523,22,57,156,235,1.4297872340425533,0.04298201820647437,590,It’s a primitive form of communication called “emojis.”
431,524,14,66,139,219,1.4292237442922375,0.04135572927186664,590,Dino is good artist--I say club him and take credit.
1609,524,22,50,147,219,1.4292237442922375,0.045226441666997824,590,I think it's art; you think it's a recipe.
2302,524,21,52,146,219,1.4292237442922375,0.044760911413610126,590,"Oh no, a Doodlesaurus."
4191,524,14,66,139,219,1.4292237442922375,0.04135572927186664,590,He said he would put us above the theropods.
5818,524,23,48,148,219,1.4292237442922375,0.04568722864367744,590,That’s going to be worth a fortune once he’s extinct.
3503,529,20,53,144,217,1.4285714285714286,0.044577738819221266,590,His choice of medium may be inspired but his subjects are rather primitive.
1536,530,23,46,146,215,1.427906976744186,0.04630032419346793,590,"Yes he's very talented, but if he starts singing 'I love you, you love me,' club him."
4397,530,15,62,138,215,1.427906976744186,0.042378880723729674,590,I knew it ! He's using CaveBook to influence the election.
2386,530,18,56,141,215,1.427906976744186,0.04389049970984784,590,"I tried it, but my thumbs kept getting in the way."
667,530,15,62,138,215,1.427906976744186,0.042378880723729674,590,"If we eat him now, think of how much we can get for his last cave paintings."
1352,530,21,50,144,215,1.427906976744186,0.04535176290029088,590,The only thing that could possibly stop these graffiti artists is a giant asteroid.
1331,530,20,52,143,215,1.427906976744186,0.04486996308262561,590,Interest in cave art is at prehistoric levels.
928,530,20,52,143,215,1.427906976744186,0.04486996308262561,590,"Well now, he's just rewriting history."
711,530,24,44,147,215,1.427906976744186,0.046767390685693036,590,"Be careful, he's a starving artist."
2227,530,20,52,143,215,1.427906976744186,0.04486996308262561,590,"That's Leezarde, my intern...she does all my drawings while I go out clubbing."
2116,539,5,81,127,213,1.4272300469483568,0.03709071558675581,590,"First fire, then the wheel. Now this? It's time to change the narrative."
1662,540,19,55,144,218,1.426605504587156,0.04393780557503187,590,He's way ahead of his time.
5162,541,20,52,144,216,1.4259259259259258,0.044705663588723944,590,"Let him finish, I hate cliffhangers."
5142,542,16,54,132,202,1.4257425742574257,0.04477148592321189,590,If he doesn't develop a better sense of perspective he's not going to survive.
607,543,20,51,143,214,1.425233644859813,0.04500004590448982,590,That's a Picassosaurus.
1684,543,19,53,142,214,1.425233644859813,0.04450985466643548,590,They're gonna be worth a fortune when he goes extinct.
2006,543,14,63,137,214,1.425233644859813,0.04197311422246738,590,Art therapy is part of his anger management program.
5117,543,20,51,143,214,1.425233644859813,0.04500004590448982,590,He just got back from a field trip to France.
5230,543,19,53,142,214,1.425233644859813,0.04450985466643548,590,I told her we're absolutely not hiring an interior decorator...then I caved.
5428,548,18,54,140,212,1.4245283018867925,0.0443016022272186,590,So much for your premise that 'art makes us human'.
5320,548,17,56,139,212,1.4245283018867925,0.04379407766202701,590,It looks like we're on the menu this week.
3182,548,21,48,143,212,1.4245283018867925,0.045790437045215474,590,"Anachronistic and unevolved if you ask me, but I'm no art critic."
4315,548,16,58,138,212,1.4245283018867925,0.043280602082649056,590,"Don't let the talent fool you, he's still a cold-blooded killer."
4463,548,16,58,138,212,1.4245283018867925,0.043280602082649056,590,"Not only are they not extinct, but this one got a grant!"
319,553,15,54,129,198,1.4242424242424243,0.044822036211042374,590,"Okay, that is not at all how it went down"
2555,554,20,49,141,210,1.4238095238095239,0.04560445719287471,590,Those will be worth a lot when the artist is extinct.
3162,554,21,47,142,210,1.4238095238095239,0.04610135553839865,590,Modern art makes no sense.
3337,554,17,55,138,210,1.4238095238095239,0.04408016692338457,590,"Ok, same plan as last time. We club him then take credit for the art."
3392,557,25,38,145,208,1.4230769230769231,0.048377913255163905,590,They'll be much more valuable after we eat him
6010,557,19,50,139,208,1.4230769230769231,0.04540611952675798,590,There is no earlier work
4944,557,11,66,131,208,1.4230769230769231,0.04111090637795512,590,We're lucky she came along. Our other decorator just disappeared on us.
4891,557,18,52,138,208,1.4230769230769231,0.0448916980862896,590,My original thought was something from the Mesozoic in the living room but I'm so glad the painter suggested a contemporary.
4421,557,24,40,144,208,1.4230769230769231,0.047895421049579556,590,"He said he's a ""Creationist"""
4335,557,19,50,139,208,1.4230769230769231,0.04540611952675798,590,I have a feeling we're going to get blamed for this.
2811,557,21,46,141,208,1.4230769230769231,0.04641786248087629,590,"Tell the others, we finally found Banksy."
303,557,18,52,138,208,1.4230769230769231,0.0448916980862896,590,"All we have to do is knock him out, claim his work and we'll be famous"
2733,557,19,50,139,208,1.4230769230769231,0.04540611952675798,590,"No, we're not looking for velociraptors with good taste; we're looking for ones that taste good."
2665,557,20,48,140,208,1.4230769230769231,0.04591477783770588,590,Watercolors are so Middle Pleistocene.
2570,557,11,66,131,208,1.4230769230769231,0.04111090637795512,590,I don't think we're really that hairy.
2250,557,18,52,138,208,1.4230769230769231,0.0448916980862896,590,I say we eat him and fake the provenance.
1561,557,20,48,140,208,1.4230769230769231,0.04591477783770588,590,He's a creationist
1538,557,21,46,141,208,1.4230769230769231,0.04641786248087629,590,"When he's extinct, they'll be worth a fortune."
2792,557,22,44,142,208,1.4230769230769231,0.04691555275919914,590,You know they're going to blame it on us.
4703,572,21,43,137,201,1.4228855721393034,0.04759246730819461,590,We gotta stop leaving the door open.
4667,572,17,51,133,201,1.4228855721393034,0.045453690382159226,590,Uh uh. Not me. YOU tell him the contest deadline was yesterday.
6005,574,19,52,142,213,1.4225352112676057,0.04463705639551691,590,Just edit your privacy settings and he won't be able to comment on your wall anymore.
2261,575,15,59,137,211,1.4218009478672986,0.04287662272549199,590,"Don't worry, it'll wash right off."
3685,576,20,48,141,209,1.4210526315789473,0.045739378381762195,590,"""His first love was graffiti but he couldn't spell""."
3585,576,9,70,130,209,1.4210526315789473,0.039824839739239226,590,"True, but I bought him as a hunting dog"
2293,578,22,43,142,207,1.4202898550724639,0.04705948927084032,590,Mystery solved.
895,579,22,42,141,205,1.4195121951219511,0.04739052707977519,590,It's just one more thing they're going to blame on us.
2060,579,20,46,139,205,1.4195121951219511,0.046370400489916225,590,So what separates us from the animals now?
2154,579,23,40,142,205,1.4195121951219511,0.04789244266636174,590,I really think we ate the wrong mushrooms again.
4744,579,19,48,138,205,1.4195121951219511,0.0458518269422646,590,"Believe it or not, this work will be attributed to us"
5846,579,19,48,138,205,1.4195121951219511,0.0458518269422646,590,maybe its not true that history is written by the winners
5128,584,1,83,119,203,1.4187192118226601,0.035407503974904324,590,That dinosaur's as good as dead--can't you see the writing on the wall?
5898,585,21,42,138,201,1.4179104477611941,0.047550842752459674,590,"If this gets out, we're done."
5292,585,19,46,136,201,1.4179104477611941,0.04649279684969444,590,Don’t the victors write the history books
2496,585,20,44,137,201,1.4179104477611941,0.04702479561559042,590,I don’t know; it seems kind of primitive.
1460,585,16,52,133,201,1.4179104477611941,0.044858961507860104,590,"He says a picture is worth a thousand words, whatever that means."
639,585,18,48,135,201,1.4179104477611941,0.045954639756240756,590,I bet we get blamed for this.
1879,585,17,50,134,201,1.4179104477611941,0.045410105387950477,590,Maybe a 'meet and greet' the artist isn't such a great idea.
5098,591,19,45,135,199,1.4170854271356783,0.046822248633004354,590,“It references the grandeur of the terrain outside whilst subtly commenting on the classic dichotomy of the mind and the soul in the struggle for consciousness at the nexus of life and death....”.
382,591,19,45,135,199,1.4170854271356783,0.046822248633004354,590,"He says he needs to be able to express himself if he's to evolve. What the hell is ""evolve"" anyway?"
1061,591,13,57,129,199,1.4170854271356783,0.04344847406617077,590,Hopefully he's not a starving artist
1284,591,18,47,134,199,1.4170854271356783,0.046277036663146275,590,"Is it graffiti, or is it art? The lines are so blurred anymore."
1504,591,15,53,131,199,1.4170854271356783,0.0446014303373345,590,A million years from now they'll probably be worth a fortune!
1643,591,16,51,132,199,1.4170854271356783,0.04516687318007299,590,"If my wife asks, I drew them."
3169,591,16,51,132,199,1.4170854271356783,0.04516687318007299,590,"After the meteor, they'll think it was us."
5576,591,17,49,133,199,1.4170854271356783,0.045725324248095715,590,Don't worry. We'll get the credit.
3749,599,18,48,136,202,1.4158415841584158,0.0457733537612583,590,OMG... more Fake News!
3039,600,14,53,128,195,1.4153846153846155,0.044630786625662715,590,Just be thankful he hasn't learned to tweet yet.
4948,600,8,65,122,195,1.4153846153846155,0.040923080898121404,590,He won't be laughing when the meteor hits next week.
4844,600,16,49,130,195,1.4153846153846155,0.045800036059329134,590,Bide your time. He doesn't know diddly-squat about copyright.
5474,603,13,59,133,205,1.4146341463414633,0.04256148604918376,590,When he's done just sign it. In a million years who'll know the difference?
387,604,15,50,128,193,1.4145077720207253,0.0455368150890317,590,"Don't worry, their kind will go extinct before us. We'll take the credit when they're gone."
5151,605,20,42,136,198,1.4141414141414141,0.04750893612200232,590,"Aramaic? Linear B, you troglodyte."
5085,605,18,46,134,198,1.4141414141414141,0.04641713784310615,590,That's this week's menu
3235,605,23,36,139,198,1.4141414141414141,0.04910113542773086,590,I hope no one ever thinks we drew that stuff.
3854,605,19,44,135,198,1.4141414141414141,0.046966209645820975,590,Art is done by the winners. Let's club him and sign the wall.
1637,605,15,52,131,198,1.4141414141414141,0.04472950029564434,590,Pretty primitive if you ask me.
1818,605,19,44,135,198,1.4141414141414141,0.046966209645820975,590,His Cretaceous Period is a bit derivative
633,605,16,50,132,198,1.4141414141414141,0.045299032656860756,590,I just know we're going to get blamed for this
835,605,16,50,132,198,1.4141414141414141,0.045299032656860756,590,It eats what it draws. Let's vamoose.
247,605,13,56,129,198,1.4141414141414141,0.04356810611903469,590,I thought YOU locked the door.
1064,605,8,66,124,198,1.4141414141414141,0.04051924303405752,590,Does my beard really look like that?
1495,605,16,50,132,198,1.4141414141414141,0.045299032656860756,590,"When I asked, she muttered something about the first illustrated cookbook."
4222,616,14,51,126,191,1.4136125654450262,0.04525565215003557,590,If this gets out it changes everything.
4277,616,6,67,118,191,1.4136125654450262,0.04008966504710346,590,"My wife calls it interior decorating, but I know smut when I see it."
36,616,17,45,129,191,1.4136125654450262,0.04704687932797504,590,He keeps score?
4034,619,19,43,134,196,1.413265306122449,0.047304504252298984,590,"In 40,000 years no one will care about the cartoonasauris."
3184,620,12,59,130,201,1.4129353233830846,0.04253367649053034,590,"If you think those are good, you should see his abstracts."
483,621,18,44,132,194,1.4123711340206186,0.04708542518719891,590,I told you sending him to a liberal arts school was a mistake.
600,621,13,54,127,194,1.4123711340206186,0.04415832328164138,590,I hate it when they try to rewrite history.
987,621,18,44,132,194,1.4123711340206186,0.04708542518719891,590,"Yeah, but he can't build a fire."
1849,621,11,58,125,194,1.4123711340206186,0.04293163885808006,590,"In about 6 million years, we’ll be able to do that."
3406,621,17,46,131,194,1.4123711340206186,0.04651474298603223,590,"Ars longa, vita brevis."
3821,621,19,42,133,194,1.4123711340206186,0.04764927297516696,590,It's part of his court-ordered community service.
5253,621,9,62,123,194,1.4123711340206186,0.04166885785614082,590,In cave painting no one knows you're a dinosaur.
5458,621,20,40,134,194,1.4123711340206186,0.04820652616674061,590,"I""LL WAIT OUTSIDE WHILE YOU EXPLAIN HIS LEASE PROHIBITS WALL DECORATIONS."
2651,629,16,50,133,199,1.4120603015075377,0.04511884584238918,590,"He calls the wall The Menu, whatever that means."
5857,630,18,43,131,192,1.4114583333333333,0.047429218316062484,590,"Just remember, we discovered fire."
4704,630,15,49,128,192,1.4114583333333333,0.04567185330844032,590,"Once he's extinct, we rake in the royalties!"
4345,630,15,49,128,192,1.4114583333333333,0.04567185330844032,590,That menu looks incredible! What time do they open?
4592,630,16,47,129,192,1.4114583333333333,0.04626505923958922,590,The critics were right. Representational art is going the way of the dinosaur.
4475,630,12,55,125,192,1.4114583333333333,0.043844105865927574,590,Why didn’t we think of that.
5916,630,7,65,120,192,1.4114583333333333,0.04061548978047195,590,It's a Picassoraptor.
3969,630,21,37,134,192,1.4114583333333333,0.04912375510399977,590,Not in a million years will anyone believe this is how it was.
1948,630,16,47,129,192,1.4114583333333333,0.04626505923958922,590,I'm starving for an artist.
3206,630,6,67,119,192,1.4114583333333333,0.039938458762108144,590,"He said this will be hilarious in about 18,000 years?"
3223,630,16,47,129,192,1.4114583333333333,0.04626505923958922,590,"""The listing reads, 'Rural appeal, historic charm and original detailing'. I think we should go in and take a look""."
429,630,18,43,131,192,1.4114583333333333,0.047429218316062484,590,Me like saurrealism.
496,630,14,51,127,192,1.4114583333333333,0.04507084049374587,590,"Sure, it's looks nice on the wall, but Primitivism is so Paleozoic."
1741,630,17,45,130,192,1.4114583333333333,0.04685075483124801,590,"Don't worry, we'll get the credit. He's going extinct."
362,630,21,37,134,192,1.4114583333333333,0.04912375510399977,590,Never disturb him while he is working or he'll bite your head off!
2498,630,8,63,121,192,1.4114583333333333,0.041281418724683265,590,So that's what he does while we're at work.
2499,630,12,55,125,192,1.4114583333333333,0.043844105865927574,590,"We’ll get credit for all of it. So, why stop him?"
3183,630,11,57,124,192,1.4114583333333333,0.04321768269317151,590,So they didn't go extinct --- they just retired and took up painting.
1760,630,22,35,135,192,1.4114583333333333,0.049675757038345696,590,Best call the exterminator. It's an artist colony.
3105,648,14,50,126,190,1.4105263157894736,0.04538855651913978,590,I don’t care. It’s still derivative.
4002,648,11,56,123,190,1.4105263157894736,0.043509041419921596,590,His style is so evolved.
3985,648,17,44,129,190,1.4105263157894736,0.047193277492687875,590,I prefer his Late Cretaceous period.
3980,648,15,48,127,190,1.4105263157894736,0.0459979983850172,590,It's a Sketchasaurus.
3639,648,13,52,125,190,1.4105263157894736,0.044770819406777095,590,I find his work to be a tad anachronistic.
1806,648,14,50,126,190,1.4105263157894736,0.04538855651913978,590,I don't undestand Modern Art.
3514,648,19,40,131,190,1.4105263157894736,0.04835902217348522,590,"Wait until he's extinct, then sell the cave."
3040,648,15,48,127,190,1.4105263157894736,0.0459979983850172,590,"If I'm reading this right, looks like he ate Joe."
2174,648,16,46,128,190,1.4105263157894736,0.04659947046871823,590,i call it a sketchasurous
2886,648,12,54,124,190,1.4105263157894736,0.04414443880963208,590,I'll admit those are better than our hand-prints.
3005,648,11,56,123,190,1.4105263157894736,0.043509041419921596,590,I don't mind the artwork but I object to him teaching the kids Creationism!
560,648,15,48,127,190,1.4105263157894736,0.0459979983850172,590,We're probably going to get blamed for that.
936,648,12,54,124,190,1.4105263157894736,0.04414443880963208,590,He's in his primitive phase.
1490,648,12,54,124,190,1.4105263157894736,0.04414443880963208,590,The menu changes daily
217,648,18,42,130,190,1.4105263157894736,0.047779705242275594,590,What's wrong with this picture?
1889,648,12,54,124,190,1.4105263157894736,0.04414443880963208,590,It’s so two dimensional.
2534,648,15,48,127,190,1.4105263157894736,0.0459979983850172,590,If we strike now we will forever be lost to history
2581,648,19,40,131,190,1.4105263157894736,0.04835902217348522,590,I knew it! He's trying to control the narrative!
1863,648,17,44,129,190,1.4105263157894736,0.047193277492687875,590,I've always admired his Cretaceous Period.
655,667,16,48,131,195,1.4102564102564104,0.04574969168971087,590,Keep it to yourself. Apparently he also invented fire – and the wheel.
2226,668,17,43,128,188,1.4095744680851063,0.047542510502223044,590,"My wife just couldn't leave it at ""sit"" and ""stay""."
1919,668,16,45,127,188,1.4095744680851063,0.046940398500854394,590,"I told you, Frank, the writing is on the wall for these dinosaurs."
1964,670,19,41,133,193,1.4093264248704662,0.04779892206350132,590,Picassosaurus.
2037,670,19,41,133,193,1.4093264248704662,0.04779892206350132,590,Aren't we supposed to evolve first?
2548,670,16,47,130,193,1.4093264248704662,0.046074069192845096,590,I got a hunch that we're going to get credit for this.
4923,670,17,45,131,193,1.4093264248704662,0.04665610590411088,590,"You know who’s going to get blamed for all this graffiti, don’t you?"
3181,674,8,60,118,186,1.4086021505376345,0.04208536617271953,590,He's not bad. Name is Renoirasaur.
1159,675,16,46,129,191,1.4083769633507854,0.046404655288864435,590,I picked him up from outside Cave Depot
1905,675,10,58,123,191,1.4083769633507854,0.04269335342329391,590,Let's see if he can find a job after college.
1223,675,10,58,123,191,1.4083769633507854,0.04269335342329391,590,Whaddaya think? Have dinner or patronize the arts?
4760,675,14,50,127,191,1.4083769633507854,0.045201425093621954,590,You just know they'll blame this on us.
337,679,19,39,131,189,1.4074074074074074,0.04851435479907079,590,My five-year old could do that.
5399,679,14,49,126,189,1.4074074074074074,0.04552149129719835,590,So now we know what happened to Ernie and Bob.
4353,679,17,43,129,189,1.4074074074074074,0.04733992016163986,590,Do you notice there are no vegetables on the menu?
4219,679,16,45,128,189,1.4074074074074074,0.04674163829585558,590,"...but I told her, ""No frilly flowers--it's a mancave!"""
318,679,9,59,121,189,1.4074074074074074,0.042317487145052554,590,His art isn't evolving.
2879,679,11,55,123,189,1.4074074074074074,0.043627334309253585,590,"If you ask me, it lacks perspective."
2835,679,14,49,126,189,1.4074074074074074,0.04552149129719835,590,"Yes, but is it art?"
4127,679,22,33,134,189,1.4074074074074074,0.050224540740156635,590,He is talented but I say we kill him anyway.
2672,679,15,47,127,189,1.4074074074074074,0.0461355986224385,590,Just think what it will be worth after he's extinct!
845,679,13,51,125,189,1.4074074074074074,0.04489898528464827,590,"Remember, my cousin's here with his vacation pictures, so be nice."
1085,679,14,49,126,189,1.4074074074074074,0.04552149129719835,590,"Just say we did it, who's he gonna tell?"
2680,679,13,51,125,189,1.4074074074074074,0.04489898528464827,590,They say he's ahead of his time.
1280,679,15,47,127,189,1.4074074074074074,0.0461355986224385,590,"Like I said, his Late Cretaceous stuff was much edgier."
1571,679,16,45,128,189,1.4074074074074074,0.04674163829585558,590,"I thought getting him house broken was tough, now this."
1775,679,16,45,128,189,1.4074074074074074,0.04674163829585558,590,Do you want to tell him how it ends?
1900,679,11,55,123,189,1.4074074074074074,0.043627334309253585,590,"Just be careful, there are a lot of predators in this business."
2081,679,20,37,132,189,1.4074074074074074,0.04909103698130614,590,"Since we had him spayed, he's become so artistic."
2559,679,17,43,129,189,1.4074074074074074,0.04733992016163986,590,We've got to stop teaching evolution in schools.
201,697,13,48,121,182,1.4065934065934067,0.046068190579116534,590,"You bash him, I'll sign our names, and we'll let history do the rest."
2259,698,15,46,126,187,1.4064171122994653,0.04647059716813083,590,It's rather primitive.
4954,699,12,51,122,185,1.4054054054054055,0.04489005847643181,590,"Yes, it is amazing AND amusing, but is it really art?"
4754,699,11,53,121,185,1.4054054054054055,0.04423079180205769,590,"A million years from now, they'll think we drew it."
4699,699,14,47,124,185,1.4054054054054055,0.04618036555916869,590,"Uh oh, I think that's his grocery list."
4094,699,14,47,124,185,1.4054054054054055,0.04618036555916869,590,I think you owe your son an apology.
3832,699,18,39,128,185,1.4054054054054055,0.04865844006439611,590,His Jurassic period is still my favorite
3394,699,19,37,129,185,1.4054054054054055,0.04925848349351533,590,A loser species in a loser profession. Sad.
1328,699,15,45,125,185,1.4054054054054055,0.04681218398834803,590,"He's good, cheap and we get to eat him when he's finished."
2784,699,21,33,131,185,1.4054054054054055,0.050437159012397884,590,I think we'll get credit for it. I mean who would believe this?
2725,699,14,47,124,185,1.4054054054054055,0.04618036555916869,590,Looks like he is changing the menu again.
2598,699,13,49,123,185,1.4054054054054055,0.045539782131647936,590,The menu looks pretty good. Shall we give it a try?
2269,699,16,43,126,185,1.4054054054054055,0.04743558765673132,590,His parents begged him to go to law school
2218,699,14,47,124,185,1.4054054054054055,0.04618036555916869,590,I told you it wasn't me adding the moustaches.
1845,699,15,45,125,185,1.4054054054054055,0.04681218398834803,590,"I don't care if it's clever, graffiti is NOT art!"
238,699,19,37,129,185,1.4054054054054055,0.04925848349351533,590,Its the dreaded sketchsaurus....lets try to draw him out of the cave
147,699,14,47,124,185,1.4054054054054055,0.04618036555916869,590,"That's not art, it's his diet plan."
2856,699,19,37,129,185,1.4054054054054055,0.04925848349351533,590,I told you....They're gonna take our jobs!
5789,715,17,43,130,190,1.4052631578947368,0.04713889749430616,590,They'll never guess what those tiny arms were REALLY for...
5886,716,12,48,118,178,1.404494382022472,0.046072292592001345,590,Look who thinks he's Van Grok....
2623,717,9,56,118,183,1.4043715846994536,0.043172021230992785,590,And people said his art degree wouldn't pay off.
3734,717,8,58,117,183,1.4043715846994536,0.0424708626801032,590,Can't you see the handwriting on the wall? He's not really pet material.
4019,717,10,54,119,183,1.4043715846994536,0.04386197279587868,590,His drawings will be worth even more once he's extinct.
5178,717,15,44,124,183,1.4043715846994536,0.047160564664049005,590,Why do you assume the fatter one is me?
5184,717,12,50,121,183,1.4043715846994536,0.045210299029099774,590,He's amazing but I'm hungry.
1613,717,16,42,125,183,1.4043715846994536,0.04779297123855198,590,The therapist said this would help with his eating issues.
2568,717,12,50,121,183,1.4043715846994536,0.045210299029099774,590,Best summer intern we've had so far.
5894,724,17,39,125,181,1.4033149171270718,0.048790783431644724,590,I just know we're going to get the blame for this
5636,724,18,37,126,181,1.4033149171270718,0.0494158669060727,590,"Years from now, we'll be blamed for this."
5627,724,16,41,124,181,1.4033149171270718,0.048157587083123496,590,The value is going to skyrocket once he's extinct.
4955,724,12,49,120,181,1.4033149171270718,0.04553683977669606,590,Let him keep going. We'll take credit when he leaves.
4807,724,12,49,120,181,1.4033149171270718,0.04553683977669606,590,I may not know art but I know what I don't like
4351,724,18,37,126,181,1.4033149171270718,0.0494158669060727,590,"He calls it a ""menu."""
2597,724,14,45,122,181,1.4033149171270718,0.04686553622075134,590,Great. Now everybody is going to think WE did it.
3314,724,18,37,126,181,1.4033149171270718,0.0494158669060727,590,I love his work! It's so primitive!
2476,724,11,51,119,181,1.4033149171270718,0.0448577353713209,590,Wait. It'll be worth more when he's dead.
1550,724,19,35,127,181,1.4033149171270718,0.05003314157919453,590,"Oh, great. Now our work is just going to seem derivative."
1238,724,16,41,124,181,1.4033149171270718,0.048157587083123496,590,"He's the last one. When they're all gone, no one will know our stuff is derivative."
1024,724,14,45,122,181,1.4033149171270718,0.04686553622075134,590,Pterrible.
3447,724,16,41,124,181,1.4033149171270718,0.048157587083123496,590,"Oh, great - a taggersaurus."
788,724,15,43,123,181,1.4033149171270718,0.047515953525774784,590,So primitive.
1408,738,16,43,127,186,1.403225806451613,0.04723018767899646,590,"Enough binge-watching, let's eat!"
5337,738,16,43,127,186,1.403225806451613,0.04723018767899646,590,72 hours until the asteroid hits and he's wasting time drawing stick figures.
2331,740,4,63,110,177,1.4011299435028248,0.04027056589504354,590,We should really install a lock... and a door.
3863,741,14,45,123,182,1.401098901098901,0.04665997412113654,590,"Well, of course he's more talented. He has an extinct advantage."
3641,741,10,53,119,182,1.401098901098901,0.04398070160200697,590,Impressive... but rather primitive.
1712,741,17,39,126,182,1.401098901098901,0.04857253842111195,590,"Oh sure, he’s a talented artist, all right. But he just refuses to evolve."
1312,744,9,54,117,180,1.4,0.04358258070355773,590,"Sure, he's good. He had a billion years head start."
3311,744,15,42,123,180,1.4,0.047664250957786515,590,Why am I the one who always comes off looking like a Neanderthal?
4508,744,20,32,128,180,1.4,0.05081581497448205,590,I think he's a Piccassaur.
1025,747,17,37,124,178,1.398876404494382,0.049333710549046804,590,You can tell by the pterodactyl it's fake news.
1387,747,19,33,126,178,1.398876404494382,0.050604100038186196,590,Why didn’t we think of that.
2441,747,18,35,125,178,1.398876404494382,0.04997294236490327,590,"Topical, yes, but his work has no depth."
1534,750,13,46,122,181,1.3977900552486189,0.04613985599563923,590,You tell him we want more fish ... and be firm.
5336,751,15,40,121,176,1.3977272727272727,0.04840276466193369,590,I’m pretty sure it’s a tagasaurus.
4302,751,13,44,119,176,1.3977272727272727,0.04704208219295152,590,He’s just trying to draw us in. Don’t fall for it.
2101,751,14,42,120,176,1.3977272727272727,0.047727272727272736,590,His radical performances blur interspecies boundaries.
679,751,17,36,123,176,1.3977272727272727,0.049726228057119584,590,And...he also got a MacArthur genius grant
1359,751,15,40,121,176,1.3977272727272727,0.04840276466193369,590,Are we really that hairy?
468,751,11,48,117,176,1.3977272727272727,0.04564085195500054,590,He's evolved as an artist.
1908,751,10,50,116,176,1.3977272727272727,0.04492385003807234,590,"Kill, eat, draw... poor, simple-minded wretch."
753,758,11,42,108,161,1.3975155279503106,0.048486009304335394,590,"Well, Darwin, another theory shot to hell."
4150,759,10,49,115,174,1.396551724137931,0.045250809270494456,590,This time you club and I sign.
2707,759,10,49,115,174,1.396551724137931,0.045250809270494456,590,"He showed up this morning, said he was an interior decorator. I figured what the heck ...the place could use a little sprucing up."
1814,759,17,35,122,174,1.396551724137931,0.05012704974384207,590,"What a waste of time, no one would care about this in a million years."
2028,759,19,31,124,174,1.396551724137931,0.05143542215372763,590,This is why I don't like to rent to their kind.
1991,759,14,41,119,174,1.396551724137931,0.04809780464694601,590,"Someday, somebody is going to think we did this."
2686,759,8,53,113,174,1.396551724137931,0.04375790446906832,590,I’m never sure if he’s recording our extinction or his.
3247,765,16,38,123,177,1.3954802259887005,0.04884266119693816,590,"His stuff is refreshingly unironic, but it's marred by a distinct lack of sociocultural context."
3504,766,16,36,120,172,1.3953488372093024,0.04985913758683844,590,I can never understand modern art.
5913,766,14,40,118,172,1.3953488372093024,0.04847612493686537,590,Should we tell Steve he's on the new menu?
5514,766,12,44,116,172,1.3953488372093024,0.04705247896642511,590,We're training him to express his rage creatively.
4941,766,13,42,117,172,1.3953488372093024,0.04776960574350838,590,I'm torn between eating him and having him do my portrait.
4215,766,13,42,117,172,1.3953488372093024,0.04776960574350838,590,Wait 'til you see what he's got planned for the breakfast nook.
4170,766,13,42,117,172,1.3953488372093024,0.04776960574350838,590,I told you they're evolving way faster than us.
4043,766,15,38,119,172,1.3953488372093024,0.04917249378360765,590,"We'll get the blame for this, you know."
4038,766,10,48,114,172,1.3953488372093024,0.045584392777322076,590,"I prefer my poster of Raquel Welch in ""One Million B.C."""
3373,766,20,28,124,172,1.3953488372093024,0.052516011129185095,590,Whoever finds this is going to think we did it.
2659,766,13,42,117,172,1.3953488372093024,0.04776960574350838,590,"You married UP, dude."
3294,766,18,32,122,172,1.3953488372093024,0.05120480947051741,590,"If he wants to be remembered, he has to ditch that pretentious Latin name."
2774,766,13,42,117,172,1.3953488372093024,0.04776960574350838,590,Now do you believe in evolution?
2667,766,11,46,115,172,1.3953488372093024,0.04632425197325398,590,All that without opposable thumbs.
2334,766,11,46,115,172,1.3953488372093024,0.04632425197325398,590,He's helping with the staging of my place for Sunday's Open Cave.
2275,766,12,44,116,172,1.3953488372093024,0.04705247896642511,590,At least he's evolved from marking his territory with pee!
1955,766,12,44,116,172,1.3953488372093024,0.04705247896642511,590,I hate the way the eyes follow you round the room.
1940,766,8,52,112,172,1.3953488372093024,0.044067425076449264,590,He’s done the cartoon; I think we’re supposed to supply the caption.
1651,766,14,40,118,172,1.3953488372093024,0.04847612493686537,590,I could do that
1098,766,11,46,115,172,1.3953488372093024,0.04632425197325398,590,Trust me; an artist's work is always worth more after they die.
3322,766,13,42,117,172,1.3953488372093024,0.04776960574350838,590,"If you like primitive art, he's the guy."
3044,786,13,38,111,162,1.3950617283950617,0.049812180549912,590,We’re going to get blamed for this.
1214,787,10,47,113,170,1.3941176470588235,0.04592481546504075,590,"After he leaves, I'll sign my name."
3453,787,13,41,116,170,1.3941176470588235,0.048144881434279994,590,"Yes, it's vandalism, but I think it will one day be seen as a valid art form."
2552,789,12,44,117,173,1.393063583815029,0.04683549430403312,590,Grocery list
1799,789,14,40,119,173,1.393063583815029,0.04824925073982493,590,"Dammit, Clyde, it's evolving faster than us!"
4713,789,14,40,119,173,1.393063583815029,0.04824925073982493,590,"You know, this is going to be called ""fake news""......."
1294,792,13,40,115,168,1.3928571428571428,0.048528176451743545,590,I see you have the decorapter in
4568,793,10,47,114,171,1.391812865497076,0.045713597427225326,590,Shhhh! Don't say a word. They'll be called cave paintings and we will get the credit for drawing them.
5874,793,16,35,120,171,1.391812865497076,0.050025290477565855,590,Pre-impressionism.
5706,793,10,47,114,171,1.391812865497076,0.045713597427225326,590,He's re-writing history again
5593,793,19,29,123,171,1.391812865497076,0.05204736339314462,590,Alternative facts.
5585,793,13,41,117,171,1.391812865497076,0.04791796467455219,590,He's one of a dying breed of artist.
5487,793,13,41,117,171,1.391812865497076,0.04791796467455219,590,"Look, do you want to live in a world where your whole life is posted on a wall for everyone to see?"
5479,793,9,49,113,171,1.391812865497076,0.044954794406537095,590,"""This will throw some future anthropologist a curve""."
5124,793,14,39,118,171,1.391812865497076,0.04863055405972705,590,My reptile brain just thinks about sex.
3416,793,16,35,120,171,1.391812865497076,0.050025290477565855,590,You know we're going to get blamed for this...
1094,793,12,43,116,171,1.391812865497076,0.04719461716072319,590,I bet we get blamed for this.
2035,793,13,41,117,171,1.391812865497076,0.04791796467455219,590,I don't care how ferocious he is - I'm keeping his security deposit!
1494,793,9,49,113,171,1.391812865497076,0.044954794406537095,590,And we never speak of this again.
1630,793,12,43,116,171,1.391812865497076,0.04719461716072319,590,He's telling the story all wrong.
351,793,13,41,117,171,1.391812865497076,0.04791796467455219,590,He still thinks of himself as a Futurist.
2122,793,12,43,116,171,1.391812865497076,0.04719461716072319,590,"He leans to impressionism, yet he has a folksy primitive style."
2472,793,14,39,118,171,1.391812865497076,0.04863055405972705,590,This is gonna confuse a lot of people someday.
2971,793,14,39,118,171,1.391812865497076,0.04863055405972705,590,"Unfortunately, they'll only be valuable after he's extinct."
2578,793,17,33,121,171,1.391812865497076,0.050708274837241746,590,What galls me is the cultural appropriation.
2863,793,18,31,122,171,1.391812865497076,0.05138218160582175,590,Let's hope they don't try to pin this stuff on us someday.
2958,793,16,35,120,171,1.391812865497076,0.050025290477565855,590,The decorator said he'd be done six weeks ago.
2474,793,14,39,118,171,1.391812865497076,0.04863055405972705,590,You call this getting your man cave painted?
4622,814,14,38,117,169,1.3905325443786982,0.04902000014161975,590,I thought he was supposed to be extinct.
367,814,12,42,115,169,1.3905325443786982,0.047561283178810775,590,We finally found the elusive Picassosaurus
2883,814,13,40,116,169,1.3905325443786982,0.04829614928490381,590,He is really ahead of his time
4650,814,14,38,117,169,1.3905325443786982,0.04902000014161975,590,Just think what they'll be worth when he's extinct.
2354,818,6,52,106,164,1.3902439024390243,0.04368910877431446,590,"Apparently, he inspired Basquiat."
3921,818,9,46,109,164,1.3902439024390243,0.04618645172294132,590,His art is very primitive.
5417,818,10,44,110,164,1.3902439024390243,0.04698941393380881,590,"To be honest, I really wouldn't be the artist I am today without my interns."
2201,821,15,37,120,172,1.3895348837209303,0.049098067680120795,590,"If we don't read the writing on the wall, we will go the way of the dinosaurs."
3936,821,16,35,121,172,1.3895348837209303,0.04978573797711624,590,"You have to admit, he's ahead of his time."
1723,823,17,31,119,167,1.3892215568862276,0.05156122521096937,590,"He'll only answer to ""Lizardo da Vinci."""
1954,823,16,33,118,167,1.3892215568862276,0.050856809557458305,590,At least it's not derivative.
2285,823,12,41,114,167,1.3892215568862276,0.04793574460455058,590,"Is it art, or just tonight's menu?"
2303,823,13,39,115,167,1.3892215568862276,0.048682445272247986,590,I don't get it – he won't even fetch a stick.
2753,823,8,49,110,167,1.3892215568862276,0.04482472691742603,590,Just last week he was showing us what you could do by rubbing two sticks together.
3587,823,15,35,117,167,1.3892215568862276,0.05014249905490214,590,He's good but not Lascaut ready
4380,823,16,33,118,167,1.3892215568862276,0.050856809557458305,590,In that species it's known as erectile dysfunction.
4636,823,14,37,116,167,1.3892215568862276,0.04941786462989008,590,"Look, those dinosaurs are putting out more ""Fake News""!"
5578,823,13,39,115,167,1.3892215568862276,0.048682445272247986,590,"Well, alright then. Creationism it is."
6033,823,14,37,116,167,1.3892215568862276,0.04941786462989008,590,We should probably nip this in the bud.
549,823,10,45,112,167,1.3892215568862276,0.04640631290037228,590,"You say 'art', I say 'vandalism.' And dinner."
559,823,16,33,118,167,1.3892215568862276,0.050856809557458305,590,It's very derivative of what Jerry's doing down in Lascaux.
5265,835,10,43,109,162,1.3888888888888888,0.04735954134036387,590,"I tell you, it's better than when he tweets."
2260,835,12,39,111,162,1.3888888888888888,0.04895190117015565,590,I don't care whether he's the missing link. I say we call him supper.
1339,835,10,43,109,162,1.3888888888888888,0.04735954134036387,590,Me bash him. You steal art.
5735,838,14,36,115,165,1.387878787878788,0.049824435887634244,590,He's signing them...like they're going to be worth something one day.
5736,838,14,36,115,165,1.387878787878788,0.049824435887634244,590,I love her contrast of prehistoric and postmodern forms
5561,838,6,52,107,165,1.387878787878788,0.0434878807423614,590,Something's wrong with this picture.
2964,838,9,46,110,165,1.387878787878788,0.04596656677938891,590,Will you STOP leaving the key under the mat!!
5391,838,11,42,112,165,1.387878787878788,0.04754729142126607,590,Surprisingly good for the Neanderthal period but will his work will be remembered?
4540,838,10,44,111,165,1.387878787878788,0.04676360862349495,590,It's his way of keeping track of what he is eating.
3808,838,15,34,116,165,1.387878787878788,0.050560698586237574,590,"It's a bit ""Jurassic"" for my taste"
5442,838,18,28,119,165,1.387878787878788,0.052707814710444396,590,"That's nothin', I can trace my hand to look like a turkey."
1524,838,11,42,112,165,1.387878787878788,0.04754729142126607,590,and you've been taking the credit this entire time
2191,838,7,50,108,165,1.387878787878788,0.044329511631296344,590,If dinosaurs spent more time on science and technology instead of frivolous humanities maybe they'd acquire the future-proof skills they'll need to survive beyond the Jurassic Age.
2214,838,13,38,114,165,1.387878787878788,0.04907712890454762,590,It was cheaper to outsource.
4234,849,15,35,118,168,1.3869047619047619,0.04989695343630921,590,He says he expects his 'work' to last for millions of years. Ha ha.
5966,849,18,29,121,168,1.3869047619047619,0.05199580714359905,590,They'll be worth a lot more once he's extinct.
2713,851,10,43,110,163,1.3865030674846626,0.04712852356494508,590,How long do you think we'll be doing these caption contests?
3768,851,8,47,108,163,1.3865030674846626,0.04549304352682641,590,I hope that's not his grocery list.
3880,851,18,27,118,163,1.3865030674846626,0.05316973415132925,590,Actually he's from the New Yorker.
5182,851,15,33,115,163,1.3865030674846626,0.05098822946137899,590,He used to be ahead of his time. Now he's just another dinosaur in the art world.
5170,851,10,43,110,163,1.3865030674846626,0.04712852356494508,590,"Sure, they're talented, but there's no future in the arts."
5176,851,7,49,107,163,1.3865030674846626,0.04465284590364641,590,You're sure he's the herbivore?
2512,851,9,45,109,163,1.3865030674846626,0.046318002670372706,590,Is his style ever going to evolve?
5511,851,11,41,111,163,1.3865030674846626,0.0479253387619797,590,It clearly delineates his struggles with the bourgeoisie.
4333,851,9,45,109,163,1.3865030674846626,0.046318002670372706,590,Looks like a shopping list.
2418,851,13,37,113,163,1.3865030674846626,0.049480489281416525,590,He's a visionary. Horses haven't even evolved yet.
2786,851,12,39,112,163,1.3865030674846626,0.04870912088602549,590,He made us look like cavemen.
2320,851,13,37,113,163,1.3865030674846626,0.049480489281416525,590,They'll appreciate him after he's extinct.
2062,851,16,31,116,163,1.3865030674846626,0.0517256213654816,590,"Paleontology, schmaleontology. He's standing the art world on it's head!"
1729,851,15,33,115,163,1.3865030674846626,0.05098822946137899,590,Do you think he knows about the asteroid?
7,851,13,37,113,163,1.3865030674846626,0.049480489281416525,590,So thats's Banksy.
1697,851,13,37,113,163,1.3865030674846626,0.049480489281416525,590,It has a certain extinct honesty.
1410,851,10,43,110,163,1.3865030674846626,0.04712852356494508,590,"Artist, schmartist, he looks delicious."
980,851,13,37,113,163,1.3865030674846626,0.049480489281416525,590,I think he'll end up in the Museum before his drawings do.
834,851,2,59,102,163,1.3865030674846626,0.04018923782681303,590,I think he just invented the menu.
742,851,13,37,113,163,1.3865030674846626,0.049480489281416525,590,And I say we wait until he finishes the master bedroom.
661,851,16,31,116,163,1.3865030674846626,0.0517256213654816,590,I find his work primitive and metaphorically challenging.
311,851,10,43,110,163,1.3865030674846626,0.04712852356494508,590,Doris insisted. I just wanted wallpaper.
294,851,11,41,111,163,1.3865030674846626,0.0479253387619797,590,"No, self taught."
151,851,12,39,112,163,1.3865030674846626,0.04870912088602549,590,I'm not much for drawing. Let's go build a round thing that rolls.
108,851,12,39,112,163,1.3865030674846626,0.04870912088602549,590,*You* tell him his art is primitive.
4067,876,12,42,117,171,1.3859649122807018,0.04711355967933064,590,Sometimes it's best to simply move on when seeing the writing on the wall.
4979,876,14,38,119,171,1.3859649122807018,0.04855189393696868,590,I concede your point on species appropriation. I was merely saying it is refreshing to see a perspective so unencumbered by the humanistic mores of pre-premodernism.
2936,878,13,38,115,166,1.3855421686746987,0.0488365183079099,590,"It does poignantly represent the fleeting nature of life, which is why he's our dinner."
4366,878,13,38,115,166,1.3855421686746987,0.0488365183079099,590,"Okay, sure he’s artistic. But in so many other ways not very evolved."
3971,878,14,36,116,166,1.3855421686746987,0.04957847184581835,590,It will be worth more when he's extinct.
4623,878,11,42,113,166,1.3855421686746987,0.047317722051925235,590,It’s okay. Future generations will think we drew them.
3783,882,12,38,111,161,1.3850931677018634,0.04910860049882901,590,She's keeping score.
5618,882,10,42,109,161,1.3850931677018634,0.04750131724329336,590,What do you think: revisionist history or fake news?
5740,882,15,32,114,161,1.3850931677018634,0.05142542073344635,590,That'll take forever to come off!
5564,882,12,38,111,161,1.3850931677018634,0.04910860049882901,590,I never knew they could stand on two legs.
2949,882,8,46,107,161,1.3850931677018634,0.0458377097676401,590,She's ahead of whose time?
4722,882,15,32,114,161,1.3850931677018634,0.05142542073344635,590,I betcha we get blamed for this someday.
4512,882,14,34,113,161,1.3850931677018634,0.050664920270924924,590,"An early Montessaurus, I think."
2745,882,10,42,109,161,1.3850931677018634,0.04750131724329336,590,This is exactly what the creationists want
2950,882,12,38,111,161,1.3850931677018634,0.04910860049882901,590,"What the comet didn't finish, the critics will."
2708,882,8,46,107,161,1.3850931677018634,0.0458377097676401,590,"Don’t worry, we’ll beat ‘em to the wheel."
1607,882,11,40,110,161,1.3850931677018634,0.048311643435105724,590,Journalism is going the way of the dinosaurs.
1365,882,10,42,109,161,1.3850931677018634,0.04750131724329336,590,I can't wait to see how this story ends.
3553,882,9,44,108,161,1.3850931677018634,0.04667692565170937,590,Looks like cultural appropriation to me.
1348,882,14,34,113,161,1.3850931677018634,0.050664920270924924,590,"I think it says, 'Two hunters with weapons chasing horses in moonlight smell like fish'."
902,882,14,34,113,161,1.3850931677018634,0.050664920270924924,590,They'll be worth even more when he's dead.
4126,897,18,27,119,164,1.3841463414634145,0.05289705970963007,590,It's his food diary. He's into paleo.
3960,897,14,35,115,164,1.3841463414634145,0.049988319931512246,590,"Yes, he is a fine artist, but with some herb he's also a very good stew."
5830,897,14,35,115,164,1.3841463414634145,0.049988319931512246,590,"Don't worry, the wall adds 10 pounds."
3239,897,14,35,115,164,1.3841463414634145,0.049988319931512246,590,"See, I told you we've been hacked."
2946,897,12,39,113,164,1.3841463414634145,0.04846853341499773,590,He's in his Paleolithic period.
2882,897,8,47,109,164,1.3841463414634145,0.04527617403283769,590,"Lacks context, devoid of perspective, overly abstract, poor use of color. Who's the Neanderthal now?"
779,897,12,39,113,164,1.3841463414634145,0.04846853341499773,590,You'll be amazed how much they're worth after he dies.
3959,897,16,31,117,164,1.3841463414634145,0.05146324443473902,590,"Relax, in 50,000 years, no one will care."
3643,905,6,49,104,159,1.3836477987421383,0.04443270144920049,590,I never understand modern art.
1286,906,9,41,104,154,1.3831168831168832,0.048048277319836886,590,"""Don't you see? It's not evolution, it's intelligent design!'"
190,907,9,44,109,162,1.382716049382716,0.0464487686816529,590,"I asked him if he wanted to learn a language, but insisted he could get by with emojis."
252,907,11,40,111,162,1.382716049382716,0.0480713072866211,590,"Don't worry, he may be more talented, but he doesn't see the writing on the wall."
255,907,10,42,110,162,1.382716049382716,0.047267000625629135,590,I bet he doesn't draw the asteroid.
2271,907,13,36,113,162,1.382716049382716,0.04964084060980236,590,Even the creationists aren't gonna believe this!
4373,907,5,52,105,162,1.382716049382716,0.043020497064022806,590,At least she didn't make you look chubby.
5839,907,13,36,113,162,1.382716049382716,0.04964084060980236,590,Interior designer!?! I TOLD you not to go with the low bid!
1476,913,12,33,104,149,1.3825503355704698,0.05181042638916095,590,"If you dare say ""His style is evolving"" I'm going to brain you."
5138,914,13,37,115,165,1.3818181818181818,0.04899034346280542,590,Are you sure we have enough crudités for the opening?
2099,914,12,39,114,165,1.3818181818181818,0.048230114271026255,590,you know this stuff will go through the roof once he’s extinct.
5626,916,10,41,109,160,1.38125,0.047642433750918846,590,I'd be more impressed if he could do it on the ceiling.
3581,916,13,35,112,160,1.38125,0.05005647361045786,590,People a million years from now are going to have a hard time explaining this.
3586,916,10,41,109,160,1.38125,0.047642433750918846,590,Don't worry-- thousands of years from now we'll get the credit!
3719,916,12,37,111,160,1.38125,0.049264938831923934,590,Leave him alone. Someday they will be worth a fortune.
4054,916,10,41,109,160,1.38125,0.047642433750918846,590,You just can't sell a cave anymore without a stager.
4080,916,10,41,109,160,1.38125,0.047642433750918846,590,What can I do? He's married to my sister.
4157,916,14,33,113,160,1.38125,0.05083568532552426,590,"You see? You start standing erect, pretty soon you forget all about who's got the club."
4355,916,10,41,109,160,1.38125,0.047642433750918846,590,Definitely ahead of his time.
4416,916,17,27,116,160,1.38125,0.05310476399645794,590,Let's kill him and say its OUR art. Who's gonna know?
4806,916,1,59,100,160,1.38125,0.03952536304576303,590,We just don't have the budget to support the arts...
4978,916,14,33,113,160,1.38125,0.05083568532552426,590,"He paints not what he sees, but what he eats."
5001,916,4,53,103,160,1.38125,0.0424040491050459,590,"When I kept a food diary, you said I was wasting my time. When she does it, it’s a work of art!"
5097,916,14,33,113,160,1.38125,0.05083568532552426,590,There goes your theory about useless hands.
5461,916,14,33,113,160,1.38125,0.05083568532552426,590,So that's what a cartoonist looks like.
5721,916,11,39,110,160,1.38125,0.04846047715316007,590,You realize we are going to get blamed for this.
3556,916,11,39,110,160,1.38125,0.04846047715316007,590,Again with the figurative stuff. It's so Mesozoic.
2929,916,6,49,105,160,1.38125,0.04421918231837468,590,They say he created a new form of art. It's called graffiti.
3157,916,8,45,107,160,1.38125,0.04596268910005348,590,"Oh yeah? Well, I just invented cave criticism."
274,916,14,33,113,160,1.38125,0.05083568532552426,590,"Let him finish, then we will take the credit."
161,916,12,37,111,160,1.38125,0.049264938831923934,590,I found him on Angie's List.
3329,916,11,39,110,160,1.38125,0.04846047715316007,590,I’ve heard he’s had no formal training.
452,916,14,33,113,160,1.38125,0.05083568532552426,590,"Dammit, I told you evolution was more than just an interesting hypothesis."
603,916,7,47,106,160,1.38125,0.04509936182593848,590,"Good for him, but we'll find out if artistic ability is an adaptive survival skill."
740,916,11,39,110,160,1.38125,0.04846047715316007,590,See? I told you they can’t see colors.
749,916,11,39,110,160,1.38125,0.04846047715316007,590,Let's get out of here before he finishes updating the menu.
359,916,9,43,108,160,1.38125,0.04681009657658733,590,"His brushstrokes are like, from another era."
930,916,11,39,110,160,1.38125,0.04846047715316007,590,"Anachronistic, sure. But the composition is just perfect."
899,916,13,35,112,160,1.38125,0.05005647361045786,590,I preferred his Triassic period.
1157,916,9,43,108,160,1.38125,0.04681009657658733,590,When did you hire a new decorator?
1329,916,12,37,111,160,1.38125,0.049264938831923934,590,We look like total Neanderthals. Nice!
1368,916,14,33,113,160,1.38125,0.05083568532552426,590,He's the last of a dying breed.
1976,916,12,37,111,160,1.38125,0.049264938831923934,590,"See. I told you. Standing on two legs, "" ""hmmmm...good idea."
2294,916,14,33,113,160,1.38125,0.05083568532552426,590,"It's somewhat derivative, but still impressive."
2551,916,4,53,103,160,1.38125,0.0424040491050459,590,After he leaves I’ll put my mark. Never in a million years will anyone think I didn’t draw it.
2562,916,10,41,109,160,1.38125,0.047642433750918846,590,"Oh, great, a Banksysaurus."
2775,916,12,37,111,160,1.38125,0.049264938831923934,590,You wouldn't know modern art if it bit you on the nose.
986,916,10,41,109,160,1.38125,0.047642433750918846,590,That’s Picassaurus. He’s in his Triassic period
2066,953,13,33,109,155,1.3806451612903226,0.0511869731525752,590,Everybody thinks they're an artist.
5052,953,15,29,111,155,1.3806451612903226,0.052798490334906384,590,He's from the school of Paleolithic Realism
5850,953,8,43,104,155,1.3806451612903226,0.04691663156829978,590,"After he's finished, I sign it. It confuses the collectors."
2668,953,6,47,102,155,1.3806451612903226,0.04509540948470072,590,They're a dying breed.
5363,957,13,34,111,158,1.379746835443038,0.05048151193639521,590,Wait till he finishes so we can get the credit.
3076,957,7,46,105,158,1.379746835443038,0.04543819007050927,590,His stuff is so last era.
3993,957,16,28,114,158,1.379746835443038,0.05282291181518447,590,"Dude, I think that's Banksy"
4111,957,10,40,108,158,1.379746835443038,0.04802609792741931,590,They're smarter than they look but tastier too.
2229,957,9,42,107,158,1.379746835443038,0.04717923724532458,590,I hear it's part of his anger management therapy.
2642,957,12,36,110,158,1.379746835443038,0.049676527578937764,590,"What does it matter if we take the credit? He's going to be extinct soon, anyway."
1324,957,14,32,112,158,1.379746835443038,0.05127385983586431,590,I told you it wasn't me.
4597,964,5,48,100,153,1.3790849673202614,0.04448085276985102,590,Wasting time. No wonder they’re going extinct.
2342,964,8,42,103,153,1.3790849673202614,0.04729211561296106,590,"He call it ""scorecard."""
5823,966,13,35,113,161,1.3788819875776397,0.04980092307733052,590,"He's no Lascaux, that's for sure."
852,966,12,37,112,161,1.3788819875776397,0.04901522404112212,590,At least they're in a cave where no one who knows good art will ever see them.
184,966,9,43,109,161,1.3788819875776397,0.046578674660653574,590,I heard he signed a five cave deal.
4888,966,11,39,111,161,1.3788819875776397,0.048216723615863835,590,His Paleo diet is starting to scare me.
3574,970,13,33,110,156,1.3782051282051282,0.05091629284019001,590,He's a regular Clawed Monet.
5902,970,9,41,106,156,1.3782051282051282,0.04755646047418599,590,"Well, that explains the missing charcoal"
5866,970,9,41,106,156,1.3782051282051282,0.04755646047418599,590,I bet he wants an arm and a leg for it.
5619,970,7,45,104,156,1.3782051282051282,0.045784178063554115,590,He's drawing up the menu.
5198,970,11,37,108,156,1.3782051282051282,0.049265027196890895,590,I thought you said his arms were useless!
4967,970,11,37,108,156,1.3782051282051282,0.049265027196890895,590,"He took first place in the stone painting competition, so I figured what the hell."
3708,970,10,39,107,156,1.3782051282051282,0.048418280832466645,590,He has really evolved.
3300,970,13,33,110,156,1.3782051282051282,0.05091629284019001,590,"No worries - in another million years, we'll get the credit."
1694,970,11,37,108,156,1.3782051282051282,0.049265027196890895,590,Someone is going to have a lot of fun figuring this one out.
2411,970,12,35,109,156,1.3782051282051282,0.05009746391434592,590,His landscapes are even better.
2741,970,10,39,107,156,1.3782051282051282,0.048418280832466645,590,It's the take-out menu.
1068,970,11,37,108,156,1.3782051282051282,0.049265027196890895,590,I don't think you walk him enough.
469,970,14,31,111,156,1.3782051282051282,0.05172216026546819,590,Be patient...they'll be worth more after he's extinct
1196,970,5,49,102,156,1.3782051282051282,0.043940470970139194,590,"He’s showing off NOW, but he’ll be extinct by next week."
1412,970,15,29,112,156,1.3782051282051282,0.05251566288704322,590,"No, you tell him that realism is passé."
803,970,13,33,110,156,1.3782051282051282,0.05091629284019001,590,Be careful. He eats art critics.
2029,970,12,35,109,156,1.3782051282051282,0.05009746391434592,590,They're too primitive for my taste.
1612,970,12,35,109,156,1.3782051282051282,0.05009746391434592,590,You know he won't be recognized until he's extinct.
2323,970,16,27,113,156,1.3782051282051282,0.05329735297746373,590,I preferred the work from his Crustaceous period.
1545,970,16,27,113,156,1.3782051282051282,0.05329735297746373,590,It's like his whole generation just keeps making pictures of his food.
3868,990,9,39,103,151,1.3774834437086092,0.048593208815481174,590,i'm telling you...... an early death will make the prices go through the roof!
4014,990,13,31,107,151,1.3774834437086092,0.052100871643257225,590,"If it keeps him from pooping on my lawn, I'm fine with it."
5571,990,10,37,104,151,1.3774834437086092,0.04949343556205721,590,Looks like we're on the menu tonight.
1030,993,17,24,113,154,1.3766233766233766,0.054566469005798854,590,"The way I see it, we'll get the credit."
4086,993,13,32,109,154,1.3766233766233766,0.051361170045729584,590,Let him finish first. The value will skyrocket when he's dead.
1486,993,18,22,114,154,1.3766233766233766,0.05533879270082084,590,"I don't know about you, but I wouldn't mind a giant asteroid right about now."
1307,993,16,26,112,154,1.3766233766233766,0.05378305589995043,590,The komodo has found his mojo!
1124,993,11,36,107,154,1.3766233766233766,0.049681031720558315,590,"If his work is good, I'm okay with getting credit for it."
4863,993,17,24,113,154,1.3766233766233766,0.054566469005798854,590,I think its a menu and we are on it.
3305,993,11,36,107,154,1.3766233766233766,0.049681031720558315,590,My kid could paint that.
5180,1000,11,34,104,149,1.3758389261744965,0.050819968041534797,590,We are about to become the world's first art critics.
5358,1000,10,36,103,149,1.3758389261744965,0.0499196797883902,590,I think he's on to something.
1749,1000,7,42,100,149,1.3758389261744965,0.04711571145036227,590,Evolution is catching up faster than I expected.
1207,1000,9,38,102,149,1.3758389261744965,0.049002854086351015,590,"Yes, but is it art?"
5621,1004,12,35,110,157,1.375796178343949,0.049835604917198816,590,"Careful, looks like a shopping list for a stew recipe."
4861,1005,8,41,103,152,1.375,0.04742635684728697,590,The cave will be worth so much more with him dead.
4639,1005,11,35,106,152,1.375,0.05010663080898807,590,It's a memoir.
5743,1005,10,37,105,152,1.375,0.049229422861613525,590,Of course it's priceless! We have absolutely no unit of currency!
4422,1005,13,31,108,152,1.375,0.05181651476613981,590,I was thinking of something more traditional for that wall.
4159,1005,8,41,103,152,1.375,0.04742635684728697,590,He's posting tomorrow's menu. We better get out of here!
4388,1005,12,33,107,152,1.375,0.050968743625568295,590,We should go back and get the audio guide
4202,1005,14,29,109,152,1.375,0.05265063701656668,590,I was really hoping that he was going to change the dinner menu this season . . .
5623,1005,13,31,108,152,1.375,0.05181651476613981,590,"No, we're not waiting until he finishes; I'm hungry now."
4102,1005,13,31,108,152,1.375,0.05181651476613981,590,"I mean, what do you expect? He has no thumbs ..."
4949,1005,12,33,107,152,1.375,0.050968743625568295,590,Don't worry. We'll get the credit.
3489,1005,10,37,105,152,1.375,0.049229422861613525,590,It's a frescosaurus.
4070,1005,9,39,104,152,1.375,0.04833629795036935,590,It's her grocery list.
78,1005,12,33,107,152,1.375,0.050968743625568295,590,Artists are a different breed.
48,1005,14,29,109,152,1.375,0.05265063701656668,590,We should totally take credit for this.
373,1005,7,43,102,152,1.375,0.04649861232408477,590,"I told you, I'm looking for an editor, not an illustrator!"
629,1005,11,35,106,152,1.375,0.05010663080898807,590,Who cares? We'll still get credit for it.
990,1005,12,33,107,152,1.375,0.050968743625568295,590,"Best off all, once he's dead that wall will be worth a fortune."
346,1005,10,37,105,152,1.375,0.049229422861613525,590,Sit back and relax. We're going to get credit for this anyway.
1036,1005,10,37,105,152,1.375,0.049229422861613525,590,"I tell you, Modern Art has no future."
1256,1005,11,35,106,152,1.375,0.05010663080898807,590,"He discovered fire, too."
2050,1005,9,39,104,152,1.375,0.04833629795036935,590,It's a Banskysaurus.
2305,1005,10,37,105,152,1.375,0.049229422861613525,590,He thinks he's a food critic
2556,1005,11,35,106,152,1.375,0.05010663080898807,590,"It's called Primitivism, and frankly I don't get it."
3178,1005,17,23,112,152,1.375,0.05507726123794002,590,He did Urg's living room.
3216,1005,10,37,105,152,1.375,0.049229422861613525,590,My wife hired him.
1146,1005,14,29,109,152,1.375,0.05265063701656668,590,"You know, Mom's gonna blame us."
100,1005,13,31,108,152,1.375,0.05181651476613981,590,Sucker thinks he'll get the credit for these masterpieces.
5201,1032,15,28,112,155,1.3741935483870968,0.05270113751140239,590,I thought YOU took away his crayons.
2920,1033,15,29,114,158,1.3734177215189873,0.05195848076016977,590,Dino’s CaveAdvisor recommended him for painting walls NOT wall paintings.
4740,1034,9,38,103,150,1.3733333333333333,0.048739518271239124,590,Are you kidding me? That's not art. It's today's menu.
4131,1034,12,32,106,150,1.3733333333333333,0.05141981152388035,590,Couldn’t have said it any better myself.
5624,1034,11,34,105,150,1.3733333333333333,0.05054217603683485,590,This is why we keep losing at Pictionary; he practices non-stop.
3448,1034,9,38,103,150,1.3733333333333333,0.048739518271239124,590,"First we pose for pictures, then we clobber him. OK?"
3732,1034,7,42,101,150,1.3733333333333333,0.04686757646909536,590,"He's talented,but is he edible?"
4894,1034,13,30,107,150,1.3733333333333333,0.0522827167978516,590,The wife said he was the muralist for the the Uggums' grand entrance so of course we HAD to have him too.
3214,1034,12,32,106,150,1.3733333333333333,0.05141981152388035,590,And you thought cleaning up after a dog would be a big deal. It's going to take hours to scrub this crap off the walls.
3036,1034,9,38,103,150,1.3733333333333333,0.048739518271239124,590,Club him before he signs it.
3120,1034,11,34,105,150,1.3733333333333333,0.05054217603683485,590,He's an artistsaurus
2857,1034,16,24,110,150,1.3733333333333333,0.05478995210440761,590,Who cares! In three million years they'll think it was us anyway.
2669,1034,9,38,103,150,1.3733333333333333,0.048739518271239124,590,'Imagine how priceless they'll be when he's extinct.'
2560,1034,10,36,104,150,1.3733333333333333,0.04964902919418896,590,I know he looks crazy but he is the same guy who invented the wheel.
2340,1034,8,40,102,150,1.3733333333333333,0.04781270942646397,590,His art therapy is helping with his aggressive behaviour.
2287,1034,11,34,105,150,1.3733333333333333,0.05054217603683485,590,I hunt with you every day. When is the last time I carried my spear in my right hand?
2281,1034,9,38,103,150,1.3733333333333333,0.048739518271239124,590,"Sure his work is groundbreaking, but do you want to wake up to it every morning?"
2117,1034,15,26,109,150,1.3733333333333333,0.05396715105497329,590,"She's far more than just a shapely tail, Fred."
1182,1034,16,24,110,150,1.3733333333333333,0.05478995210440761,590,Who knew?
1079,1034,11,34,105,150,1.3733333333333333,0.05054217603683485,590,"After he's dead, who's to say that I'm not the artist?"
688,1034,7,42,101,150,1.3733333333333333,0.04686757646909536,590,"It's good, but it's not ""wheel"" good."
1008,1034,10,36,104,150,1.3733333333333333,0.04964902919418896,590,Am I really that fat?
3201,1034,9,38,103,150,1.3733333333333333,0.048739518271239124,590,Maybe we should wait until he does your side of the cave.
485,1034,14,28,108,150,1.3733333333333333,0.0531316095594452,590,We'll get credited with this too someday.
5976,1056,10,37,106,153,1.3725490196078431,0.04896798106963177,590,I still think bunnies and clouds would be more appropriate for a nursery.
3059,1056,11,35,107,153,1.3725490196078431,0.049838363557016194,590,I’m guessing intelligent design not evolution.
1756,1056,12,33,108,153,1.3725490196078431,0.050693804296450505,590,"Sure, I'd submit a caption if he'd stop eating the winners"
1383,1056,14,29,110,153,1.3725490196078431,0.0523627770277497,590,"Influential, sure, but such a dinosaur."
884,1056,12,33,108,153,1.3725490196078431,0.050693804296450505,590,"Weird thing is, we will probably get blamed for this."
287,1056,13,31,109,153,1.3725490196078431,0.05153504735665164,590,We are totally going to get blamed for this.
5378,1056,10,37,106,153,1.3725490196078431,0.04896798106963177,590,"I told you, OG, that your work was derivative."
3612,1063,11,33,104,148,1.3716216216216217,0.0509880365195566,590,"He is the last of his kind, no one does your full wall paintings for free anymore."
2752,1063,9,37,102,148,1.3716216216216217,0.04915203496708115,590,"If you walked him more, he wouldn’t get into graffiti!"
2884,1063,12,31,105,148,1.3716216216216217,0.05188167818678259,590,He had to find something else to do. He has heel spurs.
3148,1063,10,35,103,148,1.3716216216216217,0.050078450502810117,590,"I was going to kill him and eat him, but then I found out he did home decor."
3244,1063,11,33,104,148,1.3716216216216217,0.0509880365195566,590,Once a big talent but now a dinosaur.
3264,1063,12,31,105,148,1.3716216216216217,0.05188167818678259,590,You call that art? My kid could do that.
3274,1063,10,35,103,148,1.3716216216216217,0.050078450502810117,590,It'll give us something to remember them by when they're extinct.
4001,1063,9,37,102,148,1.3716216216216217,0.04915203496708115,590,"As soon as he's finished, we'll go in and sign it!"
5825,1063,13,29,106,148,1.3716216216216217,0.052760185697494535,590,Let's kill him before he signs his name.
4841,1063,12,31,105,148,1.3716216216216217,0.05188167818678259,590,He’s got this crazy idea people will care what dinosaurs did once they’re gone.
4986,1063,14,27,107,148,1.3716216216216217,0.053624302869047555,590,"You know, someday he's going to punish his kids for doing the same thing."
5014,1063,7,41,100,148,1.3716216216216217,0.047244737428529526,590,Clearly derivative.
5223,1063,11,33,104,148,1.3716216216216217,0.0509880365195566,590,Let him be. At least he’s drawing in this cave and not in the house where someone could see it.
5515,1063,11,33,104,148,1.3716216216216217,0.0509880365195566,590,He must be writing his memoirs.
5583,1063,11,33,104,148,1.3716216216216217,0.0509880365195566,590,He's your roommate. You talk to him!
2240,1063,10,35,103,148,1.3716216216216217,0.050078450502810117,590,I find his post-Jurassic period work to be a little lacking in depth.
5918,1063,12,31,105,148,1.3716216216216217,0.05188167818678259,590,His shadowing technique is sublime and his brush work is simply remarkable. Let’s eat him.
3928,1063,7,41,100,148,1.3716216216216217,0.047244737428529526,590,"Graffiti or art -who cares, I’m starving."
1288,1063,4,47,97,148,1.3716216216216217,0.04422984540577769,590,It's the only effective therapy from his time with the Flintstones.
4167,1063,9,37,102,148,1.3716216216216217,0.04915203496708115,590,"Wow, a horse that looks like a horse--he's good!"
2163,1063,8,39,101,148,1.3716216216216217,0.0482078196773919,590,"Goddamnit—it's not art, it's vandalism!"
1557,1063,12,31,105,148,1.3716216216216217,0.05188167818678259,590,He loves to spread fake news.
1953,1063,10,35,103,148,1.3716216216216217,0.050078450502810117,590,"Yes, its talented, but I'm hungry."
4,1063,11,33,104,148,1.3716216216216217,0.0509880365195566,590,Perhaps you have noticed...we have expanded our menu.
148,1063,12,31,105,148,1.3716216216216217,0.05188167818678259,590,"We're going to be blamed for this, you know."
173,1063,5,45,98,148,1.3716216216216217,0.04525713079699407,590,So now you're an art critic?
183,1063,12,31,105,148,1.3716216216216217,0.05188167818678259,590,He knows too much.
203,1063,14,27,107,148,1.3716216216216217,0.053624302869047555,590,This will make Betsy DeVos ecstatic.
283,1063,10,35,103,148,1.3716216216216217,0.050078450502810117,590,"""Learn to draw""? Nah. We just have to outlive him."
290,1063,8,39,101,148,1.3716216216216217,0.0482078196773919,590,You know that we're going to get blamed for this.
2086,1063,9,37,102,148,1.3716216216216217,0.04915203496708115,590,He's got ptalent.
574,1063,9,37,102,148,1.3716216216216217,0.04915203496708115,590,He'll never get the credit. We will.
685,1063,14,27,107,148,1.3716216216216217,0.053624302869047555,590,I don't care what you say! Graffiti is graffiti!
558,1063,9,37,102,148,1.3716216216216217,0.04915203496708115,590,Next time we get a dog.
939,1063,11,33,104,148,1.3716216216216217,0.0509880365195566,590,"Oh well, back to the wheel."
1950,1063,11,33,104,148,1.3716216216216217,0.0509880365195566,590,See- this is what happens when we domesticate them!
1937,1063,11,33,104,148,1.3716216216216217,0.0509880365195566,590,"No, YOU tell him that an extinction event happened outside while he was in here getting in touch with his creative side."
808,1063,10,35,103,148,1.3716216216216217,0.050078450502810117,590,"Just another copy cat lizard. He can call it ""post-extinctionism"" all he wants . . ."""
1304,1063,4,47,97,148,1.3716216216216217,0.04422984540577769,590,He is working on today's menu
1739,1063,10,35,103,148,1.3716216216216217,0.050078450502810117,590,Behold! The Picassaur.
1000,1063,10,35,103,148,1.3716216216216217,0.050078450502810117,590,I told you he was making fun of us.
983,1063,12,31,105,148,1.3716216216216217,0.05188167818678259,590,My cousin Flurk at Lascaux paints more realistic wildlife.
962,1063,13,29,106,148,1.3716216216216217,0.052760185697494535,590,Lets call it Scientology.
1051,1063,10,35,103,148,1.3716216216216217,0.050078450502810117,590,It’s a fad. Will never last.
205,1063,8,39,101,148,1.3716216216216217,0.0482078196773919,590,He thinks he's so evolved.
5062,1108,8,40,103,151,1.3708609271523178,0.047559321887841885,590,"Remember, she is very sensitive about her work, and it an hour past her lunch”"
4890,1108,14,28,109,151,1.3708609271523178,0.05283644975710109,590,I thought you said that Dinah Shore was painting the cave wall
1228,1110,9,39,106,154,1.37012987012987,0.04782982266618436,590,I like his early work better.
3347,1111,8,39,102,149,1.3691275167785235,0.04794809577363493,590,"We've got clubs, we're hungry, and his work is derivative."
4854,1111,9,37,103,149,1.3691275167785235,0.048884707321256125,590,Why does he bother writing it down? He serves the same things for lunch everyday.
4084,1111,11,33,105,149,1.3691275167785235,0.05070605538808242,590,My wife hired him. She says he's trending.
3777,1111,8,39,102,149,1.3691275167785235,0.04794809577363493,590,He's very creationist.
1212,1111,10,35,104,149,1.3691275167785235,0.04980370800906372,590,Do I really look like that ?
1275,1111,12,31,106,149,1.3691275167785235,0.05159262325746276,590,It's a bit primitive for my taste.
898,1111,15,25,109,149,1.3691275167785235,0.05416532967949241,590,"Rumor has it that he's from some avant-garde studio called ""Intelligent Design..."""
1946,1111,10,35,104,149,1.3691275167785235,0.04980370800906372,590,These days it's not often you see an artist who's ahead of his time
716,1111,6,43,100,149,1.3691275167785235,0.04601771881768216,590,"Yeah, but he's pterrible at perspective."
347,1111,9,37,103,149,1.3691275167785235,0.048884707321256125,590,"He paints a picture of everything he eats, and calls it The Last Supper."
1445,1121,13,30,109,152,1.368421052631579,0.05170853185063483,590,Whose gonna tell him that the horse goes after the fish ONLY if preceded by the bird ?
3437,1121,10,36,106,152,1.368421052631579,0.04911575245199942,590,I think it's a menu.
1677,1123,13,27,104,144,1.3680555555555556,0.05375066882887194,590,I can't wait for him to build us another fire.
2473,1124,9,32,95,136,1.3676470588235294,0.051985442416579174,590,"Be careful, the pen is mightier then the club."
2454,1125,10,34,103,147,1.3673469387755102,0.050236262834107495,590,Jurassic Art
2853,1125,9,36,102,147,1.3673469387755102,0.04930004202251735,590,I feel safe in calling this primitive art.
2906,1125,9,36,102,147,1.3673469387755102,0.04930004202251735,590,Mystery solved.
3156,1125,5,44,98,147,1.3673469387755102,0.04536234454875282,590,You should see his quilts...
4601,1125,11,32,104,147,1.3673469387755102,0.05115535224835309,590,It's a fad; it won't last. Neither will he.
4332,1125,7,40,100,147,1.3673469387755102,0.04737212495963075,590,It'll be forgotten soon. It's derivative and confers no evolutionary advantage.
2423,1125,11,32,104,147,1.3673469387755102,0.05115535224835309,590,They call him Picassosaurus.
4834,1125,11,32,104,147,1.3673469387755102,0.05115535224835309,590,"Yeah, but who's going to remember his stuff a hundred years from now?"
4946,1125,13,28,106,147,1.3673469387755102,0.052945689001883706,590,We're going to let him finish the wall and then we're going to make him pay for it.
3624,1125,10,34,103,147,1.3673469387755102,0.050236262834107495,590,"Well, he's certainly ahead of his time."
2410,1125,13,28,106,147,1.3673469387755102,0.052945689001883706,590,Intelligent design.
4951,1125,8,38,101,147,1.3673469387755102,0.048345694568455874,590,"Picassosaurus, the myth, the legend."
2185,1125,14,26,107,147,1.3673469387755102,0.053818527887705574,590,Let's get out of here. He looks low on red ink...
2027,1125,11,32,104,147,1.3673469387755102,0.05115535224835309,590,Graphittisaurus.
1532,1125,10,34,103,147,1.3673469387755102,0.050236262834107495,590,"My velociraptor could do that."" ""Yeah, but he didn't."
1516,1125,11,32,104,147,1.3673469387755102,0.05115535224835309,590,"Okay he can draw, but it still needs a caption!"
1252,1125,8,38,101,147,1.3673469387755102,0.048345694568455874,590,"Her perspective could use some work, but she's got a real eye for color."
2397,1125,7,40,100,147,1.3673469387755102,0.04737212495963075,590,A bit too representational for my taste.
1191,1125,8,38,101,147,1.3673469387755102,0.048345694568455874,590,He'd do much better with an opposable thumb.
865,1125,10,34,103,147,1.3673469387755102,0.050236262834107495,590,I hear that the artistic ones are tasty and more tender.
750,1125,13,28,106,147,1.3673469387755102,0.052945689001883706,590,"His style is good technically, but it comes across as cold-blooded."
649,1125,12,30,105,147,1.3673469387755102,0.05205821763918388,590,He’s drawing me next week which is why I started the Paleo Diet.
584,1125,13,28,106,147,1.3673469387755102,0.052945689001883706,590,It’s not a copyright infringement if he goes extinct.
251,1125,9,36,102,147,1.3673469387755102,0.04930004202251735,590,And my wife and I just stonewashed the walls.
209,1125,14,26,107,147,1.3673469387755102,0.053818527887705574,590,Let's try another restaurant. I don't like being on the menu.
1158,1150,13,29,108,150,1.3666666666666667,0.052171346217484815,590,It's too late. That stuff will never come off.
2692,1150,9,37,104,150,1.3666666666666667,0.04862003220579729,590,"Sorry, but I find his work rather primitive."
1046,1152,7,38,97,142,1.3661971830985915,0.04842837479938162,590,"Once he’s done, let’s use it for a caption contest."
333,1153,9,35,101,145,1.3655172413793104,0.049725099761662665,590,Fake news.
3911,1153,6,41,98,145,1.3655172413793104,0.04674643541991436,590,I like it. It's avant garde without being tasteless.
2991,1153,7,39,99,145,1.3655172413793104,0.04775996927429132,590,His cubist period seems to be over.
2589,1153,5,43,97,145,1.3655172413793104,0.04571043408080039,590,"I don't know Larry, it feels very post-pre-historic to me."
3630,1153,11,31,103,145,1.3655172413793104,0.05161546694096023,590,There's really no storyline. It's just a menu.
1804,1153,13,27,105,145,1.3655172413793104,0.053439005499348616,590,"He may be a bit unorthodox, but my wife loves what he's done with the place, and he works for bones."
1416,1153,12,29,104,145,1.3655172413793104,0.05253514888288017,590,"With our luck, I bet we go extinct and he gets all the credit."
2384,1153,9,35,101,145,1.3655172413793104,0.049725099761662665,590,"He may well encapsulate our existential angst, but he's still dinner."
591,1153,14,25,106,145,1.3655172413793104,0.05432782665791481,590,Does my hair really look like that?
5750,1162,10,34,104,148,1.364864864864865,0.04995737165049287,590,"See? No matter what time period you're in, modern art sucks."
2545,1162,4,46,98,148,1.364864864864865,0.04409270917149523,590,I suppose we’ll get the blame for this too.
1862,1162,11,32,105,148,1.364864864864865,0.0508691227129258,590,You can’t expect a dinosaur to do modern art
5816,1162,12,30,106,148,1.364864864864865,0.0517648172887719,590,"Draws like a thunder lizard, tastes like chicken."
544,1162,7,40,101,148,1.364864864864865,0.04711637711193173,590,i want to make sure he doesn't make me look fat
132,1162,10,34,104,148,1.364864864864865,0.04995737165049287,590,Not ALL interior decorators are gay. Stop being such a cave man.
1054,1162,9,36,103,148,1.364864864864865,0.04902866833668067,590,They're nice but nobody will ever see them.
4365,1169,4,43,93,140,1.3642857142857143,0.04557581159835043,590,"You couldn't just train him to fetch ""Everyone was impressed when you taught him how to fetch, now you're just showing off."
4125,1169,6,39,95,140,1.3642857142857143,0.047777656374982956,590,When are these guys going to be extinct?
5449,1169,4,43,93,140,1.3642857142857143,0.04557581159835043,590,He has MOMA issues.
5766,1169,7,37,96,140,1.3642857142857143,0.0488413694689733,590,He's been doing it ever since he came out of that shiny disc from the sky.
4310,1169,8,35,97,140,1.3642857142857143,0.04988240465859244,590,"Be patient. He'll be extinct soon, and we'll get all the credit."
6035,1174,10,32,101,143,1.3636363636363635,0.0511326016104156,590,When they go extinct we'll get the credit.
5044,1174,11,30,102,143,1.3636363636363635,0.05208681218589799,590,"They're smart alright. But unless they're smart enough to understand 'intellectual property rights,' we can take all of the credit."
4742,1174,9,34,100,143,1.3636363636363635,0.05016024213667575,590,His work is contemporary and yet true to Upper Paleolithic influences.
2165,1174,9,34,100,143,1.3636363636363635,0.05016024213667575,590,All she ever thinks about is food.
2587,1174,9,34,100,143,1.3636363636363635,0.05016024213667575,590,His Mesozoic Period work was unrivaled.
2039,1174,9,34,100,143,1.3636363636363635,0.05016024213667575,590,YOU tell him his work is too derivative.
1704,1174,11,30,102,143,1.3636363636363635,0.05208681218589799,590,"Same strategy. You club him, and I'll sign the cave art."
1010,1174,14,24,105,143,1.3636363636363635,0.054849933203310434,590,Don't worry. We'll get credit for it.
2788,1174,10,32,101,143,1.3636363636363635,0.0511326016104156,590,"When he leaves, let’s take credit."
1344,1174,11,30,102,143,1.3636363636363635,0.05208681218589799,590,"Oh - COME ON! NO depth, NO perspective, NO proportion - and you still think it's somehow providing a unique insight into our time & a creative representation of our reality?!"
2701,1184,9,35,102,146,1.3630136986301369,0.04944676165051988,590,My mother said don't marry a dinosaur and don't marry an artist.
3246,1184,10,33,103,146,1.3630136986301369,0.05039301091434093,590,"You can call it neo-Jurassic, I call it kitsch."
1318,1186,3,45,93,141,1.3617021276595744,0.04419331639799598,590,"'That's great but let's see him make fire."""
5912,1186,6,39,96,141,1.3617021276595744,0.0475079002065397,590,I guess you can teach an old dinosaur new tricks.
5278,1186,6,39,96,141,1.3617021276595744,0.0475079002065397,590,She was the only one who promised to have it done by Thanksgiving.
5233,1186,12,27,102,141,1.3617021276595744,0.05352479161656629,590,"Uh Oh! Og say: ""Victor write History!"
4737,1186,10,31,100,141,1.3617021276595744,0.051597180857188396,590,It's his menu for the week!
4357,1186,9,33,99,141,1.3617021276595744,0.050605848968431406,590,"If we kill him, those drawings will be worth a fortune."
4348,1186,9,33,99,141,1.3617021276595744,0.050605848968431406,590,"Yeah, but it's nothing my five year old couldn't do."
4289,1186,8,35,98,141,1.3617021276595744,0.04959470563701303,590,"If this is what happens with Airbnb, I'm not signing up again"
3995,1186,8,35,98,141,1.3617021276595744,0.04959470563701303,590,New restaurant but same old menu every time!
3925,1186,12,27,102,141,1.3617021276595744,0.05352479161656629,590,I told you evolution is just a theory.
3862,1186,11,29,101,141,1.3617021276595744,0.052569822094079094,590,I told you evolution is just a theory.
3301,1186,8,35,98,141,1.3617021276595744,0.04959470563701303,590,Darwin is gonna have a rough time with this.
3188,1186,5,41,95,141,1.3617021276595744,0.0464293383480835,590,The critics will eat him alive.
2746,1186,10,31,100,141,1.3617021276595744,0.051597180857188396,590,His therapist says it reduces his stress.
2585,1186,13,25,103,141,1.3617021276595744,0.054463019014654,590,He draw ok but captions not funny
1943,1186,9,33,99,141,1.3617021276595744,0.050605848968431406,590,What do you think? Should we bust him for the graffiti or see what else he's up to?
1526,1186,4,43,94,141,1.3617021276595744,0.045325118166940265,590,"Impressive, right? He just started working in charcoal."
1292,1186,9,33,99,141,1.3617021276595744,0.050605848968431406,590,He's been tweeting like this ever since the election!
662,1186,14,23,104,141,1.3617021276595744,0.05538535512917004,590,Imagine what he could do with an opposable thumb.
3695,1205,5,42,97,144,1.3611111111111112,0.045814640298139774,590,"This is why we use the DeLorean responsibly, Marty"
4449,1205,10,32,102,144,1.3611111111111112,0.05083902783564432,590,So much for the myth of the starving artist.
3559,1207,3,43,90,136,1.3602941176470589,0.045100703246123405,590,"Just let him keep going. Eventually, we'll get all the credit."
4036,1207,13,23,100,136,1.3602941176470589,0.05588736934255601,590,It's fake news.
4548,1207,3,43,90,136,1.3602941176470589,0.045100703246123405,590,Good luck tonight. Those bones he's writing with are all that's left of his last Pictionary partner.
3152,1207,5,39,92,136,1.3602941176470589,0.04745459258114185,590,"Let him do the painting, we'll claim it when he is extinct."
4554,1207,11,27,98,136,1.3602941176470589,0.05390299739610028,590,"After we kill him, I'll sign it."
2841,1212,7,40,103,150,1.36,0.04661230454636461,590,I found him on Angie's List.
216,1213,7,36,96,139,1.3597122302158273,0.04897786886415147,590,Are you here for the two o'clock sitting?
3495,1213,11,28,100,139,1.3597122302158273,0.05306495356348922,590,Looks like we're moving.
3616,1213,9,32,98,139,1.3597122302158273,0.05106231944971402,590,It's the first recorded example of what we like to call 'fakenews'.
4446,1213,11,28,100,139,1.3597122302158273,0.05306495356348922,590,"Well, it'll be worth a lot more after he's dead."
5104,1213,10,30,99,139,1.3597122302158273,0.05207326456196073,590,It won’t be famous until he is extinct.
163,1213,10,30,99,139,1.3597122302158273,0.05207326456196073,590,"Well, isn't this wonderful?! One day, people are gonna think WE actually drew this slop!"
5126,1213,12,26,101,139,1.3597122302158273,0.05403844660286396,590,"Will he be relevant in 10,000 years?"
5188,1213,11,28,100,139,1.3597122302158273,0.05306495356348922,590,Hard to eat him after seeing his talent.
5644,1213,9,32,98,139,1.3597122302158273,0.05106231944971402,590,"They call him IZOD, and he's a designer."
4537,1213,11,28,100,139,1.3597122302158273,0.05306495356348922,590,"I don't know, Zog, I'm not a big fan of his art. Too primitive."
3185,1213,13,24,102,139,1.3597122302158273,0.054994709980196205,590,The cave wall adds 10 lbs.
3190,1213,9,32,98,139,1.3597122302158273,0.05106231944971402,590,He's going through his mesozoic period.
2908,1213,10,30,99,139,1.3597122302158273,0.05207326456196073,590,"Is it just me? Or, do all of his drawings make us look ten pounds heavier?"
573,1213,6,38,95,139,1.3597122302158273,0.047901641140139506,590,I can't believe she sees me as that fat.
757,1213,6,38,95,139,1.3597122302158273,0.047901641140139506,590,I don't like what I see on the menu
785,1213,9,32,98,139,1.3597122302158273,0.05106231944971402,590,I told him three times to keep it simple . . . something neutral in case we sell. Let's just pay him and call it a day . . .
933,1213,12,26,101,139,1.3597122302158273,0.05403844660286396,590,This changes everything.....
3050,1213,8,34,97,139,1.3597122302158273,0.050030950950679824,590,"I don't think it looks much like you either, but it sure does look like your horse."
1265,1213,13,24,102,139,1.3597122302158273,0.054994709980196205,590,"If this walking upright thing leads to modern art, I don't want anything to do with it."
1774,1213,13,24,102,139,1.3597122302158273,0.054994709980196205,590,So that's what opposable thumbs are for?
952,1213,9,32,98,139,1.3597122302158273,0.05106231944971402,590,He's writing his grocery list.
2150,1213,13,24,102,139,1.3597122302158273,0.054994709980196205,590,"I'm not against taking the cave, but I draw the line at appropriating his culture."
2159,1213,7,36,96,139,1.3597122302158273,0.04897786886415147,590,Relax. No one will ever see this but us.
2181,1213,10,30,99,139,1.3597122302158273,0.05207326456196073,590,Decorators! They promised they would be done weeks ago!
2220,1213,11,28,100,139,1.3597122302158273,0.05306495356348922,590,"They'll be extinct soon, we'll get all the credit."
2729,1213,10,30,99,139,1.3597122302158273,0.05207326456196073,590,I prefer the old style of dinosaur art which left room for a bit of whimsy
2057,1213,9,32,98,139,1.3597122302158273,0.05106231944971402,590,We know how this has to end.
1844,1213,10,30,99,139,1.3597122302158273,0.05207326456196073,590,"You hit him on the head, I'll appropriate his culture."
1669,1241,12,27,103,142,1.3591549295774648,0.05320752563984046,590,No! Let beast finish. Then we kill and take credit.
3511,1241,1,49,92,142,1.3591549295774648,0.041620300998151984,590,I wonder if he accepts constructive criticism...
3228,1243,13,22,99,134,1.3582089552238805,0.05645712661498804,590,The art is nice but it will be dated in a few years.
5988,1243,5,38,91,134,1.3582089552238805,0.04785018642125032,590,I can see his style hasn't evolved.
5997,1243,7,34,93,134,1.3582089552238805,0.050140622670809584,590,Primitivism is just cultural appropriation.
643,1243,7,34,93,134,1.3582089552238805,0.050140622670809584,590,It's the beginning of fake news.
1226,1247,12,25,100,137,1.3576642335766422,0.054565328583678976,590,Dinner and a show.
72,1247,6,37,94,137,1.3576642335766422,0.0483044702042182,590,He’s just finishing up the nursery then moving on to the parlor.
665,1247,8,33,96,137,1.3576642335766422,0.050477779820647356,590,And people say our drawings are primitive!
620,1247,10,29,98,137,1.3576642335766422,0.0525613039177426,590,Artistosaurus Rex
4835,1247,12,25,100,137,1.3576642335766422,0.054565328583678976,590,"In a million years, they'll probably blame us for this graffiti."
4661,1247,7,35,95,137,1.3576642335766422,0.0494030773197984,590,And they say our artwork is primitive
79,1247,9,31,97,137,1.3576642335766422,0.05153007338028473,590,I told you it's a fixer upper. Paint over it.
3638,1247,11,27,99,137,1.3576642335766422,0.05357268778481325,590,"Admirable, considering he possesses no opposable appendage."
3593,1247,8,33,96,137,1.3576642335766422,0.050477779820647356,590,He's decorating his man-cave.
4371,1247,9,31,97,137,1.3576642335766422,0.05153007338028473,590,"Yeah, he's pretty good but he'll be extinct before he sells even one..."
3094,1247,8,33,96,137,1.3576642335766422,0.050477779820647356,590,I prefer her Pre-Cambrian period.
3069,1247,11,27,99,137,1.3576642335766422,0.05357268778481325,590,"Where you see art, I see a menu."
2808,1247,6,37,94,137,1.3576642335766422,0.0483044702042182,590,He is a talent but he also won't use the litter box.
2736,1247,9,31,97,137,1.3576642335766422,0.05153007338028473,590,He's ahead of his time.
1872,1247,8,33,96,137,1.3576642335766422,0.050477779820647356,590,"Look man, it’s this or he eats us."
1640,1247,13,23,101,137,1.3576642335766422,0.05554023127788206,590,"OK, Mr. Persnickety. YOU tell him he's got it all wrong."
1419,1247,12,25,100,137,1.3576642335766422,0.054565328583678976,590,"Before we club him and eat him, can we wait to see how the story ends first?"
1287,1247,8,33,96,137,1.3576642335766422,0.050477779820647356,590,I bet you we’re gonna get blamed for this.
3565,1247,11,27,99,137,1.3576642335766422,0.05357268778481325,590,This guy is a real picassosaurus
182,1247,7,35,95,137,1.3576642335766422,0.0494030773197984,590,His scales are way off
657,1267,13,24,103,140,1.3571428571428572,0.05466089855251375,590,I find his technique so primitive.
1393,1267,9,32,99,140,1.3571428571428572,0.050761344927936734,590,"Whatever you do, don't say that his perspective is off."
3786,1267,11,28,101,140,1.3571428571428572,0.05274717039548742,590,"He good cartoonist, but no have captions"
4312,1267,9,32,99,140,1.3571428571428572,0.050761344927936734,590,Actually he’s putting up the menu for tonight’s dinner
1663,1271,13,25,105,143,1.3566433566433567,0.05381678979228664,590,"Sure, we warned him about the asteroid. But he's just another climate-change denier."
1927,1272,4,38,87,129,1.3565891472868217,0.04771733431102764,590,I thought history was told by the winners.
3103,1273,5,37,90,132,1.356060606060606,0.04825497060422663,590,"You have to admire how he simultaneously deconstructs and glorifies his subjects, however his overuse of charcoal is problematic"
1120,1274,5,38,92,135,1.3555555555555556,0.04756847982341376,590,Stop encouraging him. He'll never make a decent living doing this stuff.
28,1274,8,32,95,135,1.3555555555555556,0.05093559886023872,590,Leave him alone. They'll think we did it.
5991,1274,8,32,95,135,1.3555555555555556,0.05093559886023872,590,I knew this would happen if we adopted.
5854,1274,7,34,94,135,1.3555555555555556,0.04983850832175466,590,"He's housebroken, but we can't get him to stop drawing on the walls."
5806,1274,11,26,98,135,1.3555555555555556,0.05409353186649751,590,"Sure, they love him now, but a hundred years from now?"
52,1274,9,30,96,135,1.3555555555555556,0.052009552495332005,590,He's good but he's no Picasso.
3790,1274,8,32,95,135,1.3555555555555556,0.05093559886023872,590,You know it. I know it. But does she know dinosaurs and humans never overlapped?
5512,1274,9,30,96,135,1.3555555555555556,0.052009552495332005,590,"You know, Blort, some day they're going to blame us for all this graffiti."
3278,1274,9,30,96,135,1.3555555555555556,0.052009552495332005,590,The chronology is all wrong.
1215,1274,9,30,96,135,1.3555555555555556,0.052009552495332005,590,I hope it has a happy ending.
149,1274,10,28,97,135,1.3555555555555556,0.053061774096596494,590,Too political.
1414,1274,10,28,97,135,1.3555555555555556,0.053061774096596494,590,A bit preachy if you ask me.
1639,1274,13,22,100,135,1.3555555555555556,0.05610014998927248,590,Big deal. He can't fetch worth a damn.
1083,1274,9,30,96,135,1.3555555555555556,0.052009552495332005,590,I question if he'll evolve as an artist.
2348,1274,8,32,95,135,1.3555555555555556,0.05093559886023872,590,"Just so you know, all artists taste like chicken."
297,1274,10,28,97,135,1.3555555555555556,0.053061774096596494,590,"Just because he can draw, that doesn't make it art."
2234,1274,12,24,99,135,1.3555555555555556,0.05510597525954264,590,I just don't see how he can survive as an artist.
1171,1291,7,35,96,138,1.355072463768116,0.049112212093043395,590,Perhaps we should look for a less talented dinner.
3459,1291,12,25,101,138,1.355072463768116,0.05423045261342613,590,"Oh, great, there goes your security deposit."
3956,1291,6,37,95,138,1.355072463768116,0.04802314914575139,590,"This is his sixth cave. To appreciate how outre this is, George, you'll have to see Caves 1 through 5."
4827,1291,6,37,95,138,1.355072463768116,0.04802314914575139,590,"Commercial yes, but totally derivative."
2063,1291,11,27,100,138,1.355072463768116,0.05324617796480852,590,Should we kill or represent it?
2403,1296,7,30,87,124,1.3548387096774193,0.05271733378393938,590,I find his work primitive yet strongly appropriate to both subject and medium.
2369,1297,12,26,103,141,1.3546099290780143,0.053390374549481354,590,I'd rather he get it out now than major in art later.
1916,1298,6,33,88,127,1.3543307086614174,0.05065199086775765,590,I can't see a future in it either...
2655,1298,4,37,86,127,1.3543307086614174,0.04812125751642036,590,You just don't see artists like that anymore.
2982,1300,4,38,88,130,1.353846153846154,0.047428241577880184,590,"Decent enough technique, but not overly original."
522,1300,6,34,90,130,1.353846153846154,0.04987944734982024,590,Who's NINA ?
696,1302,10,27,96,133,1.3533834586466165,0.053575175847163696,590,"Sure it's impressive, but is it art?"
4231,1302,9,29,95,133,1.3533834586466165,0.05250122189532132,590,I've gotta see how this story turns out before we have lunch.
4460,1302,8,31,94,133,1.3533834586466165,0.051404835705884916,590,Picassosaurus Rex.
4685,1302,9,29,95,133,1.3533834586466165,0.05250122189532132,590,The new intern we got for data entry is working out great!
4721,1302,11,25,97,133,1.3533834586466165,0.05462802059023609,590,He always makes me look fat.
4759,1302,7,33,93,133,1.3533834586466165,0.05028454998701167,590,He’s actually a pretty good roommate—helps out on hunts. But I had to let him repaint the place.
4885,1302,13,21,99,133,1.3533834586466165,0.05667506477025632,590,I'm worried he's spending too much time on social media.
4898,1302,6,35,92,133,1.3533834586466165,0.04913873015090571,590,"I'll grant you he's a good artist, but he's a better dinner."
5380,1302,8,31,94,133,1.3533834586466165,0.051404835705884916,590,He says it will increase the resale value.
5759,1302,7,33,93,133,1.3533834586466165,0.05028454998701167,590,He makes our work look primitive.
666,1302,8,31,94,133,1.3533834586466165,0.051404835705884916,590,"Oh sure, he's got a great imagination, but will it stand the test of time?"
1710,1302,5,37,91,133,1.3533834586466165,0.04796554632536551,590,You tell him he's an anachronism
153,1302,10,27,96,133,1.3533834586466165,0.053575175847163696,590,"Talented my butt, he's preparing the dinner menu and we're an entree."
3998,1302,9,29,95,133,1.3533834586466165,0.05250122189532132,590,I told you no pets! Now I'll never get my deposit back.
3277,1302,7,33,93,133,1.3533834586466165,0.05028454998701167,590,I know what you’re thinking but she’s done wonders with the place.
497,1302,7,33,93,133,1.3533834586466165,0.05028454998701167,590,"After he finishes the storyboards, we'll get 50 monkeys to type the screenplay."
3141,1302,11,25,97,133,1.3533834586466165,0.05462802059023609,590,"Once we wipe them out, we can take credit for that."
789,1302,7,33,93,133,1.3533834586466165,0.05028454998701167,590,Three years of art classes and that thing with no opposing thumbs is better than me.
859,1302,6,35,92,133,1.3533834586466165,0.04913873015090571,590,Value go up when he extinct. Let's do it.
1028,1302,4,39,90,133,1.3533834586466165,0.04676293904084771,590,A little too realistic for my taste.
1952,1302,7,33,93,133,1.3533834586466165,0.05028454998701167,590,"Sure, he's gifted, but can he survive a climate catastrophe?"
2084,1302,7,33,93,133,1.3533834586466165,0.05028454998701167,590,"Sadly, extinction may be our only remedy for the graffiti problem."
2151,1302,3,41,89,133,1.3533834586466165,0.045528576753345734,590,"Modern art, I suppose."
2257,1302,10,27,96,133,1.3533834586466165,0.053575175847163696,590,"Once he's out, we'll sign our names and skedaddle."
237,1302,8,31,94,133,1.3533834586466165,0.051404835705884916,590,"If this doesn't screw with future generations, nothing will."
2407,1302,9,29,95,133,1.3533834586466165,0.05250122189532132,590,Plagiarus Rex
2500,1302,8,31,94,133,1.3533834586466165,0.051404835705884916,590,I prefer his prehistoric work
2621,1302,9,29,95,133,1.3533834586466165,0.05250122189532132,590,"Hey, we gotta a real 'dino Vinci' here, unh?"
2871,1302,9,29,95,133,1.3533834586466165,0.05250122189532132,590,"With our luck, we’ll probably get blamed for this."
2900,1302,10,27,96,133,1.3533834586466165,0.053575175847163696,590,So what? My kid can draw better than that.
3002,1302,6,35,92,133,1.3533834586466165,0.04913873015090571,590,"With his artistic talents, do you think he has a future?"
3008,1302,11,25,97,133,1.3533834586466165,0.05462802059023609,590,"If it really is Banksy, we can retire!"
977,1302,5,37,91,133,1.3533834586466165,0.04796554632536551,590,"Summa cum laude, Phi Beta Kappa, a $200,000 Ivy League education, and the only job he can land is cave decorator!"
4799,1335,1,40,78,119,1.3529411764705883,0.04558289386169946,590,"Yes, but I don't think this is just about art . . ."
3046,1335,11,26,99,136,1.3529411764705883,0.053757921607786106,590,She used to be big.
3841,1335,6,36,94,136,1.3529411764705883,0.04842780013815086,590,Everyone thinks they're an artist these days.
428,1335,10,28,98,136,1.3529411764705883,0.05273501373580212,590,They're taking all of our jobs.
389,1335,14,20,102,136,1.3529411764705883,0.056716060522657874,590,Cave worth more shells if artist extinct.
189,1335,10,28,98,136,1.3529411764705883,0.05273501373580212,590,There goes our deposit.
636,1341,8,33,98,139,1.3525179856115108,0.04988079769803803,590,We will probably get blamed for this graffiti.
5862,1341,8,33,98,139,1.3525179856115108,0.04988079769803803,590,I think he is trying to tell us something.
1172,1343,3,39,86,128,1.3515625,0.04651993972563563,590,That will definitely confuse anthropologists!
5127,1343,10,25,93,128,1.3515625,0.05500295687067847,590,My feeling? Too abstract. We club.
4968,1345,9,28,94,131,1.3511450381679388,0.05300557158600242,590,"Don't club yet, Grok. Me want to see how story ends."
4942,1345,6,34,91,131,1.3511450381679388,0.04957087030575442,590,I'm worried about future generations - they'll think we're primitive.
2064,1345,5,36,90,131,1.3511450381679388,0.048371803468277096,590,It's easy. Club him and we'll get the credit
4665,1345,9,28,94,131,1.3511450381679388,0.05300557158600242,590,"He calls it, Afternoon in Jurassic Park with Rex."
4690,1345,8,30,93,131,1.3511450381679388,0.05188594036020284,590,He keeps going on about a big rock falling from the sky.
4571,1345,8,30,93,131,1.3511450381679388,0.05188594036020284,590,"In the future, they'll discover these paintings and he'll be famous."
4523,1345,5,36,90,131,1.3511450381679388,0.048371803468277096,590,"Yes, his enthusiasm is good but his use of perspective is crap."
4517,1345,10,26,95,131,1.3511450381679388,0.054102037219083784,590,A Michelangeloasauras.
4743,1345,7,32,92,131,1.3511450381679388,0.05074161009434196,590,"Don't worry, the wall always adds ten pounds."
5047,1345,9,28,94,131,1.3511450381679388,0.05300557158600242,590,Let's sign our name when he's done
5205,1345,7,32,92,131,1.3511450381679388,0.05074161009434196,590,"My apologies, Bob. It appears your theory of devolution isn’t so farfetched after all."
5149,1345,7,32,92,131,1.3511450381679388,0.05074161009434196,590,You can really see the Jurassic influence in his work.
5252,1345,12,22,97,131,1.3511450381679388,0.056230863904511805,590,"If we became bipeds, we could paint too."
5284,1345,1,44,86,131,1.3511450381679388,0.04324433052306882,590,"That barely looks like us, he'll never make it."
5346,1345,7,32,92,131,1.3511450381679388,0.05074161009434196,590,"Sure, he's avant-garde now, but one day he'll be a fossil."
5351,1345,4,38,89,131,1.3511450381679388,0.047142248129224,590,They're actually quite evolved.
5407,1345,9,28,94,131,1.3511450381679388,0.05300557158600242,590,Where did he get the charcoal?
5575,1345,12,22,97,131,1.3511450381679388,0.056230863904511805,590,I saved a starving artist. Now I have to feed him.
5672,1345,7,32,92,131,1.3511450381679388,0.05074161009434196,590,I think we're on the menu.
5698,1345,8,30,93,131,1.3511450381679388,0.05188594036020284,590,I got a new Designosaur.
5805,1345,6,34,91,131,1.3511450381679388,0.04957087030575442,590,What a talented artist. He makes your work look prehistoric!
4501,1345,12,22,97,131,1.3511450381679388,0.056230863904511805,590,After he stopped walking on all fours he really found himself.
5121,1345,9,28,94,131,1.3511450381679388,0.05300557158600242,590,"No, he's a reptile. Amphibians can't draw."
4485,1345,10,26,95,131,1.3511450381679388,0.054102037219083784,590,THAT IS HIS DINNER MENU
5476,1345,6,34,91,131,1.3511450381679388,0.04957087030575442,590,I hate being on the menu.
4283,1345,4,38,89,131,1.3511450381679388,0.047142248129224,590,Wait'll you see what he's done with his place.
152,1345,6,34,91,131,1.3511450381679388,0.04957087030575442,590,I know he discovered fire and invented the wheel but I'm really hungry!
4444,1345,9,28,94,131,1.3511450381679388,0.05300557158600242,590,"You know, I just don't get prehistoric art."
157,1345,9,28,94,131,1.3511450381679388,0.05300557158600242,590,That's a Picassosaurus.
547,1345,9,28,94,131,1.3511450381679388,0.05300557158600242,590,"No, I still don't believe in evolution!"
897,1345,7,32,92,131,1.3511450381679388,0.05074161009434196,590,It's not really my taste but my wife loves this decorator.
1063,1345,9,28,94,131,1.3511450381679388,0.05300557158600242,590,"They're not worth much now, but after he goes extinct I'll make a fortune."
1107,1345,8,30,93,131,1.3511450381679388,0.05188594036020284,590,I thought we were the ones who were supposed to be evolving.
1388,1345,9,28,94,131,1.3511450381679388,0.05300557158600242,590,"Let's kill him. Extinct, his work is worth a fortune."
1620,1345,9,28,94,131,1.3511450381679388,0.05300557158600242,590,It'll be worth a lot more if he's dead.
1635,1345,7,32,92,131,1.3511450381679388,0.05074161009434196,590,My wife got tired of the old wallpaper.
1725,1345,11,24,96,131,1.3511450381679388,0.05517671830900627,590,Sure he's talented and extremely rare but I am hungry NOW!
1805,1345,9,28,94,131,1.3511450381679388,0.05300557158600242,590,You can call it art...I say it's a damn menu!
2137,1345,12,22,97,131,1.3511450381679388,0.056230863904511805,590,He always writes out his lunch menu in advance.
2190,1345,1,44,86,131,1.3511450381679388,0.04324433052306882,590,You knock him out; I'll sign it.
3888,1345,7,32,92,131,1.3511450381679388,0.05074161009434196,590,"He good, but he no Banksy."
2482,1345,13,20,98,131,1.3511450381679388,0.05726560806927688,590,"Whatever you do the rest of your life, DON""T TELL THE CREATIONISTS!"
2467,1345,10,26,95,131,1.3511450381679388,0.054102037219083784,590,I thought we agreed on wall paper.
3836,1345,12,22,97,131,1.3511450381679388,0.056230863904511805,590,His work has really improved since he cut his ear off.
4074,1345,9,28,94,131,1.3511450381679388,0.05300557158600242,590,I hope that's not his menu....
3797,1345,8,30,93,131,1.3511450381679388,0.05188594036020284,590,Revisionist history
3683,1345,9,28,94,131,1.3511450381679388,0.05300557158600242,590,He's willing to work in more than one medium if we move to a bigger cave.
3678,1345,11,24,96,131,1.3511450381679388,0.05517671830900627,590,It'll never stand the test of time.
4278,1345,10,26,95,131,1.3511450381679388,0.054102037219083784,590,Impressive. But they still taste like chicken.
3204,1345,10,26,95,131,1.3511450381679388,0.054102037219083784,590,Don’t club him yet...I want to see how this ends!
2681,1345,7,32,92,131,1.3511450381679388,0.05074161009434196,590,"It's OK, in a million years everyone will think we drew them."
2860,1345,13,20,98,131,1.3511450381679388,0.05726560806927688,590,Let's not and say we did.
3365,1345,10,26,95,131,1.3511450381679388,0.054102037219083784,590,We’ve been hacked.
3128,1345,0,46,85,131,1.3511450381679388,0.04186445163013748,590,I forget. Are we the pets or is he the pet?
2956,1345,11,24,96,131,1.3511450381679388,0.05517671830900627,590,Typical revisionist history.
4850,1400,9,29,96,134,1.3507462686567164,0.05217464036205944,590,"It's gonna make us look a lot better in 30,000 years."
5845,1400,10,27,97,134,1.3507462686567164,0.05323921437760225,590,Please tell me I am not that hairy?
1716,1400,9,29,96,134,1.3507462686567164,0.05217464036205944,590,He's got no sense of scale.
325,1400,7,33,94,134,1.3507462686567164,0.04997750889792474,590,See? I told you that even my lizard could do that.
208,1400,0,47,87,134,1.3507462686567164,0.041378804250531594,590,You'd think he never heard of wallpaper.
200,1400,6,35,93,134,1.3507462686567164,0.04884189333971502,590,Great. Now we're stuck out here until he runs out of wall.
3353,1400,9,29,96,134,1.3507462686567164,0.05217464036205944,590,They'll be worth a fortune after he's extinct.
4065,1407,8,29,92,129,1.3488372093023255,0.05237938663464953,590,I told you I wanted wallpaper!
3080,1407,2,41,86,129,1.3488372093023255,0.044909419481614206,590,We'd better get out of here before someone thinks we did this.
3363,1407,4,37,88,129,1.3488372093023255,0.04753003282337488,590,"We can't kill him, this story is just getting good."""
3887,1407,9,27,93,129,1.3488372093023255,0.053523118138145254,590,I hear he's the best interior designer in town
3913,1407,10,25,94,129,1.3488372093023255,0.05464291542585924,590,'No way! They'll just say it's fake news'
4225,1407,7,31,91,129,1.3488372093023255,0.05121011729350314,590,"His art is derivative and shallow, but all the critics get eaten."
5328,1407,11,23,95,129,1.3488372093023255,0.05574022100104517,590,What do you mean we should just leave it there? Eons from now they'll think we lived like animals.
4309,1407,8,29,92,129,1.3488372093023255,0.05237938663464953,590,"You know, 40,000 years from now we're going to be blamed for this."
4836,1407,8,29,92,129,1.3488372093023255,0.05237938663464953,590,Our broker hired him to stage the cave.
5756,1407,7,31,91,129,1.3488372093023255,0.05121011729350314,590,But who's ever going to believe his arms could reach that high?
5778,1407,7,31,91,129,1.3488372093023255,0.05121011729350314,590,Now you can see why the critics are all so positive.
5881,1407,7,31,91,129,1.3488372093023255,0.05121011729350314,590,"Of course his art work is worth a fortune, he's been extinct for millions of years."
4294,1407,10,25,94,129,1.3488372093023255,0.05464291542585924,590,He said he'll show us 'fire' next week.
2927,1407,10,25,94,129,1.3488372093023255,0.05464291542585924,590,And yet he still pisses on the floor...
5105,1407,11,23,95,129,1.3488372093023255,0.05574022100104517,590,Now that there's fire and charcoal everybody's got a story to write.
2398,1407,7,31,91,129,1.3488372093023255,0.05121011729350314,590,"... and not a word to my wife!! She loves his work, has five of his paintings."
2782,1407,7,31,91,129,1.3488372093023255,0.05121011729350314,590,we have to wipe them all out or we're just going to look stupid.
25,1407,11,23,95,129,1.3488372093023255,0.05574022100104517,590,"If he can draw, then we can talk."
140,1407,11,23,95,129,1.3488372093023255,0.05574022100104517,590,Fake news.
154,1407,6,33,90,129,1.3488372093023255,0.05001351899443387,590,Don’t worry. History is told by winners
518,1407,15,15,99,129,1.3488372093023255,0.059928860837465986,590,Let's Invent Spray Paint Instead of Fire.
652,1407,8,29,92,129,1.3488372093023255,0.05237938663464953,590,"They'll think we were nine feet tall, or that the floor dropped"
654,1407,9,27,93,129,1.3488372093023255,0.053523118138145254,590,"Great, now in 50,000 years we're gonna be blamed for this crap."
714,1407,6,33,90,129,1.3488372093023255,0.05001351899443387,590,It was bad enough when she started walking on her hind legs.
3765,1407,10,25,94,129,1.3488372093023255,0.05464291542585924,590,In cave painting nobody knows you're a palaeopteryx
984,1407,7,31,91,129,1.3488372093023255,0.05121011729350314,590,"The sociocultural aspect is a little obvious, isn't it?"
1139,1407,7,31,91,129,1.3488372093023255,0.05121011729350314,590,The composition is a little primitive.
1381,1407,5,35,89,129,1.3488372093023255,0.04878758091152753,590,"I agree, the wall adds 10 pounds."
1422,1407,4,37,88,129,1.3488372093023255,0.04753003282337488,590,"Do you still think his brain is the size of a walnut?"""
802,1407,9,27,93,129,1.3488372093023255,0.053523118138145254,590,I didn't know he could stand on two legs!
1936,1407,11,23,95,129,1.3488372093023255,0.05574022100104517,590,That is SO not how the event transpired.
2243,1407,9,27,93,129,1.3488372093023255,0.053523118138145254,590,"No need to fret. In a few thousand years, everybody will assume *we* did it."
3318,1439,7,32,93,132,1.3484848484848484,0.05042595394700275,590,"There was a mixup at the agency - we asked for a wall re-tile, but they sent us a wall reptile instead."
3540,1439,6,34,92,132,1.3484848484848484,0.04926577321489342,590,"No, no. Let's not wipe them out yet... I want to see how they make fire."
3541,1439,12,22,98,132,1.3484848484848484,0.05586661737106431,590,"Ugh, is my butt really that big?"
3663,1439,12,22,98,132,1.3484848484848484,0.05586661737106431,590,"Yes, I know he's a troglodyte, but his painting style is cutting edge."
3668,1439,3,40,89,132,1.3484848484848484,0.045608498631828615,590,Now it's your turn to clean up the graffiti!
4233,1439,5,36,91,132,1.3484848484848484,0.04807760382399873,590,"I like new perspectives in art, but I find his work rather cold-blooded."
3994,1439,6,34,92,132,1.3484848484848484,0.04926577321489342,590,"We’ll get credit for these eventually, just give it some time."
4647,1439,10,26,96,132,1.3484848484848484,0.0537564702568634,590,"When he goes extinct, we'll claim the credit."
4686,1439,13,20,99,132,1.3484848484848484,0.056892348848407,590,"I agree with you, Thad, but at least he's out of that godawful neo-cubism phase."
4832,1439,9,28,95,132,1.3484848484848484,0.052669703563558316,590,"That's nothing, I hear they've got a Brontosaurus up north who likes to stack really big rocks."
5242,1439,8,30,94,132,1.3484848484848484,0.051560035419588056,590,Shh... That's Tyron Rex. He did Stonehenge!
5835,1439,4,38,90,132,1.3484848484848484,0.04685931677322499,590,And he does it all without opposable thumbs!
3856,1439,8,30,94,132,1.3484848484848484,0.051560035419588056,590,When you said Liz was doing the wall decoration I though she was a woman.
3209,1439,12,22,98,132,1.3484848484848484,0.05586661737106431,590,"If we kill him now, those drawings will be worth a fortune someday."
3372,1439,11,24,97,132,1.3484848484848484,0.054821697488138504,590,"We'll let him finish, kill him, and then take all the credit"
18,1439,8,30,94,132,1.3484848484848484,0.051560035419588056,590,Those stupid drawings of his will never come off.
3186,1439,7,32,93,132,1.3484848484848484,0.05042595394700275,590,I never suspected it was them.
1144,1439,8,30,94,132,1.3484848484848484,0.051560035419588056,590,It's gonna take forever to scrub that off!
1188,1439,10,26,96,132,1.3484848484848484,0.0537564702568634,590,Look who thinks he's an artist!
1415,1439,10,26,96,132,1.3484848484848484,0.0537564702568634,590,OK you tell him it's not his cave
1618,1439,7,32,93,132,1.3484848484848484,0.05042595394700275,590,You're sure he said having us 'over' for dinner?
1653,1439,7,32,93,132,1.3484848484848484,0.05042595394700275,590,He said it is a menu! What's a menu?
2997,1439,10,26,96,132,1.3484848484848484,0.0537564702568634,590,My kid could paint that.
1910,1439,6,34,92,132,1.3484848484848484,0.04926577321489342,590,Let it go ahead and draw. After its gone extinct the cave will be worth a fortune.
2859,1439,9,28,95,132,1.3484848484848484,0.052669703563558316,590,My daughter can do that.
2749,1439,8,30,94,132,1.3484848484848484,0.051560035419588056,590,It will be more valuable after he dies.
2768,1439,9,28,95,132,1.3484848484848484,0.052669703563558316,590,Very primitive - she must have been raised by Neanderthals.
2828,1439,7,32,93,132,1.3484848484848484,0.05042595394700275,590,It lacks the gravitas of his earlier work.
964,1467,5,29,78,112,1.3482142857142858,0.05337668378039048,590,What's the hieroglyph for plagiarism?
5651,1468,9,29,97,135,1.348148148148148,0.05185185185185185,590,"They're charming in a primitive sort of way, but I've always preferred his early Cretaceous Period for its authenticity."
703,1469,7,28,86,121,1.3471074380165289,0.05341085593686093,590,I hope the clubs work better than the spears did.
5215,1470,9,26,92,127,1.3464566929133859,0.05405440647746246,590,Looks like we're on the menu.
5570,1470,7,30,90,127,1.3464566929133859,0.05169052239748573,590,How does it feel to have a pet that's smarter than you?
2744,1470,8,28,91,127,1.3464566929133859,0.05288567369976348,590,We are all just notches on the wall.
4865,1470,5,34,88,127,1.3464566929133859,0.049213223343113906,590,Representational art always seems so obvious.
4927,1470,12,20,95,127,1.3464566929133859,0.057418045860943207,590,That is Lizardo de Vinci.
4364,1470,11,22,94,127,1.3464566929133859,0.056319158494570004,590,Let him finish. The value will skyrocket once they're extinct.
3844,1470,9,26,92,127,1.3464566929133859,0.05405440647746246,590,He goes by Picassosaurus.
5650,1470,3,38,86,127,1.3464566929133859,0.04660442680597466,590,Not only does he do nice work...we got him for 2 pterodactyls.
967,1470,10,24,93,127,1.3464566929133859,0.05519839885887648,590,"I think he's gifted...don't you, honey?"
3330,1470,8,28,91,127,1.3464566929133859,0.05288567369976348,590,Whaddaya wanna bet we get blamed for that?
5216,1470,5,34,88,127,1.3464566929133859,0.049213223343113906,590,So he's got talent but will he have staying power.
5549,1470,9,26,92,127,1.3464566929133859,0.05405440647746246,590,"Superficially it's about the hunt. But all paintings are in their essence, self-portraits."
5529,1470,6,32,89,127,1.3464566929133859,0.050467075690712376,590,Did you hear he got a full ride to RISD?
2200,1470,9,26,92,127,1.3464566929133859,0.05405440647746246,590,It has a sort of primitive charm.
604,1470,0,44,83,127,1.3464566929133859,0.04239126640069635,590,Hm... I never did like pre-modernism.
533,1470,5,34,88,127,1.3464566929133859,0.049213223343113906,590,Not art. Menu!
481,1470,5,34,88,127,1.3464566929133859,0.049213223343113906,590,Just think of what this will do for home prices around here.
430,1470,6,32,89,127,1.3464566929133859,0.050467075690712376,590,Let him be. In the future everybody will assume we are the artists.
2633,1470,10,24,93,127,1.3464566929133859,0.05519839885887648,590,He’s my ghost writer
5842,1489,7,31,92,130,1.3461538461538463,0.05088546712612378,590,You look better with short hair.
3542,1489,11,23,96,130,1.3461538461538463,0.05537484177992094,590,He's changed completely since he went on Prozoic.
3153,1489,8,29,93,130,1.3461538461538463,0.05204412886215589,590,His method has been dead for 65 million years.
2925,1489,5,35,90,130,1.3461538461538463,0.048485148199114515,590,Tell me about it . . .same design on the wallpaper at Granite Home Decorating for a tenth of the price.
2358,1489,8,29,93,130,1.3461538461538463,0.05204412886215589,590,I have no idea what it's doing but we have bigger sticks - let's kill it.
2277,1489,9,27,94,130,1.3461538461538463,0.05317755102858302,590,Let's tell everybody we drew them
2052,1489,5,35,90,130,1.3461538461538463,0.048485148199114515,590,"I don't know about you, but I've never been a big fan of Primitive Art."
1835,1489,6,33,91,130,1.3461538461538463,0.04969980060590747,590,You realize he's got a pea-sized brain and he's touching up our cave drawings!
1761,1489,12,21,97,130,1.3461538461538463,0.05644141818317592,590,"Cave art or graffiti?! Look man, it's a reptile, standing on two legs and painting--in color!"
1513,1489,10,25,95,130,1.3461538461538463,0.05428731451982511,590,"Do you want to tell him he could save 15% or more by switching to Geico, or should I?"
719,1489,8,29,93,130,1.3461538461538463,0.05204412886215589,590,He says there'll be a caption contest someday.
422,1489,8,29,93,130,1.3461538461538463,0.05204412886215589,590,I hit him with club. You co-opt his aesthetic.
88,1489,11,23,96,130,1.3461538461538463,0.05537484177992094,590,I didn't know they could stand upright.
35,1489,9,27,94,130,1.3461538461538463,0.05317755102858302,590,"He claims to be a herbivore, but look at that list of groceries."
1183,1503,11,24,98,133,1.3458646616541354,0.05447099807345302,590,I told you he wasn't a herbivore
2489,1503,8,30,95,133,1.3458646616541354,0.051237936448103434,590,You can't have your art and eat it too.
4471,1503,8,30,95,133,1.3458646616541354,0.051237936448103434,590,Paleolithographs.
5994,1503,4,38,91,133,1.3458646616541354,0.04657941031452528,590,I'm not that fat am I?
366,1507,6,30,86,122,1.3442622950819672,0.051754859475962256,590,"You call that ""art""? My three year old could do that...."
2048,1508,2,39,84,125,1.344,0.045584377629523117,590,"Another primitive artist? What is it about you and primitive art, anyway?"
332,1508,4,35,86,125,1.344,0.04833218389437829,590,I think his images are very derivative.
3852,1510,7,30,91,128,1.34375,0.05135647667870523,590,This is gonna fool the hell out of someone later on.
5397,1510,4,36,88,128,1.34375,0.04762765172314731,590,Let him go. Someday we'll get credit for it.
5972,1510,6,32,90,128,1.34375,0.05014435362817434,590,Art isn't just dying. It's going extinct.
1914,1510,6,32,90,128,1.34375,0.05014435362817434,590,Yes...I commissioned him. Artforum said he's gonna be huge in a couple of years...
2825,1510,10,24,94,128,1.34375,0.054832309681786796,590,I’ve got a five year old nephew who could do that!
1459,1510,9,26,93,128,1.34375,0.05369870286120865,590,Did he make me look fat?
2024,1510,4,36,88,128,1.34375,0.04762765172314731,590,Those garish colors... that Pop-Art sensibility... it's like he's not even trying.
2654,1510,9,26,93,128,1.34375,0.05369870286120865,590,Looks like we're back on the menu.
4749,1518,7,31,93,131,1.3435114503816794,0.050564624518149505,590,He claims he has a brain with two sides.
66,1518,9,27,95,131,1.3435114503816794,0.05283617015694881,590,It's the elusive Picassosaurus
1291,1518,10,25,96,131,1.3435114503816794,0.05393607965870664,590,"If he draws one more fake news horse, I'll club him!"
5630,1518,11,23,97,131,1.3435114503816794,0.05501400277244557,590,My five-year old could do that.
1968,1522,11,24,99,134,1.3432835820895523,0.05412454787773656,590,"They'll be known as his Paleolithic period works, you knuckle dragger."
3555,1523,0,42,81,123,1.3414634146341464,0.042932099563790356,590,Stupid Pet Tricks
6017,1523,6,30,87,123,1.3414634146341464,0.05140861115517544,590,Revisionist history
3975,1523,7,28,88,123,1.3414634146341464,0.05268894876754358,590,He’s preparing to tell the story of how men evolved into dinosaurs.
3543,1523,6,30,87,123,1.3414634146341464,0.05140861115517544,590,Looks like an obituary column to me.
3682,1527,9,25,92,126,1.3412698412698412,0.05423370756764775,590,"He's doing it again, the meaningless drawing thing."
3410,1527,9,25,92,126,1.3412698412698412,0.05423370756764775,590,Fake news again!
3344,1527,6,31,89,126,1.3412698412698412,0.05059982861216777,590,They say he's ahead of his time.
3062,1527,8,27,91,126,1.3412698412698412,0.05305007926053462,590,You tell him no graffiti.
3255,1527,9,25,92,126,1.3412698412698412,0.05423370756764775,590,Can you believe that little reptile has been short-listed for the Booker Prize?!
3101,1527,11,21,94,126,1.3412698412698412,0.05652665999775139,590,"He's reptilian, but he paints like a primate."
3760,1527,6,31,89,126,1.3412698412698412,0.05059982861216777,590,Looks like plagiarism to me.
3319,1527,8,27,91,126,1.3412698412698412,0.05305007926053462,590,"If I'm being honest, I much preferred his earlier work."
3861,1527,7,29,90,126,1.3412698412698412,0.051839432699103474,590,I finally got him to stop with those happy little clouds.
5280,1527,9,25,92,126,1.3412698412698412,0.05423370756764775,590,The elders want limits on self-expression. And we need meat.
3934,1527,8,27,91,126,1.3412698412698412,0.05305007926053462,590,He'd be more successful if he didn't eat his patrons.
4791,1527,10,23,93,126,1.3412698412698412,0.05539204964177855,590,Do we exit through the gift shop?
4906,1527,8,27,91,126,1.3412698412698412,0.05305007926053462,590,Special?....my two year old could do that.
4969,1527,8,27,91,126,1.3412698412698412,0.05305007926053462,590,He's drawn to prey.
5347,1527,10,23,93,126,1.3412698412698412,0.05539204964177855,590,Just more fake news.
5498,1527,8,27,91,126,1.3412698412698412,0.05305007926053462,590,It cost me an arm and a leg but a picassosaurus is worth it.
6037,1527,11,21,94,126,1.3412698412698412,0.05652665999775139,590,"Big deal, let's see him grow a beard."
3885,1527,6,31,89,126,1.3412698412698412,0.05059982861216777,590,Everybody’s a critic.
2981,1527,6,31,89,126,1.3412698412698412,0.05059982861216777,590,I thought we weren't keeping score.
3240,1527,8,27,91,126,1.3412698412698412,0.05305007926053462,590,I just can't separate the artist from the predator
2960,1527,11,21,94,126,1.3412698412698412,0.05652665999775139,590,He's the last one. I say we eat him!
2972,1527,9,25,92,126,1.3412698412698412,0.05423370756764775,590,He recently completed his Jurassic period and is now embracing Realism.
868,1527,6,31,89,126,1.3412698412698412,0.05059982861216777,590,...but exactly how much is this decorator going to cost me?
879,1527,9,25,92,126,1.3412698412698412,0.05423370756764775,590,I prefer impressionists- let's eat him.
929,1527,9,25,92,126,1.3412698412698412,0.05423370756764775,590,"Don't worry, I bought her washable markers to draw with."
963,1527,8,27,91,126,1.3412698412698412,0.05305007926053462,590,My cave drawings paleo in comparison.
1048,1527,10,23,93,126,1.3412698412698412,0.05539204964177855,590,"He thinks because he can stand up, he can do anything."
1378,1527,7,29,90,126,1.3412698412698412,0.051839432699103474,590,"Now remember; club first, critique second."
1452,1527,6,31,89,126,1.3412698412698412,0.05059982861216777,590,It's how they count calories.
1473,1527,8,27,91,126,1.3412698412698412,0.05305007926053462,590,"As soon as he finishes the apartment, we'll eat him."
562,1527,6,31,89,126,1.3412698412698412,0.05059982861216777,590,I knew it was a mistake to ask you to pick out the wallpaper .
2724,1527,8,27,91,126,1.3412698412698412,0.05305007926053462,590,"Can it really be considered ""post-modern?"""
2915,1527,9,25,92,126,1.3412698412698412,0.05423370756764775,590,"With him out of the way, we could take the credit."
2134,1527,8,27,91,126,1.3412698412698412,0.05305007926053462,590,We're totally stealing this and putting it on our Facebook Wall.
1918,1527,9,25,92,126,1.3412698412698412,0.05423370756764775,590,If we do this we can change history
1649,1527,10,23,93,126,1.3412698412698412,0.05539204964177855,590,It's a Banskysaurus.
1700,1527,8,27,91,126,1.3412698412698412,0.05305007926053462,590,The last time someone critiqued him they lost a leg.
1851,1527,12,19,95,126,1.3412698412698412,0.05763894011417554,590,Looks like we're gonna discover plagiarism.
1856,1527,6,31,89,126,1.3412698412698412,0.05059982861216777,590,Don't be critical. He'll evolve.
1935,1566,10,24,95,129,1.3410852713178294,0.05447081132773332,590,"As long as we clobber him, BEFORE he signs it, we can take all the credit for it."
1012,1567,7,24,81,112,1.3392857142857142,0.05608639718555095,590,"There is no religious significance. I said ""prey,"" not ""pray""!"
1958,1568,7,27,87,121,1.3388429752066116,0.05320799538122272,590,He says he is a Dalisaur.
1498,1568,0,41,80,121,1.3388429752066116,0.04320767807536673,590,Maybe we should come back when he's not so busy.
4668,1568,4,33,84,121,1.3388429752066116,0.04917181745667279,590,That's nothing—mine has entered its cubist phase.
3853,1568,5,31,85,121,1.3388429752066116,0.0505530283843046,590,"Don't worry, Marvin...when the trains start coming through no one is going to give shit what's on the wall."
5930,1568,2,37,82,121,1.3388429752066116,0.0462859107972225,590,And I thought he was a vegetarian.
1552,1568,7,27,87,121,1.3388429752066116,0.05320799538122272,590,He's on your side of the cave.
2365,1568,6,29,86,121,1.3388429752066116,0.05189749247946631,590,Imagine the resale value when she's extinct!
4458,1568,6,29,86,121,1.3388429752066116,0.05189749247946631,590,At last we know where all that fake news is coming from!
4910,1568,8,25,88,121,1.3388429752066116,0.05448698761466057,590,Wait until he's done. Paintings' value increases when the artist dies.
3377,1577,7,28,89,124,1.3387096774193548,0.0523348084548162,590,"I've got a good sense of perspective too, Gak, and we need to kill him."
5463,1577,11,20,93,124,1.3387096774193548,0.05712664483626097,590,So how do you like your new printer?
5255,1577,1,40,83,124,1.3387096774193548,0.044183142878628505,590,"Early dinosaur art is so exciting. Primitive, however."
5017,1577,5,32,87,124,1.3387096774193548,0.049766168115289944,590,Just think how much they will worth when they are extinct!
4870,1577,10,22,92,124,1.3387096774193548,0.055967161860208725,590,"In a few thousand years, they'll think that we were great artists!"
4591,1577,7,28,89,124,1.3387096774193548,0.0523348084548162,590,"Sure, he's a real and present danger, but evolving to become president--I just don't see it."
4500,1577,6,30,88,124,1.3387096774193548,0.05106664109221206,590,"If we kill him, we can take the credit for the art,"
4459,1577,5,32,87,124,1.3387096774193548,0.049766168115289944,590,History is written by the winners. Get over it.
4436,1577,9,24,91,124,1.3387096774193548,0.05478314396897372,590,At least you can't say his work is derivative.
4404,1577,8,26,90,124,1.3387096774193548,0.05357296444629326,590,I thought you told you wife no more interior decorators!
5555,1577,4,34,86,124,1.3387096774193548,0.048430787163929116,590,"Hold up, I want to see how the story ends!!"
3075,1577,10,22,92,124,1.3387096774193548,0.055967161860208725,590,Does he realize he'll have to repaint when he moves out?
2726,1577,10,22,92,124,1.3387096774193548,0.055967161860208725,590,Be careful - the Crayolasaurus is filled with angst and despair.
133,1577,9,24,91,124,1.3387096774193548,0.05478314396897372,590,It’s a limited series...The gallery is calling it “Pre-Extinction Art”
2769,1577,8,26,90,124,1.3387096774193548,0.05357296444629326,590,It's not better than our wheel invention...what's the point of a grocery list if you can't take it to the store?
671,1577,8,26,90,124,1.3387096774193548,0.05357296444629326,590,"I say we kill him, and up the value of his art."
758,1577,9,24,91,124,1.3387096774193548,0.05478314396897372,590,I say it perpetuates an unrealistic body image for young cavepeople.
869,1577,10,22,92,124,1.3387096774193548,0.055967161860208725,590,Let's kill it and take credit for the origin of symbolic behavior.
957,1577,3,36,85,124,1.3387096774193548,0.04705752651549273,590,"I just thought of a new word... ""plagiarism""."
595,1577,4,34,86,124,1.3387096774193548,0.048430787163929116,590,"I was going to go with wall paper, but this really makes the place one-of-a-kind."
1106,1577,9,24,91,124,1.3387096774193548,0.05478314396897372,590,Chiaroscuro good. Perspective bad. Ugg.
1229,1577,10,22,92,124,1.3387096774193548,0.055967161860208725,590,This kind of thing is really messing with my ideas on evolution.
2023,1577,9,24,91,124,1.3387096774193548,0.05478314396897372,590,He said something about a cartoon caption contest.
2133,1577,5,32,87,124,1.3387096774193548,0.049766168115289944,590,"I like his work, but it's a little primitive."
1016,1577,7,28,89,124,1.3387096774193548,0.0523348084548162,590,When he becomes extinct we’ll take credit.
2193,1577,7,28,89,124,1.3387096774193548,0.0523348084548162,590,"Yes, they're good likenesses, but is it art?"
2244,1577,8,26,90,124,1.3387096774193548,0.05357296444629326,590,So that's what Banksy looks like!
4428,1604,8,27,92,127,1.3385826771653544,0.05269925904251555,590,Don’t worry. To the evictors go the spoils.
5844,1604,10,23,94,127,1.3385826771653544,0.05501982058800191,590,We’re witnessing history.
1831,1604,8,27,92,127,1.3385826771653544,0.05269925904251555,590,But it's not true primitivism.
551,1604,7,29,91,127,1.3385826771653544,0.051499781811938546,590,Plagiosaurus is harmless but annoying.
2656,1604,8,27,92,127,1.3385826771653544,0.05269925904251555,590,His evolution has been fascinating.
656,1609,10,20,89,119,1.3361344537815125,0.05757937113335368,590,His work is so contrived. What a dinosaur.
1208,1609,5,30,84,119,1.3361344537815125,0.05102190425323449,590,"He's good, but I bet he won't be appreciated in his own time."
5601,1609,1,38,80,119,1.3361344537815125,0.04509451519239588,590,I think he’s trying to alter history.
3187,1612,6,29,87,122,1.3360655737704918,0.051545226842090196,590,He's too Jurassic period for my taste.
5299,1612,11,19,92,122,1.3360655737704918,0.057743617782591274,590,The vet suggested we encourage him express his creativity to help with the fire breathing.
4462,1612,9,23,90,122,1.3360655737704918,0.055347623262920774,590,I thought you said your artwork was original.
4453,1612,7,27,88,122,1.3360655737704918,0.052843101792820854,590,My two year-old could do that.
3617,1612,4,33,85,122,1.3360655737704918,0.04884613000468669,590,"You could've taught him to roll over or shake, but you thought draw was the trick to start with?"
3200,1612,9,23,90,122,1.3360655737704918,0.055347623262920774,590,Tonight's specials for his restaurant.
2944,1612,8,25,89,122,1.3360655737704918,0.054109854961645554,590,"Yeah, but is it still art when they do it?"
2671,1612,7,27,88,122,1.3360655737704918,0.052843101792820854,590,So much for intelligent design.
2666,1612,10,21,91,122,1.3360655737704918,0.05655830971429486,590,Wow...your Home Entertainment System is a real dinosaur.
2558,1612,8,25,89,122,1.3360655737704918,0.054109854961645554,590,He got my hair all wrong.
2272,1612,7,27,88,122,1.3360655737704918,0.052843101792820854,590,All that without opposable thumbs.
2156,1612,5,31,86,122,1.3360655737704918,0.05021381695627852,590,"I clearly said ""Cavort."" But she heard ""Cave Art."""
1922,1612,6,29,87,122,1.3360655737704918,0.051545226842090196,590,"You said, you drew those."
1753,1612,9,23,90,122,1.3360655737704918,0.055347623262920774,590,I count three NINAs.
1664,1612,7,27,88,122,1.3360655737704918,0.052843101792820854,590,"Yes, it's sad, but think what they'll be worth after we eat him."
1431,1612,10,21,91,122,1.3360655737704918,0.05655830971429486,590,"We're gonna have to get off our knuckles and evolve, Krog."
511,1612,7,27,88,122,1.3360655737704918,0.052843101792820854,590,I hear he cut off one of his own dorsal plates.
97,1612,9,23,90,122,1.3360655737704918,0.055347623262920774,590,He can't stop posting photos to his wall...
2852,1612,11,19,92,122,1.3360655737704918,0.057743617782591274,590,I'm more into abstract expressionism myself
2761,1631,11,20,94,125,1.336,0.05673253603675135,590,It's a menu.
3613,1631,9,24,92,125,1.336,0.05441062514833163,590,I thought you sold me an original.
4961,1631,8,26,91,125,1.336,0.053211689232420936,590,"In 10,000 years scientists won't know what they mean. Besides, they'll think we did them."
3889,1634,9,25,94,128,1.3359375,0.05351491778873475,590,Let 'im finish... we'll take the credit later...
4493,1634,10,23,95,128,1.3359375,0.054652336839315765,590,"What should we tell him first: that painting is dead, or that dinosaurs are extinct?"
1707,1634,9,25,94,128,1.3359375,0.05351491778873475,590,"He did my neighbor's cave, got paid a fortune."
2772,1637,9,22,89,120,1.3333333333333333,0.05592779124728766,590,Do you think he made me look fat?
3102,1637,9,23,91,123,1.3333333333333333,0.054963750023952554,590,"Disappointedly, two dimensional"
3125,1637,7,26,87,120,1.3333333333333333,0.05336483663408199,590,"Okay, urk, I’ll bash him and you sign it."
3189,1637,11,18,91,120,1.3333333333333333,0.05837833398289226,590,I say we hit him on head and take credit.
3334,1637,3,34,83,120,1.3333333333333333,0.04782867026529594,590,Do you think he's making fun of us?
3356,1637,9,22,89,120,1.3333333333333333,0.05592779124728766,590,"He's just showing off, overcompensating for his tiny hands."
3772,1637,9,22,89,120,1.3333333333333333,0.05592779124728766,590,"Oh, great. Now we'll never get back our cleaning deposit."
5681,1637,9,22,89,120,1.3333333333333333,0.05592779124728766,590,Should we club him anyway?
3932,1637,6,30,90,126,1.3333333333333333,0.05039526306789696,590,"Don't worry, Skorg--I caught his most recent show in Chelsea the other day. His days as top predator are numbered."
4381,1637,7,26,87,120,1.3333333333333333,0.05336483663408199,590,Let's see if those fancy little sticks are going to help him now.
5923,1637,7,26,87,120,1.3333333333333333,0.05336483663408199,590,His work is clealy derivitive of the upper cretaceous neo-reptilian school.
5800,1637,5,30,85,120,1.3333333333333333,0.05067241600875502,590,Shh... be quiet. He almost saurus.
5473,1637,7,26,87,120,1.3333333333333333,0.05336483663408199,590,"Sorry, wrong cave. She's the artist in residence."
5060,1637,2,35,80,117,1.3333333333333333,0.047015244813953735,590,Can you image what he could do if he had the 64 box with built in sharpener.
2709,1637,6,28,86,120,1.3333333333333333,0.05203604295652481,590,I don't know why she's famous. * I *could do *that*.
2801,1637,7,25,85,117,1.3333333333333333,0.05428852849870469,590,I guess this means we have to rethink that theory of evolution.
2538,1637,6,28,86,120,1.3333333333333333,0.05203604295652481,590,He paints his passion: devouring his subject matter.
1621,1637,5,30,85,120,1.3333333333333333,0.05067241600875502,590,"Why, oh why does an artist facing looming extinction go with chalk?"
1209,1637,7,26,87,120,1.3333333333333333,0.05336483663408199,590,He’s at an awkward stage and I’m worried about his future --- he spends most of his time alone in his room posting things on that stupid wall.
393,1637,9,22,89,120,1.3333333333333333,0.05592779124728766,590,I hope we don't get blamed for that primitive work.
519,1637,3,34,83,120,1.3333333333333333,0.04782867026529594,590,"When they're anatomically correct, then I'll be impressed."
824,1637,9,22,89,120,1.3333333333333333,0.05592779124728766,590,"Don’t worry, it’s not like he can sign it."
968,1637,8,24,88,120,1.3333333333333333,0.05466133744605251,590,"Don't worry, history will credit us."
1087,1637,10,20,90,120,1.3333333333333333,0.05716619504750294,590,It really thinks someone is going to be interested in looking at it someday.
1187,1637,7,26,87,120,1.3333333333333333,0.05336483663408199,590,You tell him to clean it.
2427,1637,2,36,82,120,1.3333333333333333,0.046341403484761234,590,Let's sign it - they'll never believe he drew it!
5239,1637,8,25,90,123,1.3333333333333333,0.053737638535487776,590,"If we kill him not only will we have food, but the value of our cave art will increase immeasurably."
5655,1637,4,33,86,123,1.3333333333333333,0.0485243620264247,590,History is written by the victor.
5156,1637,6,28,86,120,1.3333333333333333,0.05203604295652481,590,Early Graffiti . . Hope no one thinks we did this.
1628,1637,9,22,89,120,1.3333333333333333,0.05592779124728766,590,The species won't last because it'll never find a job.
1678,1637,8,24,88,120,1.3333333333333333,0.05466133744605251,590,"You club him, I’ll figure out the caption."
1965,1637,6,28,86,120,1.3333333333333333,0.05203604295652481,590,"Well, there's no problem with provenance."
2333,1637,9,22,89,120,1.3333333333333333,0.05592779124728766,590,Sure he has style. But where’s the substance?
1449,1637,9,22,89,120,1.3333333333333333,0.05592779124728766,590,We'll get blamed for this.
4103,1671,3,34,84,121,1.3305785123966942,0.047511677196048964,590,I think he's captured our ennui.
3529,1671,6,28,87,121,1.3305785123966942,0.051677680002854484,590,These are originals. We're golden!
5517,1671,6,28,87,121,1.3305785123966942,0.051677680002854484,590,It's the menu for his new restaurant
5304,1671,6,28,87,121,1.3305785123966942,0.051677680002854484,590,I knew those little arms would be good for something.
5041,1671,1,38,82,121,1.3305785123966942,0.04451828137201218,590,His landlord is so not going to give him his deposit back on this place!
2783,1676,9,21,88,118,1.3305084745762712,0.05652433071846167,590,"I agree that he's an artistic visionary, but we're also starving."
5090,1676,6,27,85,118,1.3305084745762712,0.052539568976509424,590,Don't worry about him. He's doomed for extinction.
4596,1676,5,29,84,118,1.3305084745762712,0.05114236753019143,590,I bet they'll be worth something when he's extinct.
4117,1676,6,27,85,118,1.3305084745762712,0.052539568976509424,590,I have a bad feeling about today's menu.
3942,1676,10,19,89,118,1.3305084745762712,0.0577915609307643,590,"I don't know about you, but I've had it with primitivism."
3871,1676,10,19,89,118,1.3305084745762712,0.0577915609307643,590,I dunno...seems somewhat derivative to me.
3449,1676,5,29,84,118,1.3305084745762712,0.05114236753019143,590,He's a dinosaur. Does it still count as cultural appropriation if we take credit?
3415,1676,6,27,85,118,1.3305084745762712,0.052539568976509424,590,So that's how they got there.
3052,1676,5,29,84,118,1.3305084745762712,0.05114236753019143,590,And all without opposable thumbs.
3035,1676,7,25,86,118,1.3305084745762712,0.05390056455995247,590,"He won't respond to calls, but he's always posting on his wall."
2968,1676,9,21,88,118,1.3305084745762712,0.05652433071846167,590,My wife hired him to decorate. I try to stay out of it.
5508,1676,7,25,86,118,1.3305084745762712,0.05390056455995247,590,"He has a brain the size of a walnut, but he sells better than me."
2507,1676,10,19,89,118,1.3305084745762712,0.0577915609307643,590,Imagine how much it will be worth when he's extinct.
2325,1676,4,31,83,118,1.3305084745762712,0.04970590714340667,590,"Yes, but his grasp of perspective is sadly lacking!"
2171,1676,5,29,84,118,1.3305084745762712,0.05114236753019143,590,Why did he make us so small?
2095,1676,9,21,88,118,1.3305084745762712,0.05652433071846167,590,"Well, it's OK, but I think it's primitive."
1811,1676,7,25,86,118,1.3305084745762712,0.05390056455995247,590,I thought you said all the best decorators were gay.
1375,1676,10,19,89,118,1.3305084745762712,0.0577915609307643,590,"It's the same as the lunch menu, but with higher prices."
6026,1676,5,29,84,118,1.3305084745762712,0.05114236753019143,590,"It’s a break from Primitivism, more like Post-Neolithic Expressionism."
5986,1676,9,21,88,118,1.3305084745762712,0.05652433071846167,590,Can you just go talk to her for me?
5955,1676,10,19,89,118,1.3305084745762712,0.0577915609307643,590,They call him Dalisaurus.
5204,1676,6,27,85,118,1.3305084745762712,0.052539568976509424,590,"Personally, I found the work quite primitive"
40,1676,9,21,88,118,1.3305084745762712,0.05652433071846167,590,He does the work and we get the credit.
5295,1676,8,23,87,118,1.3305084745762712,0.05522803103068058,590,It's the hottest new restaurant in town. The menu changes every week. It's all Paleo and Gluten-Free.
567,1676,7,25,86,118,1.3305084745762712,0.05390056455995247,590,...and the price will skyrocket once he’s extinct.
5660,1676,6,27,85,118,1.3305084745762712,0.052539568976509424,590,Look! It's a BobRossosaurus.
728,1676,5,29,84,118,1.3305084745762712,0.05114236753019143,590,"Big deal, my kid could do that."
1132,1676,11,17,90,118,1.3305084745762712,0.05903159379907047,590,The exuberance of color rendering is reminiscent of the late Paleolithic.
242,1676,7,25,86,118,1.3305084745762712,0.05390056455995247,590,His prices have skyrocketed ever since we found his tracks and poop.
2492,1705,6,26,83,115,1.3304347826086957,0.0534424976385093,590,His therapist said it would be good for his anger.
836,1706,5,26,78,109,1.3302752293577982,0.053829000642338164,590,He's been drawing a lot since the election.
4354,1707,7,26,89,122,1.3278688524590163,0.05262725360062466,590,Is that his dinner menu?
2688,1708,10,19,90,119,1.3277310924369747,0.05737112679425389,590,I prefer his earlier Jurassic work.
2094,1708,7,25,87,119,1.3277310924369747,0.0535178160031835,590,"Well, this clearly challenges our understanding of history!"
4055,1708,8,23,88,119,1.3277310924369747,0.05483234887407118,590,We better get drawing or they’ll never know we were here.
2933,1708,7,25,87,119,1.3277310924369747,0.0535178160031835,590,We're still eating him.
5804,1708,6,27,86,119,1.3277310924369747,0.05217017132857963,590,"Yeah, that's the one that ate Leonardo."
4039,1708,9,21,89,119,1.3277310924369747,0.05611609694503981,590,Don't club the messenger.
4947,1708,4,31,84,119,1.3277310924369747,0.049364633796462526,590,"Believe me, it'll be worth a lot more after he's dead."
763,1708,9,21,89,119,1.3277310924369747,0.05611609694503981,590,"Pretty good, right? I'm thinking of using him to illustrate my ""Paleo Diet"" book."
2324,1716,7,24,85,116,1.3275862068965518,0.05445086649369201,590,I don't understand post-paleo art.
2416,1716,5,28,83,116,1.3275862068965518,0.05162409114891373,590,I could have totally drawn that if I thought of it.
2525,1716,5,28,83,116,1.3275862068965518,0.05162409114891373,590,"If this gets out, my reputation and legacy will be ruined!"
2830,1716,6,26,84,116,1.3275862068965518,0.05305630805505235,590,Representational and unevolved.
4615,1716,5,28,83,116,1.3275862068965518,0.05162409114891373,590,She demanded complete creative control.
3004,1716,6,26,84,116,1.3275862068965518,0.05305630805505235,590,You think this is good? You should see his watercolors!
3358,1716,7,24,85,116,1.3275862068965518,0.05445086649369201,590,Notice how tiny his hands are.
3408,1716,8,22,86,116,1.3275862068965518,0.055810589491557344,590,"I don't care how creative it is, I need dinner !"
2096,1716,8,22,86,116,1.3275862068965518,0.055810589491557344,590,The cave adds ten pounds.
3675,1716,7,24,85,116,1.3275862068965518,0.05445086649369201,590,I think they'll be worth more if he's not around.
3707,1716,8,22,86,116,1.3275862068965518,0.055810589491557344,590,I think we can learn something from this.
4082,1716,4,30,82,116,1.3275862068965518,0.05015098951636043,590,These starving artists are all a dying breed!
4101,1716,8,22,86,116,1.3275862068965518,0.055810589491557344,590,They say the family just moved here from Lescaux
4228,1716,6,26,84,116,1.3275862068965518,0.05305630805505235,590,He's doing freelance work during these difficult financial times.
4487,1716,5,28,83,116,1.3275862068965518,0.05162409114891373,590,Primitivism just doesn’t speak to me.
4609,1716,3,32,81,116,1.3275862068965518,0.048633288105872856,590,"Are we supposed to feed him, pay him or club him?"
2994,1716,9,20,87,116,1.3275862068965518,0.05713796405960218,590,We'll take the credit and then stage the body to look like he died 100 million years ago.
2092,1716,8,22,86,116,1.3275862068965518,0.055810589491557344,590,What are you worried about? There's only got room for 140 characters.
4695,1716,2,34,80,116,1.3275862068965518,0.047066672651756195,590,"He's clever, but none of his stuff will last."
1474,1716,10,18,88,116,1.3275862068965518,0.058435194654913654,590,Do you still believe in evolution?
1423,1716,7,24,85,116,1.3275862068965518,0.05445086649369201,590,Not bad. Think we could get him over to Lascaux?
1130,1716,7,24,85,116,1.3275862068965518,0.05445086649369201,590,"Shhh, he's my ghostwriter."
329,1716,8,22,86,116,1.3275862068965518,0.055810589491557344,590,There may be some lingering resentment.
288,1716,9,20,87,116,1.3275862068965518,0.05713796405960218,590,How are those cartoons funny?
254,1716,7,24,85,116,1.3275862068965518,0.05445086649369201,590,It's the kids menu.
241,1716,7,24,85,116,1.3275862068965518,0.05445086649369201,590,Are you sure you want to eat here? It looks like we're the house specialty.
5119,1716,7,24,85,116,1.3275862068965518,0.05445086649369201,590,"Yeah, it's safe. That's just our artist-in-residence."
5728,1716,7,24,85,116,1.3275862068965518,0.05445086649369201,590,They're going to be extinct. We'll get all the credit.
1555,1716,9,20,87,116,1.3275862068965518,0.05713796405960218,590,There's no way I'm that fat - I've been on a strict paleo diet my whole life.
5793,1716,7,24,85,116,1.3275862068965518,0.05445086649369201,590,I wish I would have thought of that!
5488,1716,4,30,82,116,1.3275862068965518,0.05015098951636043,590,My wife hired him--says the new decor adds class to my man cave!
5172,1716,8,22,86,116,1.3275862068965518,0.055810589491557344,590,I told you dinosaurs are sketchy.
5494,1716,5,28,83,116,1.3275862068965518,0.05162409114891373,590,I heard he eats everything he draws.
5860,1716,4,30,82,116,1.3275862068965518,0.05015098951636043,590,Judging by his artistic ability he'll be extinct within the millennia.
5803,1716,4,30,82,116,1.3275862068965518,0.05015098951636043,590,"Well, if they do go extinct, they'll at least stop marking up our walls!"
4630,1751,4,29,80,113,1.3274336283185841,0.05097419756442106,590,Who the hell wants to look at pictures of his dinner?
5603,1751,6,25,82,113,1.3274336283185841,0.05398540953930765,590,It's better than his neolithic work.
1313,1751,4,29,80,113,1.3274336283185841,0.05097419756442106,590,Looks like the lunch menu.
2754,1751,11,15,87,113,1.3274336283185841,0.06086512554494664,590,Whaddya mean we have to respect modern art? I'm hungry!
5409,1751,3,31,79,113,1.3274336283185841,0.049399807736888623,590,"Not exactly my taste, but I guess I can live with it."
5674,1756,6,27,87,120,1.325,0.051805632217083925,590,I'm having second thoughts -- those guys had spears.
4728,1757,4,30,83,117,1.3247863247863247,0.04979927263647819,590,"To hold, as 'twere, the mirror up to nature."
4930,1757,6,26,85,117,1.3247863247863247,0.052675345160499445,590,"NO more interns, OK?"
5934,1757,5,28,84,117,1.3247863247863247,0.05125748502853041,590,Show off!
5782,1760,5,27,82,114,1.3245614035087718,0.05211802442506528,590,"The next thing you know, they will be saying we did it."
3718,1760,5,27,82,114,1.3245614035087718,0.05211802442506528,590,He calls it artistic license. I say it's revisionist history.
3755,1760,8,21,85,114,1.3245614035087718,0.056409703556627944,590,"I don't know when his arms got long enough to reach the walls, but he's going to have to go.."
3867,1760,4,29,81,114,1.3245614035087718,0.05060665050017359,590,At least junior is being creative during his time out.
3974,1760,9,19,86,114,1.3245614035087718,0.05776945603406374,590,I believe it is an erectus illustratus!
4085,1760,4,29,81,114,1.3245614035087718,0.05060665050017359,590,My wife got tired of the old decorations.
4149,1760,5,27,82,114,1.3245614035087718,0.05211802442506528,590,Humph! Gork worked in that medium an age ago.
4214,1760,6,25,83,114,1.3245614035087718,0.0535867881580589,590,"Before you know it, they'll be selling insurance."
4593,1760,8,21,85,114,1.3245614035087718,0.056409703556627944,590,"It's a risk, yes, but she's just as skillful as the males and I thought I'd give her a chance."
4860,1760,9,19,86,114,1.3245614035087718,0.05776945603406374,590,What's a plagiarist? And why would I want to eat one?
5036,1760,6,25,83,114,1.3245614035087718,0.0535867881580589,590,"One of the last ones, let him finish first..."
3287,1760,6,25,83,114,1.3245614035087718,0.0535867881580589,590,"Oh man, that's never gonna come off."
5530,1760,5,27,82,114,1.3245614035087718,0.05211802442506528,590,I can't believe she left you for an artist.
5541,1760,1,35,78,114,1.3245614035087718,0.045774085348281715,590,It looks like post modernism to me.
5588,1760,5,27,82,114,1.3245614035087718,0.05211802442506528,590,"And I'm gonna assume that whole fire thing was your idea, too?"
5658,1760,5,27,82,114,1.3245614035087718,0.05211802442506528,590,"Ten thousand years from now, who's gonna care?"
5675,1760,4,29,81,114,1.3245614035087718,0.05060665050017359,590,Do we bust him for graffiti or get him to teach us how he does it?
5815,1760,5,27,82,114,1.3245614035087718,0.05211802442506528,590,We can do better
5852,1760,6,25,83,114,1.3245614035087718,0.0535867881580589,590,Does this fossil really have to post after every hunt?
5034,1760,6,25,83,114,1.3245614035087718,0.0535867881580589,590,"I know, but the kids love 'em."
3167,1760,6,25,83,114,1.3245614035087718,0.0535867881580589,590,I think that's the new art teacher
3131,1760,10,17,87,114,1.3245614035087718,0.05909793097559849,590,Art is more valuable after the artist's death.
2930,1760,7,23,84,114,1.3245614035087718,0.05501635447956964,590,"Trust me, the drawing added ten pounds ."
384,1760,2,33,79,114,1.3245614035087718,0.04743966994611956,590,"Art historians won't have a clue who did this.""."
421,1760,4,29,81,114,1.3245614035087718,0.05060665050017359,590,I'm not going to be the one that tells him his painting is derivative.
529,1760,10,17,87,114,1.3245614035087718,0.05909793097559849,590,I predict we’re going to be blamed for these.
1042,1760,3,31,80,114,1.3245614035087718,0.049048727605532645,590,You know those stains will never come out.
1219,1760,4,29,81,114,1.3245614035087718,0.05060665050017359,590,I wonder how his story ends.
1231,1760,7,23,84,114,1.3245614035087718,0.05501635447956964,590,"If we don't club him, we'll never evolve."
482,1760,4,29,81,114,1.3245614035087718,0.05060665050017359,590,It's dinner and a show.
1848,1760,6,25,83,114,1.3245614035087718,0.0535867881580589,590,He misspelled pterodactyl.
2007,1760,6,25,83,114,1.3245614035087718,0.0535867881580589,590,This steakhouse features locally-sourced ingredients.
2759,1760,7,23,84,114,1.3245614035087718,0.05501635447956964,590,He's in his post-primordial period.
1721,1760,8,21,85,114,1.3245614035087718,0.056409703556627944,590,You clobber him and I'll cook him and we'll just tell everybody it was a meteor.
5686,1794,4,28,79,111,1.3243243243243243,0.051452549106210194,590,No kill yet. Let finish master bedroom first.
1244,1794,4,28,79,111,1.3243243243243243,0.051452549106210194,590,I find his rendering of us intentionally offensive.
1260,1794,4,28,79,111,1.3243243243243243,0.051452549106210194,590,At least he's not doing the interpretative dance anymore.
5258,1794,5,26,80,111,1.3243243243243243,0.05302042034279939,590,History is written by the lizards
5231,1794,7,22,82,111,1.3243243243243243,0.05602468474634608,590,"I hope this doesn't reflect poorly on us in 35,000 years."
1997,1794,2,32,77,111,1.3243243243243243,0.0481639334141912,590,Let history be the judge here.
1614,1794,5,26,80,111,1.3243243243243243,0.05302042034279939,590,Let it be. Someday we’ll get the credit as great cave artists.
2592,1801,9,21,91,121,1.322314049586777,0.05531636539068268,590,Nobody clubs anyone until he has a chance to decorate the baby's room.
2544,1802,3,31,81,115,1.3217391304347825,0.04870218981939781,590,"When does he think he is, 1508 AD?"
2913,1802,7,23,85,115,1.3217391304347825,0.05460883168857887,590,"Damnit Carl, I told you the alarm company sticker in the window wasn’t enough of a detterent."
2641,1802,7,23,85,115,1.3217391304347825,0.05460883168857887,590,All he ever posts is cute pictures of prey.
2699,1802,7,23,85,115,1.3217391304347825,0.05460883168857887,590,A million years from now people are going to think we did that.
3259,1802,5,27,83,115,1.3217391304347825,0.05173986756649167,590,They’ll be worth even more when he’s extinct.
1888,1802,7,23,85,115,1.3217391304347825,0.05460883168857887,590,We really need to up our act.
1611,1802,7,23,85,115,1.3217391304347825,0.05460883168857887,590,OK so he's talented - how's he going to earn a living?
5734,1809,9,18,85,112,1.3214285714285714,0.05841961680067185,590,I hope they don't think we did this.
3845,1809,7,22,83,112,1.3214285714285714,0.055597673560923565,590,I told you--it's all fake news.
3931,1809,6,24,82,112,1.3214285714285714,0.05413156329270251,590,He's been into the Arts ever since seeing the royalities from my Geico commercial.
4097,1809,6,24,82,112,1.3214285714285714,0.05413156329270251,590,This goes beyond simple cultural appropriation.
4467,1809,8,20,84,112,1.3214285714285714,0.0570261033761047,590,Bet they charge an arm and a leg for a portrait.
4526,1809,4,28,80,112,1.3214285714285714,0.05107323979112287,590,"Yeah, but my wife likes art more than a dinosaur steak."
4528,1809,3,30,79,112,1.3214285714285714,0.04947323177119497,590,Darwin will love this
4586,1809,5,26,81,112,1.3214285714285714,0.052624623358620795,590,"He should be thinking about survival, not art."
4689,1809,9,18,85,112,1.3214285714285714,0.05841961680067185,590,My cave kid could cave paint that.
4692,1809,6,24,82,112,1.3214285714285714,0.05413156329270251,590,"Me just think of new concept called ""appropriation."""
5904,1809,6,24,82,112,1.3214285714285714,0.05413156329270251,590,It's when he switched to oils that it really became annoying.
4919,1809,1,34,77,112,1.3214285714285714,0.04610694459770733,590,"Hold on, Flint, I think its Banksy."
5075,1809,9,18,85,112,1.3214285714285714,0.05841961680067185,590,"Derivative, but well executed."
5212,1809,8,20,84,112,1.3214285714285714,0.0570261033761047,590,"Let him finish, I'm telling you, this'll be worth millions after he's dead!"
5261,1809,6,24,82,112,1.3214285714285714,0.05413156329270251,590,'Lizardardo da Vinci'
5396,1809,7,22,83,112,1.3214285714285714,0.055597673560923565,590,My wife hired a decorator
5840,1809,6,24,82,112,1.3214285714285714,0.05413156329270251,590,"There's a resemblance, but I don't believe it's you."
5550,1809,7,22,83,112,1.3214285714285714,0.055597673560923565,590,And he won’t get a real job.
3564,1809,8,20,84,112,1.3214285714285714,0.0570261033761047,590,"You know, if he dosen't sign his mane, they'll think we did it."
5992,1809,5,26,81,112,1.3214285714285714,0.052624623358620795,590,I knew you didn't draw them.
3265,1809,6,24,82,112,1.3214285714285714,0.05413156329270251,590,"If we don't stop him, we caveman are going to be blamed for these primitive, poor quality drawings."
2983,1809,6,24,82,112,1.3214285714285714,0.05413156329270251,590,I told you he wasn't a herbivore
1404,1809,1,34,77,112,1.3214285714285714,0.04610694459770733,590,You in for some cultural appropriation?
1522,1809,7,22,83,112,1.3214285714285714,0.055597673560923565,590,Don't kill him yet-in the future people will think we drew them
3250,1809,6,24,82,112,1.3214285714285714,0.05413156329270251,590,They're going to think it was us.
1622,1809,11,14,87,112,1.3214285714285714,0.06111138968218332,590,I just saved a bunch of money on my car insurance.
1705,1809,6,24,82,112,1.3214285714285714,0.05413156329270251,590,They say the cave adds ten pounds.
1606,1809,3,30,79,112,1.3214285714285714,0.04947323177119497,590,I don't know art but I know what I like.
2485,1809,7,22,83,112,1.3214285714285714,0.055597673560923565,590,"I told you George, evolution is not a straight line."
2511,1809,6,24,82,112,1.3214285714285714,0.05413156329270251,590,I don't know what it is—but I feel strongly we should club it before it signs its name.
2868,1809,7,22,83,112,1.3214285714285714,0.055597673560923565,590,There's no future in that.
2312,1809,8,20,84,112,1.3214285714285714,0.0570261033761047,590,I've always said he was ahead of his time.
5610,1809,7,22,83,112,1.3214285714285714,0.055597673560923565,590,"His technique is O.K., but his style is so Pleistocene"
4843,1842,3,29,77,109,1.3211009174311927,0.050280784730432314,590,He does have an eye for realism.
3460,1842,4,27,78,109,1.3211009174311927,0.05194277599835789,590,Interesting use of ochre but the composition needs work.
4483,1842,7,21,81,109,1.3211009174311927,0.05663687821850806,590,I said 'new carpets' not 'new cavepets'!
3060,1842,2,31,76,109,1.3211009174311927,0.04856194649929681,590,"No, we let him finish first, then we take the credit!"
2646,1842,8,19,82,109,1.3211009174311927,0.058117386724160454,590,It’s reminiscenr of his Paleozoic period.
1435,1842,8,19,82,109,1.3211009174311927,0.058117386724160454,590,"Gronk kill more than 2 yaks, 1 antelope and 1 bird... Fake News!"
596,1842,4,27,78,109,1.3211009174311927,0.05194277599835789,590,"After we eat him, let’s leave a few handprints on the wall."
461,1842,4,27,78,109,1.3211009174311927,0.05194277599835789,590,"""He's one of the best Man Cave artists around""."
175,1842,3,29,77,109,1.3211009174311927,0.050280784730432314,590,You had to give him charcoals.
3778,1851,4,26,76,106,1.320754716981132,0.05285585309109633,590,Please tell me you got a damage deposit.
5690,1852,8,23,91,122,1.319672131147541,0.053677134019231014,590,"Oh oh, that's bad news, we need to tell the others; he has just expanded his menu items to include humans."
881,1853,5,27,84,116,1.3189655172413792,0.051366831846515484,590,I hear we show up in the sequel.
683,1854,4,28,81,113,1.3185840707964602,0.050699105445070954,590,The Joneses' one can only do stick figures.
5616,1854,6,24,83,113,1.3185840707964602,0.05372573795417391,590,It takes more than talent to make it in this world.
5763,1854,6,24,83,113,1.3185840707964602,0.05372573795417391,590,We've been using art therapy to help him work through his extinction.
195,1854,8,20,85,113,1.3185840707964602,0.05659072843240933,590,"If I didn't see it with my on eyes ,I'd never believe they could stand."
2083,1854,6,24,83,113,1.3185840707964602,0.05372573795417391,590,If I were you I wouldn't criticize her style.
3924,1854,7,22,84,113,1.3185840707964602,0.05517683147495543,590,What are we going to tell Darwin?
39,1854,8,20,85,113,1.3185840707964602,0.05659072843240933,590,I hired him to design the new menu.
4527,1861,3,29,78,110,1.3181818181818181,0.04990703314096931,590,If you think you can do any better go ahead and knock him out.
2216,1861,7,21,82,110,1.3181818181818181,0.056195503757018844,590,This also explain's Krug's body being found with utensils.
2796,1861,6,23,81,110,1.3181818181818181,0.05469121475257513,590,I told you no one would be at this gallery opening
3045,1861,3,29,78,110,1.3181818181818181,0.04990703314096931,590,Be careful - I heard he eats critics for lunch.
3191,1861,6,23,81,110,1.3181818181818181,0.05469121475257513,590,I'd be more interested in eating here if were weren't on the menu.
3211,1861,6,23,81,110,1.3181818181818181,0.05469121475257513,590,We better put our side of the story in stone too.
3285,1861,6,23,81,110,1.3181818181818181,0.05469121475257513,590,If he gives me small hands again...
3798,1861,6,23,81,110,1.3181818181818181,0.05469121475257513,590,Early plagiarism.
3948,1861,3,29,78,110,1.3181818181818181,0.04990703314096931,590,"Worst thing, he expects us to stand in raptor admiration."
3957,1861,4,27,79,110,1.3181818181818181,0.05155111665450746,590,I found him on Rex's List.....
4434,1861,9,17,84,110,1.3181818181818181,0.05908930516845475,590,I thought you were teaching him to fetch?
4520,1861,11,13,86,110,1.3181818181818181,0.06184785629329789,590,The origin of fake news
4648,1861,8,19,83,110,1.3181818181818181,0.05766056116530558,590,People 20 thousand years from now are NOT going to believe this.
4833,1861,6,23,81,110,1.3181818181818181,0.05469121475257513,590,After we whack him it's my turn to put in the captions.
5682,1861,6,23,81,110,1.3181818181818181,0.05469121475257513,590,This guy's art is historic.
5726,1861,6,23,81,110,1.3181818181818181,0.05469121475257513,590,I thought we were going with a more modern decor?
6032,1861,7,21,82,110,1.3181818181818181,0.056195503757018844,590,"They call it art, but it's really just a precursor to gentrification."
2196,1861,6,23,81,110,1.3181818181818181,0.05469121475257513,590,"He's known as, ""The Creationist."""
2106,1861,8,19,83,110,1.3181818181818181,0.05766056116530558,590,"I think it's the rare "" sketch-a-saurus!"
3510,1861,9,17,84,110,1.3181818181818181,0.05908930516845475,590,He is really rewriting prehistory.
880,1861,7,21,82,110,1.3181818181818181,0.056195503757018844,590,I think he is posting on his wall.
1755,1861,5,25,80,110,1.3181818181818181,0.053144362821652726,590,"Antelope for dinner, again?"
1796,1861,5,25,80,110,1.3181818181818181,0.053144362821652726,590,Or we could just let nature take its course.
1432,1861,9,17,84,110,1.3181818181818181,0.05908930516845475,590,Do you think future inhabitants of the earth will still be writing on each other’s walls?
1263,1861,6,23,81,110,1.3181818181818181,0.05469121475257513,590,"I'd buy one right off the wall, but the gallery owner is a lousy chiseler."
1253,1861,6,23,81,110,1.3181818181818181,0.05469121475257513,590,I have no taste for art but the artist will taste good.
909,1861,5,25,80,110,1.3181818181818181,0.053144362821652726,590,"Well, that solves the question of whether dinosaurs existed when cavemen did."
608,1861,6,23,81,110,1.3181818181818181,0.05469121475257513,590,I think I know where Fred and Wilma have been.
840,1861,6,23,81,110,1.3181818181818181,0.05469121475257513,590,His mom and I wish he would play outside for a change.
658,1861,4,27,79,110,1.3181818181818181,0.05155111665450746,590,"You know, Ugg, they say squid are intelligent, too. Doesn't mean I'm giving up calamari."
616,1861,6,23,81,110,1.3181818181818181,0.05469121475257513,590,Watch one home improvement show and everyone thinks their an expert.
4659,1892,5,24,78,107,1.3177570093457944,0.054100311815326124,590,I just don't dig primitive art
1869,1892,5,24,78,107,1.3177570093457944,0.054100311815326124,590,"Apparently, it's called ""Art Therapy""."
1503,1892,6,22,79,107,1.3177570093457944,0.05570618890007351,590,You really might be onto something with these unpaid internships.
2012,1892,1,32,74,107,1.3177570093457944,0.047132799253756234,590,I encourage him to explore his inner creature.
2378,1892,6,22,79,107,1.3177570093457944,0.05570618890007351,590,Our home is being defaced by our dinner.
4962,1892,5,24,78,107,1.3177570093457944,0.054100311815326124,590,"Re-writing history to suit his own views, so wrong!"
841,1892,8,18,81,107,1.3177570093457944,0.05878648627262042,590,Fucking lizards. I hate them.
4679,1892,5,24,78,107,1.3177570093457944,0.054100311815326124,590,The menu never evolves. Same old same old. A couple of meats. A fish. A fowl.
3518,1900,6,14,62,82,1.3170731707317074,0.06693273189825728,590,I think I look fat.
3726,1901,6,20,75,101,1.316831683168317,0.05790174858302354,590,Is it appropriation if they're technically extinct?
235,1902,0,36,78,114,1.3157894736842106,0.04372748290278001,590,Let's wait until he evolves into a chicken.
5361,1902,2,32,80,114,1.3157894736842106,0.04714449651086412,590,This new gallery is going to price us out of the neighborhood.
3766,1902,2,32,80,114,1.3157894736842106,0.04714449651086412,590,Let him finish and then we'll sign our names at the bottom
1926,1905,5,25,81,111,1.3153153153153154,0.05274136356125124,590,I hope that's not his grocery list.
2413,1905,6,23,82,111,1.3153153153153154,0.05427201483361608,590,I think it's a Degasaurus
2461,1905,7,21,83,111,1.3153153153153154,0.05576066497003428,590,YOU tell him to clean off the wall!
4379,1905,4,27,80,111,1.3153153153153154,0.051164941771685,590,"I'm not certain which way our evolution is heading, but this doesn't bode well."
2648,1905,0,35,76,111,1.3153153153153154,0.044301812731526696,590,Walk slowly and let him know he can sell prints on Etsy.
3230,1910,6,22,80,108,1.3148148148148149,0.05526635236497289,590,When will Lascaux get with the times and pass a graffiti ordinance?
1748,1910,7,20,81,108,1.3148148148148149,0.05681056213643335,590,Let him finish... then we eat.
1884,1910,4,26,78,108,1.3148148148148149,0.05204064921456038,590,"Well, apparently, he goes by the name of 'Banksy.'"
1738,1910,6,22,80,108,1.3148148148148149,0.05526635236497289,590,"We always lose, the way he draws it."
4545,1910,6,22,80,108,1.3148148148148149,0.05526635236497289,590,A Jurassic cave drawing in a Triassic rambler--what an idiot!
2494,1910,6,22,80,108,1.3148148148148149,0.05526635236497289,590,Cave Hunters Show say custom artwork hurts resale value.
4368,1910,1,32,75,108,1.3148148148148149,0.046786946588640424,590,See... I told you those art lessons would pay off.
3203,1910,8,18,82,108,1.3148148148148149,0.0583138940286598,590,And he calls OUR work fake news.
3331,1910,8,18,82,108,1.3148148148148149,0.0583138940286598,590,Let's go see if the Mammoth finished with the pottery.
2480,1910,4,26,78,108,1.3148148148148149,0.05204064921456038,590,"It’s call modern art for a reason, Dan."
1708,1910,7,20,81,108,1.3148148148148149,0.05681056213643335,590,The first grocery list
462,1910,6,22,80,108,1.3148148148148149,0.05526635236497289,590,Let's see how Darwin explains this!
4714,1910,7,20,81,108,1.3148148148148149,0.05681056213643335,590,"No, I can’t do that either, but his technique is so ... primitive."
1299,1910,7,20,81,108,1.3148148148148149,0.05681056213643335,590,"Yeah, but he can't hunt worth a damn!"
4729,1910,6,22,80,108,1.3148148148148149,0.05526635236497289,590,His style is definitely late Jurassic.
4842,1910,6,22,80,108,1.3148148148148149,0.05526635236497289,590,It's a trap. Don't believe he just wants you to see his etchings.
372,1910,7,20,81,108,1.3148148148148149,0.05681056213643335,590,He says it'll appreciate in a few thousand years.
266,1910,7,20,81,108,1.3148148148148149,0.05681056213643335,590,Are those the lunch specials?
207,1910,6,22,80,108,1.3148148148148149,0.05526635236497289,590,"I sell his work for millions, and all he asks is three lizards a day."
4990,1910,7,20,81,108,1.3148148148148149,0.05681056213643335,590,He calls it 'fake news.'
5076,1910,8,18,82,108,1.3148148148148149,0.0583138940286598,590,Fake glyph.
1469,1910,1,32,75,108,1.3148148148148149,0.046786946588640424,590,"Yeah, but if we start copying him, what does that say about evolution?"
3793,1910,0,34,74,108,1.3148148148148149,0.0448993107359131,590,They're not to scale
395,1933,6,21,78,105,1.3142857142857143,0.05631265044096245,590,See what happens when you start outsourcing?
998,1933,3,27,75,105,1.3142857142857143,0.05120218794383184,590,I don't mind. He does the work. We get the credit.
4359,1933,7,19,79,105,1.3142857142857143,0.0579160149081082,590,Ugh! He’s so-o-o Neo-Lithic.
1681,1933,2,29,74,105,1.3142857142857143,0.049381310908938984,590,Everything he draws is so lifelike
1724,1933,3,27,75,105,1.3142857142857143,0.05120218794383184,590,"Nobody's invented intellectual property rights yet, so let's club him and take the credit."
2421,1933,4,25,76,105,1.3142857142857143,0.052960496914074194,590,They never get my nose right.
1341,1933,3,27,75,105,1.3142857142857143,0.05120218794383184,590,Richard Dawkins won't be happy with this.
5385,1933,6,21,78,105,1.3142857142857143,0.05631265044096245,590,Home schooled.
1039,1933,5,23,77,105,1.3142857142857143,0.0546622759911792,590,"Again we get to the opening before it's ready. That's why everyone calls us ""Early Man""."
2527,1933,4,25,76,105,1.3142857142857143,0.052960496914074194,590,"Don't worry in 45,000 years from now they'll think we did the drawings."
861,1933,3,27,75,105,1.3142857142857143,0.05120218794383184,590,You're the one that wanted to adopt.
1689,1933,2,29,74,105,1.3142857142857143,0.049381310908938984,590,"A million years from now, we'll get the credit."
3243,1933,2,29,74,105,1.3142857142857143,0.049381310908938984,590,This is your lizard brain on drugs.
3989,1933,4,25,76,105,1.3142857142857143,0.052960496914074194,590,You won't want to model for him - he's a realist.
4112,1933,4,25,76,105,1.3142857142857143,0.052960496914074194,590,He prefers ordering off the menu.
605,1933,1,31,73,105,1.3142857142857143,0.04749066944079766,590,Are you going to eat him when he's done?
4128,1933,6,21,78,105,1.3142857142857143,0.05631265044096245,590,There's got to be a way we can take credit for this.
4336,1933,3,27,75,105,1.3142857142857143,0.05120218794383184,590,"In selling real estate, staging is crucial."
1428,1951,7,20,82,109,1.311926605504587,0.05636100284109719,590,Watch me teach this graffiti artist a lesson he soon won't forget.
4391,1951,5,24,80,109,1.311926605504587,0.053261367900563225,590,"Let him finish , then will kill him and sign his work"
961,1951,8,18,83,109,1.311926605504587,0.05784857220849686,590,Face it. He is never going to be happy going hunting with Dad.
5699,1951,7,20,82,109,1.311926605504587,0.05636100284109719,590,How the hell did HE get accepted at Parsons?
4394,1955,3,27,76,106,1.3113207547169812,0.0508034415767406,590,I told you to lock the cave!
4613,1955,8,17,81,106,1.3113207547169812,0.05898696697260421,590,I get the extinct feeling he is mocking us
4342,1955,4,25,77,106,1.3113207547169812,0.05254221346078271,590,I think it's safe to go in... he's obviously already eaten Leonardo.
4079,1955,7,19,80,106,1.3113207547169812,0.05744360498184231,590,He's wasting his time. I just saw Noah building his boat.
4212,1955,4,25,77,106,1.3113207547169812,0.05254221346078271,590,Ahead of his time!
5334,1955,3,27,76,106,1.3113207547169812,0.0508034415767406,590,You know you're never going to get that crayon off that wallpaper.
4908,1955,7,19,80,106,1.3113207547169812,0.05744360498184231,590,revolutionary?...no evolutionary?...only time will tell
5079,1955,6,21,79,106,1.3113207547169812,0.055857615720622894,590,Martha hired some fancy foreigner to decorate.
5195,1955,5,23,78,106,1.3113207547169812,0.054225259009760544,590,My stick is much larger than that!
5647,1955,8,17,81,106,1.3113207547169812,0.05898696697260421,590,He's no cutting-edge artist. His latest exhibition is like something out of the Stone Age.
5664,1955,7,19,80,106,1.3113207547169812,0.05744360498184231,590,Fake news or is he just bragging?
5983,1955,5,23,78,106,1.3113207547169812,0.054225259009760544,590,Just let it be. It’s his Last Will.
5381,1955,4,25,77,106,1.3113207547169812,0.05254221346078271,590,We have no choice. She contradicts evolutionary theory.
5270,1955,6,21,79,106,1.3113207547169812,0.055857615720622894,590,"First the lizartists move in, then the rents go up."
4902,1955,5,23,78,106,1.3113207547169812,0.054225259009760544,590,I think we’re witnessing the dawn of science fiction.
5136,1955,6,21,79,106,1.3113207547169812,0.055857615720622894,590,Again? He wants more colors?
344,1955,4,25,77,106,1.3113207547169812,0.05254221346078271,590,What do you expect? It's already discovered fire.
2795,1955,4,25,77,106,1.3113207547169812,0.05254221346078271,590,I hate editors.
4221,1955,4,25,77,106,1.3113207547169812,0.05254221346078271,590,"What difference will it make in 100,000 years!"
125,1955,6,21,79,106,1.3113207547169812,0.055857615720622894,590,I say we club him and they'll think we painted it.
626,1955,5,23,78,106,1.3113207547169812,0.054225259009760544,590,We should let him live just to piss off Richard Dawkins.
646,1955,7,19,80,106,1.3113207547169812,0.05744360498184231,590,Is it an homage or a menu?
672,1955,7,19,80,106,1.3113207547169812,0.05744360498184231,590,"He's the Dinoangelo of our time."""
673,1955,5,23,78,106,1.3113207547169812,0.054225259009760544,590,"He calls it ""food porn""...whatever that is."
838,1955,8,17,81,106,1.3113207547169812,0.05898696697260421,590,Why are we always ugly?
1149,1955,6,21,79,106,1.3113207547169812,0.055857615720622894,590,I had always wondered what those tiny arms were for.
3256,1955,5,23,78,106,1.3113207547169812,0.054225259009760544,590,"Once they're extinct, it will be worth a fortune."
1909,1955,8,17,81,106,1.3113207547169812,0.05898696697260421,590,Maybe we should start standing on our hind legs too
1925,1955,0,33,73,106,1.3113207547169812,0.04518745531770751,590,His next project is a pyramid.
2206,1955,5,23,78,106,1.3113207547169812,0.054225259009760544,590,He get's $2 for a caricature. Let's do it!
2529,1955,7,19,80,106,1.3113207547169812,0.05744360498184231,590,"Sheesh, editors."
2602,1955,7,19,80,106,1.3113207547169812,0.05744360498184231,590,"Frankly, I'd prefer wallpaper."
2632,1955,5,23,78,106,1.3113207547169812,0.054225259009760544,590,He really has evolved into a great artist.
2639,1955,6,21,79,106,1.3113207547169812,0.055857615720622894,590,"Right after he finishes the fight scene, we’ll eat him."
2678,1955,7,19,80,106,1.3113207547169812,0.05744360498184231,590,The interior decorator thought a primitive art theme would work best.
1230,1955,4,25,77,106,1.3113207547169812,0.05254221346078271,590,"Thus far, the talented ones have escaped extinction."
3440,1991,4,24,75,103,1.3106796116504855,0.05348883825913465,590,I told you that sending him to art school was a big mistake.
3435,1991,8,16,79,103,1.3106796116504855,0.06018741940563755,590,Let's just see how things evolve...
3933,1991,7,18,78,103,1.3106796116504855,0.05858462294502332,590,"Nobody has to know who made the drawings, if we just take over."
5185,1991,1,30,72,103,1.3106796116504855,0.047853459551146144,590,"He’s got the fame now, but in 12,000 years we’ll be the stars"
3357,1991,3,26,74,103,1.3106796116504855,0.051678703633240494,590,That's the one that stole my pen.
1391,1991,4,24,75,103,1.3106796116504855,0.05348883825913465,590,"Evolutionary Art, they say."
4578,1991,4,24,75,103,1.3106796116504855,0.05348883825913465,590,"Frankly, I find it rather derivative."
349,1991,5,22,76,103,1.3106796116504855,0.05523968887866249,590,He draws a picture of everything he eats!
3299,1991,2,28,73,103,1.3106796116504855,0.049802821206360814,590,"Oh, I came up with a caption right away - the problem is, it's too obvious."
27,1991,4,24,75,103,1.3106796116504855,0.05348883825913465,590,Does that bloody Gahanasaurus have to post a picture of every meal he's had?
5642,2001,5,23,79,107,1.308411214953271,0.05379483048123868,590,"If it is Banky, in 20,000 years it'll be worth lots of shiny things."
3238,2002,4,24,76,104,1.3076923076923077,0.05305619190115425,590,He's booked through winter
3987,2002,5,22,77,104,1.3076923076923077,0.05478746203684028,590,Why are we always behind the times?
3952,2002,8,16,80,104,1.3076923076923077,0.05968069611353861,590,"2000 years from now, we will get blamed for this"
3872,2002,6,20,78,104,1.3076923076923077,0.056465675359676025,590,Don't believe any of that nonsense. It's all fake news.
3846,2002,6,20,78,104,1.3076923076923077,0.056465675359676025,590,He calls it Post-Meteorite.
3779,2002,7,18,79,104,1.3076923076923077,0.05809543003722783,590,"Call me paleolithic but since when did cave graffitti become ""art?"""
3735,2002,6,20,78,104,1.3076923076923077,0.056465675359676025,590,"With drawings like that, he'll be extinct in no time."
3697,2002,6,20,78,104,1.3076923076923077,0.056465675359676025,590,Who in Nog's name is Banksy?
3644,2002,9,14,81,104,1.3076923076923077,0.06122492944857226,590,I need to get something off my chest. All this time I thought it was you who was sneaking in here and drawing penises on my artwork.
3622,2002,6,20,78,104,1.3076923076923077,0.056465675359676025,590,I’ve never been a fan of abstract extinctionism.
4081,2002,4,24,76,104,1.3076923076923077,0.05305619190115425,590,It's called Abstract Jurassic.
3409,2002,1,30,73,104,1.3076923076923077,0.047485155647778804,590,"We'll do it just before he signs, and we'll take credit."
3380,2002,1,30,73,104,1.3076923076923077,0.047485155647778804,590,Lizards have opposable thumbs?
3787,2002,7,18,79,104,1.3076923076923077,0.05809543003722783,590,I think it's a menu.
3454,2002,9,14,81,104,1.3076923076923077,0.06122492944857226,590,More fake wall news !
5294,2002,7,18,79,104,1.3076923076923077,0.05809543003722783,590,Looks like his lunch menu for next week. We'd better pack up and bolt.
4407,2002,10,12,82,104,1.3076923076923077,0.06273116038595779,590,Let's do violence upon him and then appropriate his cultural heritage!
5963,2002,6,20,78,104,1.3076923076923077,0.056465675359676025,590,"He's in a ""Post-Jurassic"" phase"
5919,2002,6,20,78,104,1.3076923076923077,0.056465675359676025,590,We better nip this in the bud.
5731,2002,5,22,77,104,1.3076923076923077,0.05478746203684028,590,"Actually, they are doing murals in all of the new caves."
5668,2002,6,20,78,104,1.3076923076923077,0.056465675359676025,590,I find the primitive realism to be obscenely exaggerated.
5656,2002,6,20,78,104,1.3076923076923077,0.056465675359676025,590,"OMG, if Izod puts one more posting on his wall, I'mma goin' club him!"
5558,2002,7,18,79,104,1.3076923076923077,0.05809543003722783,590,"Og, I really think he captured your likeness. Me -- not so much."
5459,2002,7,18,79,104,1.3076923076923077,0.05809543003722783,590,Years from now you know they’re going to blame all this fake news on us.
3199,2002,6,20,78,104,1.3076923076923077,0.056465675359676025,590,I wouldn't pose for him. He likes having his models over for dinner!
5251,2002,3,26,75,104,1.3076923076923077,0.05126649004628654,590,I like his abstract work better.
5214,2002,6,20,78,104,1.3076923076923077,0.056465675359676025,590,It’s Banksy!
5155,2002,7,18,79,104,1.3076923076923077,0.05809543003722783,590,He said he's sick and tired of not controlling his own narrative.
5059,2002,5,22,77,104,1.3076923076923077,0.05478746203684028,590,Who said history is written by the victors?
4974,2002,5,22,77,104,1.3076923076923077,0.05478746203684028,590,The wife insisted we get an interior designer.
4751,2002,7,18,79,104,1.3076923076923077,0.05809543003722783,590,I say we make him an Extinctionist painter.
4629,2002,6,20,78,104,1.3076923076923077,0.056465675359676025,590,He did a beautiful mural in my daughter's room before he ate her.
4320,2002,7,18,79,104,1.3076923076923077,0.05809543003722783,590,"Hey, I know him, that's Art!"
2961,2002,5,22,77,104,1.3076923076923077,0.05478746203684028,590,What's particularly remarkable is he lacks opposing thumbs.
3355,2002,8,16,80,104,1.3076923076923077,0.05968069611353861,590,"First kill, then appropriate art. Works for us in future."
2867,2002,5,22,77,104,1.3076923076923077,0.05478746203684028,590,Leave him alone... he's making us look good.
1103,2002,6,20,78,104,1.3076923076923077,0.056465675359676025,590,"I don't care how much you like it, it's still outsider art."
1066,2002,4,24,76,104,1.3076923076923077,0.05305619190115425,590,"I must admit, it does make the place look nicer. We should do that in our cave."
988,2002,5,22,77,104,1.3076923076923077,0.05478746203684028,590,I think the brushstrokes would be more powerful if his arms were longer.
878,2002,7,18,79,104,1.3076923076923077,0.05809543003722783,590,That's all he does since you got him those sticks!
721,2002,7,18,79,104,1.3076923076923077,0.05809543003722783,590,He's got real talent. It's a shame that we have to club him to death.
624,2002,8,16,80,104,1.3076923076923077,0.05968069611353861,590,Dumb beast hasn't mastered perspective.
568,2002,6,20,78,104,1.3076923076923077,0.056465675359676025,590,Her work is daringly post-Cretaceous.
1116,2002,7,18,79,104,1.3076923076923077,0.05809543003722783,590,He made me look fat.
531,2002,5,22,77,104,1.3076923076923077,0.05478746203684028,590,BANKSYSAURUS
369,2002,6,20,78,104,1.3076923076923077,0.056465675359676025,590,"They say his works have an animalistic, almost prehistoric, vibe.... Frankly, I find those comments offensive..."
323,2002,3,26,75,104,1.3076923076923077,0.05126649004628654,590,"Oh, please. No one is going to believe he did it."
279,2002,7,18,79,104,1.3076923076923077,0.05809543003722783,590,It's the interior decorator my wife hired.
258,2002,6,20,78,104,1.3076923076923077,0.056465675359676025,590,The menu never changes
119,2002,7,18,79,104,1.3076923076923077,0.05809543003722783,590,"If he gets the grant, I'm switching to watercolor."
117,2002,4,24,76,104,1.3076923076923077,0.05305619190115425,590,We're losing control of the narrative.
111,2002,7,18,79,104,1.3076923076923077,0.05809543003722783,590,It's a Sketchasaurus.
2897,2002,5,22,77,104,1.3076923076923077,0.05478746203684028,590,It's cheaper than wallpaper.
1148,2002,6,20,78,104,1.3076923076923077,0.056465675359676025,590,I heard he’s already working on the prequel
528,2002,2,28,74,104,1.3076923076923077,0.04941200769327116,590,He's union.
2579,2002,6,20,78,104,1.3076923076923077,0.056465675359676025,590,He's become the voice of our generation.
2362,2002,5,22,77,104,1.3076923076923077,0.05478746203684028,590,Think she's making a grocery list?
2823,2002,5,22,77,104,1.3076923076923077,0.05478746203684028,590,"We're going to get blamed for this, just know it."
2273,2002,5,22,77,104,1.3076923076923077,0.05478746203684028,590,He goes by 'Dinotello'.
2078,2002,5,22,77,104,1.3076923076923077,0.05478746203684028,590,you said his brain was how small?
2756,2002,4,24,76,104,1.3076923076923077,0.05305619190115425,590,Don't worry. Cavemen and dinosaurs only co-exist in cartoons.
2017,2002,5,22,77,104,1.3076923076923077,0.05478746203684028,590,He's crazy-- nobody will believe that story!
2041,2002,8,16,80,104,1.3076923076923077,0.05968069611353861,590,I have a feeling we'll get blamed.
1951,2002,6,20,78,104,1.3076923076923077,0.056465675359676025,590,"If he doesn't straighten up and get a real job, I swear he's going extinct."
1852,2002,4,24,76,104,1.3076923076923077,0.05305619190115425,590,"You may see artistic theft, murder and extinction, but I see the logo for my New Age cafe."
1732,2002,8,16,80,104,1.3076923076923077,0.05968069611353861,590,Of course it's primitive realism. He's a dinosaur with an MFA
2791,2002,6,20,78,104,1.3076923076923077,0.056465675359676025,590,These dinosaurs just keep coming in and taking our jobs!
2464,2002,5,22,77,104,1.3076923076923077,0.05478746203684028,590,"We are going to have to stop him, otherwise, in a few thousand years, they will think we were terrible drawers."
5969,2070,3,25,73,101,1.306930693069307,0.05216609850423561,590,Who knew you could do it without opposing thumbs?
3598,2070,5,21,75,101,1.306930693069307,0.05583315714800667,590,Goddamn lizards always takin' our jobs
5209,2070,5,21,75,101,1.306930693069307,0.05583315714800667,590,His perspective is way off.
4247,2073,5,23,80,108,1.3055555555555556,0.05337085474873088,590,It's so hard to find an affordable decorator today. The breed is practically extinct!
5948,2073,8,17,83,108,1.3055555555555556,0.05803153398105862,590,"Excuse me, is this Intro to Painting?"
553,2073,5,23,80,108,1.3055555555555556,0.05337085474873088,590,So many people are afraid of contemporary art these days.
5175,2076,6,17,72,95,1.305263157894737,0.05999941061772172,590,I don’t care if he does have unlimited texting. Enough’s enough!
3528,2077,6,20,79,105,1.3047619047619048,0.05600204327088937,590,I am sick of his Cave Drawing Caption contests. Let’s get him.
2901,2077,7,18,80,105,1.3047619047619048,0.057614052397524936,590,Is he painting his last supper?
5331,2077,6,20,79,105,1.3047619047619048,0.05600204327088937,590,Did you hire him?
3371,2077,6,20,79,105,1.3047619047619048,0.05600204327088937,590,"I find the overall composition curiously amateurish, especially given the utter perfection he conveys through such exquisitely captivating detail."
5383,2077,6,20,79,105,1.3047619047619048,0.05600204327088937,590,Reptiles drawing pictographs! What a bunch of croc.
2942,2077,6,20,79,105,1.3047619047619048,0.05600204327088937,590,It is not done well; but you are surprised to find it done at all.
3800,2077,8,16,81,105,1.3047619047619048,0.05918216975419988,590,It's humiliating until you realize he's terrible at hands and feet.
2377,2077,4,24,77,105,1.3047619047619048,0.05263011005322143,590,This art therapy fling is ruining our man-cave aesthetic.
1371,2077,3,26,76,105,1.3047619047619048,0.05086038046519133,590,I hired him to get rid of the bats.
1202,2077,5,22,78,105,1.3047619047619048,0.054342236495790106,590,I warned you about renting to dinosaurs.
159,2077,6,20,79,105,1.3047619047619048,0.05600204327088937,590,"I don't know, I think I preferred his blue period."
2902,2088,5,21,76,102,1.303921568627451,0.055364897950925446,590,He’s making our cave great again.
4250,2088,7,17,78,102,1.303921568627451,0.05876687882341709,590,"If we play it right, we can get credit for this a million years from now. Residual rights for our descendants will put them in a cozy cave."
2612,2088,3,25,74,102,1.303921568627451,0.051739712055505184,590,Wasting his time again with pictures that will be forgotten by tomorrow.
2571,2088,4,23,75,102,1.303921568627451,0.053582971776036166,590,He calls it primitive art.
4330,2088,3,25,74,102,1.303921568627451,0.051739712055505184,590,The brushwork is so exquisite I kind of feel bad about eating all of her eggs.
2446,2088,4,23,75,102,1.303921568627451,0.053582971776036166,590,"Don’t worry, this graffiti fad will blow over soon enough."
2394,2088,1,29,72,102,1.303921568627451,0.04784060704105654,590,Are you sure about this evolution thing?
3048,2088,5,21,76,102,1.303921568627451,0.055364897950925446,590,You know his work might start selling if we kill him.
2314,2088,3,25,74,102,1.303921568627451,0.051739712055505184,590,And he called our work primitive...
2934,2088,7,17,78,102,1.303921568627451,0.05876687882341709,590,Obvious _and_ derivative.
3070,2088,6,19,77,102,1.303921568627451,0.05709123387947828,590,His style's a little too primitive for my taste.
4068,2088,8,15,79,102,1.303921568627451,0.06039605208464448,590,"His drawings of Adam and Eve are amazing, it's like he was there himself."
3673,2088,6,19,77,102,1.303921568627451,0.05709123387947828,590,"Gloog, I just don't get this ""modern"" art . . . but in the context of human evolution, maybe I'm overthinking it."
4003,2088,5,21,76,102,1.303921568627451,0.055364897950925446,590,Whack him and we're famous!
2166,2088,3,25,74,102,1.303921568627451,0.051739712055505184,590,I've had enough of this guy sharing pictures of his food.
3842,2088,2,27,73,102,1.303921568627451,0.04982831266279933,590,Representational art is so last year.
3873,2088,4,23,75,102,1.303921568627451,0.053582971776036166,590,They're all artists... they won't be able to survive very long here.
3362,2088,6,19,77,102,1.303921568627451,0.05709123387947828,590,"Just a minute boys, I'm writing my editorial."
3364,2088,4,23,75,102,1.303921568627451,0.053582971776036166,590,Ever get that feeling you're a bit too early?
4156,2088,5,21,76,102,1.303921568627451,0.055364897950925446,590,It's the first time I've seen fake news.
3595,2088,7,17,78,102,1.303921568627451,0.05876687882341709,590,Who asked him to turn our den into a drawing room?
3496,2088,5,21,76,102,1.303921568627451,0.055364897950925446,590,Proto-Cubism.
4189,2088,3,25,74,102,1.303921568627451,0.051739712055505184,590,Make sure to look at the daily specials. Some days aren’t as good as others.
2113,2088,2,27,73,102,1.303921568627451,0.04982831266279933,590,That’s not abstract! It’s surreal!
5526,2088,4,23,75,102,1.303921568627451,0.053582971776036166,590,And you thought street art was extinct!
2004,2088,6,19,77,102,1.303921568627451,0.05709123387947828,590,He'll probably be big after he goes extinct.
4778,2088,5,21,76,102,1.303921568627451,0.055364897950925446,590,When I said we need an interior decorator this is not what I had in mind.
4346,2088,7,17,78,102,1.303921568627451,0.05876687882341709,590,Damn revisionist!
4632,2088,9,13,80,102,1.303921568627451,0.06198241821820111,590,That's Eric - his dad owns the mountain.
4800,2088,7,17,78,102,1.303921568627451,0.05876687882341709,590,"Anyway, it's his word against ours..."
4848,2088,4,23,75,102,1.303921568627451,0.053582971776036166,590,The fellas told me that Rex's modern artwork becomes priceless when he's extinct!
4971,2088,6,19,77,102,1.303921568627451,0.05709123387947828,590,I told you this was a transitional neighborhood!
4996,2088,8,15,79,102,1.303921568627451,0.06039605208464448,590,Let's kill 'em and take the credit.
5249,2088,4,23,75,102,1.303921568627451,0.053582971776036166,590,His earlier work is much more primitive.
5268,2088,8,15,79,102,1.303921568627451,0.06039605208464448,590,Yeah... but he won't be starving for long if you don't keep your voice down
5369,2088,6,19,77,102,1.303921568627451,0.05709123387947828,590,He's oversharing again.
5411,2088,7,17,78,102,1.303921568627451,0.05876687882341709,590,Once he's extinct we can pass this is off as ours!
5715,2088,11,9,82,102,1.303921568627451,0.06503917503863182,590,"Once they're extinct, we'll take the credit."
5821,2088,3,25,74,102,1.303921568627451,0.051739712055505184,590,So much for your extinction theory
2110,2088,9,13,80,102,1.303921568627451,0.06198241821820111,590,I named him Rexbrandt.
5953,2088,6,19,77,102,1.303921568627451,0.05709123387947828,590,"When the cavemen are away, the dinos will play."
6027,2088,8,15,79,102,1.303921568627451,0.06039605208464448,590,"So what do you think about your precious diversity now, Zog?"
134,2088,5,21,76,102,1.303921568627451,0.055364897950925446,590,The art of a meal.
293,2088,7,17,78,102,1.303921568627451,0.05876687882341709,590,I trust they will know fake news when they see it.
465,2088,5,21,76,102,1.303921568627451,0.055364897950925446,590,"This new intern program is great. They do the work, and we get the credit."
484,2088,6,19,77,102,1.303921568627451,0.05709123387947828,590,And you let me think it was you!
499,2088,7,17,78,102,1.303921568627451,0.05876687882341709,590,His artwork has really evolved.
745,2088,7,17,78,102,1.303921568627451,0.05876687882341709,590,I had a feeling it wasn't you.
995,2088,6,19,77,102,1.303921568627451,0.05709123387947828,590,I guess this means we're buying that sofa.
1115,2088,2,27,73,102,1.303921568627451,0.04982831266279933,590,You first! I've got bone spurs. Sad!
1583,2088,5,21,76,102,1.303921568627451,0.055364897950925446,590,The wanton defacement of private property makes killing him all the easier.
1655,2088,6,19,77,102,1.303921568627451,0.05709123387947828,590,He's erasing our monuments and changing our history!
1657,2088,5,21,76,102,1.303921568627451,0.055364897950925446,590,Grok not make. FAKE NEWS!
1812,2088,7,17,78,102,1.303921568627451,0.05876687882341709,590,"(obscure and therefore not a winner but funny if you look it up): ""Hey, isn't that Werner Herzog in an Albino Crocodile Costume?"""
4595,2088,5,21,76,102,1.303921568627451,0.055364897950925446,590,These old guys are going to take credit for everything.
4547,2088,4,23,75,102,1.303921568627451,0.053582971776036166,590,He’s not cheap but the nursery should be done in no time!
1794,2144,4,22,73,99,1.303030303030303,0.05458666758839174,590,Figurative art is so last epoch.
102,2144,3,24,72,99,1.303030303030303,0.05266461065193263,590,"I hate to say it, but he's way better than Thag."
2653,2144,3,24,72,99,1.303030303030303,0.05266461065193263,590,"Think of it this way, his art will be worth more after we eat him."
1837,2144,0,30,69,99,1.303030303030303,0.046423399544431206,590,Maybe he knows the end is near.
3354,2144,5,20,74,99,1.303030303030303,0.0564433108675554,590,The dietician told me to record what I had for dinner last night
4060,2144,3,24,72,99,1.303030303030303,0.05266461065193263,590,So derivative! So jejune! No wonder he's going extinct.
4136,2144,2,26,71,99,1.303030303030303,0.050669696583201834,590,Those pastels won't last very long.
4474,2144,3,24,72,99,1.303030303030303,0.05266461065193263,590,He's pretty evolved for an extinct species.
5720,2144,0,30,69,99,1.303030303030303,0.046423399544431206,590,"They say you can live forever through your art, but her career is about to become extinct."
1197,2153,8,15,80,103,1.3009708737864079,0.05987955334881756,590,Ha ha. He has to draw the same picture twice because his brain is too small to handle Arabic numerals.
4883,2153,2,27,74,103,1.3009708737864079,0.049430319184246785,590,You and I are on that wall; he's so cold-blooded.
2162,2153,6,19,78,103,1.3009708737864079,0.0566111834451,590,"Well, you know what they say: 'One man's Mesozoic reptile is another man's Paleolithic dinner.'"
1866,2153,6,19,78,103,1.3009708737864079,0.0566111834451,590,That's his week of lunches.
1013,2153,3,25,75,103,1.3009708737864079,0.05131981940494411,590,I dunno. I've always been more of a fan of his Post-Pleistocene work
4999,2153,5,21,77,103,1.3009708737864079,0.054904086204536746,590,"Hmm...do we eat him, or hire him?"
4909,2153,5,21,77,103,1.3009708737864079,0.054904086204536746,590,"We wanted him to go to medical school, but he has other ideas."
3462,2160,6,18,76,100,1.3,0.05773502691896258,590,I could draw him drawing but that would be too modern and ironic.
3140,2160,4,22,74,100,1.3,0.054122942725732585,590,He says he wants to depict cave people and our world before we become extinct.
3018,2160,6,18,76,100,1.3,0.05773502691896258,590,What really riles me is that someday thousands of years from now they'll all think that we humans couldn't draw.......
3006,2160,2,26,72,100,1.3,0.050251890762960605,590,How many times have i asked you to put your charcoal away before we go out?
2922,2160,5,20,75,100,1.3,0.05595813731096785,590,Not sure where he's from . . . Marge called the art school and asked if they had someone who dabbled in nature scenes.
2849,2160,0,30,70,100,1.3,0.046056618647183835,590,"As soon as he comes out, he's 'history'!"
3763,2160,5,20,75,100,1.3,0.05595813731096785,590,A decorator?! You really have caved man!
2764,2160,7,16,77,100,1.3,0.059458839001056314,590,"Sure, he's making us money now, but if we kill him their market value will skyrocket."
2720,2160,4,22,74,100,1.3,0.054122942725732585,590,It'll never sell -- totally derivative.
2434,2160,5,20,75,100,1.3,0.05595813731096785,590,Me think art not as outrageous as New Yorker thinking dinosaurs and humans lived during same period.
3465,2160,6,18,76,100,1.3,0.05773502691896258,590,He is too avant-garde for a grotto.
5858,2160,8,14,78,100,1.3,0.0611340636419152,590,"Evolution made these less childlike in the last 10, 000 years."
2147,2160,5,20,75,100,1.3,0.05595813731096785,590,"No way we can eat him now, am I right?"
4042,2160,7,16,77,100,1.3,0.059458839001056314,590,"Piccassaurus, early period"
4385,2160,8,14,78,100,1.3,0.0611340636419152,590,Let him finish decorating before we eat him.
4839,2160,2,26,72,100,1.3,0.050251890762960605,590,"man, I wish we would have thought of that!"
5032,2160,6,18,76,100,1.3,0.05773502691896258,590,"She's an artist, she's single, you should be happy to club her."
5143,2160,1,28,71,100,1.3,0.04819992036541475,590,Let's check out what Dino has on the menu board tonight.
5154,2160,3,24,73,100,1.3,0.05222329678670935,590,Who let the Sketchosaurus in?
5264,2160,4,22,74,100,1.3,0.054122942725732585,590,I think it's a memoir.
5370,2160,7,16,77,100,1.3,0.059458839001056314,590,Plagiarism is the highest form of flattery.
5372,2160,4,22,74,100,1.3,0.054122942725732585,590,*You* tell him!
5454,2160,8,14,78,100,1.3,0.0611340636419152,590,Its a Fakenewsosaurus.
3879,2160,0,30,70,100,1.3,0.046056618647183835,590,He’s a member of the Pre-Neanderthalite Brotherhood.
2102,2160,4,22,74,100,1.3,0.054122942725732585,590,So if we eat it AND move in it's cultural appropriation?
1320,2160,4,22,74,100,1.3,0.054122942725732585,590,You and your two footed friends
1847,2160,6,18,76,100,1.3,0.05773502691896258,590,Dinosaur? I see an innovator.
5951,2160,8,14,78,100,1.3,0.0611340636419152,590,It may be a dinosaur but it prints really clear images.
6036,2160,5,20,75,100,1.3,0.05595813731096785,590,"Where there's charcoal, there must be fire."
6001,2160,5,20,75,100,1.3,0.05595813731096785,590,Let me do all the talking.
5604,2160,1,28,71,100,1.3,0.04819992036541475,590,I thought it would be nice to have an artist in residence
5989,2160,4,22,74,100,1.3,0.054122942725732585,590,That’s not art. That’s today’s menu!
3507,2160,3,21,66,90,1.3,0.05575494805135898,590,"Don't worry, only the Creationists will believe the dinosaurs did it."
5708,2160,6,18,76,100,1.3,0.05773502691896258,590,What the heck?! We are definitely not that hairy!
1895,2160,5,20,75,100,1.3,0.05595813731096785,590,How the hell did he get my crayons?
400,2160,5,20,75,100,1.3,0.05595813731096785,590,"Pretty sophisticated for a lizard, don't you think?"
601,2160,3,24,73,100,1.3,0.05222329678670935,590,History is written by the victor.
5688,2160,7,16,77,100,1.3,0.059458839001056314,590,They've been around like 70 million years and they're still doing THIS?
692,2160,5,20,75,100,1.3,0.05595813731096785,590,"Great. Millions of years from now, he'll get all the credit."
894,2160,5,20,75,100,1.3,0.05595813731096785,590,There's the lowlife doing all that graffiti
935,2160,6,18,76,100,1.3,0.05773502691896258,590,I don't have time to draw anymore now that I'm writing.
1285,2160,3,24,73,100,1.3,0.05222329678670935,590,"To be honest, I don't really understand modern art."
5722,2160,3,24,73,100,1.3,0.05222329678670935,590,Where do you imagine he gets his art supplies?
1457,2160,5,20,75,100,1.3,0.05595813731096785,590,"Yes... a great artistic touch plus an eye for fashion, intellect, charm and wit... but what really attracted me are her opposing thumbs..."
1530,2160,8,14,78,100,1.3,0.0611340636419152,590,"don't disturb him, we can take all the credit"
1608,2160,9,12,79,100,1.3,0.06276459144608479,590,"I'm tellin'ya man, we need to evolve faster."
1642,2160,2,26,72,100,1.3,0.050251890762960605,590,I knew he would snarf us down in an instant but I never knew he had a sensitive side.
625,2160,8,14,78,100,1.3,0.0611340636419152,590,"With such tiny hands, it's a wonder he can do anything at all."
5637,2160,6,18,76,100,1.3,0.05773502691896258,590,Who said figurativism was extinct?
22,2209,3,23,71,97,1.2989690721649485,0.053174460912177944,590,Shhh. On the count of three...Lascaux.
2742,2209,2,25,70,97,1.2989690721649485,0.05111503361045882,590,"I feel like this might be ""Fake News"""
4377,2209,0,29,68,97,1.2989690721649485,0.04672465512332353,590,It's an Artosaurus Rex!
5659,2209,4,21,72,97,1.2989690721649485,0.055157047832558495,590,I have a feeling that we're going get the blame for this.
2457,2213,7,17,80,104,1.2980769230769231,0.05777781813263615,590,You can't blame him for drawing us like that -- just look at the length of his arms!
3403,2214,2,18,54,74,1.2972972972972974,0.06001890893494096,590,I always wondered what happened to my cousin.
491,2215,5,20,76,101,1.297029702970297,0.05548089396483922,590,I think the brushstrokes who be more powerful if his arms were longer.
1203,2215,7,16,78,101,1.297029702970297,0.058942083430246414,590,"I think he has a good shot at winning that IQ contest at the White House, but if not we can certainly use him in the Senate"
2506,2215,5,20,76,101,1.297029702970297,0.05548089396483922,590,"We ought to buy it now, before he gets famous."
2629,2215,5,20,76,101,1.297029702970297,0.05548089396483922,590,I'm having him do the kid's bedroom next.
4541,2215,6,18,77,101,1.297029702970297,0.05723765715958271,590,That is just a copy of Dave’s work.
5269,2215,4,22,75,101,1.297029702970297,0.05366665438759467,590,Finally! He’s stopped painting about that wretched fireball from the sky.
299,2215,6,18,77,101,1.297029702970297,0.05723765715958271,590,"My wife encourages it, she says it keeps him from playing with those nasty boys from the tar pits."
5250,2215,6,18,77,101,1.297029702970297,0.05723765715958271,590,He wouldn't make fun of our hair if he knew winter is coming.
5829,2215,6,18,77,101,1.297029702970297,0.05723765715958271,590,You had to hire an editor.
4519,2224,7,15,76,98,1.2959183673469388,0.0601722467511431,590,"If we club him to death, we can take credit for this."
4675,2224,3,23,72,98,1.2959183673469388,0.05271741207780622,590,"Ya see Mel, I was right... small, but right-brained."
4627,2224,5,19,74,98,1.2959183673469388,0.056567768275148,590,Art school? But I wanted him to become a doctor!
4490,2224,6,17,75,98,1.2959183673469388,0.05839782396079194,590,"It's a slippery slope, you know... graffiti one day, an art studio the next, then Sothoby's realty sign on your neigbhor's place... Better stop this before the property taxes goes up."
4412,2224,4,21,73,98,1.2959183673469388,0.054676493778460546,590,"You critique, me watch."
4401,2224,4,21,73,98,1.2959183673469388,0.054676493778460546,590,He does that to screw with the heads of the paleontologists.
4281,2224,6,17,75,98,1.2959183673469388,0.05839782396079194,590,We should try that.
4243,2224,6,17,75,98,1.2959183673469388,0.05839782396079194,590,"Let's extinct him, then say they are ours."
4195,2224,6,17,75,98,1.2959183673469388,0.05839782396079194,590,Maybe with time his drawings will seem less esoteric.
4044,2224,6,17,75,98,1.2959183673469388,0.05839782396079194,590,He works for scale.
4024,2224,3,23,72,98,1.2959183673469388,0.05271741207780622,590,His kind will never learn perspective.
3978,2224,5,19,74,98,1.2959183673469388,0.056567768275148,590,I think we should let him finish.
4837,2224,5,19,74,98,1.2959183673469388,0.056567768275148,590,"Quick, let's get him before he signs them!"
3935,2224,3,23,72,98,1.2959183673469388,0.05271741207780622,590,He said he's texting.
3628,2224,4,21,73,98,1.2959183673469388,0.054676493778460546,590,Opposable thumbs are clearly over-rated.
3626,2224,3,23,72,98,1.2959183673469388,0.05271741207780622,590,"It's decent work, but it's definitely derivative of the Jurassic Period."
3413,2224,5,19,74,98,1.2959183673469388,0.056567768275148,590,"All I said was, ""Try and draw us,"" Rex."
3398,2224,9,11,78,98,1.2959183673469388,0.0635726839965882,590,He’s a survivor of the Picassozoic Era.
3389,2224,5,19,74,98,1.2959183673469388,0.056567768275148,590,He's making out his supper menu.
3374,2224,5,19,74,98,1.2959183673469388,0.056567768275148,590,I told you not to teach him to walk on two feet.
3323,2224,2,25,71,98,1.2959183673469388,0.05068266074760108,590,"I heard about some collectors snatching these up, betting the value will skyrocket after he's extinct."
3320,2224,5,19,74,98,1.2959183673469388,0.056567768275148,590,I'll admit he's impressive. I'm just not into primitive art.
3164,2224,9,11,78,98,1.2959183673469388,0.0635726839965882,590,I think he is trying to confuse the future population of Kentucky
3011,2224,6,17,75,98,1.2959183673469388,0.05839782396079194,590,Maybe if we had an audio guide?
2937,2224,4,21,73,98,1.2959183673469388,0.054676493778460546,590,Is it still plagiarism if he's not human?
3824,2224,3,23,72,98,1.2959183673469388,0.05271741207780622,590,Don't pout; he promised to do your portrait next.
4904,2224,1,27,70,98,1.2959183673469388,0.04856272917301517,590,Well at least he's making it look like we're the dominant species
4980,2224,2,25,71,98,1.2959183673469388,0.05068266074760108,590,Looks like he's planning a buffet for dinner!
5004,2224,4,21,73,98,1.2959183673469388,0.054676493778460546,590,These Open Cave Studios can be hit or miss
5961,2224,7,15,76,98,1.2959183673469388,0.0601722467511431,590,Let's off him and put our handprints on the wall.
5957,2224,5,19,74,98,1.2959183673469388,0.056567768275148,590,"Shhh, it's a Tyrannodrawus."
5954,2224,8,13,77,98,1.2959183673469388,0.0618958214648231,590,"So, are you gonna tell him he’s extinct?"
5819,2224,6,17,75,98,1.2959183673469388,0.05839782396079194,590,But I wanted wallpaper.
5796,2224,5,19,74,98,1.2959183673469388,0.056567768275148,590,"If he disappears, we'll take credit for his work."
5685,2224,2,25,71,98,1.2959183673469388,0.05068266074760108,590,what do you think wallets and gloves or purses
5640,2224,3,23,72,98,1.2959183673469388,0.05271741207780622,590,...and thats with out any lessons!!
5632,2224,7,15,76,98,1.2959183673469388,0.0601722467511431,590,"Yeah, but I asked him to paint a wildebeest in mauve to match that boulder in my entryway and he got all haughty."
5607,2224,4,21,73,98,1.2959183673469388,0.054676493778460546,590,And I thought all he could do was make fire.
5524,2224,9,11,78,98,1.2959183673469388,0.0635726839965882,590,What's the obsession sharing pictures of their meals in this new media?
5468,2224,2,25,71,98,1.2959183673469388,0.05068266074760108,590,That’s so literal.
5465,2224,4,21,73,98,1.2959183673469388,0.054676493778460546,590,"It’s not avant-guard, it’s extinct."
5419,2224,6,17,75,98,1.2959183673469388,0.05839782396079194,590,It's her late-creationism period.
5367,2224,5,19,74,98,1.2959183673469388,0.056567768275148,590,I think it lacks imagination.
5365,2224,2,25,71,98,1.2959183673469388,0.05068266074760108,590,My kid could do better than that.
5355,2224,3,23,72,98,1.2959183673469388,0.05271741207780622,590,We'll probably get blamed for this.
5343,2224,5,19,74,98,1.2959183673469388,0.056567768275148,590,It'll sell better with him dead.
5314,2224,5,19,74,98,1.2959183673469388,0.056567768275148,590,An artist is only appreciated after his death. Let's do it.
5303,2224,5,19,74,98,1.2959183673469388,0.056567768275148,590,pre-pre-primitivist
5300,2224,3,23,72,98,1.2959183673469388,0.05271741207780622,590,"He breathes fire, but he lives for his art."
5271,2224,6,17,75,98,1.2959183673469388,0.05839782396079194,590,Either he admires our physiques or those are tonight's dinner specials.
5163,2224,4,21,73,98,1.2959183673469388,0.054676493778460546,590,"Tetradactyls, bison, homosapiens, that should keep 'em guessing."
5135,2224,6,17,75,98,1.2959183673469388,0.05839782396079194,590,It'll never catch on
5132,2224,6,17,75,98,1.2959183673469388,0.05839782396079194,590,"Yeah, but he's got a very limited sense of perspective."
5069,2224,6,17,75,98,1.2959183673469388,0.05839782396079194,590,I'm posing for him next. You'll just have to wait.
2826,2224,7,15,76,98,1.2959183673469388,0.0601722467511431,590,"Once he's gone, we'll get the credit."
2727,2224,5,19,74,98,1.2959183673469388,0.056567768275148,590,Graffiti? He’s a master of primitivism!
3649,2224,5,19,74,98,1.2959183673469388,0.056567768275148,590,It's his Pleistocene Chapel.
593,2224,4,21,73,98,1.2959183673469388,0.054676493778460546,590,"Not again, fake news!"
1374,2224,4,21,73,98,1.2959183673469388,0.054676493778460546,590,"Pretty derivative, if you ask me."
1308,2224,6,17,75,98,1.2959183673469388,0.05839782396079194,590,He's compensating for his upcoming extinction.
1233,2224,5,19,74,98,1.2959183673469388,0.056567768275148,590,You see art. I see dinner.
1177,2224,7,15,76,98,1.2959183673469388,0.0601722467511431,590,It’s too modern for my tastes.
1121,2224,6,17,75,98,1.2959183673469388,0.05839782396079194,590,"Let's wait till he is done the horse, I can never get the head to look right."
1076,2224,6,17,75,98,1.2959183673469388,0.05839782396079194,590,We found him on Dino's List.
1022,2224,2,25,71,98,1.2959183673469388,0.05068266074760108,590,"Afterwards, I'll put out a statement citing ""artistic differences"""
937,2224,4,21,73,98,1.2959183673469388,0.054676493778460546,590,"Brilliant artist, but no head for business."
866,2224,3,23,72,98,1.2959183673469388,0.05271741207780622,590,I don't think criticizing his art work is the right thing to do.
822,2224,3,23,72,98,1.2959183673469388,0.05271741207780622,590,Let's hold off--he does have a certain flair.
702,2224,4,21,73,98,1.2959183673469388,0.054676493778460546,590,I'm starting to think this evolution theory is fake news?
695,2224,6,17,75,98,1.2959183673469388,0.05839782396079194,590,That’s not what I look like. Is it?
2634,2224,7,15,76,98,1.2959183673469388,0.0601722467511431,590,I think we may have spotted Banksy.
571,2224,3,23,72,98,1.2959183673469388,0.05271741207780622,590,"Evidently it's food group art, and we're in it."
517,2224,3,23,72,98,1.2959183673469388,0.05271741207780622,590,That looks nothing like us.
498,2224,4,21,73,98,1.2959183673469388,0.054676493778460546,590,Time for plan B
444,2224,6,17,75,98,1.2959183673469388,0.05839782396079194,590,Derivative.
434,2224,3,23,72,98,1.2959183673469388,0.05271741207780622,590,"Don’t worry, when this gets discovered we’ll get credit."
361,2224,5,19,74,98,1.2959183673469388,0.056567768275148,590,It's as if he thinks it's the Prosaic period.
162,2224,5,19,74,98,1.2959183673469388,0.056567768275148,590,The archaeologists will never know.
121,2224,6,17,75,98,1.2959183673469388,0.05839782396079194,590,"Let's be sure to leave some homonid tools in this cave, just to confuse giant lizards of the future."
98,2224,5,19,74,98,1.2959183673469388,0.056567768275148,590,He is strictly 'old school'.
50,2224,5,19,74,98,1.2959183673469388,0.056567768275148,590,I like the menu.
1409,2224,6,17,75,98,1.2959183673469388,0.05839782396079194,590,Seriously. When are we ever OFF his menu.
1461,2224,6,17,75,98,1.2959183673469388,0.05839782396079194,590,I find his art too primitive for my taste.
1100,2224,4,21,73,98,1.2959183673469388,0.054676493778460546,590,"I say we kill him, eat him, and take credit for his work. We've entered the art age now."
1576,2224,5,19,74,98,1.2959183673469388,0.056567768275148,590,With proper marketing he's worth more alive than dead.
2603,2224,4,21,73,98,1.2959183673469388,0.054676493778460546,590,"See, now to you believe it wasn’t me."
2546,2224,4,21,73,98,1.2959183673469388,0.054676493778460546,590,Don't tell anybody.
2417,2224,5,19,74,98,1.2959183673469388,0.056567768275148,590,I don't want to be known as the guy who stopped the Reptilian Renaissance.
2391,2224,2,25,71,98,1.2959183673469388,0.05068266074760108,590,Do we wait until he finishes the story?
2304,2224,7,15,76,98,1.2959183673469388,0.0601722467511431,590,These paintings will be worth a lot of money when he's extinct.
1533,2224,4,21,73,98,1.2959183673469388,0.054676493778460546,590,Notice how they all have over bites.
2189,2224,6,17,75,98,1.2959183673469388,0.05839782396079194,590,I just feel like his art was better in his Mesozoic period.
2135,2224,6,17,75,98,1.2959183673469388,0.05839782396079194,590,After he finishes we'll sign our names to it.
2088,2224,4,21,73,98,1.2959183673469388,0.054676493778460546,590,His art is too primitive for my taste.
1999,2224,5,19,74,98,1.2959183673469388,0.056567768275148,590,Grocery list
1930,2224,6,17,75,98,1.2959183673469388,0.05839782396079194,590,Some day the Creation Museum will sort this all out.
1841,2224,1,27,70,98,1.2959183673469388,0.04856272917301517,590,I can't wait to see his self-portrait.
2238,2224,4,21,73,98,1.2959183673469388,0.054676493778460546,590,"Is it just me, or is he aping us?"
1713,2224,4,21,73,98,1.2959183673469388,0.054676493778460546,590,I wish I had a walnut sized brain
1762,2224,3,23,72,98,1.2959183673469388,0.05271741207780622,590,I told you to copyright it.
1838,2224,3,23,72,98,1.2959183673469388,0.05271741207780622,590,"In 40,000 years nobody will know the difference."
1709,2224,3,23,72,98,1.2959183673469388,0.05271741207780622,590,"Ok, you really think someone will believe this."
4286,2326,4,20,71,95,1.2947368421052632,0.05574233678148341,590,"First the lizartists move in, then the rents go up."
3770,2326,5,18,72,95,1.2947368421052632,0.057716308575599326,590,They have opposable thumbs?
1802,2326,2,24,69,95,1.2947368421052632,0.05156820511122481,590,"And, Fred.... you should see his pastels."
2785,2326,1,26,68,95,1.2947368421052632,0.04934891703634306,590,Shhh ! ... They'll be worth a fortune when he's extinct.
240,2326,3,22,70,95,1.2947368421052632,0.053695846618959604,590,I know fossils with better taste.
3804,2331,5,17,70,92,1.2934782608695652,0.05893229710610973,590,They'll be gone soon and we'll get all the credit.
2032,2332,2,25,72,99,1.292929292929293,0.050257070035405464,590,I think it's a menu for his new restaurant.
1985,2332,5,19,75,99,1.292929292929293,0.05607318680440244,590,I requested abstract expressionism....
3309,2332,4,21,74,99,1.292929292929293,0.0542038671601528,590,I told you they couldn't write.
187,2332,7,15,77,99,1.292929292929293,0.05963630106716254,590,We shouldn't let him be scorekeeper as well.
188,2332,4,21,74,99,1.292929292929293,0.0542038671601528,590,It's a cry for help
63,2332,5,19,75,99,1.292929292929293,0.05607318680440244,590,Those cave paintings are going to be worth a lot more after he is extinct.
2042,2332,2,25,72,99,1.292929292929293,0.050257070035405464,590,The paint set seems to have distracted him.
1306,2332,5,19,75,99,1.292929292929293,0.05607318680440244,590,They are going to think we produced that crappy art.
1003,2332,8,13,78,99,1.292929292929293,0.06134029237181033,590,"It's not cave drawings ,it's his grocery list ."
2728,2332,2,25,72,99,1.292929292929293,0.050257070035405464,590,Should we tell him that he's plagiarising?
5760,2342,3,20,66,89,1.2921348314606742,0.05582112279875419,590,They’re always worth more after they’re dead.
3961,2343,5,18,73,96,1.2916666666666667,0.05719439509610499,590,"There he goes, sharing our business with the world, again."
3927,2343,4,20,72,96,1.2916666666666667,0.05524400949239042,590,"He just said ""Because it's there."""
3900,2343,5,18,73,96,1.2916666666666667,0.05719439509610499,590,"When he comes out, we'll hit him over the head, and everyone will think we drew it."
3984,2343,5,18,73,96,1.2916666666666667,0.05719439509610499,590,Beats my stick man any day.
3917,2343,6,16,74,96,1.2916666666666667,0.059080428874741533,590,Me can't wait for captions!
4341,2343,7,14,75,96,1.2916666666666667,0.06090808913139065,590,Ladies first.
4072,2343,4,20,72,96,1.2916666666666667,0.05524400949239042,590,"Uh-oh, they're evolving!"
4107,2343,8,12,76,96,1.2916666666666667,0.06268248214015988,590,And we thought we were narcissistic
4142,2343,1,26,69,96,1.2916666666666667,0.04892857905103333,590,"I don’t get their graffiti art, I just don’t."
4311,2343,6,16,74,96,1.2916666666666667,0.059080428874741533,590,Should we kill him and take all the credit ?
2932,2343,5,18,73,96,1.2916666666666667,0.05719439509610499,590,What if we put them on mugs and tee shirts?
3869,2343,6,16,74,96,1.2916666666666667,0.059080428874741533,590,"After we eat him, let's say we did it."
2965,2343,3,22,71,96,1.2916666666666667,0.053222197804875436,590,He's a leftover from the Neo-Jurassic School .
3053,2343,7,14,75,96,1.2916666666666667,0.06090808913139065,590,Are you sure this is how we want to be remembered?
4396,2343,7,14,75,96,1.2916666666666667,0.06090808913139065,590,These illegal animals keep stealing our jobs.
2893,2343,7,14,75,96,1.2916666666666667,0.06090808913139065,590,The missing ink!
2842,2343,4,20,72,96,1.2916666666666667,0.05524400949239042,590,"It may not be Lascaux, but the price was right."
3121,2343,4,20,72,96,1.2916666666666667,0.05524400949239042,590,They say he works for National Geographic.
2609,2343,2,24,70,96,1.2916666666666667,0.05112048604588235,590,The birth of graffiti.
3512,2343,5,18,73,96,1.2916666666666667,0.05719439509610499,590,all I see are new shoes
3709,2343,6,16,74,96,1.2916666666666667,0.059080428874741533,590,We eat him and then claim that we invented cave drawing.
3840,2343,4,20,72,96,1.2916666666666667,0.05524400949239042,590,"I say just leave him be; he's going to be extinct soon enough, anyway."
2832,2343,7,14,75,96,1.2916666666666667,0.06090808913139065,590,I suggested that he start a food journal.
2822,2343,4,20,72,96,1.2916666666666667,0.05524400949239042,590,"I told you, Jerry... we are on his hit list. I knew your 'NICE LEGS' comment would come back to bite us."
2738,2343,4,20,72,96,1.2916666666666667,0.05524400949239042,590,And they save we are primative
2611,2343,4,20,72,96,1.2916666666666667,0.05524400949239042,590,"What if we dig a big hole, and blame it on a comet?"
3671,2343,5,18,73,96,1.2916666666666667,0.05719439509610499,590,He calls them selfies.
4447,2343,6,16,74,96,1.2916666666666667,0.059080428874741533,590,Wouldn't you say his approach is rather dated?
2209,2343,2,24,70,96,1.2916666666666667,0.05112048604588235,590,Just adding some final touches to the decor before we move in.
4670,2343,3,22,71,96,1.2916666666666667,0.053222197804875436,590,Two days out of the animal shelter and he acts like he owns the place.
6004,2343,2,24,70,96,1.2916666666666667,0.05112048604588235,590,Let's kill him and appropriate his style.
6000,2343,3,22,71,96,1.2916666666666667,0.053222197804875436,590,You and I are in the same line of work. How can you afford an interior designer?
5970,2343,5,18,73,96,1.2916666666666667,0.05719439509610499,590,Shh...it's Banksysaurus.
5968,2343,4,20,72,96,1.2916666666666667,0.05524400949239042,590,He needs to add some fresh vegetables and whole grains!
5938,2343,8,12,76,96,1.2916666666666667,0.06268248214015988,590,That guy Darwin from the other cave would be interested in this.
5887,2343,3,22,71,96,1.2916666666666667,0.053222197804875436,590,"It's sad that with gentrification around here, he's going to be priced out of existence."
5762,2343,4,20,72,96,1.2916666666666667,0.05524400949239042,590,Is that what they're calling postneolithic these days?
5730,2343,5,18,73,96,1.2916666666666667,0.05719439509610499,590,"I dunno, Krog, it does kinda look like you."
5717,2343,7,14,75,96,1.2916666666666667,0.06090808913139065,590,"Once he’s extinct, they’ll be worth a fortune."
5669,2343,4,20,72,96,1.2916666666666667,0.05524400949239042,590,Everyone is an artist these days
5579,2343,2,24,70,96,1.2916666666666667,0.05112048604588235,590,"It's called ""primitivism."""
5423,2343,6,16,74,96,1.2916666666666667,0.059080428874741533,590,We regret to inform you that your work has not been naturally selected at this time.
4619,2343,4,20,72,96,1.2916666666666667,0.05524400949239042,590,"You know, if we get rid of him, I bet people will think we drew it."
5386,2343,7,14,75,96,1.2916666666666667,0.06090808913139065,590,"We're going to build a wall, and we're going to make them pay for it."
5290,2343,3,22,71,96,1.2916666666666667,0.053222197804875436,590,HE'S REVISING HIS LUNCHEON MENU AGAIN !!!
5202,2343,5,18,73,96,1.2916666666666667,0.05719439509610499,590,"In my opinion, this paleolithic movement is a passing fad."
5177,2343,7,14,75,96,1.2916666666666667,0.06090808913139065,590,'Please dad! Get us an etchasaurus! We promise to clean up after it.' .... Right.
5049,2343,5,18,73,96,1.2916666666666667,0.05719439509610499,590,He go... Me tag with handprint...Get Credit.
5039,2343,6,16,74,96,1.2916666666666667,0.059080428874741533,590,I like the way the primitiveness of his art accommodates violence and obsession within a rational framework.
4989,2343,6,16,74,96,1.2916666666666667,0.059080428874741533,590,I'm not sure he's ready for a one-man show.
4987,2343,4,20,72,96,1.2916666666666667,0.05524400949239042,590,It's a cartoon caption contest.
4929,2343,7,14,75,96,1.2916666666666667,0.06090808913139065,590,"'Would it be plagiarism if I initialed that drawing?"""
4917,2343,5,18,73,96,1.2916666666666667,0.05719439509610499,590,It looks like something my kids could do.
4915,2343,6,16,74,96,1.2916666666666667,0.059080428874741533,590,I hear he’s a rising star in the new Primitive School.
4913,2343,4,20,72,96,1.2916666666666667,0.05524400949239042,590,Representation in art is absolutely prehistoric.
4700,2343,2,24,70,96,1.2916666666666667,0.05112048604588235,590,He is just showoff to confuse anthropologist
2458,2343,6,16,74,96,1.2916666666666667,0.059080428874741533,590,He has a certain je ne sais quoi in his work that Og find very appealing.
2450,2343,8,12,76,96,1.2916666666666667,0.06268248214015988,590,Plagiarus Rex
340,2343,5,18,73,96,1.2916666666666667,0.05719439509610499,590,"He not only stole my paint, but ate my model!"
504,2343,5,18,73,96,1.2916666666666667,0.05719439509610499,590,It does sort of warm it up a little.
1173,2343,3,22,71,96,1.2916666666666667,0.053222197804875436,590,His early work reflected the Big Bang era.
1074,2343,5,18,73,96,1.2916666666666667,0.05719439509610499,590,"He's a rescue dinosaur, it's part of his therapy."
1070,2343,4,20,72,96,1.2916666666666667,0.05524400949239042,590,Let's do him a favor and eat him before his blue period.
1021,2343,6,16,74,96,1.2916666666666667,0.059080428874741533,590,"So, looks like Fishies, Ptero and Hunters for small plates and assorted Fillies for mains."
947,2343,5,18,73,96,1.2916666666666667,0.05719439509610499,590,"I told you not to tell him that the survival of his species is based on win, lose or draw!"
828,2343,4,20,72,96,1.2916666666666667,0.05524400949239042,590,Should we leave the anthropologists a clue.
807,2343,3,22,71,96,1.2916666666666667,0.053222197804875436,590,"It's primitive, but it does have style."
1213,2343,3,22,71,96,1.2916666666666667,0.053222197804875436,590,I thought we were the most advanced.
781,2343,6,16,74,96,1.2916666666666667,0.059080428874741533,590,"He’s OK, but he’s no Keith Haring."
710,2343,5,18,73,96,1.2916666666666667,0.05719439509610499,590,Who would know if we knock him off and take the credit?
618,2343,6,16,74,96,1.2916666666666667,0.059080428874741533,590,He insists I never get the legs right
539,2343,6,16,74,96,1.2916666666666667,0.059080428874741533,590,He must be French. He acts like he's the first to ever draw on a wall!
364,2343,8,12,76,96,1.2916666666666667,0.06268248214015988,590,"He calls himself ""Banksy."""
169,2343,5,18,73,96,1.2916666666666667,0.05719439509610499,590,This wall art would be worth more if one of us clubbed the dinosaur
109,2343,5,18,73,96,1.2916666666666667,0.05719439509610499,590,I brought in a freelancer for some fresh perspective.
2245,2343,7,14,75,96,1.2916666666666667,0.06090808913139065,590,I call it cultural appropriation.
754,2343,4,20,72,96,1.2916666666666667,0.05524400949239042,590,"It's defacement of public property, Carl."" ""No, Earl, it's art. You just don't like the artist."
1363,2343,3,22,71,96,1.2916666666666667,0.053222197804875436,590,Their menu is a little intimidating.
890,2343,4,20,72,96,1.2916666666666667,0.05524400949239042,590,Me forget lock back cave.
1554,2343,5,18,73,96,1.2916666666666667,0.05719439509610499,590,History is not going to treat you and me favorably.
2015,2343,5,18,73,96,1.2916666666666667,0.05719439509610499,590,"If we kill them all, people will think we drew these."
1989,2343,4,20,72,96,1.2916666666666667,0.05524400949239042,590,"""The new editor has the mind of a reptile""."
1479,2343,3,22,71,96,1.2916666666666667,0.053222197804875436,590,Now me understand the tiny hands.
1867,2343,3,22,71,96,1.2916666666666667,0.053222197804875436,590,Forget It. It's an Artvark. They taste kind of sketchy.
1836,2343,5,18,73,96,1.2916666666666667,0.05719439509610499,590,Do you think she would do our portrait?
2118,2343,5,18,73,96,1.2916666666666667,0.05719439509610499,590,I think he made me look too fat.
1778,2343,2,24,70,96,1.2916666666666667,0.05112048604588235,590,Who knew?
1676,2343,4,20,72,96,1.2916666666666667,0.05524400949239042,590,These days everyone's an artist.
1792,2343,4,20,72,96,1.2916666666666667,0.05524400949239042,590,Will you shut the hell up about primitive realism?
1598,2343,3,22,71,96,1.2916666666666667,0.053222197804875436,590,I never liked primitive art.
2144,2343,6,16,74,96,1.2916666666666667,0.059080428874741533,590,"Dude, it's definitely the mushrooms."
1595,2343,4,20,72,96,1.2916666666666667,0.05524400949239042,590,"Let her finish, then we can take credit."
1562,2343,5,18,73,96,1.2916666666666667,0.05719439509610499,590,The first recorded use of Fake News
1558,2343,3,22,71,96,1.2916666666666667,0.053222197804875436,590,We didn't give them enough credit.
1656,2343,4,20,72,96,1.2916666666666667,0.05524400949239042,590,Waddya mean: You dig him??
631,2438,1,25,67,93,1.2903225806451613,0.04973197249919476,590,Does that one on the left look like me? Maybe I'll skip the hunt tonight......
124,2438,2,23,68,93,1.2903225806451613,0.05202906091173712,590,Nobody graffitis on my cave and gets away with it.
2420,2440,4,21,75,100,1.29,0.05373898759633259,590,It's a bit two-dimensional.
6029,2441,2,22,66,90,1.288888888888889,0.05298680599073448,590,We should just take the credit.
4855,2441,2,22,66,90,1.288888888888889,0.05298680599073448,590,"I know he's not a lap-dragon, but we've already bonded and he's staying."
2202,2441,2,22,66,90,1.288888888888889,0.05298680599073448,590,I told you he's a carnivore.
198,2444,4,20,73,97,1.288659793814433,0.05475414216195255,590,Let's give him a critiquing he'll never forget.
816,2444,3,22,72,97,1.288659793814433,0.05275641621252247,590,I just don't get contemporary art...
2187,2444,0,28,69,97,1.288659793814433,0.046248346507542164,590,I bet you someday that style of art will go the way of the dinosaur.
5547,2444,3,22,72,97,1.288659793814433,0.05275641621252247,590,We're going to be overrun by tourists.
2973,2444,5,18,74,97,1.288659793814433,0.05668150241651782,590,"I said 'dine al fresco', not 'dino fresco'!"
4362,2444,3,22,72,97,1.288659793814433,0.05275641621252247,590,My pet project
6021,2444,4,20,73,97,1.288659793814433,0.05475414216195255,590,They're called 'Dinoglyphics'.
4626,2444,5,18,74,97,1.288659793814433,0.05668150241651782,590,Maybe we should just go out for dinner tonight?
4935,2444,6,16,75,97,1.288659793814433,0.058545446863920346,590,It's an Art-asaurus. They're gifted.
5171,2444,8,12,77,97,1.288659793814433,0.062105737360576695,590,He really needs a girlfriend.
2212,2444,2,24,71,97,1.288659793814433,0.05068000413660696,590,Don't worry. You can wash it off. It's only water color
3938,2455,5,17,72,94,1.2872340425531914,0.057838635938787894,590,Claims to be a futurist.
3886,2455,5,17,72,94,1.2872340425531914,0.057838635938787894,590,He thinks he's Michelangelo painting the Sistine Chapel.
3784,2455,7,13,74,94,1.2872340425531914,0.06166740635108621,590,"You know, it's getting tougher to be an art critic every day."
4710,2455,2,23,69,94,1.2872340425531914,0.05156516274621981,590,Somehow I don't feel flattered.
3519,2455,3,21,70,94,1.2872340425531914,0.05373775775420209,590,Keep quiet and we might get credit for this.
5944,2455,5,17,72,94,1.2872340425531914,0.057838635938787894,590,Get your club ready. My plan will get us credit for the cave art.
1917,2455,5,17,72,94,1.2872340425531914,0.057838635938787894,590,Those will be worth even more after that meteor hits.
2001,2455,4,19,71,94,1.2872340425531914,0.05582586504349464,590,Do you think he captured the real me?
2011,2455,4,19,71,94,1.2872340425531914,0.05582586504349464,590,I don't know what it is doing; we better kill it.
2072,2455,3,21,70,94,1.2872340425531914,0.05373775775420209,590,"Seems to me his themes merely fulminate at the margins of art-world convention. Also, he ate Zog!"
2169,2455,4,19,71,94,1.2872340425531914,0.05582586504349464,590,Have you noticed that Frank’s murals always add 10 pounds to my face?
2186,2455,4,19,71,94,1.2872340425531914,0.05582586504349464,590,In a million years they will think we drew them
2390,2455,6,15,73,94,1.2872340425531914,0.05978368010305837,590,"He’s self actualizing and if we don’t take him out now, we could become a second rate species."
2430,2455,3,21,70,94,1.2872340425531914,0.05373775775420209,590,It's his remembrance of things past...
2493,2455,3,21,70,94,1.2872340425531914,0.05373775775420209,590,I think they are called 'selfies.'
5877,2455,8,11,75,94,1.2872340425531914,0.06349527230806368,590,He's a living fossil -- he still uses Adobe.
2794,2455,2,23,69,94,1.2872340425531914,0.05156516274621981,590,I don't see a future in this for him.
2938,2455,4,19,71,94,1.2872340425531914,0.05582586504349464,590,He's still our dinner.
2976,2455,3,21,70,94,1.2872340425531914,0.05373775775420209,590,I call it... Plagarism!
3100,2455,3,21,70,94,1.2872340425531914,0.05373775775420209,590,Just another menu-on-the-wall restaurant
3346,2455,4,19,71,94,1.2872340425531914,0.05582586504349464,590,Shh. Wait 'til he leaves. Then we'll tell the others we drew it.
3388,2455,4,19,71,94,1.2872340425531914,0.05582586504349464,590,I really wish these graffiti artists would go extinct.
3670,2455,5,17,72,94,1.2872340425531914,0.057838635938787894,590,"So, is he bragging or complaining?"
3982,2455,2,23,69,94,1.2872340425531914,0.05156516274621981,590,Is that all he thinks about? Food?
4295,2455,5,17,72,94,1.2872340425531914,0.057838635938787894,590,What a great idea! He is putting the menu options on the wall for customers!
4071,2455,6,15,73,94,1.2872340425531914,0.05978368010305837,590,Weird. They’re usually left-handed.
4678,2455,4,19,71,94,1.2872340425531914,0.05582586504349464,590,"Dammit, I just painted that wall"
4561,2455,6,15,73,94,1.2872340425531914,0.05978368010305837,590,His art therapy sessions helped him reconcile with his 'tyrannical' past.
4511,2455,5,17,72,94,1.2872340425531914,0.057838635938787894,590,Who's the top of the food chain?
4296,2455,4,19,71,94,1.2872340425531914,0.05582586504349464,590,"When I traded fire for her I thought we'd make little cave people together, but now all she wants to do is draw those pictures."
4755,2455,5,17,72,94,1.2872340425531914,0.057838635938787894,590,I think we’ve found the guy to invent the wheel.
4761,2455,2,23,69,94,1.2872340425531914,0.05156516274621981,590,SO YOU SEE...HE KNOWS NOTHING ABOUT COMPOSITION
1632,2455,4,19,71,94,1.2872340425531914,0.05582586504349464,590,I say we club first; ask questions later.
4772,2455,3,21,70,94,1.2872340425531914,0.05373775775420209,590,Not his best work.
4824,2455,3,21,70,94,1.2872340425531914,0.05373775775420209,590,"It's better than letting your mother decorate for us, Paul."
4862,2455,3,21,70,94,1.2872340425531914,0.05373775775420209,590,He always gets the Mesozoic mixed with the Pleistocene period
4899,2455,1,25,68,94,1.2872340425531914,0.04929691075147575,590,"It's annoying, that's what that is."
5130,2455,4,19,71,94,1.2872340425531914,0.05582586504349464,590,"He's popular now, but it's just a fad and he'll be gone in a year."
5187,2455,3,21,70,94,1.2872340425531914,0.05373775775420209,590,Neo-mesozoic is so last century.
5197,2455,2,23,69,94,1.2872340425531914,0.05156516274621981,590,The agreement was you could have a pet if it didn't scribble on the walls.
5326,2455,6,15,73,94,1.2872340425531914,0.05978368010305837,590,Luckily he’ll be extinct in a few years or we’d never live this down.
5377,2455,5,17,72,94,1.2872340425531914,0.057838635938787894,590,I thought all they could draw were flies.
5486,2455,3,21,70,94,1.2872340425531914,0.05373775775420209,590,"If we eat him, we can take credit for the drawings and rest easier at night."
5504,2455,4,19,71,94,1.2872340425531914,0.05582586504349464,590,I'm telling you it's nothing new. Fake news has been around forever.
5565,2455,6,15,73,94,1.2872340425531914,0.05978368010305837,590,"After pea-brain leaves, we sign our names. Someday we'll be famous."
5739,2455,6,15,73,94,1.2872340425531914,0.05978368010305837,590,I guess all those art lessons were worth it.
5783,2455,3,21,70,94,1.2872340425531914,0.05373775775420209,590,Why is Eleanor's picture on your wall?
5831,2455,6,15,73,94,1.2872340425531914,0.05978368010305837,590,At least he's not an abstract expressionist.
4258,2455,5,17,72,94,1.2872340425531914,0.057838635938787894,590,His mother's a neanderthal.
4052,2455,6,15,73,94,1.2872340425531914,0.05978368010305837,590,"Don't worry, we're still going to get credit."
1626,2455,2,23,69,94,1.2872340425531914,0.05156516274621981,590,Orgg like new publicist. He fake news good.
1750,2455,4,19,71,94,1.2872340425531914,0.05582586504349464,590,"Sorry, you really do look that unintimidating."
1563,2455,6,15,73,94,1.2872340425531914,0.05978368010305837,590,My female calls him an interior decorator!
1589,2455,3,21,70,94,1.2872340425531914,0.05373775775420209,590,You hired an interior decorator without telling me?
21,2455,5,17,72,94,1.2872340425531914,0.057838635938787894,590,"No, he's drawing me next!"
112,2455,5,17,72,94,1.2872340425531914,0.057838635938787894,590,"She posts pictures of all her meals. Time to attack, before we end up on that wall."
143,2455,3,21,70,94,1.2872340425531914,0.05373775775420209,590,Our society's fiscal support for diversity and the arts is getting out of hand.
309,2455,2,23,69,94,1.2872340425531914,0.05156516274621981,590,"As soon as he's done with the drawings, you hit him from behind and I'll sign my name at the bottom."
403,2455,5,17,72,94,1.2872340425531914,0.057838635938787894,590,Now we know who killed Stan.
438,2455,6,15,73,94,1.2872340425531914,0.05978368010305837,590,I'm cancelling his commission. I specifically told him to draw me as a gatherer not a hunter.
617,2455,3,21,70,94,1.2872340425531914,0.05373775775420209,590,He's changing the menu for Restaurant Week.
663,2455,5,17,72,94,1.2872340425531914,0.057838635938787894,590,Let's kill him. Eat him. and Take the credit!
813,2455,4,19,71,94,1.2872340425531914,0.05582586504349464,590,"Sure, and you let me think YOU did it!"
874,2455,4,19,71,94,1.2872340425531914,0.05582586504349464,590,"Nah, let's just learn it ourselves."
941,2455,5,17,72,94,1.2872340425531914,0.057838635938787894,590,And you thought is was Banksy
993,2455,3,21,70,94,1.2872340425531914,0.05373775775420209,590,He's an early 'extinctionist' artist.
168,2455,5,17,72,94,1.2872340425531914,0.057838635938787894,590,Did Darwin say he came before us or after us?
1018,2455,4,19,71,94,1.2872340425531914,0.05582586504349464,590,It's either a shopping list or bragging rights-I can't figure out which.
994,2455,7,13,74,94,1.2872340425531914,0.06166740635108621,590,He keeps writing stuff on The Wall and expecting us to Like it
1531,2455,4,19,71,94,1.2872340425531914,0.05582586504349464,590,He's been like this ever since the mammals took over.
1514,2455,2,23,69,94,1.2872340425531914,0.05156516274621981,590,"He might be a great storyteller, but he's not a very nice dragon."
1470,2455,5,17,72,94,1.2872340425531914,0.057838635938787894,590,Just because we don't have a word for appropriation doesn't mean it's ok.
1493,2455,3,21,70,94,1.2872340425531914,0.05373775775420209,590,We're hungry. Sometimes it's ok to separate the art from the artist.
1418,2455,5,17,72,94,1.2872340425531914,0.057838635938787894,590,Menu.
1279,2455,5,17,72,94,1.2872340425531914,0.057838635938787894,590,I believe it's a Picassosaurus.
1246,2455,3,21,70,94,1.2872340425531914,0.05373775775420209,590,"Careful, it might be ""fake news""."
1236,2455,7,13,74,94,1.2872340425531914,0.06166740635108621,590,You'll like this guy. He doesn't use PowerPoint.
1430,2455,2,23,69,94,1.2872340425531914,0.05156516274621981,590,I hope we don't get blamed for that.
5774,2533,4,18,69,91,1.2857142857142858,0.05695941250527522,590,I'm not really into the paleo diet. Let's get Chinese.
5901,2533,2,22,67,91,1.2857142857142858,0.052497373120429694,590,"You eat what you kill, not what you draw."
3149,2533,3,20,68,91,1.2857142857142858,0.054773848036684974,590,"For God's sake, who cares if you like his work? He ate Mary and three of your kids!"
5932,2533,5,16,70,91,1.2857142857142858,0.05906415932819451,590,So it turns out Anonymous was a dragon!
6031,2533,3,20,68,91,1.2857142857142858,0.054773848036684974,590,How do you like my rex room?
3097,2533,3,20,68,91,1.2857142857142858,0.054773848036684974,590,Our paleo diet says we can't eat this guy.
3605,2533,4,18,69,91,1.2857142857142858,0.05695941250527522,590,It's meta.
3212,2533,3,20,68,91,1.2857142857142858,0.054773848036684974,590,I keep telling him that Primative arealism is passé.
3135,2533,4,18,69,91,1.2857142857142858,0.05695941250527522,590,Are they updating the menu?
2253,2533,5,16,70,91,1.2857142857142858,0.05906415932819451,590,"Although he was already well established, Dino still found it overwhelming when curators from the Museum of Mesozoic Art (""MOMA) visited his workshop"
1667,2533,3,20,68,91,1.2857142857142858,0.054773848036684974,590,"Wife hire new decorator. Don't laugh, caves he paint sometime resell for two, three sand dollar!"
3019,2533,3,20,68,91,1.2857142857142858,0.054773848036684974,590,"Look, I know you're a shaman, but you've really got to be more careful with this temporal displacement stuff."
2847,2533,3,20,68,91,1.2857142857142858,0.054773848036684974,590,"I know it's your turn, but I could really use some new loafers"
2255,2533,3,20,68,91,1.2857142857142858,0.054773848036684974,590,They will be worth more after he is dead.
2194,2533,5,16,70,91,1.2857142857142858,0.05906415932819451,590,"Yes, I felt his abstract phase had more gravitas, but I don't him evolving past this trendy stuff."
1944,2533,6,14,71,91,1.2857142857142858,0.06109644147858852,590,"As pornographers go, he's a dying breed."
1877,2533,6,14,71,91,1.2857142857142858,0.06109644147858852,590,This guy will have the Smithsonian fooled.
5518,2533,6,14,71,91,1.2857142857142858,0.06109644147858852,590,"For the last time, a petroglyph is carved into stone while a pictograph is painted on it."
1698,2533,4,18,69,91,1.2857142857142858,0.05695941250527522,590,ACTUALLY HE WANTED TO BE A CUBIST.
3085,2533,6,14,71,91,1.2857142857142858,0.06109644147858852,590,"1 meterorite away, and we will be the dominant species."
5472,2533,3,20,68,91,1.2857142857142858,0.054773848036684974,590,"Other than this stuff, it’s a clean pet."
3954,2533,3,20,68,91,1.2857142857142858,0.054773848036684974,590,They won't last.
5157,2533,4,18,69,91,1.2857142857142858,0.05695941250527522,590,You take ‘em out. I’ll sign my name.
3284,2533,7,12,72,91,1.2857142857142858,0.06306326510375779,590,A caricature of us? I don't care. When he finally goes extinct his prices are going to go through the roof!
3262,2533,3,20,68,91,1.2857142857142858,0.054773848036684974,590,His new work is very post prehistoric
3343,2533,2,22,67,91,1.2857142857142858,0.052497373120429694,590,"I told her a million times, if she doesn't sign them her husband's going to get all the credit."
3419,2533,7,12,72,91,1.2857142857142858,0.06306326510375779,590,Alright lets take him by surprise and then we'll take all the credit
3425,2533,7,12,72,91,1.2857142857142858,0.06306326510375779,590,"Since the dawn of time, immigrants have been stealing American jobs."
3674,2533,2,22,67,91,1.2857142857142858,0.052497373120429694,590,"Quite frankly, I prefer abstract to representational."
3835,2533,3,20,68,91,1.2857142857142858,0.054773848036684974,590,Now let us invent typewriter and give to monkey.
3891,2533,4,18,69,91,1.2857142857142858,0.05695941250527522,590,"Let him go, he's making us look good."
3895,2533,6,14,71,91,1.2857142857142858,0.06109644147858852,590,Ugh. Just illustration. Art not invented yet.
1568,2533,4,18,69,91,1.2857142857142858,0.05695941250527522,590,It's a shame his art will only be appreciated when he's dead.
4390,2533,8,10,73,91,1.2857142857142858,0.06497057526101396,590,It spoils the whole man cave motif.
4479,2533,2,22,67,91,1.2857142857142858,0.052497373120429694,590,He used to do murals but lately he's been scaling back.
4585,2533,4,18,69,91,1.2857142857142858,0.05695941250527522,590,I feel sorry we have to whack him.
4669,2533,3,20,68,91,1.2857142857142858,0.054773848036684974,590,"I prefer his earlier, more experimental work."
4790,2533,2,22,67,91,1.2857142857142858,0.052497373120429694,590,Do you think those primitive drawings will acquire value after his extinction or should we just cover them with wallpaper after he leaves?
4964,2533,4,18,69,91,1.2857142857142858,0.05695941250527522,590,After the meteor hits we'll take credit for it.
5043,2533,2,22,67,91,1.2857142857142858,0.052497373120429694,590,That pterodactyl should keep them guessing for years to come.
5088,2533,4,18,69,91,1.2857142857142858,0.05695941250527522,590,"If you think that's impressive, you should see what 1000 chimpanzees can do."
5113,2533,2,22,67,91,1.2857142857142858,0.052497373120429694,590,I told the decorator I wanted a more post-modern look.
5169,2533,2,22,67,91,1.2857142857142858,0.052497373120429694,590,"Says he wants to make his mark,reckons something will happen"
1369,2533,2,22,67,91,1.2857142857142858,0.052497373120429694,590,He's pretty good but he's no Ug.
4297,2533,5,16,70,91,1.2857142857142858,0.05906415932819451,590,You know we're going to be the ones they blame for coloring on the cave walls.
1323,2533,6,14,71,91,1.2857142857142858,0.06109644147858852,590,Chalk it up to cultural appropriation.
1330,2533,4,18,69,91,1.2857142857142858,0.05695941250527522,590,"Great illustrations, but the plot is a bit narrow."
65,2533,5,16,70,91,1.2857142857142858,0.05906415932819451,590,Just think what it will be worth after he's extinct!
126,2533,2,22,67,91,1.2857142857142858,0.052497373120429694,590,I can tell already that this artist is not going to be appreciated in his time.
160,2533,5,16,70,91,1.2857142857142858,0.05906415932819451,590,"I say we kill him, eat him, sign our name to his work, and give future Creationists a really bad day."
181,2533,4,18,69,91,1.2857142857142858,0.05695941250527522,590,A bit too primitive if you ask me.
226,2533,6,14,71,91,1.2857142857142858,0.06109644147858852,590,Do you think that's Banksy?
166,2533,3,20,68,91,1.2857142857142858,0.054773848036684974,590,I don't think he's captured the human condition.
256,2533,3,20,68,91,1.2857142857142858,0.054773848036684974,590,Maybe we can beat him to the punchline..
407,2533,3,20,68,91,1.2857142857142858,0.054773848036684974,590,And he calls himself a home decorator.
708,2533,1,24,66,91,1.2857142857142858,0.05011760110325882,590,He seems to be a little behind the times.
893,2533,8,10,73,91,1.2857142857142858,0.06497057526101396,590,You won't be able to afford him once he's extinct.
1192,2533,5,16,70,91,1.2857142857142858,0.05906415932819451,590,It's his evolutionary thesis.
248,2533,4,18,69,91,1.2857142857142858,0.05695941250527522,590,When he dies we'll make a fortune.
4621,2592,6,15,74,95,1.2842105263157895,0.059228254158353755,590,It's in the lease: No pets!
931,2592,3,21,71,95,1.2842105263157895,0.05325498655943968,590,"Once we've wiped them out, we can develop an anthropocentric paradigm."
4469,2592,2,23,70,95,1.2842105263157895,0.05110899556548356,590,Nobody's collecting him now.
5733,2592,6,15,74,95,1.2842105263157895,0.059228254158353755,590,I can't stand these Neolithicists and their cavalier approaches no man-versus-nature themes.
4027,2596,3,20,69,92,1.2826086956521738,0.054264149630728925,590,His work is evolving.
113,2596,1,24,67,92,1.2826086956521738,0.04966703986213996,590,Sure we’ll sign it. He’ll be extinct anyway.
4257,2596,4,18,70,92,1.2826086956521738,0.05642241999759943,590,Imagine what he could create with opposing thumbs!
4141,2596,5,16,71,92,1.2826086956521738,0.05850111983222951,590,"I say let him finish the wall, then eat him."
3920,2596,3,20,69,92,1.2826086956521738,0.054264149630728925,590,"He calls it Art, but I know Grafitti when I see it."
4100,2596,4,18,70,92,1.2826086956521738,0.05642241999759943,590,"Huh, who knew? Banksy's a lizard."
3898,2596,4,18,70,92,1.2826086956521738,0.05642241999759943,590,It all started with ancestry.com.
2115,2596,2,22,68,92,1.2826086956521738,0.052016405026748716,590,"It's OK, but Rembrandt he ain't."
1006,2596,5,16,71,92,1.2826086956521738,0.05850111983222951,590,A million years from now they're gonna blame us for those doodles!
1067,2596,1,24,67,92,1.2826086956521738,0.04966703986213996,590,"Oh, he’s our new artist in residence"
1928,2596,6,14,72,92,1.2826086956521738,0.06050845035913782,590,He's a real Dinotello.
2022,2596,4,18,70,92,1.2826086956521738,0.05642241999759943,590,She's on loan from the Creation Museum.
2061,2596,5,16,71,92,1.2826086956521738,0.05850111983222951,590,You said the handwriting was on the wall!
4265,2596,2,22,68,92,1.2826086956521738,0.052016405026748716,590,"This ones okay, but the hunting theme is so yesterday."
2121,2596,3,20,69,92,1.2826086956521738,0.054264149630728925,590,Let's make him extinct before that graffiti drives property values down.
2415,2596,3,20,69,92,1.2826086956521738,0.054264149630728925,590,I guess that's his interpretation of what happened
2491,2596,3,20,69,92,1.2826086956521738,0.054264149630728925,590,You wait! Someday I bet we’ll be blamed for that mess.
2743,2596,4,18,70,92,1.2826086956521738,0.05642241999759943,590,Donald Trump is a jackass.
770,2596,6,14,72,92,1.2826086956521738,0.06050845035913782,590,Looks like the General is borrowing some well thought out strategy from World War III again.
5167,2596,6,14,72,92,1.2826086956521738,0.06050845035913782,590,The art fellowship rules actively encourage non-Neanderthal participation.
3788,2596,3,20,69,92,1.2826086956521738,0.054264149630728925,590,He's printing up the menu for the week.
5394,2596,4,18,70,92,1.2826086956521738,0.05642241999759943,590,Don't disturb him. His opening is next week.
3143,2596,4,18,70,92,1.2826086956521738,0.05642241999759943,590,"Three months before the flood, all that was going on? I had no idea."
5333,2596,4,18,70,92,1.2826086956521738,0.05642241999759943,590,Let's ask him to draw what comes after us.
1759,2620,6,12,67,85,1.2823529411764707,0.06397602121235052,590,I think his work's derivative.
1931,2621,6,15,75,96,1.28125,0.058682772285892346,590,It's really quite derivative of her earlier work
1406,2622,1,23,65,89,1.2808988764044944,0.05050501862456418,590,He calls them Emojis.
1411,2622,0,25,64,89,1.2808988764044944,0.04791027333833943,590,He does have the advantage of an outside perspective.
1674,2622,2,21,66,89,1.2808988764044944,0.052972818701488324,590,"An artist, yes-- but one whose work is somewhat primitive. I say we bop him."
1781,2622,5,15,69,89,1.2808988764044944,0.05976794597374316,590,"Zero tolerance on graffiti, I say. We don't want future generations thinking we're uncouth."
2207,2622,6,13,70,89,1.2808988764044944,0.061867357959051864,590,Let's scat before we end up on his trophy wall!
2232,2622,7,11,71,89,1.2808988764044944,0.06389782935082094,590,"I don’t know about you ,but I think It looks like fake news ."
2266,2622,4,17,68,89,1.2808988764044944,0.05759205458226946,590,Lately we've been investing in art that's more representational.
2412,2622,3,19,67,89,1.2808988764044944,0.05533066180784329,590,A starving young artist he’s not.
2572,2622,5,15,69,89,1.2808988764044944,0.05976794597374316,590,I hope we're never given credit for this crap.
2663,2622,3,19,67,89,1.2808988764044944,0.05533066180784329,590,His last painting brought a prehistoric record price for contemporary art
2600,2622,4,17,68,89,1.2808988764044944,0.05759205458226946,590,Well no wonder they are going extinct. All they do is stand around and draw pictures.
2793,2622,5,15,69,89,1.2808988764044944,0.05976794597374316,590,"I tell ya, they'll be worth more when he's dead!"
2839,2622,4,17,68,89,1.2808988764044944,0.05759205458226946,590,He calls himself a Gnu Age artist.
2874,2622,2,21,66,89,1.2808988764044944,0.052972818701488324,590,Anybody else getting tired of her Pre-Meteoric phase?
2953,2622,3,19,67,89,1.2808988764044944,0.05533066180784329,590,"Sure he's weird, but think of the resale value."
3218,2622,6,13,70,89,1.2808988764044944,0.061867357959051864,590,Nobody's going to remember these started out as a menu.
3245,2622,3,19,67,89,1.2808988764044944,0.05533066180784329,590,"I mean, the story doesn't seem to flow here."
3431,2622,1,23,65,89,1.2808988764044944,0.05050501862456418,590,"Great artists copy, good artists steal."
3479,2622,4,17,68,89,1.2808988764044944,0.05759205458226946,590,So now he wants to be called Picassosaurus--sheesh!
2580,2622,5,15,69,89,1.2808988764044944,0.05976794597374316,590,"It´s OK, but the Cro-Magnon guy over at Altamira has better technique."
3370,2622,4,17,68,89,1.2808988764044944,0.05759205458226946,590,"They call it ""liz-art""."
3577,2622,6,13,70,89,1.2808988764044944,0.061867357959051864,590,Somebody's gotta do something about this spread of fake news...
1400,2622,5,15,69,89,1.2808988764044944,0.05976794597374316,590,We have to put an end to this. We can't wait for something to fall out of the sky.
4635,2622,0,25,64,89,1.2808988764044944,0.04791027333833943,590,Do we kill him or hire him?
4697,2622,5,15,69,89,1.2808988764044944,0.05976794597374316,590,He’s keeping a food diary.
4707,2622,3,19,67,89,1.2808988764044944,0.05533066180784329,590,You just know we're going to get the blame.
4782,2622,5,15,69,89,1.2808988764044944,0.05976794597374316,590,What a mess. I hope no one blames us.
4900,2622,3,19,67,89,1.2808988764044944,0.05533066180784329,590,"Artisauris, smartisauris. I call him lunch."
5217,2622,3,19,67,89,1.2808988764044944,0.05533066180784329,590,No archeologist will ever believe us.
4542,2622,6,13,70,89,1.2808988764044944,0.061867357959051864,590,"Seems like a waste of time, no one is ever going to see it."
5362,2622,2,21,66,89,1.2808988764044944,0.052972818701488324,590,Do you think we are in it.
5481,2622,4,17,68,89,1.2808988764044944,0.05759205458226946,590,I hate when he paints his menu on our living room wall!
5689,2622,3,19,67,89,1.2808988764044944,0.05533066180784329,590,Leave him alone. It's not like anyone will ever see these anyway.
5713,2622,4,17,68,89,1.2808988764044944,0.05759205458226946,590,And you thought art was extinct!
5744,2622,4,17,68,89,1.2808988764044944,0.05759205458226946,590,We may as well. No one would believe us anyway.
5959,2622,5,15,69,89,1.2808988764044944,0.05976794597374316,590,It'll be worth more when he's dead.
6020,2622,4,17,68,89,1.2808988764044944,0.05759205458226946,590,We’re gonna get blamed for this.
5364,2622,4,17,68,89,1.2808988764044944,0.05759205458226946,590,His Shrink says that drawing will keep him from eating us.
3561,2622,4,17,68,89,1.2808988764044944,0.05759205458226946,590,Everything is based on perspective
4473,2622,2,21,66,89,1.2808988764044944,0.052972818701488324,590,It’s Banksy!
4292,2622,3,19,67,89,1.2808988764044944,0.05533066180784329,590,We have have one shot to flip the script.
3621,2622,5,15,69,89,1.2808988764044944,0.05976794597374316,590,He’s nearly finished. Time to invent white wine for the opening.
3634,2622,5,15,69,89,1.2808988764044944,0.05976794597374316,590,He's gotta go. He's out-evolving us.
3680,2622,4,17,68,89,1.2808988764044944,0.05759205458226946,590,"""Leave him alone. This is museum quality""."
3692,2622,3,19,67,89,1.2808988764044944,0.05533066180784329,590,I figure this artwork could be worth a fortune when he becomes extinct!
3774,2622,5,15,69,89,1.2808988764044944,0.05976794597374316,590,His first love was graffiti but he couldn't spell his own name.
3781,2622,5,15,69,89,1.2808988764044944,0.05976794597374316,590,He used to just draw flies.
4350,2622,2,21,66,89,1.2808988764044944,0.052972818701488324,590,"You tell him he's just ""copying."""
3789,2622,5,15,69,89,1.2808988764044944,0.05976794597374316,590,There’s got to be a way to take credit for this.
3896,2622,5,15,69,89,1.2808988764044944,0.05976794597374316,590,Please tell me you got him the washable cave ink.
3926,2622,5,15,69,89,1.2808988764044944,0.05976794597374316,590,Looks like we have to call the exterminator again.
4031,2622,3,19,67,89,1.2808988764044944,0.05533066180784329,590,Don't try to stop me. I'm calling the Vatican.
4146,2622,5,15,69,89,1.2808988764044944,0.05976794597374316,590,I don't undestand Modern Art.
4152,2622,4,17,68,89,1.2808988764044944,0.05759205458226946,590,That species will never be able to make a living.
4168,2622,4,17,68,89,1.2808988764044944,0.05759205458226946,590,That asteroid better hurry up or we’re in real trouble
3833,2622,4,17,68,89,1.2808988764044944,0.05759205458226946,590,I told you not to leave the chalk out!
1362,2622,4,17,68,89,1.2808988764044944,0.05759205458226946,590,Let him keep drawing. They’ll be worth more when he’s extinct.
1823,2622,4,17,68,89,1.2808988764044944,0.05759205458226946,590,It’s a graffitisaurus!
1322,2622,3,19,67,89,1.2808988764044944,0.05533066180784329,590,I name Doodlesaurus.
96,2622,2,21,66,89,1.2808988764044944,0.052972818701488324,590,He paints like a child.
356,2622,5,15,69,89,1.2808988764044944,0.05976794597374316,590,Its value will increase when he's extinct.
374,2622,6,13,70,89,1.2808988764044944,0.061867357959051864,590,So easy a dinosaur could do it.
440,2622,2,21,66,89,1.2808988764044944,0.052972818701488324,590,He's pretty good.
536,2622,4,17,68,89,1.2808988764044944,0.05759205458226946,590,It is not done well; but you are surprised to find it done at all.
606,2622,2,21,66,89,1.2808988764044944,0.052972818701488324,590,"They say that in each picture he camouflages the word ""dino""."
637,2622,2,21,66,89,1.2808988764044944,0.052972818701488324,590,"Once he's extinct, we can take credit for the drawings."
651,2622,4,17,68,89,1.2808988764044944,0.05759205458226946,590,The faster we kill him the less time it’ll take to rewrite history...
767,2622,6,13,70,89,1.2808988764044944,0.061867357959051864,590,"Decoraptors may be on the brink of extinction, but this ""wallpaper"" concept's got real legs."
787,2622,4,17,68,89,1.2808988764044944,0.05759205458226946,590,"I'll bonk him good. You lay the groundwork for future anthropologists to attribute complex representational thought, manual dexterity, and aesthetic intention to anatomically-modern hominids."
51,2622,5,15,69,89,1.2808988764044944,0.05976794597374316,590,"I've got a great idea: put up a sign that says ""MOMA- Museum of Monster Art"" and we'll charge people 25 bucks for admission."
815,2622,4,17,68,89,1.2808988764044944,0.05759205458226946,590,It lacks a human element.
1332,2622,5,15,69,89,1.2808988764044944,0.05976794597374316,590,Leave him alone. In a few thousand years we'll get all the credit.
900,2622,5,15,69,89,1.2808988764044944,0.05976794597374316,590,You pretend to admire the art while I sneak up behind him.
927,2622,4,17,68,89,1.2808988764044944,0.05759205458226946,590,His realism is reminiscent of the Cro-Magnon period. Too bad the rest of his species is extinct.
1033,2622,2,21,66,89,1.2808988764044944,0.052972818701488324,590,I hear he’s showing at the Museum of Pre-Modern Art next month.
1111,2622,4,17,68,89,1.2808988764044944,0.05759205458226946,590,The paintings will become extremely valuable once the asteroid arrives.
1125,2622,4,17,68,89,1.2808988764044944,0.05759205458226946,590,Did he cite your work?
1176,2622,4,17,68,89,1.2808988764044944,0.05759205458226946,590,It's a Trumpasaurus. They prefer pictures.
1245,2622,5,15,69,89,1.2808988764044944,0.05976794597374316,590,"He got Og and Gog. Now he's got their horses, too?"
887,2622,3,19,67,89,1.2808988764044944,0.05533066180784329,590,Can we auction this stuff once he’s extinct?
1186,2622,2,21,66,89,1.2808988764044944,0.052972818701488324,590,The original Paleo.
5928,2703,5,16,72,93,1.2795698924731183,0.057948388713777145,590,He’s so lucky we’re on the Paleo diet!
2807,2703,6,14,73,93,1.2795698924731183,0.05993137613320423,590,Last night he cut off an ear...
396,2703,5,16,72,93,1.2795698924731183,0.057948388713777145,590,All she ever thinks about is food.
1458,2703,5,16,72,93,1.2795698924731183,0.057948388713777145,590,Never trust an interior designer with short arms.
2889,2703,6,14,73,93,1.2795698924731183,0.05993137613320423,590,He better retouch my thighs.
4248,2708,1,22,63,86,1.2790697674418605,0.05138615587138972,590,I look good but you don't want to know how bad he drew you.
934,2708,1,22,63,86,1.2790697674418605,0.05138615587138972,590,You let him out of your sight for five minutes...
81,2710,4,14,61,79,1.2784810126582278,0.06224385059028908,590,"Nice handwriting, but terrible spelling."
1465,2711,3,19,68,90,1.2777777777777777,0.05480137275994074,590,They say cave painting is a dying art!
1296,2711,0,25,65,90,1.2777777777777777,0.04747764511811838,590,It proves my theory about a monkey and a typewriter.
1211,2711,2,21,67,90,1.2777777777777777,0.05247382744032159,590,Nobody likes a show-off.
932,2711,5,15,70,90,1.2777777777777777,0.05918248251508745,590,Perhaps it was premature to declare figurative art extinct?
5020,2711,2,21,67,90,1.2777777777777777,0.05247382744032159,590,"Sure he's your pet. But if we kill him, we get credit for inventing rock art."
811,2711,3,19,68,90,1.2777777777777777,0.05480137275994074,590,He likes to draw a picture of his food to share and compare with his friends. Those are pictures of Charlie and Bernice in the middle. You will notice he only has a picture of their backs since they were running away.
795,2711,3,19,68,90,1.2777777777777777,0.05480137275994074,590,These could be worth something some day.
727,2711,3,19,68,90,1.2777777777777777,0.05480137275994074,590,I thought Artasaurs only lived in lofts
713,2711,4,17,69,90,1.2777777777777777,0.057034010436855166,590,He's too talented to eat.
5926,2711,4,17,69,90,1.2777777777777777,0.057034010436855166,590,We've got nothing to worry about -- it's just an avocation for him.
450,2711,4,17,69,90,1.2777777777777777,0.057034010436855166,590,Does this drawing make me look fat?
14,2711,0,25,65,90,1.2777777777777777,0.04747764511811838,590,We have some specials tonight. May I pull up a chair?
5456,2711,4,17,69,90,1.2777777777777777,0.057034010436855166,590,We need an audio guide.
5784,2711,1,23,66,90,1.2777777777777777,0.05003813222033091,590,I don't think much of his color palate.
5875,2711,4,17,69,90,1.2777777777777777,0.057034010436855166,590,"Pete, I'm gonna be honest. I'm confused."
1543,2711,4,17,69,90,1.2777777777777777,0.057034010436855166,590,I didn't know they had opposable thumbs
1785,2711,4,17,69,90,1.2777777777777777,0.057034010436855166,590,It's from his Anachronistic Period.
1903,2711,4,17,69,90,1.2777777777777777,0.057034010436855166,590,Gary Larson would have drawn the dinosaur better.
2082,2711,5,15,70,90,1.2777777777777777,0.05918248251508745,590,"Yeah, he can draw -- but he can't roar or maim worth a damn."
4441,2711,4,17,69,90,1.2777777777777777,0.057034010436855166,590,"Interesting, yes. But I prefer his earlier work."
4502,2711,0,25,65,90,1.2777777777777777,0.04747764511811838,590,It’s the beginning of the dino-expressionism period.
4016,2711,5,15,70,90,1.2777777777777777,0.05918248251508745,590,Are we the hunters or the hunted?
4774,2711,5,15,70,90,1.2777777777777777,0.05918248251508745,590,"Yeah, he's good, but what will it look like in a hundred years?"
3914,2711,2,21,67,90,1.2777777777777777,0.05247382744032159,590,Another one of those artsy-fartsy types!
3907,2711,2,21,67,90,1.2777777777777777,0.05247382744032159,590,Told you those drawings were counterfeit.
3667,2711,4,17,69,90,1.2777777777777777,0.057034010436855166,590,It's ridiculous; every hunting season my wife gets the decorative wall painters in
4363,2711,2,21,67,90,1.2777777777777777,0.05247382744032159,590,You call THAT art?
3405,2711,5,15,70,90,1.2777777777777777,0.05918248251508745,590,I told you it was a Crayolasaurus.
2948,2711,3,19,68,90,1.2777777777777777,0.05480137275994074,590,"I may be hairy, but I'm not THAT hairy."
2800,2711,4,17,69,90,1.2777777777777777,0.057034010436855166,590,Wrong millenium.
2660,2711,5,15,70,90,1.2777777777777777,0.05918248251508745,590,"""It's something he call,s 'art nouveau'""."
2577,2711,4,17,69,90,1.2777777777777777,0.057034010436855166,590,So you're saying that we HAVE to give credit to the original artist when we repost?
2404,2711,4,17,69,90,1.2777777777777777,0.057034010436855166,590,I would give it a good review.
2223,2711,4,17,69,90,1.2777777777777777,0.057034010436855166,590,He's talented...I've seen his art in metropolitan caves.
2197,2711,5,15,70,90,1.2777777777777777,0.05918248251508745,590,"Let's have him finish our office art. After we club him, we won't have to worry about paying him."
3404,2711,3,19,68,90,1.2777777777777777,0.05480137275994074,590,"Some people call it graffiti, i like to think of it as art."
4006,2711,3,19,68,90,1.2777777777777777,0.05480137275994074,590,That sets the creation of the earth at six thousand years.
5608,2748,3,20,71,94,1.2765957446808511,0.05327150239189492,590,I do not copy his work—it’s just one of myriad sources of inspiration.
3820,2748,4,18,72,94,1.2765957446808511,0.05537719355921566,590,"Claim he died millions of years ago just so you can steal credit for his work? That's a new low, even for you."
1472,2750,3,18,66,87,1.2758620689655173,0.05589938065066062,590,I believe he was self-taught.
2987,2750,4,16,67,87,1.2758620689655173,0.058241299466009394,590,You hired a Graffiti Rex?
2712,2750,2,20,65,87,1.2758620689655173,0.05345495814950673,590,Good for resale value
2689,2750,0,24,63,87,1.2758620689655173,0.04819560289115227,590,That's what happens when we go away for 3 months and leave the cave door open.
4282,2750,4,16,67,87,1.2758620689655173,0.058241299466009394,590,It's a time traveler!
232,2750,5,14,68,87,1.2758620689655173,0.060492620788417835,590,Maybe if you’d landed that audition with Geico we could afford better interior design.
2267,2750,4,16,67,87,1.2758620689655173,0.058241299466009394,590,Just wait until her father gets home.
3068,2750,0,24,63,87,1.2758620689655173,0.04819560289115227,590,"I suppose it's considered primitivism, since cubism hasn't been invented yet."
1593,2750,6,12,69,87,1.2758620689655173,0.06266311017028485,590,"And you thought we had a wonderful stone age free of fake news, ha!"
1670,2750,2,20,65,87,1.2758620689655173,0.05345495814950673,590,"Look, If we don't get rid of them, there goes our future status as the intelligent species."
1902,2750,4,16,67,87,1.2758620689655173,0.058241299466009394,590,I say we begin persecuting this artist RIGHT now.
5412,2750,5,14,68,87,1.2758620689655173,0.060492620788417835,590,Forget the clubs. It's going to take an act of God to bring this guy down.
5206,2750,2,20,65,87,1.2758620689655173,0.05345495814950673,590,I could tell that wasn't your handwriting.
4756,2750,1,22,64,87,1.2758620689655173,0.05089326423411629,590,"Hey, the art lessons have really paid off for our little Dino!"
3047,2750,2,20,65,87,1.2758620689655173,0.05345495814950673,590,And then they'll blame us.
4752,2750,5,14,68,87,1.2758620689655173,0.060492620788417835,590,She's a bit too realist for my taste...
249,2750,1,22,64,87,1.2758620689655173,0.05089326423411629,590,Now that he is on PBS his work is reaching a much wider audience.
4712,2750,3,18,66,87,1.2758620689655173,0.05589938065066062,590,Want to go to his cooking class tomorrow?
4620,2750,7,10,70,87,1.2758620689655173,0.06476089547385205,590,He’s got to stop watching Bob Ross...
4415,2750,3,18,66,87,1.2758620689655173,0.05589938065066062,590,Let him draw. The last guy to criticize his drawing got eaten!
1962,2750,4,16,67,87,1.2758620689655173,0.058241299466009394,590,"Such a show-off. Like anyone's going to care 20,000 years from now."
4356,2750,5,14,68,87,1.2758620689655173,0.060492620788417835,590,"He's very talented, but I'm not sure he's going to make it."
4304,2750,4,16,67,87,1.2758620689655173,0.058241299466009394,590,Do you think that we can finally fool the evolutionists with our artist in residence?
1092,2750,4,16,67,87,1.2758620689655173,0.058241299466009394,590,"In three days he ate a Pterodactyls, a fish, three water buffalo and Morris and Sidney and no, I'm not feeling your parietal art appreciation at all right now..."
872,2750,3,18,66,87,1.2758620689655173,0.05589938065066062,590,But he's not drawing to scale!
3802,2750,4,16,67,87,1.2758620689655173,0.058241299466009394,590,This disproves evolution.
3677,2750,5,14,68,87,1.2758620689655173,0.060492620788417835,590,"""I've hired an interior decorator""."
3333,2750,4,16,67,87,1.2758620689655173,0.058241299466009394,590,He says he feels compelled to leave his mark
5848,2778,5,15,71,91,1.2747252747252746,0.05860805860805862,590,It's like he sees into my soul!
5761,2778,5,15,71,91,1.2747252747252746,0.05860805860805862,590,Relax. Who do you think will get credit for it.
95,2778,0,25,66,91,1.2747252747252746,0.04705213398778438,590,He's also a prolific reader.
5118,2778,0,25,66,91,1.2747252747252746,0.04705213398778438,590,I have a feeling he won't get credit for it.
5037,2778,2,21,68,91,1.2747252747252746,0.051983687837675596,590,I told you it was fake news!
4789,2778,0,25,66,91,1.2747252747252746,0.04705213398778438,590,Personally I prefer hunting over art appreciation.
4206,2778,3,19,69,91,1.2747252747252746,0.054281710044960324,590,But is it truly “modern” if it’s done by a big lizard?
2644,2778,5,15,71,91,1.2747252747252746,0.05860805860805862,590,He won't let us in until he's finished…you know how these interior designers are.
1996,2778,2,21,68,91,1.2747252747252746,0.051983687837675596,590,Perhaps the gentleman would prefer the 'kiddie' menu?
752,2778,3,19,69,91,1.2747252747252746,0.054281710044960324,590,I thought Grafitisaurus' were extinct?
87,2778,4,17,70,91,1.2747252747252746,0.056486319490699606,590,"Yea, You're Right....Outsider Art"
3725,2778,2,21,68,91,1.2747252747252746,0.051983687837675596,590,How's about we knock him off and take the credit?
5254,2778,3,19,69,91,1.2747252747252746,0.054281710044960324,590,We're safe until he runs out of wall!
2601,2778,4,17,70,91,1.2747252747252746,0.056486319490699606,590,"All icon, no clastic."
388,2792,1,21,62,84,1.2738095238095237,0.05179284412244768,590,"No, I still don't believe he's ""Banksy""."
2148,2792,1,21,62,84,1.2738095238095237,0.05179284412244768,590,"What did you expect from a pea-brain, the Mona Lisa?"
4876,2792,2,19,63,84,1.2738095238095237,0.0544918382414929,590,"I know they say he's the best, but this sure doesn't look like Mid-Century to me."
2876,2792,0,23,61,84,1.2738095238095237,0.04894524460708413,590,"If we whack him now, in five thousand years they'll think we did it."
4683,2792,1,21,62,84,1.2738095238095237,0.05179284412244768,590,"You tell Daenerys."" "" No, you tell her."
1546,2797,5,14,69,88,1.2727272727272727,0.05988336086844929,590,"He's the last one of his kind but he claims ""emojis"" are gonna be the next big thing."
370,2797,3,18,67,88,1.2727272727272727,0.05534935292479492,590,"I prefer his earlier, abstract work. Now, those captured modernity."
399,2797,5,14,69,88,1.2727272727272727,0.05988336086844929,590,Oh my apologies that's the lunch menu... Let me get you the full dinner menu.
414,2797,4,16,68,88,1.2727272727272727,0.05766093902328693,590,Who’s gonna tell him it’s not the pattern we picked out?
5477,2797,3,18,67,88,1.2727272727272727,0.05534935292479492,590,We probably shouldn't eat our historian.
862,2797,4,16,68,88,1.2727272727272727,0.05766093902328693,590,"Well done, Holmes! We’ll catch our plagiarist and eat him too!"
904,2797,3,18,67,88,1.2727272727272727,0.05534935292479492,590,Much too primitive for my cave!
940,2797,2,20,66,88,1.2727272727272727,0.0529369233082146,590,"The writing's on the wall: bye-bye dinos, here come the cavemen!"
5354,2797,3,18,67,88,1.2727272727272727,0.05534935292479492,590,I regret having sent him to art school. We just repainted the cave and he’s out of control.
1297,2797,1,22,65,88,1.2727272727272727,0.05040917406074102,590,"You have to ask yourself. ""Why dinosaurs Paint?"""
1395,2797,5,14,69,88,1.2727272727272727,0.05988336086844929,590,He is plagiarizing your work.
4856,2797,4,16,68,88,1.2727272727272727,0.05766093902328693,590,"See, Mike, these days everyone thinks they can be an artist."
1703,2797,4,16,68,88,1.2727272727272727,0.05766093902328693,590,"Harrumph, I could have drawn those!"
1771,2797,5,14,69,88,1.2727272727272727,0.05988336086844929,590,He really captured your eyes.
2345,2797,3,18,67,88,1.2727272727272727,0.05534935292479492,590,I told you he draws everyone with the same haircut.
3742,2797,3,18,67,88,1.2727272727272727,0.05534935292479492,590,"Dude, the fat one is definitely you."
3753,2797,4,16,68,88,1.2727272727272727,0.05766093902328693,590,Artists are not like other people.
3899,2797,6,12,70,88,1.2727272727272727,0.06202620356554665,590,Dang! We gotta step up our game.
1634,2797,4,16,68,88,1.2727272727272727,0.05766093902328693,590,Primitive? Outsider? All I know is he is mucking up my wall!
3983,2797,2,20,66,88,1.2727272727272727,0.0529369233082146,590,Let's club him and take credit for the art.
4768,2797,1,22,65,88,1.2727272727272727,0.05040917406074102,590,"Once he leaves, we'll put our fingerprints in the paint."
2675,2818,4,17,71,92,1.2717391304347827,0.05594871053561892,590,The wife has Mr. Lascaux redecorating my man cave.
4757,2818,4,17,71,92,1.2717391304347827,0.05594871053561892,590,And it was then we realized history is a sham.
5029,2818,1,23,68,92,1.2717391304347827,0.04912823608557881,590,"Just think, someday we’ll be able to say ‘we knew him when’."
5400,2818,5,15,72,92,1.2717391304347827,0.05804437745241002,590,I don't think he's telling our story. It's his dinner menu.
1433,2822,6,11,68,85,1.2705882352941176,0.06348478565417674,590,"Eh, I think it looks kinda primitive."
2549,2822,4,15,66,85,1.2705882352941176,0.05890750308679626,590,"Hey, he's no Picasso, so lets eat him."
2718,2822,3,17,65,85,1.2705882352941176,0.05647992453166862,590,Good artists copy. Great artists steal.
2878,2822,3,17,65,85,1.2705882352941176,0.05647992453166862,590,It's still his early work.
2533,2822,1,21,63,85,1.2705882352941176,0.05128116404165499,590,Is it important? Probably not.
2896,2822,5,13,67,85,1.2705882352941176,0.06123892524153929,590,He charges a mammoth leg for commission.
3026,2822,6,11,68,85,1.2705882352941176,0.06348478565417674,590,... so we decided to hire an Interior Dinosaur
3263,2822,5,13,67,85,1.2705882352941176,0.06123892524153929,590,"It's amazing. He just used to grunt and chase females, but then he evolved."
3476,2822,3,17,65,85,1.2705882352941176,0.05647992453166862,590,"Geez, she just got past stick figures. Give her a little time for impressionism."
4237,2822,3,17,65,85,1.2705882352941176,0.05647992453166862,590,He's putting up the lunch menu as we speak.
3752,2822,3,17,65,85,1.2705882352941176,0.05647992453166862,590,"We better do something fast, before we end up on that wall."
3930,2822,4,15,66,85,1.2705882352941176,0.05890750308679626,590,"If we get rid of him, they will think we did the drawings"
3968,2822,5,13,67,85,1.2705882352941176,0.06123892524153929,590,"O.K., but we'll take credit for the drawings anyway."
3013,2822,1,21,63,85,1.2705882352941176,0.05128116404165499,590,I thought you said they couldn't use tools.
4254,2822,6,11,68,85,1.2705882352941176,0.06348478565417674,590,You should never have given him that first taste of meat.
2246,2822,2,19,64,85,1.2705882352941176,0.05394320930650174,590,There's no way it has staying power.
1582,2822,4,15,66,85,1.2705882352941176,0.05890750308679626,590,Where did you find your decorator?
2030,2822,4,15,66,85,1.2705882352941176,0.05890750308679626,590,He had me at fish.
540,2822,3,17,65,85,1.2705882352941176,0.05647992453166862,590,His style has really evolved over the years....
545,2822,1,21,63,85,1.2705882352941176,0.05128116404165499,590,"Remember Bob, cave paintings always add 10 pounds."
805,2822,0,23,62,85,1.2705882352941176,0.048473144530236545,590,Don’t worry. These artistic types are a pushover.
915,2822,3,17,65,85,1.2705882352941176,0.05647992453166862,590,"We slay him, nobody knows it's not us."
1826,2822,4,15,66,85,1.2705882352941176,0.05890750308679626,590,Did he gives us spears again?
1714,2822,1,21,63,85,1.2705882352941176,0.05128116404165499,590,"He's about to become extinct, but his artwork will make him immortal."
1687,2822,3,17,65,85,1.2705882352941176,0.05647992453166862,590,"I said, ""Get him an Etch-A-Sketch"", but you said, ""No, give him crayons"". We've created a monster!"
4531,2822,2,19,64,85,1.2705882352941176,0.05394320930650174,590,When is it gonna be OUR turn?
997,2822,3,17,65,85,1.2705882352941176,0.05647992453166862,590,"hey wait a minute, we don't exist yet"
1361,2822,3,17,65,85,1.2705882352941176,0.05647992453166862,590,"I’m just concerned that if anyone ever finds these, they’ll think we did them."
4344,2822,2,19,64,85,1.2705882352941176,0.05394320930650174,590,"Not your normal starving artist, by the looks of it."
2361,2822,1,21,63,85,1.2705882352941176,0.05128116404165499,590,"I am telling you man, it is the communication of the future."
4546,2822,4,15,66,85,1.2705882352941176,0.05890750308679626,590,Don't you think it's about time that we pay him for his internship?
3721,2822,6,11,68,85,1.2705882352941176,0.06348478565417674,590,"Unfortunately, I think it's a menu."
4959,2822,0,23,62,85,1.2705882352941176,0.048473144530236545,590,I told you they were teaching evolution in schools!
4153,2822,4,15,66,85,1.2705882352941176,0.05890750308679626,590,"See—I meant ""lizard brain"" as a compliment!"
5922,2822,3,17,65,85,1.2705882352941176,0.05647992453166862,590,"Be gentle with your criticism, these artists are very sensitive."
5851,2822,3,17,65,85,1.2705882352941176,0.05647992453166862,590,"Well, he ain't no Bob Ross."
5841,2822,2,19,64,85,1.2705882352941176,0.05394320930650174,590,"Damn, you're right! He IS posting surveilled data about us on his wall."
5580,2822,4,15,66,85,1.2705882352941176,0.05890750308679626,590,Damn it! I told him not to paint in the living room.
2311,2822,0,23,62,85,1.2705882352941176,0.048473144530236545,590,Let's club it to death.
5469,2822,7,9,69,85,1.2705882352941176,0.06565386549453651,590,Let's kill him and take credit for his work.
4198,2822,4,15,66,85,1.2705882352941176,0.05890750308679626,590,He is reporting us to the game warden!
5450,2822,3,17,65,85,1.2705882352941176,0.05647992453166862,590,Looks like life imitating art to me
5238,2822,4,15,66,85,1.2705882352941176,0.05890750308679626,590,"You left the paints out again, didn't you."
5082,2822,4,15,66,85,1.2705882352941176,0.05890750308679626,590,"Hey, let's just check out the menu."
5026,2822,2,19,64,85,1.2705882352941176,0.05394320930650174,590,What does that say about our taste if we eat the artist.
4272,2867,6,12,71,89,1.2696629213483146,0.0614018332262938,590,"Og kill, Gork open museum."
1274,2867,4,16,69,89,1.2696629213483146,0.05709167972413532,590,"He says he'd like more light in his studio, but he can't beat the rent"
2561,2867,4,16,69,89,1.2696629213483146,0.05709167972413532,590,I can't tell if he's vegan or paleo...
2827,2867,6,12,71,89,1.2696629213483146,0.0614018332262938,590,"HIS WORK CAME HIGHLY RECOMMENDED, BUT I THINK HE JUST ATE THE KIDS"
3521,2867,6,12,71,89,1.2696629213483146,0.0614018332262938,590,We better nip this in the bud.
4370,2867,2,20,67,89,1.2696629213483146,0.052428376514029984,590,"His work is a little derivative, but he’s cheaper than an interior decorator."
4448,2867,4,16,69,89,1.2696629213483146,0.05709167972413532,590,Extinction trumps cultural appropriation.
5266,2874,2,17,59,78,1.2692307692307692,0.05675506881788138,590,"Once the meteor hits, this will be worth millions."
5218,2874,4,13,61,78,1.2692307692307692,0.06234692055364978,590,"They'll never believe this, in a hundred million years."
409,2874,0,21,57,78,1.2692307692307692,0.05054836466713621,590,"She said: ""Wanna come up and see my etchings?"""
1592,2874,4,13,61,78,1.2692307692307692,0.06234692055364978,590,The thing about being a white male is no matter how sh**tty his drawings are we'll get the credit
4680,2878,3,16,63,82,1.2682926829268293,0.057679665728435664,590,"First things first, he’s a realist."
1861,2878,4,14,64,82,1.2682926829268293,0.060233362522744895,590,See? Selfies. Again. And she never gets them the way she likes the first time so she spends hours trying to get it right.
1551,2880,2,19,65,86,1.2674418604651163,0.05340503827774727,590,"I give ‘em one more eon, two at best"
1834,2880,7,9,70,86,1.2674418604651163,0.06496219800418704,590,"He ate the dog, now this!"
29,2880,3,17,66,86,1.2674418604651163,0.05590792363042257,590,"Well for one, everybody knows that humans and pterodactyls never coexisted."
58,2880,4,15,67,86,1.2674418604651163,0.058303462469073586,590,His paintings will be worth a fortune after he's extinct!
343,2880,2,19,65,86,1.2674418604651163,0.05340503827774727,590,"Asteroid showers in the forecast or not, now we have to evict them."
554,2880,5,13,68,86,1.2674418604651163,0.06060438554345867,590,"If we lose his caption contest one more time, the dinosaur is going extinct."
797,2880,5,13,68,86,1.2674418604651163,0.06060438554345867,590,There's no way he's getting his cleaning deposit back.
1052,2880,1,21,64,86,1.2674418604651163,0.05077893561537245,590,The wife thought our cave needed some interior decorating and she was cheaper than the wallpaper lizard.
1364,2880,4,15,67,86,1.2674418604651163,0.058303462469073586,590,I haven't seen a drawasaurus in years!
1138,2880,3,17,66,86,1.2674418604651163,0.05590792363042257,590,"I know, I know: every painter paints himself, but jeez."
1311,2880,6,11,69,86,1.2674418604651163,0.06282109007584707,590,"Our deal with him is that when the nursery is done, it's back on."
1325,2880,5,13,68,86,1.2674418604651163,0.06060438554345867,590,It’s always gossip and fake news! I say we club him before he posts anything else to his wall!
1499,2880,4,15,67,86,1.2674418604651163,0.058303462469073586,590,Any idea when we can expect the next big asteroid?
1786,2880,5,13,68,86,1.2674418604651163,0.06060438554345867,590,"That's Thag, my ghost writer."
2402,2880,3,17,66,86,1.2674418604651163,0.05590792363042257,590,Are we on today’s specials again?
2221,2880,6,11,69,86,1.2674418604651163,0.06282109007584707,590,Ugh. We are witnessing the beginnings of Fake News .
5817,2880,5,13,68,86,1.2674418604651163,0.06060438554345867,590,"They don't even understand proper proportion and perspective, to say nothing of shadows."
5745,2880,4,15,67,86,1.2674418604651163,0.058303462469073586,590,See! I told you there were lizard people.
5666,2880,2,19,65,86,1.2674418604651163,0.05340503827774727,590,"All I know is that when I left a month ago, someone was giving a workshop here called 'Discover the Artist Within You.'"
5554,2880,2,19,65,86,1.2674418604651163,0.05340503827774727,590,"No skill - practice in cave, I tell him. You'll go extinct before anyone notices, I tell him. Sad."
5552,2880,3,17,66,86,1.2674418604651163,0.05590792363042257,590,I hear the dinosaur hieroglyphic artists are a dying breed.
5324,2880,3,17,66,86,1.2674418604651163,0.05590792363042257,590,Should we tell him those aren't what we're hunting this season?
2152,2880,1,21,64,86,1.2674418604651163,0.05077893561537245,590,Better in here than out there.
4455,2880,3,17,66,86,1.2674418604651163,0.05590792363042257,590,He has a cave opening next week.
4144,2880,4,15,67,86,1.2674418604651163,0.058303462469073586,590,They say history is written by the victors...
4032,2880,5,13,68,86,1.2674418604651163,0.06060438554345867,590,Nature or nurture?
4018,2880,5,13,68,86,1.2674418604651163,0.06060438554345867,590,I thought Grafitisaurus' were extinct?
3747,2880,2,19,65,86,1.2674418604651163,0.05340503827774727,590,"I bet it's so easy, a caveman could do it."
4470,2880,5,13,68,86,1.2674418604651163,0.06060438554345867,590,I can't wait till they invent wallpaper.
3378,2880,3,17,66,86,1.2674418604651163,0.05590792363042257,590,"Ogg the Merciless Critic was right, this guy is a brilliant primitivist"
3384,2880,3,17,66,86,1.2674418604651163,0.05590792363042257,590,"It helps him blow off steam from his day job in banking, at Gringotts."
2254,2880,2,19,65,86,1.2674418604651163,0.05340503827774727,590,He got it wrong -- I'm not left-handed!
2350,2880,3,17,66,86,1.2674418604651163,0.05590792363042257,590,Dinosaur only copy Og. Creationism only half right.
1335,2880,1,21,64,86,1.2674418604651163,0.05077893561537245,590,Next it'll be PowerPoint on the cave wall just to mess with future academics.
2448,2880,4,15,67,86,1.2674418604651163,0.058303462469073586,590,"See, I told you they were harmless."
2682,2880,3,17,66,86,1.2674418604651163,0.05590792363042257,590,Once he leaves we can both sign it and take credit
1340,2880,4,15,67,86,1.2674418604651163,0.058303462469073586,590,Why can't we draw like that?
2861,2880,3,17,66,86,1.2674418604651163,0.05590792363042257,590,How's Darwin gonna explain this???
2819,2880,4,15,67,86,1.2674418604651163,0.058303462469073586,590,They're calling it avant-garde. I say we leave it and design the furniture around it
3324,2880,2,19,65,86,1.2674418604651163,0.05340503827774727,590,Let's see what's on the menu.
3115,2880,4,15,67,86,1.2674418604651163,0.058303462469073586,590,We better not get blamed for that.
4505,2921,6,12,72,90,1.2666666666666666,0.060789643641268855,590,He ate the last artist in residence.
5164,2922,2,18,63,83,1.2650602409638554,0.05443681509701885,590,The daily specials: I recommend the pterodactyl.
1892,2922,4,14,65,83,1.2650602409638554,0.0595909687658098,590,He draws in a Pre-Basquiat style.
1789,2922,1,20,62,83,1.2650602409638554,0.05166728633900439,590,We should have him paint that big rock in the sky.
1757,2922,0,22,61,83,1.2650602409638554,0.0487406413310937,590,"Oh, don't be impressed: the genre is dated."
1938,2922,5,12,66,83,1.2650602409638554,0.0620075956534203,590,"No Og, how about YOU ask him to leave!"
1650,2922,1,20,62,83,1.2650602409638554,0.05166728633900439,590,Primitive naive. But what did you expect?
1455,2922,6,10,67,83,1.2650602409638554,0.06433350821297108,590,Annoying yes but not dangerous just a Graffitisauros.
1336,2922,4,14,65,83,1.2650602409638554,0.0595909687658098,590,Who created the earth and left HIM in charge?
1309,2922,4,14,65,83,1.2650602409638554,0.0595909687658098,590,Alvin's journaling again.
976,2922,3,16,64,83,1.2650602409638554,0.05707210525447058,590,How did it get charcoal without fire?
975,2922,4,14,65,83,1.2650602409638554,0.0595909687658098,590,"So what's next, she sleeps between us?"
4953,2922,4,14,65,83,1.2650602409638554,0.0595909687658098,590,I told you he was right-handed. Now Lascaux to our other cave.
5246,2922,3,16,64,83,1.2650602409638554,0.05707210525447058,590,So who knew they were menus?
1733,2922,1,20,62,83,1.2650602409638554,0.05166728633900439,590,And he's even using perspective.
2564,2922,3,16,64,83,1.2650602409638554,0.05707210525447058,590,They're much bigger in real life.
4765,2922,3,16,64,83,1.2650602409638554,0.05707210525447058,590,"Yes, he draws well. But I'm afraid those are his dinner plans."
5977,2922,3,16,64,83,1.2650602409638554,0.05707210525447058,590,Not very original.
5884,2922,2,18,63,83,1.2650602409638554,0.05443681509701885,590,Did you tell your wife that you hired an interior decorator to paint the nursery?
4298,2922,1,20,62,83,1.2650602409638554,0.05166728633900439,590,"He keeps babbling that he wants to leave something for ""posterity""."
4268,2922,2,18,63,83,1.2650602409638554,0.05443681509701885,590,It's a genre from the Paleoartocene.
5870,2922,5,12,66,83,1.2650602409638554,0.0620075956534203,590,My wife is gonna be pissed.
2484,2922,2,18,63,83,1.2650602409638554,0.05443681509701885,590,"You break his opposable thumbs, I'll steal his crayons."
4267,2922,5,12,66,83,1.2650602409638554,0.0620075956534203,590,And he can give us an insurance quote in 15 minutes or less.
4781,2922,2,18,63,83,1.2650602409638554,0.05443681509701885,590,One day we're gonna get blamed for this.
4201,2922,4,14,65,83,1.2650602409638554,0.0595909687658098,590,He posts pictures of every meal he eats. Those two just to his left were to die for.
3940,2922,3,16,64,83,1.2650602409638554,0.05707210525447058,590,I vote we wait till he's filled up the whole gallery.
3750,2922,5,12,66,83,1.2650602409638554,0.0620075956534203,590,That's it! He's in time out!
3703,2922,4,14,65,83,1.2650602409638554,0.0595909687658098,590,She's the new interior designer and says this is the latest rage in al fresco cave art.
3525,2922,4,14,65,83,1.2650602409638554,0.0595909687658098,590,I told you we were being followed.
3473,2922,3,16,64,83,1.2650602409638554,0.05707210525447058,590,I find his work menacing/playful because of the way the disjunctive perturbation of the negative space contextualize the eloquence of the pieces.
3446,2922,1,20,62,83,1.2650602409638554,0.05166728633900439,590,"I was against commissioning a reptile at first, but his work was highly recommended."
3345,2922,4,14,65,83,1.2650602409638554,0.0595909687658098,590,Surprisingly sophisticated for someone so unevolved
3340,2922,3,16,64,83,1.2650602409638554,0.05707210525447058,590,"It's total crap, but if they go extinct we could make a killing."
3117,2922,6,10,67,83,1.2650602409638554,0.06433350821297108,590,My daughter told me he was in law school.
3021,2922,3,16,64,83,1.2650602409638554,0.05707210525447058,590,Fake News B.C.E.
4299,2922,3,16,64,83,1.2650602409638554,0.05707210525447058,590,"You can call them pictographs if you want, but to me it's just graffiti and must be stopped."
4398,2922,5,12,66,83,1.2650602409638554,0.0620075956534203,590,When we develop fire we can show them at night and charge admission.
973,2922,3,16,64,83,1.2650602409638554,0.05707210525447058,590,He comes highly recommended on Cave Advisor's interior decorators.
4414,2922,3,16,64,83,1.2650602409638554,0.05707210525447058,590,Are you being paid to model too?
2142,2922,3,16,64,83,1.2650602409638554,0.05707210525447058,590,Paintings do furnish a cave but Man can't live on Art alone.
5276,2922,4,14,65,83,1.2650602409638554,0.0595909687658098,590,Not to worry: it'll be extinct and we'll get the credit.
5506,2922,4,14,65,83,1.2650602409638554,0.0595909687658098,590,"Representational art is so late Cretaceous period, don't you agree?"
2528,2922,1,20,62,83,1.2650602409638554,0.05166728633900439,590,I told you the art classes would mellow him out.
2262,2922,5,12,66,83,1.2650602409638554,0.0620075956534203,590,"Sorry, Jerry. Not only is he replacing you as Tribe Graphic Artist....he also laughed when I told him which art school you attended."
2341,2922,0,22,61,83,1.2650602409638554,0.0487406413310937,590,"Well I'll be dammed ,you can teach an old dog new tricks"
2453,2922,5,12,66,83,1.2650602409638554,0.0620075956534203,590,"Yeah, but can he talk?i"
2468,2922,4,14,65,83,1.2650602409638554,0.0595909687658098,590,Didn't you hear? Glog's pterodactyl is getting his own show.
5535,2922,5,12,66,83,1.2650602409638554,0.0620075956534203,590,Maybe we can draw him out.
1967,2922,3,16,64,83,1.2650602409638554,0.05707210525447058,590,In the era when dinosaurs dominated interior design
5602,2922,6,10,67,83,1.2650602409638554,0.06433350821297108,590,"Drat, he beat us to it!"
5639,2922,1,20,62,83,1.2650602409638554,0.05166728633900439,590,Just say you like it and he won't eat us.
5653,2922,3,16,64,83,1.2650602409638554,0.05707210525447058,590,But how do you get it home?
4691,2922,4,14,65,83,1.2650602409638554,0.0595909687658098,590,"What even is that? A dinosaur? God, this is so fucked."
5718,2922,3,16,64,83,1.2650602409638554,0.05707210525447058,590,He was with Gaugin in Tahiti.
5724,2922,4,14,65,83,1.2650602409638554,0.0595909687658098,590,"Yes, but I own the copyright."
6015,2922,4,14,65,83,1.2650602409638554,0.0595909687658098,590,This is not Banksy!
5993,2922,3,16,64,83,1.2650602409638554,0.05707210525447058,590,"It’s risky, because clearly he isn’t a STARVING artist."
4607,2922,5,12,66,83,1.2650602409638554,0.0620075956534203,590,"Well, history isn't always drawn by the victors."
4604,2922,7,8,68,83,1.2650602409638554,0.06657821444931343,590,"Our wives, kids & History will mock us if we bring down another Artisticus Rex. I say we keep after the Orange Tyranus who's been crapping all over the neighborhood."
5614,2922,1,20,62,83,1.2650602409638554,0.05166728633900439,590,Maybe our species is headed the wrong way.
891,2922,3,16,64,83,1.2650602409638554,0.05707210525447058,590,He has such poor command of light and shadow. Nobody can even tell that it's you and me in the picture.
3988,2922,2,18,63,83,1.2650602409638554,0.05443681509701885,590,I knew that Throg was plagiarizing.
619,2922,3,16,64,83,1.2650602409638554,0.05707210525447058,590,Wilma's gonna be pissed. She wanted water color.
6,2922,4,14,65,83,1.2650602409638554,0.0595909687658098,590,Everyone is a critic!
83,2922,3,16,64,83,1.2650602409638554,0.05707210525447058,590,"It got a ""genius"" grant."
86,2922,3,16,64,83,1.2650602409638554,0.05707210525447058,590,"Evolutionarily-speaking, it shouldn't be standing upright either."
155,2922,2,18,63,83,1.2650602409638554,0.05443681509701885,590,"""Artist-in-Residence"" does not mean he lives in my home."
178,2922,5,12,66,83,1.2650602409638554,0.0620075956534203,590,"Okay, we'll sneak up behind him with our erasers"
851,2922,1,20,62,83,1.2650602409638554,0.05166728633900439,590,"If this ever leaks, National Geographics will end our royalties!"
282,2922,4,14,65,83,1.2650602409638554,0.0595909687658098,590,For my money I don’t think these modernists are going to last.
324,2922,2,18,63,83,1.2650602409638554,0.05443681509701885,590,I knew it! I knew his son wasn't doing those paintings!
336,2922,3,16,64,83,1.2650602409638554,0.05707210525447058,590,"I expected Banksy to be, at the very least, human."
375,2922,2,18,63,83,1.2650602409638554,0.05443681509701885,590,This will really throw them a few thousand years from now.
245,2922,5,12,66,83,1.2650602409638554,0.0620075956534203,590,Dramatic foreshadowing. Spears must be about to be invented.
850,2996,3,17,67,87,1.264367816091954,0.05534700167800779,590,"Well, he's no Picasso"
1258,2996,5,13,69,87,1.264367816091954,0.059982555859760325,590,See? We did coexist with dinosaurs.
1876,2996,6,11,70,87,1.264367816091954,0.06217085501930308,590,We should take his art class first.
2143,2996,4,15,68,87,1.264367816091954,0.057711340316330656,590,We shouldn't have rushed to judgment. It wasn't Larry after all.
2248,2996,4,15,68,87,1.264367816091954,0.057711340316330656,590,Obvious fake news.
3195,2996,3,17,67,87,1.264367816091954,0.05534700167800779,590,"I hear service is good, but their dinner menu is a little sketchy."
2966,2996,3,17,67,87,1.264367816091954,0.05534700167800779,590,Super weird - why a fish out of water?
3857,2996,4,15,68,87,1.264367816091954,0.057711340316330656,590,He said it's mixed-media!
4558,2996,5,13,69,87,1.264367816091954,0.059982555859760325,590,Leave him alone. He could make this into a major tourist attraction.
5305,2996,4,15,68,87,1.264367816091954,0.057711340316330656,590,and he has an exhibition on the modern life of cavemen next week
5110,2996,3,17,67,87,1.264367816091954,0.05534700167800779,590,"Great! When our wives come home, we're going to get blamed for it."
2765,2996,5,13,69,87,1.264367816091954,0.059982555859760325,590,"Her short stories are terrific, but the novels have a lot of gratuitous violence and lack character development."
4838,2996,5,13,69,87,1.264367816091954,0.059982555859760325,590,He's been in there for three hours. Can't make up his mind. Such a dinosaur.
5359,2996,4,15,68,87,1.264367816091954,0.057711340316330656,590,It looks like he hunts exactly what we hunt.
3056,3010,3,15,62,80,1.2625,0.0583088405482046,590,"Millennia from now, they will think we did those ugly cave drawings."
1140,3010,3,15,62,80,1.2625,0.0583088405482046,590,They replaced us with a dinasaur??
6007,3010,1,19,60,80,1.2625,0.05260237155937825,590,How derivative!
5532,3010,1,19,60,80,1.2625,0.05260237155937825,590,He's been struggling a bit with his move toward realism.
3165,3010,1,19,60,80,1.2625,0.05260237155937825,590,The archaeologists will never guess.
5910,3010,2,17,61,80,1.2625,0.05552895811982625,590,He got your nose completely wrong
5435,3016,3,16,65,84,1.2619047619047619,0.05647680289606312,590,When we adopted him they said he went to a Montessori school and that we should let him express himself.
4866,3016,3,16,65,84,1.2619047619047619,0.05647680289606312,590,My wife hired him to do a mural for the den.
4587,3016,3,16,65,84,1.2619047619047619,0.05647680289606312,590,He's part of the realist movement - the couple a few caves over recommended him
4516,3016,5,12,67,84,1.2619047619047619,0.06134617127947345,590,His psychiatrist told him to take up a hobby.
4491,3016,4,14,66,84,1.2619047619047619,0.058961775736536534,590,Nobody will know and we can get the credit
3488,3016,4,14,66,84,1.2619047619047619,0.058961775736536534,590,Let's come back later. These cave drawings tend to drag on.
5927,3016,4,14,66,84,1.2619047619047619,0.058961775736536534,590,Actually a hybrid. The famous Croc-Magnon.
2069,3016,4,14,66,84,1.2619047619047619,0.058961775736536534,590,I say we become his agents first. Then we break his legs.
2716,3016,4,14,66,84,1.2619047619047619,0.058961775736536534,590,Those are good but her watercolor primitives are the best.
2368,3016,3,16,65,84,1.2619047619047619,0.05647680289606312,590,Some pets do tricks you know.
2087,3016,2,18,64,84,1.2619047619047619,0.05387733783991093,590,"When she's done, we'll kill her and sign our names."
3767,3016,4,14,66,84,1.2619047619047619,0.058961775736536534,590,Let's not let this get out.
1673,3016,2,18,64,84,1.2619047619047619,0.05387733783991093,590,His art harks back to an earlier era.
818,3016,4,14,66,84,1.2619047619047619,0.058961775736536534,590,He is clearly the breakout artist of the Upper Paleolithic period but I got him from the shealter for hunting.
996,3016,2,18,64,84,1.2619047619047619,0.05387733783991093,590,"Walks upright, has opposable thumbs and creative thought...let's eat."
2278,3016,1,20,63,84,1.2619047619047619,0.05114592652470999,590,"'Wow, now that's pre-primitive art!'"
599,3016,4,14,66,84,1.2619047619047619,0.058961775736536534,590,Do you think he owns the copyrights for it?
425,3016,3,16,65,84,1.2619047619047619,0.05647680289606312,590,After he finish den we eat him!
357,3016,3,16,65,84,1.2619047619047619,0.05647680289606312,590,This evolutionary branch stops right here.
220,3016,5,12,67,84,1.2619047619047619,0.06134617127947345,590,This would blow Darwin's theory out of the water -- too bad no one will know.
2763,3016,1,20,63,84,1.2619047619047619,0.05114592652470999,590,"The bottom one is John, no question. I am not sure about the other one."
5379,3016,1,20,63,84,1.2619047619047619,0.05114592652470999,590,Primitive art you say? I say cultural appropriation!
2256,3016,2,18,64,84,1.2619047619047619,0.05387733783991093,590,Hard to believe anything on two legs could be that stupid.
3379,3039,3,17,68,88,1.2613636363636365,0.05479685620357946,590,And this one comes complete with an Interior Designosaur.
5352,3039,3,17,68,88,1.2613636363636365,0.05479685620357946,590,So that's why there are no signatures.
5791,3041,0,20,57,77,1.2597402597402598,0.05029848501568073,590,Let him finish then we'll kill him
2100,3041,3,14,60,77,1.2597402597402598,0.059625733486870995,590,"Let it go Ourg, millennia from now, we’ll get all the credit!"
1239,3041,1,18,58,77,1.2597402597402598,0.05358825519207446,590,"You have to admit it Allen. While he really puts your handprint turkeys to shame, we have clubs. On three?"
506,3041,3,14,60,77,1.2597402597402598,0.059625733486870995,590,It is so cold-blooded how he paints his victims.
2530,3041,3,14,60,77,1.2597402597402598,0.059625733486870995,590,"Can't be, Wikipedia says they've been extinct for 65 million years."
3078,3041,3,14,60,77,1.2597402597402598,0.059625733486870995,590,"Marge calls it ""modern"". I call it ""a hell of a lot of money for something with no obvious evolutionary purpose."""
3014,3041,2,16,59,77,1.2597402597402598,0.056687428890267476,590,I think it's supposed to be primitive.
2080,3041,3,14,60,77,1.2597402597402598,0.059625733486870995,590,"Yes, I'm also impressed by her refined technique, but I'm more concerned that ""Cretaceous: Dawn of a New Age"" won't evolve past the themes she explored in her last piece."
1981,3041,6,8,63,77,1.2597402597402598,0.06767952860963261,590,He captured your eyes perfectly.
3722,3041,0,20,57,77,1.2597402597402598,0.05029848501568073,590,Your chase scene is next where the longhorn gets you.
1685,3041,1,18,58,77,1.2597402597402598,0.05358825519207446,590,It's a memo to his spouse of what he'll try to bring home for dinner.
1977,3041,4,12,61,77,1.2597402597402598,0.06242588880829495,590,"Personally, I prefer his Post Neanderthal Blue Period"
926,3041,3,14,60,77,1.2597402597402598,0.059625733486870995,590,Her work will be worth a fortune after she goes extinct.
509,3041,2,16,59,77,1.2597402597402598,0.056687428890267476,590,You hire a therapod to decorate your newborn baby's bedroom and yet you still wonder why homosapiens continue to stereotype us neanderthals.
4847,3041,0,20,57,77,1.2597402597402598,0.05029848501568073,590,They really are the greatest generation
223,3041,2,16,59,77,1.2597402597402598,0.056687428890267476,590,"Og says he's a great artist, but I think that's a croc."
1143,3041,4,12,61,77,1.2597402597402598,0.06242588880829495,590,"Rare meat plus posthumous art, we are about to make a killing."
4194,3041,3,14,60,77,1.2597402597402598,0.059625733486870995,590,"What's next, a giant meteor that wipes out the face of the Earth?"
1366,3059,3,15,63,81,1.2592592592592593,0.057675598157027524,590,He says we weren't drawing them accurately.
1342,3059,3,15,63,81,1.2592592592592593,0.057675598157027524,590,I don't get modern art.
1745,3059,2,17,62,81,1.2592592592592593,0.054934803608116006,590,The irony is breathtaking.
1509,3059,3,15,63,81,1.2592592592592593,0.057675598157027524,590,The birth of domesticated animals
1448,3059,3,15,63,81,1.2592592592592593,0.057675598157027524,590,The reptilian brain is truly a marvel.
2034,3059,3,15,63,81,1.2592592592592593,0.057675598157027524,590,"No Og, I don't think you can call it Post Modern."
2013,3059,1,19,61,81,1.2592592592592593,0.05204988637983404,590,The size of that print makes the space look even smaller.
1891,3059,2,17,62,81,1.2592592592592593,0.054934803608116006,590,"I get that its art too, but this graffiti stuff just really drives down the property value."
1715,3059,3,15,63,81,1.2592592592592593,0.057675598157027524,590,I hate revisionist historians.
2258,3059,4,13,64,81,1.2592592592592593,0.0602919281337026,590,"Sure, he's good, but he will never make any money at it!"
2124,3059,5,11,65,81,1.2592592592592593,0.06279935169560431,590,These artist-type are so reclusive you'd think they're extinct.
4108,3059,1,19,61,81,1.2592592592592593,0.05204988637983404,590,"He changes the decor just to irritate me, but I’ll be damned if I’m going to find another cave."
4139,3059,2,17,62,81,1.2592592592592593,0.054934803608116006,590,Never thought I'd be so impressed by something that wants to kill me
4203,3059,1,19,61,81,1.2592592592592593,0.05204988637983404,590,"Rock, paper, scissors to decide who goes in to tell him there's only one moon."
4204,3059,4,13,64,81,1.2592592592592593,0.0602919281337026,590,"20,000 years from now they will think we created them."
4489,3059,3,15,63,81,1.2592592592592593,0.057675598157027524,590,See? I told you our guys aren't smart enough to do those drawings.
4681,3059,1,19,61,81,1.2592592592592593,0.05204988637983404,590,"Charles Schulz, he's not."
4920,3059,1,19,61,81,1.2592592592592593,0.05204988637983404,590,"He can´t speak, we´ll take the credit."
5159,3059,4,13,64,81,1.2592592592592593,0.0602919281337026,590,People are going to think these were cave man drawings.
5173,3059,0,21,60,81,1.2592592592592593,0.04899539464934425,590,He's trying to fool furure anthropologists.
4090,3059,3,15,63,81,1.2592592592592593,0.057675598157027524,590,I think they're trying to represent us as the hunted.
5243,3059,2,17,62,81,1.2592592592592593,0.054934803608116006,590,"Remember, a gallery report is more a review than an exhaustive essay."
5416,3059,1,19,61,81,1.2592592592592593,0.05204988637983404,590,"We have to address the graffiti problem, immediately. It's a ""quality of life"" crime."
5491,3059,3,15,63,81,1.2592592592592593,0.057675598157027524,590,You club him and I’ll sign our names on the art.
5500,3059,2,17,62,81,1.2592592592592593,0.054934803608116006,590,"Let him finish, then we'll eat him..."
5779,3059,4,13,64,81,1.2592592592592593,0.0602919281337026,590,Too much competition. Let's exterminate him.
5867,3059,3,15,63,81,1.2592592592592593,0.057675598157027524,590,"While her representations are good, I've always found them a little too cold blooded."
5921,3059,3,15,63,81,1.2592592592592593,0.057675598157027524,590,It'll double in value once he's dead.
215,3059,3,15,63,81,1.2592592592592593,0.057675598157027524,590,He's going to get all the credit.
1262,3059,4,13,64,81,1.2592592592592593,0.0602919281337026,590,Are you into Art Dino?
1565,3059,2,17,62,81,1.2592592592592593,0.054934803608116006,590,"I wanted something modern for this wall, but he's really hard to get."
5285,3059,2,17,62,81,1.2592592592592593,0.054934803608116006,590,"""Somebody needs another timeout""!"
4007,3059,6,9,66,81,1.2592592592592593,0.06521043282095929,590,He has the aesthetic of a Neanderthal.
3769,3059,3,15,63,81,1.2592592592592593,0.057675598157027524,590,We look better in profile.
3754,3059,3,15,63,81,1.2592592592592593,0.057675598157027524,590,"You know, this paleo diet thing is pretty overrated. Are you up for trying some homemade Dino burgers and fries instead?"
2125,3059,0,21,60,81,1.2592592592592593,0.04899539464934425,590,That's so 60 million years ago.
1303,3059,4,13,64,81,1.2592592592592593,0.0602919281337026,590,Didn't you tell him that we're not paying for interior decorating.
2268,3059,2,17,62,81,1.2592592592592593,0.054934803608116006,590,I didn't know he could stand on two legs!
2360,3059,1,19,61,81,1.2592592592592593,0.05204988637983404,590,He’s an impressionist. He hasn’t got a Spinosaurus bone in his body.
2379,3059,3,15,63,81,1.2592592592592593,0.057675598157027524,590,Early plagiarism.
2437,3059,3,15,63,81,1.2592592592592593,0.057675598157027524,590,I've found that most artists never get the recognition they deserve
2462,3059,5,11,65,81,1.2592592592592593,0.06279935169560431,590,Look! It’s a BobRossasaur!
2766,3059,1,19,61,81,1.2592592592592593,0.05204988637983404,590,He's why cavemen drew on walls?
2845,3059,4,13,64,81,1.2592592592592593,0.0602919281337026,590,"You know who they’re gonna blame, don’t you?"
2875,3059,2,17,62,81,1.2592592592592593,0.054934803608116006,590,The Dawn of Creationism.
2887,3059,3,15,63,81,1.2592592592592593,0.057675598157027524,590,They'll think it was us.
2978,3059,5,11,65,81,1.2592592592592593,0.06279935169560431,590,He’s recommending that new restaurant by the river.
3072,3059,3,15,63,81,1.2592592592592593,0.057675598157027524,590,"If he asks for more art supplies one more time, he's going on the endangered species list."
3171,3059,5,11,65,81,1.2592592592592593,0.06279935169560431,590,"First they outsourced our manufacturing, now they're outsourcing our journalism?"
3180,3059,5,11,65,81,1.2592592592592593,0.06279935169560431,590,Now if he can just breathe fire our job is done.
3197,3059,5,11,65,81,1.2592592592592593,0.06279935169560431,590,Let's kill him and claim we did them.
3290,3059,3,15,63,81,1.2592592592592593,0.057675598157027524,590,I'll take it if the lease includes pest extermination and a paint job.
3327,3059,2,17,62,81,1.2592592592592593,0.054934803608116006,590,Crayonosaurus Kilroy - they're all over the place!
3402,3059,3,15,63,81,1.2592592592592593,0.057675598157027524,590,"'Don't worry, we'll still get the credit for it"""
3550,3059,4,13,64,81,1.2592592592592593,0.0602919281337026,590,"Don't take it personally, Larry. Artistic skill is purely a quirk of genetics--and we just don't have it."
3751,3059,1,19,61,81,1.2592592592592593,0.05204988637983404,590,I thought you were just being modest when you said you weren't the one behind the paintings.
2112,3059,3,15,63,81,1.2592592592592593,0.057675598157027524,590,Early Cultural Appropriators
1104,3059,3,15,63,81,1.2592592592592593,0.057675598157027524,590,He's pretty good if you like representational art.
4551,3059,4,13,64,81,1.2592592592592593,0.0602919281337026,590,The only way to stop them from writing all that fake news is to kill them all.
690,3059,3,15,63,81,1.2592592592592593,0.057675598157027524,590,"See? Study Fire Science in school good. Study Art, die from club on head."
687,3059,4,13,64,81,1.2592592592592593,0.0602919281337026,590,When did you say that asteroid was coming?
681,3059,4,13,64,81,1.2592592592592593,0.0602919281337026,590,And his art will increase in value after his death.
424,3059,3,15,63,81,1.2592592592592593,0.057675598157027524,590,Darwin is turning in his grave.
304,3059,3,15,63,81,1.2592592592592593,0.057675598157027524,590,A little too derivative for my taste...
212,3059,6,9,66,81,1.2592592592592593,0.06521043282095929,590,"I disagree, his use of color conveys a perspective both dull and tepid ."
118,3059,4,13,64,81,1.2592592592592593,0.0602919281337026,590,The ones that draw pictures cook up really tender.
61,3059,5,11,65,81,1.2592592592592593,0.06279935169560431,590,Definitely put that in the category of fake news.
855,3059,2,17,62,81,1.2592592592592593,0.054934803608116006,590,"Now remember, no comments about composition or line weight."
715,3127,3,16,66,85,1.2588235294117647,0.055893408901902156,590,I don't get this modern art. Let's club it into extinction.
969,3127,2,18,65,85,1.2588235294117647,0.053328801916575144,590,Someday it'll be worth millions at Sotheby's. How do you steal a wall?
1251,3129,2,19,68,89,1.2584269662921348,0.05185055991740916,590,"He's good, but mine are better!"
5070,3130,3,15,64,82,1.2560975609756098,0.0570555644212122,590,Don't worry. When they're involved like that they never hear you coming.
5307,3130,2,17,63,82,1.2560975609756098,0.05435276726322922,590,Then we can go on in and sign it.
1783,3130,4,13,65,82,1.2560975609756098,0.059635992099364196,590,I always thought the graffitisaurus was extinct.
5042,3130,5,11,66,82,1.2560975609756098,0.062109304262145476,590,I heard he's feuding with the T-Rex so he's been drawing him with cartoonishly small arms.
5528,3130,3,15,64,82,1.2560975609756098,0.0570555644212122,590,"Are you sure he's a forward thinker, or just hungry?"
4437,3130,4,13,65,82,1.2560975609756098,0.059635992099364196,590,He's too avant garde for my taste.
1241,3130,4,13,65,82,1.2560975609756098,0.059635992099364196,590,I detect a lack of fresh fruits and vegetables in his diet.......
1858,3130,3,15,64,82,1.2560975609756098,0.0570555644212122,590,I thought we were the ones who got to paint on the walls.
1511,3130,4,13,65,82,1.2560975609756098,0.059635992099364196,590,Cut him a break. In a few months he'll be extinct.
1112,3130,3,15,64,82,1.2560975609756098,0.0570555644212122,590,I don't see why he's highly recommended.
670,3130,2,17,63,82,1.2560975609756098,0.05435276726322922,590,"They said they have ""artistic"" intelligence."
2995,3130,1,19,62,82,1.2560975609756098,0.051508340945117116,590,"""Its work is too accomplished to be considered primitive""."
5940,3130,6,9,67,82,1.2560975609756098,0.06448782674412354,590,It's those mushrooms.
2321,3143,4,14,68,86,1.255813953488372,0.05774145523777671,590,"Your scientists were so preoccupied with whether they could, they didn't stop to think if they should."
3269,3143,5,12,69,86,1.255813953488372,0.060063911495953054,590,Evolution? Creationism? I just want my markers back!
3325,3143,4,14,68,86,1.255813953488372,0.05774145523777671,590,"An interesting take on Postmodernism, isn't it? You really have to appreciate his artistic vision."" ""I think he just likes to draw what he eats."
5484,3143,3,16,67,86,1.255813953488372,0.05532158567646684,590,I told you they were fakes
1346,3143,3,16,67,86,1.255813953488372,0.05532158567646684,590,He's our new visiting artist.
3965,3143,3,16,67,86,1.255813953488372,0.05532158567646684,590,Let's bump him off and say we did it.
800,3143,3,16,67,86,1.255813953488372,0.05532158567646684,590,Do you think we could get him to do the baby’s room?
227,3150,3,17,70,90,1.2555555555555555,0.05372773437412524,590,He couldn't wait to use the new crayon color.
236,3150,3,17,70,90,1.2555555555555555,0.05372773437412524,590,You pose first.
746,3152,2,15,58,75,1.2533333333333334,0.05724401171194134,590,Honestly i'm surprised he's moved past his surrealism phase so quickly.
1600,3153,2,16,61,79,1.2531645569620253,0.05543593847887846,590,He started doing this after he ate Moe
4655,3153,3,14,62,79,1.2531645569620253,0.05828990667222849,590,We club tagger!
1542,3153,3,14,62,79,1.2531645569620253,0.05828990667222849,590,I prefer Tricasso.
1510,3153,4,12,63,79,1.2531645569620253,0.0610105168366915,590,Let's knock this fucker out and tell Werner Herzog we drew the horses.
886,3153,3,14,62,79,1.2531645569620253,0.05828990667222849,590,"We were going to eat him, but his work is an airy but dark commentary on contemporary gender roles."
958,3153,4,12,63,79,1.2531645569620253,0.0610105168366915,590,"I think he makes you look good, Todd. I hope he remembers to Photoshop my stomach."
1129,3153,4,12,63,79,1.2531645569620253,0.0610105168366915,590,He said he’d throw in the nursery walls and ceiling for an extra saber-tooth. Named Mikangelorus.
4808,3153,2,16,61,79,1.2531645569620253,0.05543593847887846,590,When is that meteor coming?
1155,3153,4,12,63,79,1.2531645569620253,0.0610105168366915,590,"Years from now, we'll get the blame for all this graffiti."
1161,3153,3,14,62,79,1.2531645569620253,0.05828990667222849,590,And they can eat you too.
1195,3153,3,14,62,79,1.2531645569620253,0.05828990667222849,590,We really need to train him to do his artistic business outside.
1224,3153,3,14,62,79,1.2531645569620253,0.05828990667222849,590,"She's creative, but not much of a cook."
1257,3153,2,16,61,79,1.2531645569620253,0.05543593847887846,590,He's just bragging to his friends about things he's eaten
1283,3153,0,20,59,79,1.2531645569620253,0.04923416888084716,590,I'm not liking what I see about the substitute Art teacher!
1334,3153,3,14,62,79,1.2531645569620253,0.05828990667222849,590,The least he could have done was invite us to pose.
1396,3153,4,12,63,79,1.2531645569620253,0.0610105168366915,590,It's ok....you only need to worry when you're NOT on the wall.
1682,3153,2,16,61,79,1.2531645569620253,0.05543593847887846,590,"I hate art, but the champagne and canapes are marvelous."
1779,3153,1,18,60,79,1.2531645569620253,0.05242683788109758,590,I'm hungry and prefer not to think about the historical consequences.
2068,3153,4,12,63,79,1.2531645569620253,0.0610105168366915,590,He seems to remember all our faces!
1809,3153,3,14,62,79,1.2531645569620253,0.05828990667222849,590,That level of culture is going to rewrite our history!
3142,3153,4,12,63,79,1.2531645569620253,0.0610105168366915,590,Since when did he move in?
3172,3153,4,12,63,79,1.2531645569620253,0.0610105168366915,590,Its apparently related to a Steve Bannon candidate selection process.
3198,3153,1,18,60,79,1.2531645569620253,0.05242683788109758,590,"Paleolithic-modern, he calls it."
4378,3153,1,18,60,79,1.2531645569620253,0.05242683788109758,590,It's just a phase he's going through.
4361,3153,3,14,62,79,1.2531645569620253,0.05828990667222849,590,He's doing it for posterity.
3293,3153,5,10,64,79,1.2531645569620253,0.06361488119538797,590,"Representation?” “Naw, just food porn"
3310,3153,1,18,60,79,1.2531645569620253,0.05242683788109758,590,He is NOT left handed like you! He's ambidextrous.
3509,3153,3,14,62,79,1.2531645569620253,0.05828990667222849,590,Why in God's name did you let him roam around the cave?
3130,3153,2,16,61,79,1.2531645569620253,0.05543593847887846,590,When did he get an opposable thumb?
3535,3153,2,16,61,79,1.2531645569620253,0.05543593847887846,590,"What about copyright law?"" ""Ex post facto wise, I think we're in the clear."
3600,3153,4,12,63,79,1.2531645569620253,0.0610105168366915,590,They say his IQ is over a hundred.
3661,3153,4,12,63,79,1.2531645569620253,0.0610105168366915,590,"Good cavemen imitate, great cavemen club their competition."
4327,3153,4,12,63,79,1.2531645569620253,0.0610105168366915,590,Let it finish first! Some day people will give us credit for the pictures!
3837,3153,3,14,62,79,1.2531645569620253,0.05828990667222849,590,We can’t let her take the credit...
3908,3153,5,10,64,79,1.2531645569620253,0.06361488119538797,590,Pablo Picassaur over here.
3912,3153,1,18,60,79,1.2531645569620253,0.05242683788109758,590,Tell me again how mom died?
4000,3153,2,16,61,79,1.2531645569620253,0.05543593847887846,590,"The Rise of Homo sapiens: Okay, so after he falls asleep, you run in and rub his sticks together really fast until they disintegrate. Maybe then, he'll finally stop drawing on the walls."
4062,3153,6,8,65,79,1.2531645569620253,0.06611673807990255,590,Two months staying with the in-laws while the remodelers dawdle.
3582,3153,3,14,62,79,1.2531645569620253,0.05828990667222849,590,I didn't realize that I was so high waisted.
3079,3153,3,14,62,79,1.2531645569620253,0.05828990667222849,590,I don't know. Seems derivative to me.
4424,3153,3,14,62,79,1.2531645569620253,0.05828990667222849,590,First he got caught rewriting history. Now he's a featured speaker at a TED conference.
3023,3153,3,14,62,79,1.2531645569620253,0.05828990667222849,590,It was a privilege to hire her. She’s part of a dying breed!
1859,3153,1,18,60,79,1.2531645569620253,0.05242683788109758,590,What sets him apart is his sense of scale.
1887,3153,2,16,61,79,1.2531645569620253,0.05543593847887846,590,"When the asteroid hits, they'll think we did it."
2020,3153,5,10,64,79,1.2531645569620253,0.06361488119538797,590,My skin is not thick enough to wade through the artist criticism.
849,3153,5,10,64,79,1.2531645569620253,0.06361488119538797,590,"Yeah, cartoonists are becoming dinosaurs..."
2093,3153,4,12,63,79,1.2531645569620253,0.0610105168366915,590,This is Oscar’s place. Food’s great. Check out this week’s specials.
2208,3153,3,14,62,79,1.2531645569620253,0.05828990667222849,590,Looks like the vandalizard is back.
2290,3153,3,14,62,79,1.2531645569620253,0.05828990667222849,590,Only real dinosaurs still make representational art.
2316,3153,4,12,63,79,1.2531645569620253,0.0610105168366915,590,Just another alternative fact.
2347,3153,3,14,62,79,1.2531645569620253,0.05828990667222849,590,I love art. Let's let him finish before we eat him.
2401,3153,3,14,62,79,1.2531645569620253,0.05828990667222849,590,He just moved in and he already thinks he can draw on the wall.
2479,3153,3,14,62,79,1.2531645569620253,0.05828990667222849,590,I think he is ordering lunch.
4529,3153,4,12,63,79,1.2531645569620253,0.0610105168366915,590,I think it is called an Artosaurus.
2636,3153,3,14,62,79,1.2531645569620253,0.05828990667222849,590,I look so fat in that depiction; I really hope it doesn't stick around.
2702,3153,4,12,63,79,1.2531645569620253,0.0610105168366915,590,Quiet! The Senator is woking on his campaign speech.
2770,3153,2,16,61,79,1.2531645569620253,0.05543593847887846,590,"She wants to do a novel, but she needs to find a bigger cave."
2773,3153,2,16,61,79,1.2531645569620253,0.05543593847887846,590,I hear it's a rapidly developing art form.
2917,3153,6,8,65,79,1.2531645569620253,0.06611673807990255,590,He must be a sketchasaurus
2955,3153,3,14,62,79,1.2531645569620253,0.05828990667222849,590,"Spot has always preferred non fiction, but I hadn’t realized he was an aspiring author."
3016,3153,4,12,63,79,1.2531645569620253,0.0610105168366915,590,He's good but at least we will get the credit
1801,3153,0,20,59,79,1.2531645569620253,0.04923416888084716,590,I'm more into Modern Art.
844,3153,2,16,61,79,1.2531645569620253,0.05543593847887846,590,"He comes highly recommended, but there’s a waiting list I’m afraid..."
1471,3153,4,12,63,79,1.2531645569620253,0.0610105168366915,590,The lazy guy wants US to come up with the caption.
717,3153,2,16,61,79,1.2531645569620253,0.05543593847887846,590,You can't eat art.
5281,3153,3,14,62,79,1.2531645569620253,0.05828990667222849,590,"It's a bit derivative, don't you think?"
5291,3153,3,14,62,79,1.2531645569620253,0.05828990667222849,590,This is embarrassing!
5297,3153,4,12,63,79,1.2531645569620253,0.0610105168366915,590,"Every picture tells a story, don’t it?"
5408,3153,2,16,61,79,1.2531645569620253,0.05543593847887846,590,I wished I had used washable cave paint first.
5460,3153,1,18,60,79,1.2531645569620253,0.05242683788109758,590,Wait'll he discovers perspective!
5563,3153,3,14,62,79,1.2531645569620253,0.05828990667222849,590,"No, don't club him -- my wife says the colors match the drapes."
5247,3153,1,18,60,79,1.2531645569620253,0.05242683788109758,590,"It won't work, there's no arc to the story."
5747,3153,0,20,59,79,1.2531645569620253,0.04923416888084716,590,"With that diet, he's bucking for extinction."
5868,3153,4,12,63,79,1.2531645569620253,0.0610105168366915,590,I'm just saying I'd feel safer knowing it was paint by numbers.
5880,3153,6,8,65,79,1.2531645569620253,0.06611673807990255,590,"If that's the new menu at Dino's, then the Paleo diet now includes us."
5917,3153,3,14,62,79,1.2531645569620253,0.05828990667222849,590,Paint brushes don't kill people.
832,3153,0,20,59,79,1.2531645569620253,0.04923416888084716,590,You hit. Me take credit for art.
2911,3153,2,16,61,79,1.2531645569620253,0.05543593847887846,590,The best meat's in the tail.
5440,3153,3,14,62,79,1.2531645569620253,0.05828990667222849,590,That is so against the CC&Rs.
5861,3153,2,16,61,79,1.2531645569620253,0.05543593847887846,590,He’s an early fauvist.
5208,3153,5,10,64,79,1.2531645569620253,0.06361488119538797,590,""" I don't know art, but I know what I like to eat.""  Submitted by Neil L. Sachs, Monmouth Junction, NJ"
4271,3153,1,18,60,79,1.2531645569620253,0.05242683788109758,590,He also publishes a newspaper that denies climate change.
5146,3153,3,14,62,79,1.2531645569620253,0.05828990667222849,590,"Compared to hers, our work is primitive."
583,3153,2,16,61,79,1.2531645569620253,0.05543593847887846,590,There goes the neighborhood...
566,3153,4,12,63,79,1.2531645569620253,0.0610105168366915,590,What do you say we club him and in a few hundred thousand years take credit for his work?
4809,3153,4,12,63,79,1.2531645569620253,0.0610105168366915,590,Just some more extinction fake news...
341,3153,4,12,63,79,1.2531645569620253,0.0610105168366915,590,He's always showing off his evolution.
306,3153,2,16,61,79,1.2531645569620253,0.05543593847887846,590,Do these drawings make me look fat?
305,3153,5,10,64,79,1.2531645569620253,0.06361488119538797,590,It’s okay as long as he doesn’t sign it.
668,3153,3,14,62,79,1.2531645569620253,0.05828990667222849,590,He was cheaper than hiring someone to wallpaper the cave.
110,3153,4,12,63,79,1.2531645569620253,0.0610105168366915,590,"Her new paintings are more valuable, but I prefer her primitive phase."
669,3153,1,18,60,79,1.2531645569620253,0.05242683788109758,590,"Oh, he's got an eye, but there's a certain... coldness to his work."
89,3153,4,12,63,79,1.2531645569620253,0.0610105168366915,590,BANKSYSAURUS
69,3153,1,18,60,79,1.2531645569620253,0.05242683788109758,590,"Yeah art doesn't pay well, but he's been here so long the place is still under rent control."
19,3153,1,18,60,79,1.2531645569620253,0.05242683788109758,590,"One day, this will be known as his ahistorical period."
5115,3153,3,14,62,79,1.2531645569620253,0.05828990667222849,590,"""Art is what you can get away with"" (A. Wahhol)"
4177,3153,3,14,62,79,1.2531645569620253,0.05828990667222849,590,"After it teaches us about the wheel, fire, and writing, I say it's high time your wife finally got that set of matching leather luggage you promised her, if you get my drift."
5122,3153,3,14,62,79,1.2531645569620253,0.05828990667222849,590,Good dinosaur art is so rare it seems to be getting extinct.
5161,3153,2,16,61,79,1.2531645569620253,0.05543593847887846,590,"I don't know, they seem a little primitive."
4481,3252,3,15,65,83,1.2530120481927711,0.056448347670580504,590,You distract him while I stamp it with my hand print and we’ll claim the work is mine.
278,3252,2,17,64,83,1.2530120481927711,0.05378250267948101,590,I told you that it wasn't me.
701,3252,1,19,63,83,1.2530120481927711,0.05097743848211709,590,I'm really not that hungry. So I say we wait.
1220,3252,3,15,65,83,1.2530120481927711,0.056448347670580504,590,And I thought it's my wife always re-decorating when I'm on the hunt.
2237,3256,4,14,69,87,1.2528735632183907,0.05714959431707434,590,Paintasaurus.
4653,3256,2,18,67,87,1.2528735632183907,0.052263368795766554,590,His art is very primitive.
5232,3256,3,16,68,87,1.2528735632183907,0.05476100733408983,590,We just gotta make it look like an asteroid did it.
1693,3259,4,11,61,76,1.25,0.06247806632675042,590,"You take the creature, I'll take the drawings."
1915,3259,3,13,60,76,1.25,0.05960395606792697,590,You should see his glass-blowing skills!
1696,3259,2,15,59,76,1.25,0.056584047097789955,590,Say What? In the gifted class?
1730,3259,2,15,59,76,1.25,0.056584047097789955,590,This T-Rex kid is the interior decorator you hired for your man cave?
1817,3259,3,13,60,76,1.25,0.05960395606792697,590,"Meteor, Ice Age, I don't care - we just need to pick one and stick with it."
1871,3259,2,15,59,76,1.25,0.056584047097789955,590,How many times do I have to tell you to keep Kenny in his crate. The neighbors will think our taste in art primitive.
1873,3259,3,13,60,76,1.25,0.05960395606792697,590,"Nah, that ain't Banksy."
1899,3259,0,19,57,76,1.25,0.05,590,"He's keeping score, and it doesn't look good for us!"
1912,3259,5,9,62,76,1.25,0.0652256541930572,590,Let's call our copyright attorney.
1961,3259,2,15,59,76,1.25,0.056584047097789955,590,"He's not so special! Check out the three ""moons""."
2242,3259,1,17,58,76,1.25,0.05339360629309896,590,They call them Salvador Dalisaurs.
2040,3259,3,13,60,76,1.25,0.05960395606792697,590,Not another New Yorker dinosaur cartoon!
2070,3259,3,13,60,76,1.25,0.05960395606792697,590,Ars gratia artis
6019,3259,3,13,60,76,1.25,0.05960395606792697,590,Too bad color hasn't been discovered yet.
2131,3259,2,15,59,76,1.25,0.056584047097789955,590,It'll never sell. It's hard to get the perspective right without an opposable thumb.
2164,3259,3,14,63,80,1.25,0.05764360164082899,590,"Yeah, but he's got a tail. We'd just fall down."
2175,3259,3,14,63,80,1.25,0.05764360164082899,590,Are Fred and Barney missing?
2231,3259,3,13,60,76,1.25,0.05960395606792697,590,"Just don't ever tell him, ""My kid could do that..."""
5978,3259,3,13,60,76,1.25,0.05960395606792697,590,"See, I told you- her kind of talent is extinct nowadays!"
2233,3259,4,11,61,76,1.25,0.06247806632675042,590,Just as I suspected!
2284,3259,5,9,62,76,1.25,0.0652256541930572,590,The critics will hate it.
2371,3259,4,11,61,76,1.25,0.06247806632675042,590,He thinks that he's illustrating a menu.
5863,3259,2,15,59,76,1.25,0.056584047097789955,590,"Ssshh, don't disturb him. Eons later, modern Homo Sapiens will point to these pictures as evidence of our high culture."
1973,3259,3,13,60,76,1.25,0.05960395606792697,590,I apologize for blaming you for writing on the wall.
5915,3259,4,11,61,76,1.25,0.06247806632675042,590,I think wallpaper would have been the better choice
2780,3259,3,13,60,76,1.25,0.05960395606792697,590,"Oh, please. Representational art is so...Pleistocene."
2435,3259,4,12,64,80,1.25,0.060326117945124845,590,"Mr. President. I thought we agreed, no more tweets."
4602,3259,2,15,59,76,1.25,0.056584047097789955,590,The drawings are rather pedestrian but he's the last of his breed using freehand.
4576,3259,5,9,62,76,1.25,0.0652256541930572,590,"Yes. He wants to do City Hall, but funding ran out."
4499,3259,3,13,60,76,1.25,0.05960395606792697,590,"Ya, it ate 'em all."
4464,3259,4,11,61,76,1.25,0.06247806632675042,590,Some pet you gave me! Third time this week she's ruined the walls! I'll have to get the stone mason in again.
4337,3259,1,17,58,76,1.25,0.05339360629309896,590,Good artists copy. Great artists steal.
4261,3259,4,11,61,76,1.25,0.06247806632675042,590,Post-modernasaurus.
4135,3259,4,11,61,76,1.25,0.06247806632675042,590,A picture is worth a 1000 words!
4092,3259,1,17,58,76,1.25,0.05339360629309896,590,Braggart.
4073,3259,3,14,63,80,1.25,0.05764360164082899,590,"Heh heh, you think he'd know there's no future in art."
3884,3259,3,13,60,76,1.25,0.05960395606792697,590,"We are not progressing much, are we ?"
3883,3259,3,13,60,76,1.25,0.05960395606792697,590,At least he's wall trained.
3847,3259,3,13,60,76,1.25,0.05960395606792697,590,He vandalizes and we'll probably get blamed for it.
3700,3259,4,11,61,76,1.25,0.06247806632675042,590,I recommend the hot dog.
2664,3259,3,13,60,76,1.25,0.05960395606792697,590,"It's a petroglyphicus, you hominid!"
3620,3259,3,13,60,76,1.25,0.05960395606792697,590,Pre-modernism really sucks
3458,3259,2,15,59,76,1.25,0.056584047097789955,590,He's already planning this week's menu.
2700,3259,5,9,62,76,1.25,0.0652256541930572,590,Darn hooligans and their graffiti. That junk never washes out of the walls.
3414,3259,3,13,60,76,1.25,0.05960395606792697,590,Art? Art.
3308,3259,5,9,62,76,1.25,0.0652256541930572,590,"Talented? Yes, but they taste like dirty loincloth."
3176,3259,2,18,68,88,1.25,0.051745902770176135,590,The art contest was a great idea! He's forgotten he came here to eat us.
3134,3259,0,19,57,76,1.25,0.05,590,He says he wants to leave a great legacy
3071,3259,4,11,61,76,1.25,0.06247806632675042,590,I hear they have everything on the menu
3066,3259,2,15,59,76,1.25,0.056584047097789955,590,"Take my wife, please."
3042,3259,5,9,62,76,1.25,0.0652256541930572,590,ITS THE MENU FOR THE DINO DINER
3033,3259,3,13,60,76,1.25,0.05960395606792697,590,Me so sick of Paleo diet..
3022,3259,3,13,60,76,1.25,0.05960395606792697,590,"Thanks for the reference Harry, hopefully he's a better tutor than the last one."
2762,3259,3,13,60,76,1.25,0.05960395606792697,590,Let’s take him out to see the really bright new star
4637,3259,1,17,58,76,1.25,0.05339360629309896,590,I knew when he walked on two feet that he was talented.
2387,3259,5,10,65,80,1.25,0.06289432567832845,590,You clobber - I sign us name.
4718,3259,2,15,59,76,1.25,0.056584047097789955,590,How come we're out there ravaging while he gets all the cushy jobs?
4794,3259,2,15,59,76,1.25,0.056584047097789955,590,The graffiti is ruining the neighborhood.
2459,3259,2,15,59,76,1.25,0.056584047097789955,590,This is the original-Chalk Talk
5855,3259,3,13,60,76,1.25,0.05960395606792697,590,"""At least let him enjoy it until evolution""."
2550,3259,4,12,64,80,1.25,0.060326117945124845,590,"If this guy is extinct, we can take credit."
2625,3259,2,15,59,76,1.25,0.056584047097789955,590,You said brilliant color and profound symbolism.
5790,3259,4,11,61,76,1.25,0.06247806632675042,590,Today's menu.
5697,3259,3,13,60,76,1.25,0.05960395606792697,590,You club him on the tail. I'll club him on the head and we will take the credit.
2638,3259,3,13,60,76,1.25,0.05960395606792697,590,"In their era, these dinosaurs may have seemed erudite, but their skills don’t hold a fiery stick to the brutal artistry of the troglodyte."
5645,3259,1,17,58,76,1.25,0.05339360629309896,590,When it leaves we can sign it and take credit. No one will believe dinosaurs can draw.
5612,3259,3,13,60,76,1.25,0.05960395606792697,590,"The cave painting is part of a ritual in which the artist, by sacralizing our images on the wall along with other prey animals, hopes to ensure that we will taste good."
5464,3259,3,13,60,76,1.25,0.05960395606792697,590,Do we really need another restaurant?
5434,3259,1,19,64,84,1.25,0.05045689127585228,590,He certainly didn't get it from my side.
5429,3259,1,17,58,76,1.25,0.05339360629309896,590,Huh. I thought Realism was extinct.
5368,3259,1,17,58,76,1.25,0.05339360629309896,590,"Don't mind his doodles, history will be written by the victors."
5339,3259,2,15,59,76,1.25,0.056584047097789955,590,I just KNEW we'd evolve first
5313,3259,4,12,64,80,1.25,0.060326117945124845,590,The days when a couple of ordinary white guys can get ahead are over.
5311,3259,4,11,61,76,1.25,0.06247806632675042,590,"""Why did I let you drag me here, I hate 'early American"", it's so primitive""!"
5279,3259,3,12,57,72,1.25,0.06176207566630455,590,"Aw Jeez, this Paleo cookbook is gonna take years to finish!"
5259,3259,2,15,59,76,1.25,0.056584047097789955,590,They-re going to blame us Neanderthals for such lousy art work.
5240,3259,1,17,58,76,1.25,0.05339360629309896,590,This is where I draw the lines
2640,3259,4,12,64,80,1.25,0.060326117945124845,590,He has no sense of perspective
1497,3259,2,15,59,76,1.25,0.056584047097789955,590,"Well, I'm none too pleased about the insulting caricatures of us."
5200,3259,2,15,59,76,1.25,0.056584047097789955,590,Keeps him off the streets
5112,3259,3,13,60,76,1.25,0.05960395606792697,590,Roxie's favorite artist. Wilma said our walls were too boring.
5057,3259,3,13,60,76,1.25,0.05960395606792697,590,"Looking ahead thousands of years from now, we'll get the credit."
5015,3259,3,14,63,80,1.25,0.05764360164082899,590,"I don’t mind primitive, but that looks nothing like Mom and Dad."
4889,3259,3,13,60,76,1.25,0.05960395606792697,590,Ferocious? Ferocious in his *vision.*
4845,3259,5,10,65,80,1.25,0.06289432567832845,590,Wow! I thought those tiny little arms were useless.
4786,3259,2,15,59,76,1.25,0.056584047097789955,590,I thought WE did that.
1392,3259,3,13,60,76,1.25,0.05960395606792697,590,"This is who we were looking for. See there, it’s Fred and Charlie on the wall."
179,3259,2,15,59,76,1.25,0.056584047097789955,590,He has a fairly unevolved style.
1345,3259,0,20,60,80,1.25,0.048717735184622316,590,I wish we had invented language to describe this.
4049,3259,1,15,52,68,1.25,0.05689893694491076,590,I don't think he knows 140 characters
4088,3259,3,16,69,88,1.25,0.05421135926495693,590,It's sleeping with my wife.
165,3259,1,17,58,76,1.25,0.05339360629309896,590,It makes me nostalgic for his early Cretaceous period.
167,3259,5,10,65,80,1.25,0.06289432567832845,590,Why isn't that cultural appropriation as well?
231,3259,4,12,64,80,1.25,0.060326117945124845,590,Gives new meaning to creationism.
264,3259,3,13,60,76,1.25,0.05960395606792697,590,I'll be happy when Editorus Rex is extinct.
289,3259,2,15,59,76,1.25,0.056584047097789955,590,I think it's keeping score.
368,3259,3,13,60,76,1.25,0.05960395606792697,590,"Nice, but worthless if not signed by the artist."
386,3259,1,17,58,76,1.25,0.05339360629309896,590,"For the last time, do not teach our food to draw."
418,3259,2,15,59,76,1.25,0.056584047097789955,590,There he goes again. Showoff!
442,3259,1,17,58,76,1.25,0.05339360629309896,590,"You realize, of course, we'll be the laughingstock of the Tree of Life if this gets out."
1376,3259,2,16,62,80,1.25,0.05483000195079379,590,"You know, maybe there is something to this whole opposable thumb thing."
507,3259,3,14,63,80,1.25,0.05764360164082899,590,"I wish he'd be more of an ""outsider"" artist."
463,3259,4,12,64,80,1.25,0.060326117945124845,590,His style is primitive but popular.
1264,3259,3,13,60,76,1.25,0.05960395606792697,590,I foresee problems from the perspective of the future historical record
1222,3259,3,14,63,80,1.25,0.05764360164082899,590,"AHHHH! So THAT'S what dragon's eat. Well then, we're screwed."
1109,3259,4,12,64,80,1.25,0.060326117945124845,590,I'm so glad we decided on Montessori.
1019,3259,2,15,59,76,1.25,0.056584047097789955,590,You order Netflix?
1237,3259,2,16,62,80,1.25,0.05483000195079379,590,He doesn't get realism is so last year.
680,3259,3,14,63,80,1.25,0.05764360164082899,590,"Man, he's got a warped self-image."
647,3259,2,15,59,76,1.25,0.056584047097789955,590,I told you. Ralph can't get past the Picassozoic Era.
589,3259,7,5,64,76,1.25,0.07039986044643265,590,"We assumed they'd evolve opposable thumbs eventually, but never saw this coming."
523,3259,3,13,60,76,1.25,0.05960395606792697,590,"Ugh, he can never get my nose right"
966,3259,5,9,62,76,1.25,0.0652256541930572,590,He went to harvard
4166,3372,2,18,69,89,1.247191011235955,0.051238239828633764,590,"Bro, he's definitely taking artistic license with YOUR face..."
5665,3373,3,14,64,81,1.2469135802469136,0.0570111105630559,590,He works only in charcoals.
4748,3373,2,16,63,81,1.2469135802469136,0.05423674725058963,590,I don't know. Let's ask Plato.
1420,3373,4,12,65,81,1.2469135802469136,0.05965658976962751,590,"All that, plus tasty."
4033,3373,3,14,64,81,1.2469135802469136,0.0570111105630559,590,Wanna re-write pre-history?
3058,3373,3,14,64,81,1.2469135802469136,0.0570111105630559,590,Says he can teach us a thing or two if we can stand on two feet and walk erect.
2735,3373,1,18,62,81,1.2469135802469136,0.051312598618815826,590,There goes the resale value.
1754,3373,3,14,64,81,1.2469135802469136,0.0570111105630559,590,You tell him that’s cultural appropriation.
1579,3373,1,18,62,81,1.2469135802469136,0.051312598618815826,590,I just know we won't get blamed for this... He draws so much better with those little twigs than we can with our clubs.
1518,3373,1,18,62,81,1.2469135802469136,0.051312598618815826,590,I only let him draw where no one will ever see it.
4509,3373,4,12,65,81,1.2469135802469136,0.05965658976962751,590,"I tried to housebreak him, but he still does it inside."
590,3373,3,14,64,81,1.2469135802469136,0.0570111105630559,590,Let's try elsewhere- I'm trying to cut down on refined foods.
500,3373,2,16,63,81,1.2469135802469136,0.05423674725058963,590,Who 'da thought he'd be right-handed?
415,3373,1,18,62,81,1.2469135802469136,0.051312598618815826,590,"All I can say is, it paints better than you do."
298,3373,3,14,64,81,1.2469135802469136,0.0570111105630559,590,"For something extinct, he sure has a vivid imagination."
3227,3387,5,9,63,77,1.2467532467532467,0.06445482014559827,590,"I don't care how talented it is, I'm taking the credit."
3236,3387,4,11,62,77,1.2467532467532467,0.06174674356063795,590,"Great! The Henderson's pet got out, again!"
3253,3387,3,13,61,77,1.2467532467532467,0.05891431779020231,590,"Let's whack him before he signs it. You know, say we did it!"
3342,3387,4,11,62,77,1.2467532467532467,0.06174674356063795,590,I figured if I went with one the old masters whose work will stand the test of time it never needs redecorating.
3546,3387,3,13,61,77,1.2467532467532467,0.05891431779020231,590,Posed for him for three moons and it doesn't look a thing like me.
3536,3387,2,15,60,77,1.2467532467532467,0.0559386569469335,590,Guess we need to move again.
3531,3387,2,15,60,77,1.2467532467532467,0.0559386569469335,590,Let him finish before we eat him.
3526,3387,3,13,61,77,1.2467532467532467,0.05891431779020231,590,"Oh, Great! ......It took me forever to get the carbon deposits off the walls just last week!"
3192,3387,2,15,60,77,1.2467532467532467,0.0559386569469335,590,He’s going to submit the best one to the New Yorker for their caption contest.
3505,3387,4,11,62,77,1.2467532467532467,0.06174674356063795,590,What is art?
3360,3387,4,11,62,77,1.2467532467532467,0.06174674356063795,590,No one can know about this!
3428,3387,1,17,59,77,1.2467532467532467,0.052795547552501765,590,I swear it's just my holiday weight
3367,3387,4,11,62,77,1.2467532467532467,0.06174674356063795,590,Sticks and stones may fossilize my bones but cave art will never hurt me
3158,3387,1,17,59,77,1.2467532467532467,0.052795547552501765,590,I wonder if studio space will always be this hard to get in NYC.
2515,3387,2,15,60,77,1.2467532467532467,0.0559386569469335,590,"At least, he is drawing these characters and not killing us."
3083,3387,5,9,63,77,1.2467532467532467,0.06445482014559827,590,We’re going to get blamed for this.
1840,3387,3,13,61,77,1.2467532467532467,0.05891431779020231,590,It's a tyrannadrawus.
1875,3387,2,15,60,77,1.2467532467532467,0.0559386569469335,590,I told you that Plagiasaurus is up to no good.
1901,3387,4,11,62,77,1.2467532467532467,0.06174674356063795,590,You hit him over the head; I'll take credit for his work.
2010,3387,3,13,61,77,1.2467532467532467,0.05891431779020231,590,Next term he's teaching us impressionism.
2043,3387,1,17,59,77,1.2467532467532467,0.052795547552501765,590,"Unfortunately, I think it's tonight's menu."
2126,3387,5,9,63,77,1.2467532467532467,0.06445482014559827,590,Lets wack him now before they invent copyright.
2203,3387,3,13,61,77,1.2467532467532467,0.05891431779020231,590,Sellout.
2211,3387,3,13,61,77,1.2467532467532467,0.05891431779020231,590,"If I had wanted to decorate, I would have decorated!"
2215,3387,5,9,63,77,1.2467532467532467,0.06445482014559827,590,"Yep. Looks like we found our what happened to Oog and Boog, and their 2 horses"
2280,3387,3,13,61,77,1.2467532467532467,0.05891431779020231,590,I told you it was a bad idea to get a Graffitisaurus!
2306,3387,1,17,59,77,1.2467532467532467,0.052795547552501765,590,"The wife said she knew the best interior decorator, but I prefer more abstract art."
2370,3387,3,13,61,77,1.2467532467532467,0.05891431779020231,590,I hate figurative impressionism.
2399,3387,2,15,60,77,1.2467532467532467,0.0559386569469335,590,Trogg - not my idea give Picassosaurus coloring stick...
2426,3387,3,13,61,77,1.2467532467532467,0.05891431779020231,590,My wife asked him to decorate the place.
2436,3387,2,15,60,77,1.2467532467532467,0.0559386569469335,590,He's just showing off the Primitive style because he has a lizard brain.
2481,3387,3,13,61,77,1.2467532467532467,0.05891431779020231,590,"I can't figure out what he means, but he certainly has a message."
2504,3387,1,17,59,77,1.2467532467532467,0.052795547552501765,590,Imagine how much it will be worth he's extinct.
3611,3387,2,15,60,77,1.2467532467532467,0.0559386569469335,590,"Personally, I prefer wallpaper."
2593,3387,2,15,60,77,1.2467532467532467,0.0559386569469335,590,They're just copies. Not really worth a visit.
2703,3387,4,11,62,77,1.2467532467532467,0.06174674356063795,590,Art has gone to the way of the dinosaur.
2758,3387,3,13,61,77,1.2467532467532467,0.05891431779020231,590,"I don't care how cheap he works, I don't think conceptual art is getting us anywhere."
2809,3387,4,11,62,77,1.2467532467532467,0.06174674356063795,590,"A dinosaur doing cave drawings looks pretty real to me, Plato!"
2829,3387,1,17,59,77,1.2467532467532467,0.052795547552501765,590,I'll just redo the walls when I move in.
2846,3387,4,11,62,77,1.2467532467532467,0.06174674356063795,590,"Primitive art, yes, but there is a strong religious undertone to this whole thing."
2899,3387,2,15,60,77,1.2467532467532467,0.0559386569469335,590,It is good therapy. He won't be so hungry.
2984,3387,2,15,60,77,1.2467532467532467,0.0559386569469335,590,First recorded case of fake news.
3038,3387,1,17,59,77,1.2467532467532467,0.052795547552501765,590,We just keep him for the fire.
3122,3387,3,13,61,77,1.2467532467532467,0.05891431779020231,590,We better start evolving a bit quicker.
3648,3387,4,11,62,77,1.2467532467532467,0.06174674356063795,590,I told you this cave was being hacked.
4020,3387,1,17,59,77,1.2467532467532467,0.052795547552501765,590,The value is sure to go up after he's extinct.
3672,3387,2,15,60,77,1.2467532467532467,0.0559386569469335,590,"No, you go first!"
4693,3387,2,15,60,77,1.2467532467532467,0.0559386569469335,590,And we thought he was too Jurassic.
4694,3387,0,19,58,77,1.2467532467532467,0.049453072115999405,590,Shhh... they'll never know its Fake News
4708,3387,5,9,63,77,1.2467532467532467,0.06445482014559827,590,"What do you mean ""muse""?"
4711,3387,1,17,59,77,1.2467532467532467,0.052795547552501765,590,This won't make our landlord happy!
4726,3387,2,15,60,77,1.2467532467532467,0.0559386569469335,590,Let's kill him and claim we did them.
4878,3387,4,11,62,77,1.2467532467532467,0.06174674356063795,590,I am happy you picked this dinosaur to decorate our home. Very surprising that he turned out to be avant-garde interior designer.
4879,3387,3,13,61,77,1.2467532467532467,0.05891431779020231,590,"Qu'en pensez-vous, monsieur Lascaux?"
4880,3387,3,13,61,77,1.2467532467532467,0.05891431779020231,590,I prefer his use of Crayolas.
5024,3387,2,15,60,77,1.2467532467532467,0.0559386569469335,590,Do you think that's his diet journal for the week?
5027,3387,5,9,63,77,1.2467532467532467,0.06445482014559827,590,Let's kill him and say we did that.
5031,3387,3,13,61,77,1.2467532467532467,0.05891431779020231,590,He paints what he kills.
5033,3387,5,9,63,77,1.2467532467532467,0.06445482014559827,590,"He was only chasing one bird!” “I tell ya, I saw just the two of ‘em.” “Not much of a crowd.” “It’s fake news.” “Yeah, what can you expect from a lizard?"
5125,3387,2,15,60,77,1.2467532467532467,0.0559386569469335,590,"It's a new place, ""Club 21 Million BC."""
4662,3387,2,15,60,77,1.2467532467532467,0.0559386569469335,590,Looks exactly like you.
5148,3387,0,19,58,77,1.2467532467532467,0.049453072115999405,590,Are you sure this is the new age art show? Looks prehistoric to me!
5196,3387,3,13,61,77,1.2467532467532467,0.05891431779020231,590,"I can't believe it."" ""I know, I didn't think Gary was so good at drawing."
5332,3387,2,15,60,77,1.2467532467532467,0.0559386569469335,590,Wonder what they'll be serving at the opening reception ?
5345,3387,2,15,60,77,1.2467532467532467,0.0559386569469335,590,"Actually, it's a shopping list."
5398,3387,2,15,60,77,1.2467532467532467,0.0559386569469335,590,His work is overrated. It will never sell at the cave auction.
5480,3387,1,17,59,77,1.2467532467532467,0.052795547552501765,590,"'Contemporary,' it's the latest craze."
5493,3387,0,19,58,77,1.2467532467532467,0.049453072115999405,590,Next year he's planning a field guide!
5509,3387,4,11,62,77,1.2467532467532467,0.06174674356063795,590,"Thankfully, as with most of the artists in her species, she's a vegetarian."
5531,3387,1,17,59,77,1.2467532467532467,0.052795547552501765,590,why did you give him the crayons again?
5534,3387,3,13,61,77,1.2467532467532467,0.05891431779020231,590,"I think we need thumbs, too."
5622,3387,1,17,59,77,1.2467532467532467,0.052795547552501765,590,1). Life imitates art or is it art imitates life? 2). That shoots down your Creationist Theory.
5812,3387,3,13,61,77,1.2467532467532467,0.05891431779020231,590,"First it was fire, now this. What's with this guy."
5908,3387,2,15,60,77,1.2467532467532467,0.0559386569469335,590,I think everyone would love to have your art teacher for dinner tonight.
6018,3387,3,13,61,77,1.2467532467532467,0.05891431779020231,590,I told you there was a reptilian conspiracy.
5193,3387,3,13,61,77,1.2467532467532467,0.05891431779020231,590,If we can destroy this ....no one will know they beat us to it
3659,3387,2,15,60,77,1.2467532467532467,0.0559386569469335,590,"He may be a stylistic chimera, but his security deposit is real."
4577,3387,2,15,60,77,1.2467532467532467,0.0559386569469335,590,"Damn Agar, you are so picky! Yes, it’s free range."
4525,3387,4,11,62,77,1.2467532467532467,0.06174674356063795,590,I need a new editor.
3696,3387,3,13,61,77,1.2467532467532467,0.05891431779020231,590,Better he decided to paint today - rather than have us for lunch.
3701,3387,3,13,61,77,1.2467532467532467,0.05891431779020231,590,His use of negative space is rather predictable and timeworn.
3713,3387,2,15,60,77,1.2467532467532467,0.0559386569469335,590,"He's making it up; fake news or artistic license, it's just not right."
3716,3387,2,15,60,77,1.2467532467532467,0.0559386569469335,590,"His style may be primitive, but that color palette is far more sophisticated than yours."
3743,3387,4,11,62,77,1.2467532467532467,0.06174674356063795,590,Artists are so bizarre.
3764,3387,4,11,62,77,1.2467532467532467,0.06174674356063795,590,I'm telling you in thousands of years they will think we were just a bunch of animals!
3775,3387,4,11,62,77,1.2467532467532467,0.06174674356063795,590,"Endearing or not, sentient meat is lower in harmful Omega-6 fatty acids. End of story."
3850,3387,1,17,59,77,1.2467532467532467,0.052795547552501765,590,They said he was Cave Trained.
3874,3387,3,13,61,77,1.2467532467532467,0.05891431779020231,590,He's our new interior decorator.
1807,3387,3,13,61,77,1.2467532467532467,0.05891431779020231,590,"These creatures seem rather evolved, huh Frank?"
4045,3387,1,17,59,77,1.2467532467532467,0.052795547552501765,590,I think it is really derivative.
4096,3387,1,17,59,77,1.2467532467532467,0.052795547552501765,590,The Times critic loved his last show.
4099,3387,3,13,61,77,1.2467532467532467,0.05891431779020231,590,We'd better stop him before his scribbles ruin our cave.
4533,3387,1,17,59,77,1.2467532467532467,0.052795547552501765,590,"Granted it's good, but he'll never make a living at it."
4129,3387,4,11,62,77,1.2467532467532467,0.06174674356063795,590,"If we could do that, maybe we could beat him."
4184,3387,2,15,60,77,1.2467532467532467,0.0559386569469335,590,How does he do it? He doesn't even have thumbs?
4188,3387,3,13,61,77,1.2467532467532467,0.05891431779020231,590,"Ugh, Tyrranosaurus Banksy."
4220,3387,2,15,60,77,1.2467532467532467,0.0559386569469335,590,"Now, we’re supposed to call him Picassoraptor!?!"
4262,3387,5,9,63,77,1.2467532467532467,0.06445482014559827,590,"If you won't do it to eradicate the species, do it so future historians give us credit for the art."
4264,3387,3,13,61,77,1.2467532467532467,0.05891431779020231,590,I don't know what's worse; the constant wall screeching or its primitive depictions of modern day society.
4279,3387,3,13,61,77,1.2467532467532467,0.05891431779020231,590,Don't stop him! People will think we did that.
4288,3387,2,15,60,77,1.2467532467532467,0.0559386569469335,590,Good story so far. No kill til done
4300,3387,1,17,59,77,1.2467532467532467,0.052795547552501765,590,"Yes, but he provides nothing of the mise en scene!"
4321,3387,4,11,62,77,1.2467532467532467,0.06174674356063795,590,He's hoping to win a MacArthur Genius Grant.
4410,3387,2,15,60,77,1.2467532467532467,0.0559386569469335,590,He calls it neolithic surrealism.
4420,3387,2,15,60,77,1.2467532467532467,0.0559386569469335,590,They say the Art Institute will take anybody.
4427,3387,1,17,59,77,1.2467532467532467,0.052795547552501765,590,My caption never gets selected!
4461,3387,4,11,62,77,1.2467532467532467,0.06174674356063795,590,I thought that minimalist style had died out.
4173,3387,2,15,60,77,1.2467532467532467,0.0559386569469335,590,Lascaux Louie is at it again.
1782,3387,4,11,62,77,1.2467532467532467,0.06174674356063795,590,I say we hit him over the head and plagiarize his work!
2014,3387,2,15,60,77,1.2467532467532467,0.0559386569469335,590,He thinks he's people.
1665,3387,2,15,60,77,1.2467532467532467,0.0559386569469335,590,I'm more of a fan of their Cretaceous period work
459,3387,5,9,63,77,1.2467532467532467,0.06445482014559827,590,This is a bad sign since history is written by the victors...
439,3387,4,11,62,77,1.2467532467532467,0.06174674356063795,590,Cleaning the walls isn't so hard after we switched him to water based-based paint.
411,3387,0,19,58,77,1.2467532467532467,0.049453072115999405,590,This isn't what I thought would happen when we gave him a time-out.
394,3387,2,15,60,77,1.2467532467532467,0.0559386569469335,590,Fuck! I told you we should have put a copyright on those drawings
326,3387,3,13,61,77,1.2467532467532467,0.05891431779020231,590,The picture of me looks fat.
317,3387,3,13,61,77,1.2467532467532467,0.05891431779020231,590,The Invention of Plagiarism
285,3387,2,15,60,77,1.2467532467532467,0.0559386569469335,590,I hope the landlord doesn't blame us for marking up the walls.
243,3387,3,13,61,77,1.2467532467532467,0.05891431779020231,590,That’s the trouble with exposed rock.
219,3387,3,13,61,77,1.2467532467532467,0.05891431779020231,590,They say artistic talent often skips a generation.
202,3387,4,11,62,77,1.2467532467532467,0.06174674356063795,590,"If we kill them all off, we can take credit."
1726,3387,5,9,63,77,1.2467532467532467,0.06445482014559827,590,Her repertoire is limited but she works for less than minimum wage.
164,3387,4,11,62,77,1.2467532467532467,0.06174674356063795,590,He signs it PR for Picassosaurus Rex.
137,3387,2,15,60,77,1.2467532467532467,0.0559386569469335,590,Look at that awful composition and brushstroke technique. No wonder they went extinct.
43,3387,3,13,61,77,1.2467532467532467,0.05891431779020231,590,Should we report the graffiti?
32,3387,3,13,61,77,1.2467532467532467,0.05891431779020231,590,Your art is another caveman's graffiti.
493,3387,2,15,60,77,1.2467532467532467,0.0559386569469335,590,"Very derivative, he'll never last."
576,3387,1,17,59,77,1.2467532467532467,0.052795547552501765,590,"It's his ""I love me"" wall."
253,3387,2,15,60,77,1.2467532467532467,0.0559386569469335,590,There's the gang punk that's been putting graffiti on our walls.
642,3387,2,15,60,77,1.2467532467532467,0.0559386569469335,590,"Don't worry, they'll never attribute to an extinct species."
623,3387,5,9,63,77,1.2467532467532467,0.06445482014559827,590,Political cartoonists are a different breed.
1549,3387,2,15,60,77,1.2467532467532467,0.0559386569469335,590,"I dunno, do you see anything you like?"
1429,3387,2,15,60,77,1.2467532467532467,0.0559386569469335,590,That guy in the middle is a dead ringer for your cousin 'Emuk'
1403,3387,3,13,61,77,1.2467532467532467,0.05891431779020231,590,Show off!
1356,3387,5,9,63,77,1.2467532467532467,0.06445482014559827,590,But is it to scale?
1347,3387,3,13,61,77,1.2467532467532467,0.05891431779020231,590,I'm worried future generations will think we weren't capable of Abstract Expressionism.
1254,3387,4,11,62,77,1.2467532467532467,0.06174674356063795,590,Prehistoric ghostwriter
1190,3387,2,15,60,77,1.2467532467532467,0.0559386569469335,590,"A lizard? Gee, Grok, I always assumed Banksy would be a Mammoth."
1463,3387,4,11,62,77,1.2467532467532467,0.06174674356063795,590,What's The Louvre?
1162,3387,4,11,62,77,1.2467532467532467,0.06174674356063795,590,"""He's such a moron, illustrates for the 'New Yorker' I hear."
1047,3387,2,15,60,77,1.2467532467532467,0.0559386569469335,590,"Sure, it's easy if you have a trust fund."
949,3387,3,13,61,77,1.2467532467532467,0.05891431779020231,590,They call that modern art
910,3387,6,7,64,77,1.2467532467532467,0.06705361541080136,590,We will get blamed for that nonsense for eons.
905,3387,3,13,61,77,1.2467532467532467,0.05891431779020231,590,Wait till he finishes. Then we eat him and take the credit.
780,3387,3,13,61,77,1.2467532467532467,0.05891431779020231,590,It's better than what he creates on the floor.
1167,3387,1,17,59,77,1.2467532467532467,0.052795547552501765,590,I still say we should have hired a cutting edge decorator --as opposed to one stuck in old world traditions
1268,3533,0,18,55,73,1.2465753424657535,0.050795880048600424,590,How can we tell if it's just the artist in him that's speaking?
2624,3534,3,14,65,82,1.2439024390243902,0.05639201096662551,590,"You use club, me sign 'Ugg'."
3922,3534,1,18,63,82,1.2439024390243902,0.050772341450393485,590,He's so bad. That doesn't look anything like me.
3676,3536,0,19,59,78,1.2435897435897436,0.048917340882963845,590,Wait till you meet my wife's latest decorator !
3631,3536,5,9,64,78,1.2435897435897436,0.06370171036998733,590,Why do dinosaurs only paint what they want to eat?
3339,3536,3,13,62,78,1.2435897435897436,0.05824008274428433,590,OMG! It's a project runway unconventional challenge!
3015,3536,3,13,62,78,1.2435897435897436,0.05824008274428433,590,It'll be worth more when he's dead.
2907,3536,4,11,63,78,1.2435897435897436,0.06103202086660262,590,He’s drawing a mural of his favorite foods.
276,3536,2,15,61,78,1.2435897435897436,0.055307385628510335,590,The value of the art work will increase if he’s dead.
339,3536,4,11,63,78,1.2435897435897436,0.06103202086660262,590,So Ringo - you say you want an evolution.
3858,3536,2,15,61,78,1.2435897435897436,0.055307385628510335,590,I can't get him to work. All he wants to do is draw
4435,3536,5,9,64,78,1.2435897435897436,0.06370171036998733,590,"Primitive! No, postmodern! Primitive! No postmodern! Primitivism! No postmodernism!..."
4413,3536,5,9,64,78,1.2435897435897436,0.06370171036998733,590,Was he one of our finalists?
1896,3536,3,13,62,78,1.2435897435897436,0.05824008274428433,590,There goes our wild-beast damage deposit.
4130,3536,3,13,62,78,1.2435897435897436,0.05824008274428433,590,"He's a good decorator, but he wont be around long at those prices"
777,3548,1,16,57,74,1.2432432432432432,0.05377566222524919,590,His technique's a little crude if you ask me
883,3548,2,14,58,74,1.2432432432432432,0.057114403566085395,590,A graffitisaurus!
402,3548,4,10,60,74,1.2432432432432432,0.06326548497088139,590,Good thing someone knows what they're doing.
4815,3548,1,16,57,74,1.2432432432432432,0.05377566222524919,590,The weatherman says this will the last episode.
948,3548,4,10,60,74,1.2432432432432432,0.06326548497088139,590,Where'd you find this muralist? He's a real dinosaur!
5066,3548,1,16,57,74,1.2432432432432432,0.05377566222524919,590,No one must know this...we have a reputation to create.
301,3548,3,12,59,74,1.2432432432432432,0.06026846888427848,590,Damn immigrants taking our jobs
1084,3548,2,14,58,74,1.2432432432432432,0.057114403566085395,590,I told the wife I'd bring home something more interesting for dinner tonight.
3316,3548,2,14,58,74,1.2432432432432432,0.057114403566085395,590,Wait'll they die out: those drawings will be worth a fortune.
1315,3548,4,10,60,74,1.2432432432432432,0.06326548497088139,590,"Fine Mr. Keane, after we kill him you can add larger eyes."
4077,3548,2,14,58,74,1.2432432432432432,0.057114403566085395,590,He wants us to think that he's extinct.
3955,3548,4,10,60,74,1.2432432432432432,0.06326548497088139,590,the artistic ones taste best.
3562,3548,3,12,59,74,1.2432432432432432,0.06026846888427848,590,I wish I had that kind of talent
3538,3548,2,14,58,74,1.2432432432432432,0.057114403566085395,590,"So you'll find that the savviest and most alive collector's, eat the artist first."
3527,3548,3,12,59,74,1.2432432432432432,0.06026846888427848,590,Caveweeks's latest edition - but you know it's all fake news.
3486,3548,4,10,60,74,1.2432432432432432,0.06326548497088139,590,He is a food blogger
3483,3548,3,12,59,74,1.2432432432432432,0.06026846888427848,590,"That's so, yesterday!"
5074,3548,2,14,58,74,1.2432432432432432,0.057114403566085395,590,She's revising the stew recipe in her cookbook. A few ingredients have gone extinct.
3160,3548,3,12,59,74,1.2432432432432432,0.06026846888427848,590,"He's the greatest artist of the Paleozoic Era, I'd die to get in his class."
3119,3548,2,14,58,74,1.2432432432432432,0.057114403566085395,590,It's so derivative.
1300,3548,3,12,59,74,1.2432432432432432,0.06026846888427848,590,Those darn graffiti artists are back
3012,3548,2,14,58,74,1.2432432432432432,0.057114403566085395,590,He's just spreading fake history news.
2895,3548,3,12,59,74,1.2432432432432432,0.06026846888427848,590,Doesn’t seem right to kill such a sensitive artist.
2892,3548,4,10,60,74,1.2432432432432432,0.06326548497088139,590,No sense of perspective. And his color sense is all wrong.
2840,3548,4,10,60,74,1.2432432432432432,0.06326548497088139,590,Imagine how much they'll be worth when he's dead.
2595,3548,3,12,59,74,1.2432432432432432,0.06026846888427848,590,No wonder they are going extinct. Have you ever seen such a primitive motif?
2047,3548,0,18,56,74,1.2432432432432432,0.05021542194205399,590,See what happens when you don't put your paints away?
1994,3548,4,10,60,74,1.2432432432432432,0.06326548497088139,590,I was hoping for something a bit more post-modern expressionist.
1983,3548,4,10,60,74,1.2432432432432432,0.06326548497088139,590,I told you to lock away the crayons!!!
1855,3548,2,14,58,74,1.2432432432432432,0.057114403566085395,590,he comes every day. we just decided to stop trying to make him stop.
1515,3548,1,16,57,74,1.2432432432432432,0.05377566222524919,590,Big deal. His grammar is terrible.
1439,3548,4,10,60,74,1.2432432432432432,0.06326548497088139,590,"Ever since he discovered fire, he's been acting weird."
2931,3548,2,14,58,74,1.2432432432432432,0.057114403566085395,590,"What a croc, I knew it was him."
5441,3548,4,10,60,74,1.2432432432432432,0.06326548497088139,590,Who let in the Giottonomous?
4702,3548,3,12,59,74,1.2432432432432432,0.06026846888427848,590,"These are primitive drawings that reek of reptilian, fear-based, hindbrain usage. Meh."
5807,3548,3,12,59,74,1.2432432432432432,0.06026846888427848,590,Do we handle this as a dominant species or as an evolved one?
5749,3548,1,16,57,74,1.2432432432432432,0.05377566222524919,590,They’re evolving faster than us.
5853,3548,3,12,59,74,1.2432432432432432,0.06026846888427848,590,"If he saw things as they really are, he would cease to be an artist."
2705,3586,6,6,63,75,1.24,0.06802225391022432,590,This must be a restaurant. He's putting the menu on the wall.
1790,3586,2,14,59,75,1.24,0.0564409920676948,590,This is therapy for his carpal dragon syndrome.
1035,3586,1,16,58,75,1.24,0.05315284776213995,590,Do artists ever to do their best work just before they die?
2051,3586,0,18,57,75,1.24,0.049647405419265024,590,Feel like paleo artisanal?
2670,3586,2,14,59,75,1.24,0.0564409920676948,590,"Should we ask him to stop?"" ""Nah, what harm could it do?"
3111,3586,3,12,60,75,1.24,0.059547845854790976,590,“Let’s put some pretty little horses...” “Look out Fred. It’s a Bobrossasaus
3313,3586,3,12,60,75,1.24,0.059547845854790976,590,His work sells because of his menacing figurative-narrative matrix.
3500,3586,4,10,61,75,1.24,0.06250045044882722,590,Who's this idiot trying to impress.
3761,3586,1,16,58,75,1.24,0.05315284776213995,590,Shh...let him finish - we can take credit!
4306,3586,2,14,59,75,1.24,0.0564409920676948,590,WE SHOULD POSE FOR HIM AND GO DOWN IN HISTORY.
5256,3586,0,18,57,75,1.24,0.049647405419265024,590,Photographer. Next comes the fake news with it.
5274,3586,2,14,59,75,1.24,0.0564409920676948,590,Aim at her thumb.
4776,3586,2,14,59,75,1.24,0.0564409920676948,590,Why cant this be a normal game of dungeons and dragons
2180,3586,3,12,60,75,1.24,0.059547845854790976,590,"He might just be keeping score, but he draws a lot better than you do."
34,3586,4,10,61,75,1.24,0.06250045044882722,590,It's primitive yet insightful.
5490,3586,2,14,59,75,1.24,0.0564409920676948,590,Do you think it would be inappropriate for me to ask my decorator out?
5496,3586,2,14,59,75,1.24,0.0564409920676948,590,Oh! I thought you were coming next Tuesday!
5522,3586,3,12,60,75,1.24,0.059547845854790976,590,It’s a bit abstract for my taste.
437,3586,3,12,60,75,1.24,0.059547845854790976,590,"Look, you took her home...you said... you had had a lot of grog... you said... she wasn't going to start homemaking... you said..."
784,3586,2,14,59,75,1.24,0.0564409920676948,590,"Sure, but can she cook?"
5457,3586,4,10,61,75,1.24,0.06250045044882722,590,"""Oh, no--thousands of years from now they're probably going to think that we drew it."" [underscore ""we""]"
3129,3607,2,13,56,71,1.2394366197183098,0.05836397531564844,590,"When he starts drawing human sacrifices, I'm out of here."
638,3608,4,11,65,80,1.2375,0.059650219900493365,590,"So, the right side of his brain works but can he talk?"
4059,3609,2,14,60,76,1.236842105263158,0.05578285296696368,590,What do you expect from a lizard?
59,3609,0,18,58,76,1.236842105263158,0.04909146870046746,590,“So you gave him the charcoal ... No I didn’t ... Yes you did ... No I swear I ...p
4197,3611,2,13,57,72,1.2361111111111112,0.05764366130288757,590,"How many times do I have to tell you, not to leave the charcoal lying around?"
4120,3611,2,13,57,72,1.2361111111111112,0.05764366130288757,590,Too bad he won’t be around to enjoy it.
4418,3611,1,15,56,72,1.2361111111111112,0.05414383973890985,590,I sat in on her seminar last week. You're looking at the future...
4698,3611,1,15,56,72,1.2361111111111112,0.05414383973890985,590,"Yeah, right. That's Banksy."
4859,3611,3,11,58,72,1.2361111111111112,0.0609428256247713,590,"Seen one neo-retro primitive artist, seen 'em all."
4873,3611,2,13,57,72,1.2361111111111112,0.05764366130288757,590,"He really doesn't understand the concept of a ""food chain""."
4408,3611,2,13,57,72,1.2361111111111112,0.05764366130288757,590,"See, good taste."
4916,3611,3,11,58,72,1.2361111111111112,0.0609428256247713,590,This my new man cave.
830,3611,2,13,57,72,1.2361111111111112,0.05764366130288757,590,Everyone’s a critic. I thought he was supposed to be extinct!
5056,3611,2,13,57,72,1.2361111111111112,0.05764366130288757,590,Are none of our human abilities sacred anymore?
5342,3611,2,13,57,72,1.2361111111111112,0.05764366130288757,590,Don't kill her yet. She's close to figuring out the fire thing.
5392,3611,3,11,58,72,1.2361111111111112,0.0609428256247713,590,I'll knock it out and hid the body. You grab his brushes and call the press!
5410,3611,2,13,57,72,1.2361111111111112,0.05764366130288757,590,"Don't worry, they will give us credit."
5414,3611,3,11,58,72,1.2361111111111112,0.0609428256247713,590,They say cave art is going extinct.
5573,3611,1,15,56,72,1.2361111111111112,0.05414383973890985,590,She subleased it. On weekends it’s a hunters and gatherers market
5574,3611,4,9,59,72,1.2361111111111112,0.06407233647886229,590,"I guess, it's ok for the hallway, but for the cold room he should paint a still-life."
3946,3611,1,15,56,72,1.2361111111111112,0.05414383973890985,590,Yeah? Well he sucks at sports
5657,3611,2,13,57,72,1.2361111111111112,0.05764366130288757,590,Would you buy a painting from a dinosaur?
5949,3611,4,9,59,72,1.2361111111111112,0.06407233647886229,590,Who cares if he’s won the talent show three years in a row? He's got nothing on you! Your new act is FIRE!
4973,3611,3,11,58,72,1.2361111111111112,0.0609428256247713,590,"If you ask me, he needs to find a new genre."
3537,3611,4,9,59,72,1.2361111111111112,0.06407233647886229,590,If those art historians from 2020 could only see what we're seeing now!
2351,3611,0,17,55,72,1.2361111111111112,0.05040157809973304,590,That was before Mildred made me cut my hair.
3177,3611,2,13,57,72,1.2361111111111112,0.05764366130288757,590,"Ugh, he's always so meta."
1032,3611,3,11,58,72,1.2361111111111112,0.0609428256247713,590,"Really, are we going to let him out do us like that."
806,3611,1,15,56,72,1.2361111111111112,0.05414383973890985,590,Do you think he knows this is a rented property?
738,3611,2,13,57,72,1.2361111111111112,0.05764366130288757,590,"His rates and online reviews were great, but honestly, it seems forced"
376,3611,3,11,58,72,1.2361111111111112,0.0609428256247713,590,A million years from now those know it all archeologists are gonna get it all wrong!
228,3611,1,15,56,72,1.2361111111111112,0.05414383973890985,590,You can't wait for inspiration. You have to go after it with a club.
105,3611,2,13,57,72,1.2361111111111112,0.05764366130288757,590,I thought we were the only ones evolving.
1154,3611,2,13,57,72,1.2361111111111112,0.05764366130288757,590,"He's not really all that clever, no one is going to believe that pterodactyls and humans co-existed."
1456,3611,0,17,55,72,1.2361111111111112,0.05040157809973304,590,It'll be worth one's when he's extinct
1746,3611,3,11,58,72,1.2361111111111112,0.0609428256247713,590,"I don't care what you say, it's a dying form of art."
1833,3611,1,15,56,72,1.2361111111111112,0.05414383973890985,590,His earlier works are more abstract.
1853,3611,0,17,55,72,1.2361111111111112,0.05040157809973304,590,He's drawing his menu.
2108,3611,6,5,61,72,1.2361111111111112,0.06991235166491738,590,"That's the hack who draws the shittiest New Yorker cartoons. You know, the ones with the crazy noses."
2167,3611,2,13,57,72,1.2361111111111112,0.05764366130288757,590,"Ugh, still derivative and two-dimensional."
2241,3611,3,11,58,72,1.2361111111111112,0.0609428256247713,590,I just hope WE don't get blamed for this.
2318,3611,2,13,57,72,1.2361111111111112,0.05764366130288757,590,I think the British Museum would be interested. Let’s hit him over the head
875,3611,2,13,57,72,1.2361111111111112,0.05764366130288757,590,You give a T-Rex a few magic markers and they think they are Picasso.
2963,3611,3,11,58,72,1.2361111111111112,0.0609428256247713,590,Art? Our pet sneezes on the wall and the wife calls it stucco.
2990,3611,0,17,55,72,1.2361111111111112,0.05040157809973304,590,Your precocious new pet is now messing up my man-cave!
2999,3611,3,11,58,72,1.2361111111111112,0.0609428256247713,590,He doesn't look extinct to me.
3104,3611,2,13,57,72,1.2361111111111112,0.05764366130288757,590,Of course it stinks! But history will blame us.
3163,3611,2,13,57,72,1.2361111111111112,0.05764366130288757,590,He foolishly feels future generations will discover and value his drawings as well as his ancestors' remains.
3175,3611,2,13,57,72,1.2361111111111112,0.05764366130288757,590,It looks like wallpaper is making a comeback.
3739,3611,1,15,56,72,1.2361111111111112,0.05414383973890985,590,"....and now, to a more civilized time."
3369,3611,2,13,57,72,1.2361111111111112,0.05764366130288757,590,This will prove to be very contemporary art...
1350,3611,3,11,58,72,1.2361111111111112,0.0609428256247713,590,Today we start extinction.
4652,3611,1,15,56,72,1.2361111111111112,0.05414383973890985,590,I'm taking all artistic credit after he's extinct.
1736,3660,1,16,60,77,1.2337662337662338,0.051948051948051945,590,He calls it ‘Prehistoric Futurism’.
2155,3660,3,12,62,77,1.2337662337662338,0.05815605815832067,590,We drafted him first round as a tight end but his real appetite is for menu art
4717,3662,3,11,59,73,1.2328767123287672,0.0601891613080551,590,You said you just wanted a fixer upper that needed some paint.
5770,3662,1,15,57,73,1.2328767123287672,0.053494860793881195,590,"Unfortunately, he's including us on today's menu."
5444,3662,4,9,60,73,1.2328767123287672,0.06327126237694529,590,Do you want one picture together or two separate ones?
5140,3662,3,11,59,73,1.2328767123287672,0.0601891613080551,590,Picasso-sauras is at it again.
5114,3662,2,13,58,73,1.2328767123287672,0.056940474490136644,590,I think I prefer Neoclassicism
4746,3662,3,11,59,73,1.2328767123287672,0.0601891613080551,590,He's about to enter his Clubist period.
131,3662,2,13,58,73,1.2328767123287672,0.056940474490136644,590,I'm going to go invent the snitty art review.
136,3662,3,11,59,73,1.2328767123287672,0.0601891613080551,590,Clever girl!
141,3662,2,13,58,73,1.2328767123287672,0.056940474490136644,590,He's drawing us wearing pantyhose again. We need to do something about it.
302,3662,0,17,56,73,1.2328767123287672,0.04981147084308545,590,Social commentary: this is the sort of work *you* should be doing.
322,3662,2,13,58,73,1.2328767123287672,0.056940474490136644,590,He wants to be a graphic designer.
5371,3662,2,13,58,73,1.2328767123287672,0.056940474490136644,590,You should see who.... I mean what his paints are made of.
756,3662,3,11,59,73,1.2328767123287672,0.0601891613080551,590,Guess he’s moved on from those paleolithographs.
470,3662,4,9,60,73,1.2328767123287672,0.06327126237694529,590,Let's start a new tradition called plagiarism...
4175,3662,2,13,58,73,1.2328767123287672,0.056940474490136644,590,A bit derivative for my taste.
4123,3662,3,11,59,73,1.2328767123287672,0.0601891613080551,590,Ever since I took him for pet training he's been insufferable.
3941,3662,4,9,60,73,1.2328767123287672,0.06327126237694529,590,The only thing extinct about him is his sense of perspective.
3296,3662,1,15,57,73,1.2328767123287672,0.053494860793881195,590,Sacre bleu! It's a Basquiatosaurus.
2869,3662,1,15,57,73,1.2328767123287672,0.053494860793881195,590,In the future he’ll be gone. And we’ll have oil paints.
4430,3662,0,17,56,73,1.2328767123287672,0.04981147084308545,590,I’m having him decorate my cave next.
2440,3662,3,11,59,73,1.2328767123287672,0.0601891613080551,590,He's alright but he's no Banksy!
1633,3662,3,11,59,73,1.2328767123287672,0.0601891613080551,590,He better not insult us in the caption.
1623,3662,4,9,60,73,1.2328767123287672,0.06327126237694529,590,It's his 'Food Pyramid'. He thinks he's on top of the food chain.
1596,3662,1,15,57,73,1.2328767123287672,0.053494860793881195,590,"I wanted to kennel him, but Mrs. Chauvet wouldn't have it."
2483,3662,6,5,62,73,1.2328767123287672,0.06902381944215057,590,"This is ""fake news"" believe me. Sad!"
944,3662,2,13,58,73,1.2328767123287672,0.056940474490136644,590,Why wait? Such work is much more desirable once the artist's dead.
1883,3688,2,13,59,74,1.2297297297297298,0.05625383214490834,590,OMG... more Fake News!
2838,3688,2,13,59,74,1.2297297297297298,0.05625383214490834,590,Just make sure he's done before my show opens.
700,3690,1,14,55,70,1.2285714285714286,0.054493445847579626,590,He's selecting his last supper.
798,3690,1,14,55,70,1.2285714285714286,0.054493445847579626,590,Usurper!
876,3690,3,10,57,70,1.2285714285714286,0.06162542486863335,590,Let's kill it and take credit for all humanity.
1044,3690,1,14,55,70,1.2285714285714286,0.054493445847579626,590,We’ll club him after he’s done shading.
579,3690,3,10,57,70,1.2285714285714286,0.06162542486863335,590,"You realize, all this gentrification means us hard-working tax payers can't afford to own any of these caves."
1266,3690,4,8,58,70,1.2285714285714286,0.06489816380443914,590,I told you to keep him in the crate.
1305,3690,1,14,55,70,1.2285714285714286,0.054493445847579626,590,"You distract him, I'll grab the crayons!"
971,3690,1,14,55,70,1.2285714285714286,0.054493445847579626,590,"Great, that mutt graffiti's all over the walls, but I’ll get blamed for it."
530,3690,2,12,56,70,1.2285714285714286,0.05816884316617732,590,Which one of us will take credit for this?
211,3690,2,12,56,70,1.2285714285714286,0.05816884316617732,590,"It's called Cave Graffiti, Arnold, and it's the latest craze"
277,3690,1,14,55,70,1.2285714285714286,0.054493445847579626,590,"Don't fall for it, lizard tastes like chicken."
214,3690,2,12,56,70,1.2285714285714286,0.05816884316617732,590,"His work is derivative, let eat 'em."
172,3690,5,6,59,70,1.2285714285714286,0.06801360408136047,590,I think we found LeonardoDaVincicus!
158,3690,2,12,56,70,1.2285714285714286,0.05816884316617732,590,A more primitive creature called a lawyer said he can't draw our likeness without us signing a release
139,3690,0,16,54,70,1.2285714285714286,0.050551527824536154,590,How derivative!
57,3690,2,12,56,70,1.2285714285714286,0.05816884316617732,590,And for dessert...
23,3690,4,8,58,70,1.2285714285714286,0.06489816380443914,590,A thousand years from now someone's going to look at these and think we're stupid.
1349,3690,2,12,56,70,1.2285714285714286,0.05816884316617732,590,"He calls himself ""Banksy."""
338,3690,2,12,56,70,1.2285714285714286,0.05816884316617732,590,Prehistoric art is so off the wall!
130,3690,3,10,57,70,1.2285714285714286,0.06162542486863335,590,He wants the cave for his gallery.
3945,3690,2,12,56,70,1.2285714285714286,0.05816884316617732,590,I hate editors.
1488,3690,2,12,56,70,1.2285714285714286,0.05816884316617732,590,Didn't I say one asteroid wasn't enough to get the job done?
3878,3690,2,12,56,70,1.2285714285714286,0.05816884316617732,590,It's the world's first fake news.
4259,3690,1,14,55,70,1.2285714285714286,0.054493445847579626,590,"I wanted pastels, but he prefers charcol."
4372,3690,2,12,56,70,1.2285714285714286,0.05816884316617732,590,"Yep, you're dying."
4486,3690,2,12,56,70,1.2285714285714286,0.05816884316617732,590,It would be interesting to hear what they'll make of that a few thousand years from now.
4769,3690,2,12,56,70,1.2285714285714286,0.05816884316617732,590,I think we can do better.
4823,3690,3,10,57,70,1.2285714285714286,0.06162542486863335,590,"If they don't learn to specialize, they won't survive."
4945,3690,2,12,56,70,1.2285714285714286,0.05816884316617732,590,I think he's very good considering his early age.
5131,3690,4,8,58,70,1.2285714285714286,0.06489816380443914,590,How Ancestry.com began
5190,3690,1,14,55,70,1.2285714285714286,0.054493445847579626,590,It’s early onset autism.
5244,3690,2,12,56,70,1.2285714285714286,0.05816884316617732,590,Let' get a beer; we will take credit for it later.
5289,3690,2,12,56,70,1.2285714285714286,0.05816884316617732,590,My wife wanted to freshen up the man cave.
5366,3690,2,12,56,70,1.2285714285714286,0.05816884316617732,590,He says he's protected by copyright.
5497,3690,1,14,55,70,1.2285714285714286,0.054493445847579626,590,He better hurry up - the exhibition opens at 2.
5521,3690,4,8,58,70,1.2285714285714286,0.06489816380443914,590,How we play this is really important.
5525,3690,1,14,55,70,1.2285714285714286,0.054493445847579626,590,"Hey, I think it would be a shame to kill Rex when he's just beginning to find his 'inner self.'"
5527,3690,1,14,55,70,1.2285714285714286,0.054493445847579626,590,Damn! Too late! He stole our idea!
5562,3690,2,12,56,70,1.2285714285714286,0.05816884316617732,590,"Let Puff have at it, I say. I mean, he's having a good time - and some day you and I will get credit for creating a whole new art form!"
5667,3690,2,12,56,70,1.2285714285714286,0.05816884316617732,590,Hard to believe that we discovered fire before they did.
5785,3690,4,8,58,70,1.2285714285714286,0.06489816380443914,590,The guy wins the contest but loses his life.
5890,3690,2,12,56,70,1.2285714285714286,0.05816884316617732,590,I guess that makes us the missing link.
5950,3690,2,12,56,70,1.2285714285714286,0.05816884316617732,590,Do you think it does tattoos?
3817,3690,2,12,56,70,1.2285714285714286,0.05816884316617732,590,"He's calling the series ""post-historic"""
1480,3690,1,14,55,70,1.2285714285714286,0.054493445847579626,590,"Yeah, well, I'd be happy to compare SATs with the smug bastard."
3736,3690,2,12,56,70,1.2285714285714286,0.05816884316617732,590,"Like I said, another Basquiat meets Klee rip-off artist"
3432,3690,1,14,55,70,1.2285714285714286,0.054493445847579626,590,I’ll never go back to wallpaper.
1491,3690,4,8,58,70,1.2285714285714286,0.06489816380443914,590,You art what you eat
1512,3690,2,12,56,70,1.2285714285714286,0.05816884316617732,590,Please tell me you registered the copyright.
1528,3690,3,10,57,70,1.2285714285714286,0.06162542486863335,590,I call him Salvador Dino.
1541,3690,2,12,56,70,1.2285714285714286,0.05816884316617732,590,He's only an apprentice. I'm claiming the copyright.
1645,3690,2,12,56,70,1.2285714285714286,0.05816884316617732,590,Think we should try this?
1668,3690,3,10,57,70,1.2285714285714286,0.06162542486863335,590,"We're be all right, as long as he forgets to sign it."
1701,3690,1,14,55,70,1.2285714285714286,0.054493445847579626,590,His art is so Cretaceous
1742,3690,3,10,57,70,1.2285714285714286,0.06162542486863335,590,"Hmmm, looks like we're at an evolutionary crossroads: We better kill Him before he kills more of Us."
1752,3690,2,12,56,70,1.2285714285714286,0.05816884316617732,590,"Yeah, he's good alright. You go for the legs, I'll take the head. Then we'll drag the girls back here and take credit for his work."
1777,3690,2,12,56,70,1.2285714285714286,0.05816884316617732,590,He ruined our cave. Now no one will ever want to come here.
1929,3690,2,12,56,70,1.2285714285714286,0.05816884316617732,590,"25,000 years from now who'll know it's all plagiarism? My style and charcoal sticks!"
2195,3690,0,16,54,70,1.2285714285714286,0.050551527824536154,590,"If you see a drawing of me up there, please tell my wife to cash in the life insurance policy."
2263,3690,2,12,56,70,1.2285714285714286,0.05816884316617732,590,"You club him, and then I'll leave him out of the cited sources."
2335,3690,2,12,56,70,1.2285714285714286,0.05816884316617732,590,Welcome to Jurassic Art.
2584,3690,2,12,56,70,1.2285714285714286,0.05816884316617732,590,He's my grad student. I'm taking credit for it.
2613,3690,3,10,57,70,1.2285714285714286,0.06162542486863335,590,"Honestly? It's an interesting thought, but not really our kind of thing, is it? Aren't we more about--well, killing things?"
2627,3690,1,14,55,70,1.2285714285714286,0.054493445847579626,590,It's this new idea of animal rhetoric.
2881,3690,1,14,55,70,1.2285714285714286,0.054493445847579626,590,"You're right, let him be, aesthetics isn't everything."
2952,3690,4,8,58,70,1.2285714285714286,0.06489816380443914,590,It's a new species. Picasso-saurus-rex.
3155,3690,2,12,56,70,1.2285714285714286,0.05816884316617732,590,Should we eat him or raise his rent?
3306,3690,2,12,56,70,1.2285714285714286,0.05816884316617732,590,"Me not know, but heard new art director hiring ""millenials."""
3715,3690,3,10,57,70,1.2285714285714286,0.06162542486863335,590,Consider him nouvelle cuisine with an artistic flair...
1398,3690,3,10,57,70,1.2285714285714286,0.06162542486863335,590,"Sure, it's good, but I find his work derivative."
495,3690,2,12,56,70,1.2285714285714286,0.05816884316617732,590,I told you not to rent the cave out to an artist.
55,3761,1,13,52,66,1.2272727272727273,0.056285380669717305,590,"Cave dwelling artists! What, they can't use a tarp on the floor of the cave once in a while?"
1164,3761,4,7,55,66,1.2272727272727273,0.06757695965146986,590,I hear he 's also working on this new round device.
2522,3761,1,13,52,66,1.2272727272727273,0.056285380669717305,590,Worth more if he sign before boom boom.
3168,3761,1,13,52,66,1.2272727272727273,0.056285380669717305,590,"He draws well, but his palette is rudimentary."
3027,3761,1,13,52,66,1.2272727272727273,0.056285380669717305,590,These Neanderthals never get the shading right.
5489,3766,3,10,58,71,1.2253521126760563,0.06083649988077124,590,How's my hair?
5384,3766,1,14,56,71,1.2253521126760563,0.05381682584378255,590,"She is the last of her kind. Let's kill her, and then we can claim it for us."
4840,3766,3,10,58,71,1.2253521126760563,0.06083649988077124,590,It was “graffiti” last year. This year it’s “creative place making.”
4552,3766,4,8,59,71,1.2253521126760563,0.06405852171775905,590,I love it when galleries provide food.
3771,3766,0,16,55,71,1.2253521126760563,0.04993832453115034,590,Why do the prior owners always have lousy taste?
3693,3766,2,12,57,71,1.2253521126760563,0.05743400761588512,590,My dog could do better.
3492,3766,1,14,56,71,1.2253521126760563,0.05381682584378255,590,Uh oh. Baby found the crayons .
3475,3766,1,14,56,71,1.2253521126760563,0.05381682584378255,590,It's post-extinctism - not everybody's cup of tea.
3461,3766,1,14,56,71,1.2253521126760563,0.05381682584378255,590,They’re revenge petroglyphs. He saw the dinosaur footprints I etched in the mud.
3144,3766,3,10,58,71,1.2253521126760563,0.06083649988077124,590,That drawing makes me look fat.
2574,3766,3,10,58,71,1.2253521126760563,0.06083649988077124,590,He started off with stick figures. But then he ate Pablo.
2414,3766,1,14,56,71,1.2253521126760563,0.05381682584378255,590,We'll worry about moving it later.
2224,3766,1,14,56,71,1.2253521126760563,0.05381682584378255,590,We'll kill him after he finishes the bedroom.
2138,3766,2,12,57,71,1.2253521126760563,0.05743400761588512,590,"We'll probably get credit for this, and let the future anthropologists write what they may."
2127,3766,4,8,59,71,1.2253521126760563,0.06405852171775905,590,With all those lessons he's never improved an iota!
1990,3766,3,10,58,71,1.2253521126760563,0.06083649988077124,590,Let's welcome him to the club.
1206,3766,1,14,56,71,1.2253521126760563,0.05381682584378255,590,Every time he eats one he draws one.
1205,3766,2,12,57,71,1.2253521126760563,0.05743400761588512,590,I thought the decorator was starting tomorrow?
1007,3766,4,8,59,71,1.2253521126760563,0.06405852171775905,590,"...the good news is, Dino is just about done printing tonight's menu..."
761,3766,2,12,57,71,1.2253521126760563,0.05743400761588512,590,That's no bird!
142,3766,2,12,57,71,1.2253521126760563,0.05743400761588512,590,He wants to make his mark in history!
2588,3766,3,10,58,71,1.2253521126760563,0.06083649988077124,590,"OF THE 3 DRAGONS ON GAME OF THRONES, HE'S THE MOST ARTISTIC!"
5998,3788,2,11,54,67,1.2238805970149254,0.05947492059078339,590,"When he's done, let's chase him off and we'll sign it."
308,3788,0,15,52,67,1.2238805970149254,0.05130982469793496,590,No one's gonna remember who invented crayons.
577,3790,0,16,56,72,1.2222222222222223,0.04933922619854286,590,"Man, if I had half a brain...”"
953,3790,3,10,59,72,1.2222222222222223,0.06006719705512129,590,"I guess the writing’s on the wall, but how did Donald Jr and Eric get here?"
4276,3790,3,10,59,72,1.2222222222222223,0.06006719705512129,590,"""He got his DNA test done last week. He hasn't been the same since he learned he's got 30% pterodactyl in his genes""."
5099,3790,4,6,53,63,1.2222222222222223,0.06954038431673219,590,I hope he doesn't sign it
1444,3790,3,10,59,72,1.2222222222222223,0.06006719705512129,590,You can go next.
2697,3795,3,9,56,68,1.2205882352941178,0.06231412478072636,590,"Good, but a bit derivative, don't you think?"
839,3795,1,13,54,68,1.2205882352941178,0.05481867402299337,590,Reptiles....who's going to look at those anytime soon?
842,3795,2,11,55,68,1.2205882352941178,0.05868618733921613,590,The caricature adds twenty pounds.
919,3795,1,13,54,68,1.2205882352941178,0.05481867402299337,590,I say we take away his charcoal.
974,3795,1,13,54,68,1.2205882352941178,0.05481867402299337,590,There's a good chance we'll score some royalties.
1075,3795,2,11,55,68,1.2205882352941178,0.05868618733921613,590,Ughh. I specifically told him we wanted wall paper.
1379,3795,2,11,55,68,1.2205882352941178,0.05868618733921613,590,He's not an artist -- that's his kill journal!
1437,3795,2,11,55,68,1.2205882352941178,0.05868618733921613,590,I can't wait till they're extinct. We'll get all the credit.
1451,3795,1,13,54,68,1.2205882352941178,0.05481867402299337,590,Wife say get eaten alive just price me have to pay for good decorator.
2230,3795,1,13,54,68,1.2205882352941178,0.05481867402299337,590,He tells me he’d like to take up the piano as soon as we invent it.
1564,3795,1,13,54,68,1.2205882352941178,0.05481867402299337,590,I miss the chisel medium.
1624,3795,4,7,57,68,1.2205882352941178,0.06574216082516834,590,Derivative.
1189,3795,3,9,56,68,1.2205882352941178,0.06231412478072636,590,"I tried painting with him, but he bit off my ear."
820,3795,3,9,56,68,1.2205882352941178,0.06231412478072636,590,I have a feeling that we're witnessing the beginning of a conspiracy theory.
645,3795,0,15,53,68,1.2205882352941178,0.050656741494739324,590,'I thought you said your ex stinked.. from here she looks quite talented '
1825,3795,0,15,53,68,1.2205882352941178,0.050656741494739324,590,Does he EVER have a story to tell!!
494,3795,2,11,55,68,1.2205882352941178,0.05868618733921613,590,He sold my wife on it.
473,3795,1,13,54,68,1.2205882352941178,0.05481867402299337,590,He'll never be popular in a million years!
447,3795,2,11,55,68,1.2205882352941178,0.05868618733921613,590,Looks like someone's an evolutionary social climber!
441,3795,4,7,57,68,1.2205882352941178,0.06574216082516834,590,"If DNA become available, me challenge paternity."
1986,3795,2,11,55,68,1.2205882352941178,0.05868618733921613,590,I know hornography when I see it.
408,3795,2,11,55,68,1.2205882352941178,0.05868618733921613,590,You should see the flaming ball of death he drew at Zog's house.
350,3795,2,11,55,68,1.2205882352941178,0.05868618733921613,590,"He's depicting natures symbiotic relationship with man."" ""He signs his paintings Dino Da Vinci"
327,3795,0,15,53,68,1.2205882352941178,0.050656741494739324,590,I told you all the galleries are dominated by dinosaurs.
295,3795,3,9,56,68,1.2205882352941178,0.06231412478072636,590,"I say we kill him, open a gallery, and take all the credit."
93,3795,3,9,56,68,1.2205882352941178,0.06231412478072636,590,Quiet; he doesn't know he has the brain the size of a pebble.
1842,3795,2,11,55,68,1.2205882352941178,0.05868618733921613,590,Banksy's at it again...
725,3795,3,9,56,68,1.2205882352941178,0.06231412478072636,590,"Oh, so this that Banksy character!"
2750,3795,1,13,54,68,1.2205882352941178,0.05481867402299337,590,He must be a sketchasaurus
1791,3795,1,13,54,68,1.2205882352941178,0.05481867402299337,590,"No, no, that's definitely surrealist."
5273,3795,3,9,56,68,1.2205882352941178,0.06231412478072636,590,"His work is edgy and having in the house is risky, but we love what he's done with the place."
2513,3795,2,11,55,68,1.2205882352941178,0.05868618733921613,590,And he's going to wallpaper our bedroom.
4029,3795,0,15,53,68,1.2205882352941178,0.050656741494739324,590,"I didnt see credentials, but he works cheap"
6011,3795,3,9,56,68,1.2205882352941178,0.06231412478072636,590,Paintings are more valuable after the artist dies...
6006,3795,1,13,54,68,1.2205882352941178,0.05481867402299337,590,We gotta get back to Lascaux before this guy invents chiaroscuro.
5979,3795,1,13,54,68,1.2205882352941178,0.05481867402299337,590,He has the soul of an artist--we can't kill him in cold blood.
5946,3795,3,9,56,68,1.2205882352941178,0.06231412478072636,590,Artist in residence
5843,3795,3,9,56,68,1.2205882352941178,0.06231412478072636,590,I knew they had a softer side.
5694,3795,3,9,56,68,1.2205882352941178,0.06231412478072636,590,I think he's laughing AT you.
5302,3795,4,7,57,68,1.2205882352941178,0.06574216082516834,590,Should we let him finish? His use of pastels is surprisingly aesthetically pleasing.
4641,3795,2,11,55,68,1.2205882352941178,0.05868618733921613,590,Should we let him finish. Maybe one day it will be valuable.
5298,3795,3,9,56,68,1.2205882352941178,0.06231412478072636,590,"Since no one knows how to write their name, everyone will just assume it was us."
5235,3795,1,13,54,68,1.2205882352941178,0.05481867402299337,590,This isn't what I signed up for when I joined the Society for Creative Anachronism.
5228,3795,3,9,56,68,1.2205882352941178,0.06231412478072636,590,"Yeah, he thinks he’s a real Rembrandt."
5220,3795,0,15,53,68,1.2205882352941178,0.050656741494739324,590,They won't last.
5063,3795,3,9,56,68,1.2205882352941178,0.06231412478072636,590,"Me hate fake news. Us make him ""extinct""."
4991,3795,3,9,56,68,1.2205882352941178,0.06231412478072636,590,"Tell him I don't like the one of me, it makes me look fat."
4966,3795,3,9,56,68,1.2205882352941178,0.06231412478072636,590,"In 10,000 years, do you think we're gonna have to pay him royalties?"
4931,3795,2,11,55,68,1.2205882352941178,0.05868618733921613,590,"Let's club him, so thousands of years from now we'll get the credit."
4897,3795,2,11,55,68,1.2205882352941178,0.05868618733921613,590,I prefer to live in the moment.
4787,3795,2,11,55,68,1.2205882352941178,0.05868618733921613,590,"Okay, you win. I'll say I drew them and you kill him."
4134,3795,1,13,54,68,1.2205882352941178,0.05481867402299337,590,"See ! I told you. This is a ""Reptilian"". Normal dinosaurs doesn't really know how to draw a fish."
4011,3795,1,13,54,68,1.2205882352941178,0.05481867402299337,590,"I don't care if this cave is unmarked, that is our personal information."
4017,3795,1,13,54,68,1.2205882352941178,0.05481867402299337,590,He’s a Florida Highwaysaurus – says he’s just passing through Lascaux.
3614,3795,2,11,55,68,1.2205882352941178,0.05868618733921613,590,Gorguk. the times they are a-changing.
2771,3795,2,11,55,68,1.2205882352941178,0.05868618733921613,590,Apparently he's a compulsive calorie counter.
2820,3795,0,15,53,68,1.2205882352941178,0.050656741494739324,590,You tell him he's extinct. I like representational art!
2824,3795,2,11,55,68,1.2205882352941178,0.05868618733921613,590,"I'm not sure exactly this 'art' thing is, but I think we should put a stop to it."
2576,3795,0,15,53,68,1.2205882352941178,0.050656741494739324,590,"yeah, it's his homework - he's in Beginning Drawing with Gurg"
2890,3795,1,13,54,68,1.2205882352941178,0.05481867402299337,590,"""Don't kill him, he's our artist in residence""."
2986,3795,2,11,55,68,1.2205882352941178,0.05868618733921613,590,"Next thing you know, he's going to want health care."
3095,3795,1,13,54,68,1.2205882352941178,0.05481867402299337,590,We should start charging admission.
3110,3795,4,7,57,68,1.2205882352941178,0.06574216082516834,590,He is good at keeping track of what he eats but he needs more greens.
3219,3795,0,15,53,68,1.2205882352941178,0.050656741494739324,590,"The galleries refer to him as ""Paleo Picasso."""
3224,3795,4,7,57,68,1.2205882352941178,0.06574216082516834,590,Their a lot smarter than they look.
3897,3795,2,11,55,68,1.2205882352941178,0.05868618733921613,590,We're not Neanderthal's! Wait until he's finished.
3251,3795,1,13,54,68,1.2205882352941178,0.05481867402299337,590,We have to kill it before it moves on to Rococo.
3407,3795,1,13,54,68,1.2205882352941178,0.05481867402299337,590,Let him finish. Then we take credit.
3470,3795,0,15,53,68,1.2205882352941178,0.050656741494739324,590,He seems to think that everybody can read his handwriting.
2279,3795,3,9,56,68,1.2205882352941178,0.06231412478072636,590,I call him Carnivaggio.
3472,3795,3,9,56,68,1.2205882352941178,0.06231412478072636,590,"Yeah, Ug, it's all hipster artists here now. 'Gentrified' they call it."
1717,3795,2,11,55,68,1.2205882352941178,0.05868618733921613,590,He says the perma marker will make his drawings last longer.
2497,3795,2,11,55,68,1.2205882352941178,0.05868618733921613,590,My chihuahua could do better than that.
3482,3795,2,11,55,68,1.2205882352941178,0.05868618733921613,590,And the evolutionists will say we didn't coexist.
3610,3795,2,11,55,68,1.2205882352941178,0.05868618733921613,590,I don't know if it's graffiti or art.
3361,3795,4,7,57,68,1.2205882352941178,0.06574216082516834,590,"Let's kill them off, and future generations will credit us with inventing art."
4263,3795,2,11,55,68,1.2205882352941178,0.05868618733921613,590,He loves to make me look fat.
1386,3872,4,8,61,73,1.2191780821917808,0.062441983247385126,590,It's your turn to reprimand Kujo for drawing on the walls.
2439,3872,1,14,58,73,1.2191780821917808,0.05251141552511415,590,Big lizard always draw me fat.
5390,3874,2,11,56,69,1.2173913043478262,0.057917707801486674,590,none of us look anything like that
783,3874,1,13,55,69,1.2173913043478262,0.054112876632765046,590,I told you the neighborhood was gentrifying.
1058,3874,3,9,57,69,1.2173913043478262,0.061487546190134565,590,"The wife likes his stuff - besides, they say the artistic ones don't taste very good so, we keep him around."
2026,3874,2,11,56,69,1.2173913043478262,0.057917707801486674,590,I taught him everything he knows.
2469,3874,3,9,57,69,1.2173913043478262,0.061487546190134565,590,"That's so, yesterday!"
3312,3874,2,11,56,69,1.2173913043478262,0.057917707801486674,590,"Wow, my first anachronism."
3397,3874,1,13,55,69,1.2173913043478262,0.054112876632765046,590,Didn't the National Arts Program just have all their appropriations taken away?
4611,3874,2,11,56,69,1.2173913043478262,0.057917707801486674,590,"If we don't deal with him now, we'll go the way of the Dicynodon."
3569,3874,1,13,55,69,1.2173913043478262,0.054112876632765046,590,"I doubt if it has spiritual significance . . . I mean, just look at him."
5106,3874,1,13,55,69,1.2173913043478262,0.054112876632765046,590,"While the concept is intriguing, it lacks originality."
1706,3884,0,14,51,65,1.2153846153846153,0.051386112368797636,590,Those little arms were a dead giveaway.
1577,3884,2,10,53,65,1.2153846153846153,0.06001725590125859,590,"Every time he scores, he does this."
1560,3884,4,6,55,65,1.2153846153846153,0.06755449257788575,590,It's the last drawing-saur. Let's kill and eat it.
1500,3884,3,8,54,65,1.2153846153846153,0.06389710663783134,590,Watch. He can't resist inserting himself into it next.
1310,3884,1,12,52,65,1.2153846153846153,0.05586861171666903,590,Should we give him the bigger pencils?
1302,3884,3,8,54,65,1.2153846153846153,0.06389710663783134,590,I TOLD YOU BREATHING FIRE WAS NOT HER FIRST LOVE.
1027,3884,2,10,53,65,1.2153846153846153,0.06001725590125859,590,Let him finish! Those drawings will really appreciate in value after he's extinct!
1133,3884,1,12,52,65,1.2153846153846153,0.05586861171666903,590,I say we kill 'em all
1034,3884,0,14,51,65,1.2153846153846153,0.051386112368797636,590,He's no Neanderthal.
951,3884,2,10,53,65,1.2153846153846153,0.06001725590125859,590,They say it's a religious thing of some kind.
950,3884,2,10,53,65,1.2153846153846153,0.06001725590125859,590,I've been on the Paleo diet all my life and I still look fat!
925,3884,4,6,55,65,1.2153846153846153,0.06755449257788575,590,"I wish I had that much wall space, I had to start backing everything up last week"
892,3884,4,6,55,65,1.2153846153846153,0.06755449257788575,590,"His technique although crude, exhibits undeniable elements of Fauvism."
1679,3884,2,10,53,65,1.2153846153846153,0.06001725590125859,590,"Unfortunately, we'll have to eat him when it's done."
1267,3884,1,12,52,65,1.2153846153846153,0.05586861171666903,590,I say he's still trying to consolidate his base.
1353,3884,0,14,51,65,1.2153846153846153,0.051386112368797636,590,And you wanted to cook him...
4936,3884,2,10,53,65,1.2153846153846153,0.06001725590125859,590,"The last of the ""Artasaurus."""
1765,3884,1,12,52,65,1.2153846153846153,0.05586861171666903,590,Technology is ruining parents - these modern lizards use a wall as a babysitter.
5191,3884,2,10,53,65,1.2153846153846153,0.06001725590125859,590,He's using up all our charcoal but I don't think we better bother him....
5152,3884,1,12,52,65,1.2153846153846153,0.05586861171666903,590,We need a new paradigm.
4993,3884,1,12,52,65,1.2153846153846153,0.05586861171666903,590,Why hire a hotshot interior designer when we can easily do it ourselves?
4867,3884,4,6,55,65,1.2153846153846153,0.06755449257788575,590,I told you we should have booked it ahead of time.
4858,3884,2,10,53,65,1.2153846153846153,0.06001725590125859,590,Let's not eat him. He's too valuable as our interior decorator.
4733,3884,1,12,52,65,1.2153846153846153,0.05586861171666903,590,No fair; he doesn’t even live here.
4725,3884,3,8,54,65,1.2153846153846153,0.06389710663783134,590,"I know it's graffiti, but it's really good graffiti"
5222,3884,1,12,52,65,1.2153846153846153,0.05586861171666903,590,One of the old school! Doesn't he realise Abstract Impressionism is all the rage now.
4588,3884,1,12,52,65,1.2153846153846153,0.05586861171666903,590,"Grow up, Carl, not all interior decorators are gay."
4411,3884,3,8,54,65,1.2153846153846153,0.06389710663783134,590,Lowbrow stuff for Neanderthals.
4405,3884,2,10,53,65,1.2153846153846153,0.06001725590125859,590,"I told ya, it's kinder, gentler Mesozoic times."
4382,3884,2,10,53,65,1.2153846153846153,0.06001725590125859,590,"Face it, Zog, we're going to have to rethink domestication."
4199,3884,0,14,51,65,1.2153846153846153,0.051386112368797636,590,"Dino Saur Vinci! He's a genius, and a visionary."
4192,3884,0,14,51,65,1.2153846153846153,0.051386112368797636,590,That scale problem Erg has is affecting his drawings.
4147,3884,2,10,53,65,1.2153846153846153,0.06001725590125859,590,This will really impact property values.
4118,3884,3,8,54,65,1.2153846153846153,0.06389710663783134,590,IMHO the color palette is all wrong.
4431,3884,3,8,54,65,1.2153846153846153,0.06389710663783134,590,"I'm not sure how we're going to get that off, we're out of mayonnaise."
5234,3884,2,10,53,65,1.2153846153846153,0.06001725590125859,590,"""Intelligent design? No,that's graffiti!""9"
5248,3884,0,14,51,65,1.2153846153846153,0.051386112368797636,590,"He was just recording 'kills,' but now with the tree little moons and the squiggles, some might say it's art."
5373,3884,3,8,54,65,1.2153846153846153,0.06389710663783134,590,"I like his use of color, but I still find his art derivative."
4977,3884,2,10,53,65,1.2153846153846153,0.06001725590125859,590,"Remember, he buys a licence, pays dues and no more than two major kills between full moons."
5958,3884,2,10,53,65,1.2153846153846153,0.06001725590125859,590,We can order food after she renews the menu.
5929,3884,2,10,53,65,1.2153846153846153,0.06001725590125859,590,That drawing makes my ass look fat.
5907,3884,1,12,52,65,1.2153846153846153,0.05586861171666903,590,Opposable thumbs or not--he's just a better artist than we are.
5897,3884,2,10,53,65,1.2153846153846153,0.06001725590125859,590,It’s a shame— his genus is completely gone.
5792,3884,2,10,53,65,1.2153846153846153,0.06001725590125859,590,Keep your day job.
5765,3884,1,12,52,65,1.2153846153846153,0.05586861171666903,590,It seems to relax him.
5758,3884,0,14,51,65,1.2153846153846153,0.051386112368797636,590,You go tell him he's extinct and his story sucks.
5754,3884,3,8,54,65,1.2153846153846153,0.06389710663783134,590,Are your sure? You would really call this postmodern?
5732,3884,0,14,51,65,1.2153846153846153,0.051386112368797636,590,Primitive art will catch on with the public !
5687,3884,3,8,54,65,1.2153846153846153,0.06389710663783134,590,"It’s ok; once they’re extinct, no one will believe it."
5679,3884,2,10,53,65,1.2153846153846153,0.06001725590125859,590,I'd hate to be one more vic on the wall.
5628,3884,1,12,52,65,1.2153846153846153,0.05586861171666903,590,"Sure, it says; 'But the biggest kick I ever got, was a thing called the Crocodile Rock ..."
5613,3884,0,14,51,65,1.2153846153846153,0.051386112368797636,590,"How about letting him finish and go, and then we turn this place into our domicile?"
5599,3884,2,10,53,65,1.2153846153846153,0.06001725590125859,590,Let’s kill him when she’s finished and we’ll take the credit.
5553,3884,1,12,52,65,1.2153846153846153,0.05586861171666903,590,He really needs a girlfriend.
5447,3884,1,12,52,65,1.2153846153846153,0.05586861171666903,590,It's fake news. He's making US out to be the BAD guys!
4076,3884,3,8,54,65,1.2153846153846153,0.06389710663783134,590,"Little Fido's developed quite a talent, huh?"
4008,3884,2,10,53,65,1.2153846153846153,0.06001725590125859,590,We'll say it was an asteroid.
3977,3884,2,10,53,65,1.2153846153846153,0.06001725590125859,590,Why would I want to see a picture of his dinner?
3818,3884,2,10,53,65,1.2153846153846153,0.06001725590125859,590,I still say there's no future in an art class for dinosaurs.
2818,3884,1,12,52,65,1.2153846153846153,0.05586861171666903,590,When did he switch to the Atkins diet?
2817,3884,2,10,53,65,1.2153846153846153,0.06001725590125859,590,"Funny how when HE draws it, we all die in the end."
2814,3884,4,6,55,65,1.2153846153846153,0.06755449257788575,590,It's called 'evolution!' '
2810,3884,2,10,53,65,1.2153846153846153,0.06001725590125859,590,I'm tired of that smug look on his face. It's called a MAN cave for a reason...
2622,3884,3,8,54,65,1.2153846153846153,0.06389710663783134,590,"Fine. YOU get the meat, I get the credit."
2610,3884,2,10,53,65,1.2153846153846153,0.06001725590125859,590,I told you! He’s on the Paleo diet.
2449,3884,1,12,52,65,1.2153846153846153,0.05586861171666903,590,I hear they use their lizard brain.
2356,3884,1,12,52,65,1.2153846153846153,0.05586861171666903,590,we are going to have to find a way to stop Bruno from marking up the walls.
2349,3884,0,14,51,65,1.2153846153846153,0.051386112368797636,590,He's re-living his days on the Ark.
2107,3884,1,12,52,65,1.2153846153846153,0.05586861171666903,590,I thought it was “History is written by the VICTORS.
1980,3884,2,10,53,65,1.2153846153846153,0.06001725590125859,590,We could just change a few scratches and then call it ours.
1972,3884,3,8,54,65,1.2153846153846153,0.06389710663783134,590,We'll spare him if he's Banksy
1947,3884,1,12,52,65,1.2153846153846153,0.05586861171666903,590,Let's wait until he finishes before we eat him.
1815,3884,1,12,52,65,1.2153846153846153,0.05586861171666903,590,"In 10,000 years they'll still call him a hack."
877,3884,1,12,52,65,1.2153846153846153,0.05586861171666903,590,"Gaugin, Manet, Cragngik... great artists steal."
1787,3884,1,12,52,65,1.2153846153846153,0.05586861171666903,590,But he can't read the writing on the wall.
1784,3884,3,8,54,65,1.2153846153846153,0.06389710663783134,590,There's no way she is going to let us eat it now
2865,3884,1,12,52,65,1.2153846153846153,0.05586861171666903,590,When did he develop an opposable thumb?
1743,3884,2,10,53,65,1.2153846153846153,0.06001725590125859,590,"Yeah, well nobody would believe it, so you're gonna admit defacing another perfectly fine wall."
2912,3884,2,10,53,65,1.2153846153846153,0.06001725590125859,590,"All I did was throw the stick and say ""Fetch!"""
2940,3884,3,8,54,65,1.2153846153846153,0.06389710663783134,590,This unit has everything you are looking for and the interior decorations convey.
3717,3884,0,14,51,65,1.2153846153846153,0.051386112368797636,590,Og put it in charge of social media.
3710,3884,2,10,53,65,1.2153846153846153,0.06001725590125859,590,"If he were just a little smaller I would explain ""derivative art"" to him."
3690,3884,2,10,53,65,1.2153846153846153,0.06001725590125859,590,Let me see your I-Phone. I thought you said these things were extinct.
3684,3884,2,10,53,65,1.2153846153846153,0.06001725590125859,590,"Ever since his mother died, he's changed."
3608,3884,0,14,51,65,1.2153846153846153,0.051386112368797636,590,He's a picky eater.
3457,3884,1,12,52,65,1.2153846153846153,0.05586861171666903,590,The sign says Hard Rock Cafe.
3338,3884,1,12,52,65,1.2153846153846153,0.05586861171666903,590,"After we invent fire, I think we need to start working on wallpaper..."
3292,3884,1,12,52,65,1.2153846153846153,0.05586861171666903,590,"Nah, I think it's pre-postmodernist art."
3279,3884,1,12,52,65,1.2153846153846153,0.05586861171666903,590,"Timmy's menu is fabulous, but sometimes I just want a big salad."
3268,3884,0,14,51,65,1.2153846153846153,0.051386112368797636,590,This studio would be a lot better if it had north light.
3257,3884,2,10,53,65,1.2153846153846153,0.06001725590125859,590,Hipster.
3166,3884,0,14,51,65,1.2153846153846153,0.051386112368797636,590,"If that Darwin guy's right, we're doomed."
3113,3884,1,12,52,65,1.2153846153846153,0.05586861171666903,590,"I knew he could leap, but not draw."
3098,3884,0,14,51,65,1.2153846153846153,0.051386112368797636,590,They call it 'Art.'
3090,3884,1,12,52,65,1.2153846153846153,0.05586861171666903,590,He fancies himself an abstract expressionist!?
3081,3884,4,6,55,65,1.2153846153846153,0.06755449257788575,590,"He used to be an Op-Ed columnist, but agreed to take over the sports section after he ate Thag."
3077,3884,3,8,54,65,1.2153846153846153,0.06389710663783134,590,Why
2914,3884,2,10,53,65,1.2153846153846153,0.06001725590125859,590,Him take that art course with horse painting ad on back of two-sticks box.
768,3884,4,6,55,65,1.2153846153846153,0.06755449257788575,590,"I know i'm just a caveman,but i liked his cubism stuff much better."
2508,3884,2,10,53,65,1.2153846153846153,0.06001725590125859,590,It looks like he's planning his next week's menu.
686,3884,2,10,53,65,1.2153846153846153,0.06001725590125859,590,"He’s a genius who once cut off his own tail, you know? It grew back, though."
691,3884,2,10,53,65,1.2153846153846153,0.06001725590125859,590,"Ah, yes. We've listed every possible modification to our dinner items."
41,3884,1,12,52,65,1.2153846153846153,0.05586861171666903,590,I dunno. Modern art is too literal for my tastes.
42,3884,2,10,53,65,1.2153846153846153,0.06001725590125859,590,Don't let it get to you–they say cave drawings always add ten pounds.
99,3884,2,10,53,65,1.2153846153846153,0.06001725590125859,590,His use of water colors is sublime.
114,3884,2,10,53,65,1.2153846153846153,0.06001725590125859,590,The composition is all wrong and who has ever used pastels for wildlife.
206,3884,2,10,53,65,1.2153846153846153,0.06001725590125859,590,"Artists can be touchy, but if you ask her nicely, maybe she'll make you look a little taller."
221,3884,2,10,53,65,1.2153846153846153,0.06001725590125859,590,Do you understand now why that asteroid extinction theory of yours is just a myth?
229,3884,1,12,52,65,1.2153846153846153,0.05586861171666903,590,I thought you told me you drew those.? I thought you told me you drew those ! I thought you told me you drew those!
284,3884,1,12,52,65,1.2153846153846153,0.05586861171666903,590,no one ever needs to know
335,3884,0,14,51,65,1.2153846153846153,0.051386112368797636,590,No one will ever know what it means.
378,3884,0,14,51,65,1.2153846153846153,0.051386112368797636,590,I thought his career was underwater
460,3884,2,10,53,65,1.2153846153846153,0.06001725590125859,590,"It's ""Representational Art"" , it's the new thing."
527,3884,1,12,52,65,1.2153846153846153,0.05586861171666903,590,I don't see a signature
542,3884,0,14,51,65,1.2153846153846153,0.051386112368797636,590,"see i told you, some of them survived the asteroid"
570,3884,2,10,53,65,1.2153846153846153,0.06001725590125859,590,You can always tell a Harvard man.
4557,4000,3,9,58,70,1.2142857142857142,0.06068230798361479,590,The work is interesting but derivative.
4165,4000,1,13,56,70,1.2142857142857142,0.05342457442340369,590,It’s called a ply-sto-scene.
1658,4000,2,11,57,70,1.2142857142857142,0.057168731202205635,590,He says it's a legacy thing.
3711,4000,4,7,59,70,1.2142857142857142,0.06400329036203155,590,The Arts are ALWAYS the first program cut.
2372,4004,0,14,52,66,1.2121212121212122,0.05070666827479246,590,How could he be the last one? We ate one of these last week!
4317,4004,1,12,53,66,1.2121212121212122,0.05511230963886662,590,I told you he was the one doing the graffiti!
4161,4004,0,14,52,66,1.2121212121212122,0.05070666827479246,590,And he thinks Our days are numbered?
3830,4004,1,12,53,66,1.2121212121212122,0.05511230963886662,590,I don't like the looks of today's grocery list.
3688,4004,2,10,54,66,1.2121212121212122,0.05919093798826622,590,Is it me or has Carl changed since he started meditating?
3544,4004,1,12,53,66,1.2121212121212122,0.05511230963886662,590,"Wait,in a few million years that's going to make us look damn good."
3387,4004,1,12,53,66,1.2121212121212122,0.05511230963886662,590,I predict he’s going to be the next Picasso.
3258,4004,2,10,54,66,1.2121212121212122,0.05919093798826622,590,I say it's an Artistsaurus.
2988,4004,3,8,55,66,1.2121212121212122,0.06300609181762698,590,He is obviously not a starving one.
2714,4004,0,14,52,66,1.2121212121212122,0.05070666827479246,590,So much pre-human art is derivative.
2501,4004,2,10,54,66,1.2121212121212122,0.05919093798826622,590,We forgot to copyright.
2395,4004,2,10,54,66,1.2121212121212122,0.05919093798826622,590,I am afraid some people will call it primative.
2217,4004,1,12,53,66,1.2121212121212122,0.05511230963886662,590,He wasn't even a top ten artist pre-asteroid.
676,4004,1,12,53,66,1.2121212121212122,0.05511230963886662,590,Dr. Liz is outlining his ancestry stupid.
1988,4004,3,8,55,66,1.2121212121212122,0.06300609181762698,590,It’s a graffitisaurus!
1702,4004,3,8,55,66,1.2121212121212122,0.06300609181762698,590,Damn fact-checker ruin everything.
1574,4004,4,6,56,66,1.2121212121212122,0.06660306353563407,590,"""What's an eraser""?"
1478,4004,2,10,54,66,1.2121212121212122,0.05919093798826622,590,"Well, just wait until those archaeologists get a look at my sad clowns."
871,4004,2,10,54,66,1.2121212121212122,0.05919093798826622,590,"Later, two guys will steal this scene and put it in a movie called Good Will Hunting."
858,4004,2,10,54,66,1.2121212121212122,0.05919093798826622,590,"I tell you, he's making us look like the bad guys here."
771,4004,2,10,54,66,1.2121212121212122,0.05919093798826622,590,"If this is such a great restaurant, what are we doing on the menu?"
737,4004,3,8,55,66,1.2121212121212122,0.06300609181762698,590,"If we ask politely, do you think we can get portraits?"
4392,4004,0,14,52,66,1.2121212121212122,0.05070666827479246,590,"He thinks the pen is mightier than the club, I say we give it a try."
660,4004,3,8,55,66,1.2121212121212122,0.06300609181762698,590,Wow! Its an anonymous!
563,4004,1,12,53,66,1.2121212121212122,0.05511230963886662,590,Thank goodness spray paint hasn't been invented yet.
56,4004,2,10,54,66,1.2121212121212122,0.05919093798826622,590,It's just so pastiche.... don't you agree?
30,4004,3,8,55,66,1.2121212121212122,0.06300609181762698,590,"He looks tasty, but let's leave him to it. They'll be confused for thousands of years."
2018,4004,3,8,55,66,1.2121212121212122,0.06300609181762698,590,"Well, we can at least take credit in the future. No one will believe he did it."
4589,4004,1,12,53,66,1.2121212121212122,0.05511230963886662,590,Do you think it's safe to hire him for a living room d0-over?
5165,4004,3,8,55,66,1.2121212121212122,0.06300609181762698,590,So that's who's behind the fake news
677,4004,0,14,52,66,1.2121212121212122,0.05070666827479246,590,Look at how we're depicted! I told you that Artist is cold blooded.
5974,4004,2,10,54,66,1.2121212121212122,0.05919093798826622,590,I think he must be counting carbs.
5710,4004,1,12,53,66,1.2121212121212122,0.05511230963886662,590,The lease lets us keep the security deposit to repaint when he moves out.
5426,4004,2,10,54,66,1.2121212121212122,0.05919093798826622,590,1) In a million years they'll look at that lizard graffiti and think some primitive human life form did it . 2) Looks like they're doing the Paleo diet too. 3) I don't like the looks of that shopping list .
5418,4004,1,12,53,66,1.2121212121212122,0.05511230963886662,590,We better start evolving. Can’t depend on a meteor strike.
5676,4004,3,8,55,66,1.2121212121212122,0.06300609181762698,590,"Talented yes, but how does he taste fricasseed?"
5213,4004,2,10,54,66,1.2121212121212122,0.05919093798826622,590,"The Invention of Win-Win: ""Look, Marv, it's simple, really. We bring home dinner AND claim that we made those. Noone is going to believe THIS anyway!"""
5179,4004,2,10,54,66,1.2121212121212122,0.05919093798826622,590,"Don't get me wrong. I think he's good, but sometimes I find his work to be a little bit too reductive."
5072,4004,3,8,55,66,1.2121212121212122,0.06300609181762698,590,Banksy?
5393,4004,1,12,53,66,1.2121212121212122,0.05511230963886662,590,"In competition with early humans, the Artosaurus became extinct."
4981,4004,1,12,53,66,1.2121212121212122,0.05511230963886662,590,'He says he's fed up of the liberal media's bias against Reptilian ideas'
404,4045,2,11,58,71,1.2112676056338028,0.05643854212612625,590,The realtor said there's more of an upside to this one than any of the other caves on the multiple listing this month.
916,4045,1,13,57,71,1.2112676056338028,0.05275314730327469,590,Clearly derivative of your work.
1467,4045,2,11,58,71,1.2112676056338028,0.05643854212612625,590,Now we know where clip art comes from.
864,4048,2,9,51,62,1.2096774193548387,0.061434881985617536,590,We'd better hope for an asteroid or we'll be out in the cold forever.
6013,4049,0,14,53,67,1.208955223880597,0.05004436490749024,590,"He sold me on updating my man cave. Wait till you see the bar, whatever that is."
5797,4049,3,8,56,67,1.208955223880597,0.062139283566153225,590,"It's a new art style, called primitivism."
1727,4049,2,10,55,67,1.208955223880597,0.058386698208934655,590,"Oh, My God! He is so talented!"" ""So what? I'm starving!"
5349,4049,2,10,55,67,1.208955223880597,0.058386698208934655,590,"After he leaves, we're gunna wash us off the menu"
4556,4049,3,8,56,67,1.208955223880597,0.062139283566153225,590,Dinosaurs aren't real. Fake News!
4504,4049,2,10,55,67,1.208955223880597,0.058386698208934655,590,"He's talented, but his work is a little derivative."
3490,4049,1,12,54,67,1.208955223880597,0.05437575280736467,590,What're you looking at? Nothing to see here...
991,4049,3,8,56,67,1.208955223880597,0.062139283566153225,590,"How about that Gorf, Dino-glyphics."
774,4049,2,10,55,67,1.208955223880597,0.058386698208934655,590,He's keeping a diary of favorite meals.
772,4049,3,8,56,67,1.208955223880597,0.062139283566153225,590,He's my ghost painter -- with an N.D.A. valid beyond his extinction.
471,4049,2,10,55,67,1.208955223880597,0.058386698208934655,590,"Greg, the drawing of you looks great... but uhh... am I really that chubby?!?!"
5,4049,2,10,55,67,1.208955223880597,0.058386698208934655,590,My broker said this is the next Tribeca.
1377,4049,1,12,54,67,1.208955223880597,0.05437575280736467,590,No. That's his price list. A bit steep - but he's the best art teacher in the world.
321,4049,2,10,55,67,1.208955223880597,0.058386698208934655,590,We’re widening the range of perspectives.
5605,4063,2,8,48,58,1.206896551724138,0.06394294137555384,590,I told you not to give him the Crayolas!
1126,4064,2,9,52,63,1.2063492063492063,0.06054340949726558,590,"I meant an artist that could draw to scale, not with them."
938,4064,2,9,52,63,1.2063492063492063,0.06054340949726558,590,We could make a fortune selling these on-line!
982,4064,2,9,52,63,1.2063492063492063,0.06054340949726558,590,I won't eat anything that has a face . . . or that can teach me how to draw.
1127,4064,2,9,52,63,1.2063492063492063,0.06054340949726558,590,Who told him he could write?
1128,4064,1,11,51,63,1.2063492063492063,0.05615578032096342,590,"I told you we're on his hitlist! Look, he's after us and the beasts we rode in on."
723,4064,3,7,53,63,1.2063492063492063,0.06463387040593248,590,"You realize if we kill it, the dealer at Grog Gallery will pay twice as much for the drawings."
550,4064,0,13,50,63,1.2063492063492063,0.05139493061926454,590,This Common Core math thing is really getting out of hand
913,4064,4,5,54,63,1.2063492063492063,0.06848043497049475,590,Small hands. Must be their President tweeting.
675,4064,3,7,53,63,1.2063492063492063,0.06463387040593248,590,He's good at drawing to scale.
790,4064,2,9,52,63,1.2063492063492063,0.06054340949726558,590,"Trogg, I don't like the look of this at all. I'm telling you that there is his his score sheet !"
769,4064,1,11,51,63,1.2063492063492063,0.05615578032096342,590,The conspiracy is true! It is time for the dinosaurs to go extinct!
1152,4064,4,5,54,63,1.2063492063492063,0.06848043497049475,590,It’s the use of negative space that captivates. You hungry?
420,4064,1,11,51,63,1.2063492063492063,0.05615578032096342,590,"Is that abstract impressionism?"" ""No, that is today's menu."
1201,4064,0,13,50,63,1.2063492063492063,0.05139493061926454,590,He's a progressive... erasing our history.
1586,4064,0,13,50,63,1.2063492063492063,0.05139493061926454,590,"They don't get it, colossal loss of our art."
1232,4064,2,9,52,63,1.2063492063492063,0.06054340949726558,590,"They say the charcoal-brush is mightier than the club, but I'm about to prove them wrong."
4905,4064,0,13,50,63,1.2063492063492063,0.05139493061926454,590,UNNUANCED BUT POSSESSES A CERTAIN CHARM!
4893,4064,2,9,52,63,1.2063492063492063,0.06054340949726558,590,"Yeah, same instructions here - disrobe at 3pm sharp, and bring an accessory of my choice."
4875,4064,3,7,53,63,1.2063492063492063,0.06463387040593248,590,We don't have to. Evolution will give him consequences.
4872,4064,1,11,51,63,1.2063492063492063,0.05615578032096342,590,Should we tell the curator?
4871,4064,2,9,52,63,1.2063492063492063,0.06054340949726558,590,"Hey, Darwin said we're at the top of the chain."
4831,4064,4,5,54,63,1.2063492063492063,0.06848043497049475,590,It was well worth sending her to the art institute.
4805,4064,3,7,53,63,1.2063492063492063,0.06463387040593248,590,Those absurd short arms should have led them to extinction except for their superb artistic talents.
4766,4064,2,9,52,63,1.2063492063492063,0.06054340949726558,590,Looks like alt-Art to me.
4688,4064,1,11,51,63,1.2063492063492063,0.05615578032096342,590,"His work is so primitive! The New Yorker critic hates his work; but, what can you expect from a near extinct dinosaur?"
4642,4064,2,9,52,63,1.2063492063492063,0.06054340949726558,590,"I'm tellin' ya: He's got no talent. So, let's slice off an ear, see what happens..."
4574,4064,1,11,51,63,1.2063492063492063,0.05615578032096342,590,Next is some little poles and rope and a security guard.
4484,4064,2,9,52,63,1.2063492063492063,0.06054340949726558,590,We should claim credit for this
4451,4064,0,13,50,63,1.2063492063492063,0.05139493061926454,590,Just another ad. He’ll draw the message in a minute.
4423,4064,2,9,52,63,1.2063492063492063,0.06054340949726558,590,He's only gotten better since you knocked his ear off
4358,4064,0,13,50,63,1.2063492063492063,0.05139493061926454,590,Let's sign him up quick--before Sotheby's discovers him!
4976,4064,2,9,52,63,1.2063492063492063,0.06054340949726558,590,Somebody started a rumor that he's a guy with a beard who sits on a cloud.
5048,4064,2,9,52,63,1.2063492063492063,0.06054340949726558,590,Pretty good for outsider art.
5141,4064,1,11,51,63,1.2063492063492063,0.05615578032096342,590,What kind of man cave is that? Ours is eons better.
5147,4064,0,13,50,63,1.2063492063492063,0.05139493061926454,590,"Oh, he'll never make a living."
5965,4064,2,9,52,63,1.2063492063492063,0.06054340949726558,590,"I am more into Impressionist Art, but I like what he is trying to say."
5939,4064,2,9,52,63,1.2063492063492063,0.06054340949726558,590,what do you you say we post this one to pinterest
5924,4064,2,9,52,63,1.2063492063492063,0.06054340949726558,590,I think he’s called a drawosaurus.
5896,4064,2,9,52,63,1.2063492063492063,0.06054340949726558,590,His technique needs to evolve.
5809,4064,3,7,53,63,1.2063492063492063,0.06463387040593248,590,They say his paintings go for millions!
5794,4064,2,9,52,63,1.2063492063492063,0.06054340949726558,590,He's improving. Last week he ate the door.
5693,4064,2,9,52,63,1.2063492063492063,0.06054340949726558,590,Grog like his technique.
4331,4064,3,7,53,63,1.2063492063492063,0.06463387040593248,590,An Oil. Painting.
5566,4064,2,9,52,63,1.2063492063492063,0.06054340949726558,590,"They call it art,I call it graffiti ."
5538,4064,2,9,52,63,1.2063492063492063,0.06054340949726558,590,"We club him, we dump him, then we call the babes over."
5483,4064,1,11,51,63,1.2063492063492063,0.05615578032096342,590,"After the charcoal sketches are done, let's grab some sharp rocks and scratch them in."
5382,4064,2,9,52,63,1.2063492063492063,0.06054340949726558,590,"Maybe we should think about ""Art School"" instead ""Fencing"", he seems to be leaning in that direction."
5323,4064,2,9,52,63,1.2063492063492063,0.06054340949726558,590,Ready for a little evolution?
5322,4064,2,9,52,63,1.2063492063492063,0.06054340949726558,590,What tell you? Inferior species. No depth perception.
5321,4064,0,13,50,63,1.2063492063492063,0.05139493061926454,590,Don’t worry. It’s not copyrighted.
5310,4064,2,9,52,63,1.2063492063492063,0.06054340949726558,590,If you think I'm going to let him take the credit you're crazy!
5544,4064,1,11,51,63,1.2063492063492063,0.05615578032096342,590,It's so derivative.
1204,4064,2,9,52,63,1.2063492063492063,0.06054340949726558,590,"They are certainly intelligent. But, They can't do a self portrait."
4244,4064,0,13,50,63,1.2063492063492063,0.05139493061926454,590,We must not refer to it as reptilian art. It's a marvelous instance of the creative urge as the basis of recorded history.
4037,4064,3,7,53,63,1.2063492063492063,0.06463387040593248,590,"""Mon frère, you get the butter. I'll sign the artwork""."
2444,4064,1,11,51,63,1.2063492063492063,0.05615578032096342,590,"I'm telling you, it's Banksy. That's just a disguise."
2406,4064,2,9,52,63,1.2063492063492063,0.06054340949726558,590,"I guess he's going by ""Dino Sore"" now. He's been in here a good two weeks."
2346,4064,1,11,51,63,1.2063492063492063,0.05615578032096342,590,"When he showed me how to do it, he said, ""It's your pronghorn, you can put him anywhere you want to. Let's put a cute little one right here!"""
2343,4064,1,11,51,63,1.2063492063492063,0.05615578032096342,590,What say we knock her off and claim we did them?
2310,4064,1,11,51,63,1.2063492063492063,0.05615578032096342,590,"Before you say anything, I voted to kick him out."
2076,4064,2,9,52,63,1.2063492063492063,0.06054340949726558,590,It's OK we begin the remodeling next week.
1924,4064,2,9,52,63,1.2063492063492063,0.06054340949726558,590,He said he’s from Intelligent Design.
1827,4064,2,9,52,63,1.2063492063492063,0.06054340949726558,590,"First step out here for inspiration, and we nail him."
1603,4064,0,13,50,63,1.2063492063492063,0.05139493061926454,590,"When they go extinct, we'll take the credit."
390,4064,0,13,50,63,1.2063492063492063,0.05139493061926454,590,We finally caught him drawing on our wall.
1580,4064,2,9,52,63,1.2063492063492063,0.06054340949726558,590,He's way ahead of his time.
1506,4064,0,13,50,63,1.2063492063492063,0.05139493061926454,590,I never thought of that - great idea!
1505,4064,2,9,52,63,1.2063492063492063,0.06054340949726558,590,What a waste of taxpayer money!
1450,4064,1,11,51,63,1.2063492063492063,0.05615578032096342,590,At least Rex has penciled us low on his food chain.
1384,4064,2,9,52,63,1.2063492063492063,0.06054340949726558,590,Let him doodle--history will give us all the credit.
2523,4064,3,7,53,63,1.2063492063492063,0.06463387040593248,590,I told you they had four legs.
2628,4064,2,9,52,63,1.2063492063492063,0.06054340949726558,590,"Hey, let’s kill him and take all the credit!"
2677,4064,1,11,51,63,1.2063492063492063,0.05615578032096342,590,I warned him to cut out the graffiti or there'd be trouble.
2755,4064,2,9,52,63,1.2063492063492063,0.06054340949726558,590,Don't tell a soul. Eventually we will be given credit for their artistic talents.
4009,4064,3,7,53,63,1.2063492063492063,0.06463387040593248,590,Hey! Weren’t we supposed to draw that?
3902,4064,1,11,51,63,1.2063492063492063,0.05615578032096342,590,We're not Neanderthals! Let him finish.
3901,4064,1,11,51,63,1.2063492063492063,0.05615578032096342,590,And we found who actually invented the spears!
3892,4064,0,13,50,63,1.2063492063492063,0.05139493061926454,590,You got him going with those shadow puppets of bunnies last night.
3843,4064,3,7,53,63,1.2063492063492063,0.06463387040593248,590,Your Mother-in-Law has gained weight.
3814,4064,1,11,51,63,1.2063492063492063,0.05615578032096342,590,I think he's trying to lure us back to two dimensions.
3727,4064,4,5,54,63,1.2063492063492063,0.06848043497049475,590,Talk about your revisionist three half-moon claptrap.
4182,4064,1,11,51,63,1.2063492063492063,0.05615578032096342,590,"I know art when I see it. That ain't art!"""
3584,4064,2,9,52,63,1.2063492063492063,0.06054340949726558,590,"Do me a favor, Adam, and keep those guys out of the history books."
3570,4064,1,11,51,63,1.2063492063492063,0.05615578032096342,590,I can't believe you've gone and done this again!!
3508,4064,3,7,53,63,1.2063492063492063,0.06463387040593248,590,Great flood for next three moons. Everyone go west. Wait. Where do her kind live?
3232,4064,2,9,52,63,1.2063492063492063,0.06054340949726558,590,...but I know dinner when I see it.
3147,4064,2,9,52,63,1.2063492063492063,0.06054340949726558,590,standing up right has gone to his head
3032,4064,0,13,50,63,1.2063492063492063,0.05139493061926454,590,He's reasonable because of the low overhead.
2904,4064,3,7,53,63,1.2063492063492063,0.06463387040593248,590,We can take credit for the drawings if we club him out of the picture.
2790,4064,2,9,52,63,1.2063492063492063,0.06054340949726558,590,Let's hope it's her fan page.
3579,4064,1,11,51,63,1.2063492063492063,0.05615578032096342,590,"Patience, Igor --they're going to be worth a lot once the asteroid hits."
270,4064,2,9,52,63,1.2063492063492063,0.06054340949726558,590,"Geez i'm sorry, I thought you said you enjoyed the work of Dinah Shore."
1249,4064,3,7,53,63,1.2063492063492063,0.06463387040593248,590,This is the second animal-oriented cartoon in a month... you'd think the caption guys at the New Yorker were cerebrally challenged primitives.
144,4064,2,9,52,63,1.2063492063492063,0.06054340949726558,590,This focus on artistic expression will lead them all to extinction.
82,4064,1,11,51,63,1.2063492063492063,0.05615578032096342,590,"""Pay attention and maybe you'll learn something""."
12,4064,2,9,52,63,1.2063492063492063,0.06054340949726558,590,I don't know art but I know what I like.
265,4064,1,11,51,63,1.2063492063492063,0.05615578032096342,590,And that is called outsourcing
4853,4161,0,14,54,68,1.2058823529411764,0.04939859350354098,590,I do hope there's a twist at the end of this story!
1769,4161,1,12,55,68,1.2058823529411764,0.053658201636864834,590,He is full of surprises
4676,4163,2,8,49,59,1.2033898305084745,0.06294757226340743,590,I hope that's not a sharpie.
3295,4163,1,10,48,59,1.2033898305084745,0.05812007671977909,590,I told you to pay for him to be cave-trained.
5909,4163,0,12,47,59,1.2033898305084745,0.052853474644238056,590,"I admit he’s got talent, but he covered up my nuanced painting of smoke."
4238,4163,0,12,47,59,1.2033898305084745,0.052853474644238056,590,Who hired Michael Dragonglo to paint the walls and ceiling?
1870,4163,0,12,47,59,1.2033898305084745,0.052853474644238056,590,It's post-Neanderthal impressionism.
4963,4163,0,12,47,59,1.2033898305084745,0.052853474644238056,590,"Who's going to believe this? Like, one woolly mammoth."
5288,4163,2,8,49,59,1.2033898305084745,0.06294757226340743,590,"If we kill all of them, no one will ever imagine."
4538,4170,2,9,53,64,1.203125,0.05967707203430227,590,"' your seeing his more primitive work here, his real forte^ is rococo wallpaper, but only up to shoulder height'"
2307,4170,3,7,54,64,1.203125,0.06369760335066812,590,What a narcissist.
2270,4170,2,9,53,64,1.203125,0.05967707203430227,590,She's really good...your man cave looks great!
2173,4170,0,13,51,64,1.203125,0.050688158720985414,590,Shall we negotitate a contract?
2157,4170,3,7,54,64,1.203125,0.06369760335066812,590,"They let every Tom, Dick, and Harry with a flint in here these days..."
1897,4170,0,13,51,64,1.203125,0.050688158720985414,590,"Colorful characters, lousy plot."
1813,4170,0,13,51,64,1.203125,0.050688158720985414,590,"Fine, but whose side are you on?"
5606,4170,1,11,52,64,1.203125,0.05536534277465963,590,Maybe he's getting ahead of himself.
1575,4170,1,11,52,64,1.203125,0.05536534277465963,590,This is why they became extinct.
1569,4170,0,13,51,64,1.203125,0.050688158720985414,590,"Prep, College, MFA and still can't even sign his own name"
1269,4170,3,7,54,64,1.203125,0.06369760335066812,590,He win caption contest too. He captions terrible. Throg hit now.
1147,4170,1,11,52,64,1.203125,0.05536534277465963,590,"It's minimalist work, what else can you call it?"
1056,4170,2,9,53,64,1.203125,0.05967707203430227,590,At least they're drawn to scale.
5822,4170,2,9,53,64,1.203125,0.05967707203430227,590,He’s only limited by his imagination
748,4170,3,7,54,64,1.203125,0.06369760335066812,590,"I know what a tattoo is, but what's a parlor?"
2364,4170,2,9,53,64,1.203125,0.05967707203430227,590,We have to rethink the ordinances restricting graffiti.
4911,4170,1,11,52,64,1.203125,0.05536534277465963,590,So that's how they got there.
2475,4170,1,11,52,64,1.203125,0.05536534277465963,590,His work feels a little too safe now that he's not a starving artist.
2833,4170,2,9,53,64,1.203125,0.05967707203430227,590,"What he loses in style, he makes up for in narrative."
4492,4170,3,7,54,64,1.203125,0.06369760335066812,590,What happened to the watercolors that were promised?
4433,4170,3,7,54,64,1.203125,0.06369760335066812,590,Doctor told him not use words
4922,4170,1,11,52,64,1.203125,0.05536534277465963,590,"I would title his rock art Hunters and Gathers, what do you think."
5166,4170,0,13,51,64,1.203125,0.050688158720985414,590,"Yes, well I do not think that it is funny that he leaves your stuff on the wall, but erases mine!"
4273,4170,4,5,55,64,1.203125,0.06747900724411107,590,What a filthy mind!
4260,4170,2,9,53,64,1.203125,0.05967707203430227,590,"Don't worry, Lewis. Soon we invent wheel."
4093,4170,1,11,52,64,1.203125,0.05536534277465963,590,I just love how he's redecorating.
2573,4170,3,7,54,64,1.203125,0.06369760335066812,590,Will u tell me the meaning of winning caption about tandom bike on 10/2? No idea what it means!
3801,4170,2,9,53,64,1.203125,0.05967707203430227,590,This evolution thing is getting out of hand.
3609,4170,1,11,52,64,1.203125,0.05536534277465963,590,"Once I saw her portfolio, I hired her!"
3568,4170,2,9,53,64,1.203125,0.05967707203430227,590,He’s a real Picasso-saurus
3359,4170,2,9,53,64,1.203125,0.05967707203430227,590,Why
5567,4170,3,7,54,64,1.203125,0.06369760335066812,590,Will you listen to me now? They are not lost. They are in his food diary!
3196,4170,3,7,54,64,1.203125,0.06369760335066812,590,You should see him on the dance floor.
3150,4170,1,11,52,64,1.203125,0.05536534277465963,590,"He's a draw-a-saurus, so what?"
2858,4170,3,7,54,64,1.203125,0.06369760335066812,590,It was amazingly simple. One cheek swab and...voila! The rest is history.
3738,4170,3,7,54,64,1.203125,0.06369760335066812,590,Modern art is trash.
3307,4170,1,11,52,64,1.203125,0.05536534277465963,590,Don't you realize this changes the course of pre-history?
889,4170,2,9,53,64,1.203125,0.05967707203430227,590,Not in my cave!
1351,4208,1,12,56,69,1.2028985507246377,0.052958951374245035,590,I can’t. He seems JUST SO early-human.
5492,4209,1,11,53,65,1.2,0.0545964214099169,590,The style is very Pre-Raphaelite.
5523,4209,1,11,53,65,1.2,0.0545964214099169,590,I told my wife not to throw those bad mushrooms into the lagoon...
5263,4209,0,13,52,65,1.2,0.05000000000000002,590,"Oh wow, this is meta!"
4590,4209,1,11,53,65,1.2,0.0545964214099169,590,Let's eat him so we can be that smart.
3831,4209,1,11,53,65,1.2,0.0545964214099169,590,Billy's art therapist now makes home visits.
5092,4209,3,7,55,65,1.2,0.06278779891274812,590,He calls himself Lizardardo da Vinci. Fancies himself a 'Renaissance Reptile'.
2158,4209,2,9,54,65,1.2,0.05883484054145522,590,Noah's Art
1619,4209,1,11,53,65,1.2,0.0545964214099169,590,"Contrary to what many think, this is why we never live in caves."
20,4209,1,10,49,60,1.2,0.057243656051933725,590,"I know, sir. There are so many tasty choices."
1337,4209,2,9,54,65,1.2,0.05883484054145522,590,"Why should I critique his drawings, you gave him the chalk."
3194,4209,1,11,53,65,1.2,0.0545964214099169,590,He says his name is Will Hunting.
5453,4220,2,9,55,66,1.196969696969697,0.05801574004611869,590,"Do you think he does birthday parties, too?"
5086,4221,2,8,51,61,1.1967213114754098,0.061045858114836905,590,"Oh Nofglok, I've always wanted to attend a gallery opening with you!"
4682,4221,1,10,50,61,1.1967213114754098,0.05639280721461829,590,People who write on shithouse walls.
920,4221,3,6,52,61,1.1967213114754098,0.06536853127008815,590,He thinks we're not watching
1004,4221,2,8,51,61,1.1967213114754098,0.061045858114836905,590,Art district.
4570,4221,1,10,50,61,1.1967213114754098,0.05639280721461829,590,"First art critic : ""So, so , so ... Primitive ! Will never stand the test of time """
5834,4221,3,6,52,61,1.1967213114754098,0.06536853127008815,590,"Grab our bones and stones, I'll off this dude and we'll make history here."
4896,4221,1,10,50,61,1.1967213114754098,0.05639280721461829,590,"Tonight, they're offering a three-course plat du jour menu."
775,4221,0,12,49,61,1.1967213114754098,0.051319592926224684,590,Dina's not just a foodie. She's trying to complete her autobiography before she grows extinct.
5903,4221,2,8,51,61,1.1967213114754098,0.061045858114836905,590,"Yeah I know its tenant occupied FOR NOW. Besides, it comes decorated."
1043,4221,3,6,52,61,1.1967213114754098,0.06536853127008815,590,He is into Darwin
743,4221,0,12,49,61,1.1967213114754098,0.051319592926224684,590,Don't forget to put your squiggle in the corner of it after he leaves.
246,4221,2,8,51,61,1.1967213114754098,0.061045858114836905,590,Too much realism for my taste.
555,4221,4,4,53,61,1.1967213114754098,0.06942256814494971,590,Remember to make it look like a happy little accident.
538,4221,2,8,51,61,1.1967213114754098,0.061045858114836905,590,Keep it to yourself or everyone will want one.
5466,4221,2,8,51,61,1.1967213114754098,0.061045858114836905,590,My 4 year old can paint better than that!
401,4221,2,8,51,61,1.1967213114754098,0.061045858114836905,590,His artwork sucks. A hundred years from now from now nobody will even care.
286,4221,2,8,51,61,1.1967213114754098,0.061045858114836905,590,He only paints when he is inspired and warm.
1050,4221,0,12,49,61,1.1967213114754098,0.051319592926224684,590,He's gonna be hard to beat.
233,4221,0,12,49,61,1.1967213114754098,0.051319592926224684,590,What does he think he is? Human?
8,4221,1,10,50,61,1.1967213114754098,0.05639280721461829,590,Mr. Trump insists that all guests use this menu in his hotel.
5116,4221,2,8,51,61,1.1967213114754098,0.061045858114836905,590,I told you that you could tell from the vivid colors that they were done with pastels
5219,4221,2,8,51,61,1.1967213114754098,0.061045858114836905,590,I now hunger for self-expression.
5348,4221,2,8,51,61,1.1967213114754098,0.061045858114836905,590,"The sad thing is, one day this will go down really big at the Creation Museum."
741,4221,0,12,49,61,1.1967213114754098,0.051319592926224684,590,"The wife found his listing on Craigslist under ""firestick""."
1170,4221,0,12,49,61,1.1967213114754098,0.051319592926224684,590,In a few thousand years they will think we were talented.
1045,4221,1,10,50,61,1.1967213114754098,0.05639280721461829,590,He doesn't spend all day hunting he has time for art.
1695,4221,3,6,52,61,1.1967213114754098,0.06536853127008815,590,Look at Picasso over here. ‘Who...?’
3215,4221,2,8,51,61,1.1967213114754098,0.061045858114836905,590,I told you we should have gone with a more traditional design.
3326,4221,2,8,51,61,1.1967213114754098,0.061045858114836905,590,I sent him to college for this? I'm demanding a refund.
3375,4221,2,8,51,61,1.1967213114754098,0.061045858114836905,590,I thought you said this was the Rousseau gallery.
3474,4221,3,6,52,61,1.1967213114754098,0.06536853127008815,590,"If we both jump him, we can take over his cave and impress the girls with the art."
3637,4221,2,8,51,61,1.1967213114754098,0.061045858114836905,590,What are we doing wrong?
3698,4221,2,8,51,61,1.1967213114754098,0.061045858114836905,590,All this extra-credit work is still not going to get him into Haverford.
3706,4221,1,10,50,61,1.1967213114754098,0.05639280721461829,590,"If we chase her out, we can take credit."
3714,4221,2,8,51,61,1.1967213114754098,0.061045858114836905,590,"No, you said you were busy and I had to pick up Joey from day care!"
3827,4221,2,8,51,61,1.1967213114754098,0.061045858114836905,590,We can rewrite a Hollywood ending for us after he leaves.
3829,4221,2,8,51,61,1.1967213114754098,0.061045858114836905,590,I don't care what he's doing. Let's kill him and eat him.
3905,4221,1,10,50,61,1.1967213114754098,0.05639280721461829,590,He's a great hunter but a rookie artist.
3979,4221,0,12,49,61,1.1967213114754098,0.051319592926224684,590,I can imitate that.
4028,4221,2,8,51,61,1.1967213114754098,0.061045858114836905,590,My five year old can draw better than that!
4181,4221,2,8,51,61,1.1967213114754098,0.061045858114836905,590,"Don't worry, it's paint by number."
4211,4221,3,6,52,61,1.1967213114754098,0.06536853127008815,590,"If he can do it, I can do it!"
4386,4221,1,10,50,61,1.1967213114754098,0.05639280721461829,590,He’s going to make us look bad.
4503,4221,2,8,51,61,1.1967213114754098,0.061045858114836905,590,Stop it Tom. Don't you remember what you were like as a teenager?
1573,4221,2,8,51,61,1.1967213114754098,0.061045858114836905,590,"Eh, it’s probably better if they evolve instead. I have a bad feeling about 2016."
2804,4221,1,10,50,61,1.1967213114754098,0.05639280721461829,590,You should see the stuff from his Blue Period.
3202,4221,2,8,51,61,1.1967213114754098,0.061045858114836905,590,I think it means you can save 15% or more off your Horse insurance premiums
2619,4221,1,10,50,61,1.1967213114754098,0.05639280721461829,590,"I don't care about copyright infringements, let them think we did this!"
1767,4221,2,8,51,61,1.1967213114754098,0.061045858114836905,590,That's a horrible depiction of us! Are you gonna let him have it or should I?
4560,4221,2,8,51,61,1.1967213114754098,0.061045858114836905,590,He's thinking of doing a theme park.
1773,4221,1,10,50,61,1.1967213114754098,0.05639280721461829,590,"Shout it in, Lou--looks gang-related."
1780,4221,1,10,50,61,1.1967213114754098,0.05639280721461829,590,Let’s put him in that ‘fire’ thing he discovered.
1854,4221,2,8,51,61,1.1967213114754098,0.061045858114836905,590,"It's good to have a personal style, but I just don't see any growth."
2079,4221,0,12,49,61,1.1967213114754098,0.051319592926224684,590,I'm saving up to buy the rights to those.
2787,4221,1,10,50,61,1.1967213114754098,0.05639280721461829,590,"Let him finish this last one, then meet me at the water hole with your good pointy stick."
2252,4221,2,8,51,61,1.1967213114754098,0.061045858114836905,590,"That's exactly the point, he IS so good at it!"
5635,4221,1,10,50,61,1.1967213114754098,0.05639280721461829,590,"Ugh , me not know what art is but me know like barbecue!"
2317,4221,2,8,51,61,1.1967213114754098,0.061045858114836905,590,I told him not to draw on the walls!
2373,4221,1,10,50,61,1.1967213114754098,0.05639280721461829,590,Modern art is so bourgeoisie.
2520,4221,1,10,50,61,1.1967213114754098,0.05639280721461829,590,"Is this what you had in mind, Mrs. Flintstone?"
2604,4221,1,10,50,61,1.1967213114754098,0.05639280721461829,590,I'm starting to think that maybe we've been going on a whoooole lotta wilde-beast chases...
2606,4221,1,10,50,61,1.1967213114754098,0.05639280721461829,590,What worries me is that he's a food stylist.
2291,4221,1,10,50,61,1.1967213114754098,0.05639280721461829,590,His taste in art seems prehistoric.
2674,4284,0,12,50,62,1.1935483870967742,0.05058468130541773,590,Oh right! Like people a thousand years from now are gonna believe there were ever double horned Fluzits!
1014,4284,0,12,50,62,1.1935483870967742,0.05058468130541773,590,It's cheaper than wallpaper.
3575,4284,3,6,53,62,1.1935483870967742,0.06438378811539827,590,My wife finally gets her inheritance and this is what she chooses to spend it on: a 'professional muralist!'
843,4284,2,8,52,62,1.1935483870967742,0.06013693908336117,590,Artistic talent tends to skip a generation.
3776,4284,0,12,50,62,1.1935483870967742,0.05058468130541773,590,You've got to admire the forward thinking.
1210,4284,2,8,52,62,1.1935483870967742,0.06013693908336117,590,"Small brain, big talent."
2694,4284,0,12,50,62,1.1935483870967742,0.05058468130541773,590,"I got an idea, we wait until he goes extinct"
2747,4291,0,11,46,57,1.1929824561403508,0.05273590328947571,590,"Don’t worry, the asteroid, will change history"
1680,4291,1,9,47,57,1.1929824561403508,0.05837501102181511,590,My kid could do better than that.
4472,4293,0,11,47,58,1.1896551724137931,0.05192539992843435,590,Teachers Pet.
4476,4293,1,9,48,58,1.1896551724137931,0.05745613836035109,590,I told you it was all fake news!
2353,4293,1,9,48,58,1.1896551724137931,0.05745613836035109,590,I think it is a Halloween costume. No dragon can paint like that.
4318,4293,1,9,48,58,1.1896551724137931,0.05745613836035109,590,Do I look fat?
1333,4293,0,11,47,58,1.1896551724137931,0.05192539992843435,590,I say we gotta start walking upright on our hind legs to keep up with this thing call 'progress.'
1198,4293,1,9,48,58,1.1896551724137931,0.05745613836035109,590,Does he know the big meteor is coming?
1145,4293,1,9,48,58,1.1896551724137931,0.05745613836035109,590,No one will ever believe we saw Dino doing this!
1053,4293,1,9,48,58,1.1896551724137931,0.05745613836035109,590,No way. Don’t believe it. Fake news.
1002,4293,1,9,48,58,1.1896551724137931,0.05745613836035109,590,"Like I said, his art compels. So, let’s wait until there are accusers to acknowledge he’s a monster."
896,4293,1,9,48,58,1.1896551724137931,0.05745613836035109,590,I think we'll skip the opening.
1417,4293,1,9,48,58,1.1896551724137931,0.05745613836035109,590,So much for evolution.
847,4293,1,9,48,58,1.1896551724137931,0.05745613836035109,590,This one doesn't need a caption.
694,4293,2,7,49,58,1.1896551724137931,0.06249934809931834,590,He calls it FaceCave.
628,4293,1,9,48,58,1.1896551724137931,0.05745613836035109,590,Damn cultural appropriation!
578,4293,2,7,49,58,1.1896551724137931,0.06249934809931834,590,We need a new interior decorator.
479,4293,1,9,48,58,1.1896551724137931,0.05745613836035109,590,You and your opposable thumbs.
426,4293,2,7,49,58,1.1896551724137931,0.06249934809931834,590,I told you he was going to post something nasty on my wall.
398,4293,3,5,50,58,1.1896551724137931,0.06716494018753925,590,What's a selfie?
801,4293,1,9,48,58,1.1896551724137931,0.05745613836035109,590,He did the Grog's cave.
345,4293,3,5,50,58,1.1896551724137931,0.06716494018753925,590,The Yabadabadoo Time has dawned.
1462,4293,2,7,49,58,1.1896551724137931,0.06249934809931834,590,He said a rep from Slotheby's is coming by to appraise the den value.
1601,4293,0,11,47,58,1.1896551724137931,0.05192539992843435,590,"Believe it or not, it started out as an elite artists' colony."
2160,4293,2,7,49,58,1.1896551724137931,0.06249934809931834,590,Yes I particularly like his bold use of color and his powerful brushstrokes
2139,4293,2,7,49,58,1.1896551724137931,0.06249934809931834,590,Shall we thump him or just wait for the reviews?
2136,4293,2,7,49,58,1.1896551724137931,0.06249934809931834,590,Nostradamusaurus Rex predicts there will be horses.
2067,4293,1,9,48,58,1.1896551724137931,0.05745613836035109,590,Let's eat it.
2003,4293,1,9,48,58,1.1896551724137931,0.05745613836035109,590,What's the big deal? My five-year-old could draw that.
1913,4293,1,9,48,58,1.1896551724137931,0.05745613836035109,590,Maybe we shouldn't be peeking at Trog's diary.
4788,4293,2,7,49,58,1.1896551724137931,0.06249934809931834,590,He's almost too prolific.
1894,4293,2,7,49,58,1.1896551724137931,0.06249934809931834,590,It's going more for Romanticism than Realism.
1846,4293,1,9,48,58,1.1896551724137931,0.05745613836035109,590,I know we were invited to dinner but check out his meal planner.
1816,4293,2,7,49,58,1.1896551724137931,0.06249934809931834,590,We've caught the graffiti artist red-handed.
1722,4293,1,9,48,58,1.1896551724137931,0.05745613836035109,590,I told you that those mushrooms tasted funny!
1691,4293,1,9,48,58,1.1896551724137931,0.05745613836035109,590,So long as it doesn't sign them we can take credit later. It'll just be our secret.
1629,4293,1,9,48,58,1.1896551724137931,0.05745613836035109,590,"It's not Art, he's just bragging."
1625,4293,3,5,50,58,1.1896551724137931,0.06716494018753925,590,How is that supposed to stop an asteroid from hitting Earth?
4736,4293,2,7,49,58,1.1896551724137931,0.06249934809931834,590,"Not bad, but it's large scale work is much better."
334,4293,2,7,49,58,1.1896551724137931,0.06249934809931834,590,I'm damn sick of these graffiti artists defacing our city.
224,4293,2,7,49,58,1.1896551724137931,0.06249934809931834,590,I think we've chanced upon Banskyosaurus.
197,4293,2,7,49,58,1.1896551724137931,0.06249934809931834,590,"If the truth gets out, the Paleolithic art market will be ruined!"
3652,4293,1,9,48,58,1.1896551724137931,0.05745613836035109,590,I just love his use of light!
3662,4293,1,9,48,58,1.1896551724137931,0.05745613836035109,590,Leave him alone for now- he’ll get angry if we interrupt his flow
3702,4293,1,9,48,58,1.1896551724137931,0.05745613836035109,590,I wish he'd do his writing in his own office.
3723,4293,2,7,49,58,1.1896551724137931,0.06249934809931834,590,Uh-oh. It's the food critic for the La Brea Tar Pits Times.
3730,4293,0,11,47,58,1.1896551724137931,0.05192539992843435,590,Another handyman? I hope you checked references this time.
3811,4293,2,7,49,58,1.1896551724137931,0.06249934809931834,590,He thinks he is menu planing
3642,4293,0,11,47,58,1.1896551724137931,0.05192539992843435,590,Is crazy? Me not surprised...brain in tail.
3826,4293,1,9,48,58,1.1896551724137931,0.05745613836035109,590,And yellow hair to boot.I guess the writing is on the wall !
2432,4293,3,5,50,58,1.1896551724137931,0.06716494018753925,590,You realize of course that future generations are going to think we(ital.) did these!
4193,4293,0,11,47,58,1.1896551724137931,0.05192539992843435,590,"You call it art, I call it cultural appropriation"
4213,4293,0,11,47,58,1.1896551724137931,0.05192539992843435,590,I like it. Let's wait until she finishes. Then we'll kill her.
4253,4293,1,9,48,58,1.1896551724137931,0.05745613836035109,590,You gonna tell him his time’s up?
4274,4293,1,9,48,58,1.1896551724137931,0.05745613836035109,590,"Don't worry, they'll be long gone when our progeny will discover the art!"
4305,4293,1,9,48,58,1.1896551724137931,0.05745613836035109,590,We'll register the copyright and claim authorship. Nobody will believe him!
3828,4293,0,11,47,58,1.1896551724137931,0.05192539992843435,590,"Yeah, he's cool, but I'd rather have the clubs."
3580,4293,2,7,49,58,1.1896551724137931,0.06249934809931834,590,He's implying we have to pay the rent.
3566,4293,2,7,49,58,1.1896551724137931,0.06249934809931834,590,Sure that's him Officer Mullaney?
3466,4293,2,7,49,58,1.1896551724137931,0.06249934809931834,590,His work's been featured in the New Yorker.
4857,4293,1,9,48,58,1.1896551724137931,0.05745613836035109,590,That’s odd... I think it says “Nina”.
4926,4293,2,7,49,58,1.1896551724137931,0.06249934809931834,590,He studied at the Art Students League.
60,4293,2,7,49,58,1.1896551724137931,0.06249934809931834,590,"Think it through, Grog. Fifty thousand years from now, who will be considered good at what they do?"
26,4293,2,7,49,58,1.1896551724137931,0.06249934809931834,590,"The wheel yesterday, fire the day before, and now this. Tomorrow it will be Bitcoin."
2837,4293,3,5,50,58,1.1896551724137931,0.06716494018753925,590,"Trumps Oval Office..."" I told you NOT to give him a box of crayons!"""
2910,4293,1,9,48,58,1.1896551724137931,0.05745613836035109,590,His name is Picasso-sauras and I'm just not sure I like this modern art.
2918,4293,0,11,47,58,1.1896551724137931,0.05192539992843435,590,I suggest we find a place where the menu is less foreboding.
3001,4293,1,9,48,58,1.1896551724137931,0.05745613836035109,590,This is really going to fake civilization out. They'll think it was us all along!
3067,4293,0,11,47,58,1.1896551724137931,0.05192539992843435,590,You think that’s something? Wait until he invents the wheel.
3073,4293,2,7,49,58,1.1896551724137931,0.06249934809931834,590,"In my opinion, the piece lacks historical consciousness"
3091,4293,1,9,48,58,1.1896551724137931,0.05745613836035109,590,I told you that meteor didn’t kill all the dinosaurs.
3222,4293,2,7,49,58,1.1896551724137931,0.06249934809931834,590,"Sure, he's technically skilled, but he lacks authenticity."
3254,4293,2,7,49,58,1.1896551724137931,0.06249934809931834,590,You just have to throw him some crayons and he won't eat us
4625,4293,1,9,48,58,1.1896551724137931,0.05745613836035109,590,"Give that thing opposable thumbs and it goes from good to brilliant, no?"
3430,4293,2,7,49,58,1.1896551724137931,0.06249934809931834,590,He’s quite the rogue! Apparently they help him lure art-loving Allosaurus to his cave.
4369,4293,3,5,50,58,1.1896551724137931,0.06716494018753925,590,"This helps OUR hunt, right?"
3894,4293,2,7,49,58,1.1896551724137931,0.06249934809931834,590,Looks like he is an artistic type
5646,4293,1,9,48,58,1.1896551724137931,0.05745613836035109,590,Holly hired him to do our place.
5008,4293,1,9,48,58,1.1896551724137931,0.05745613836035109,590,You first. Just praise his tromp l'oeil.
5727,4293,2,7,49,58,1.1896551724137931,0.06249934809931834,590,"I know how to bat the artist, but I don't see how we steal his art work."
5742,4293,1,9,48,58,1.1896551724137931,0.05745613836035109,590,Those must be his victims.
5748,4293,2,7,49,58,1.1896551724137931,0.06249934809931834,590,I’m a fan of his earlier work.
5780,4293,1,9,48,58,1.1896551724137931,0.05745613836035109,590,One year of art school and he thinks he's the next famous graffiti artist.
5781,4293,1,9,48,58,1.1896551724137931,0.05745613836035109,590,"If that's us, he either asks for money or he's very confident."
5788,4293,3,5,50,58,1.1896551724137931,0.06716494018753925,590,I thought you said he was the best interior decorator stone tools could buy.
5892,4293,1,9,48,58,1.1896551724137931,0.05745613836035109,590,I'm sorry about the others but we have to eat.
5893,4293,2,7,49,58,1.1896551724137931,0.06249934809931834,590,"Wait, Al, I think we're seeing the prototype of the first i-phone."
5914,4293,1,9,48,58,1.1896551724137931,0.05745613836035109,590,'Me amazed. Me always thought he was a lefty.'
6012,4293,3,5,50,58,1.1896551724137931,0.06716494018753925,590,"Yeah, but it's so primitive!"
5007,4293,0,11,47,58,1.1896551724137931,0.05192539992843435,590,And I say being the last of his kind is a good thing.
4569,4293,1,9,48,58,1.1896551724137931,0.05745613836035109,590,"The wife's been nagging me to hang some pictures."" ""Let him finish and then will club him."
5611,4293,1,9,48,58,1.1896551724137931,0.05745613836035109,590,I guess we’re not at the top of the food chain any more.
5597,4293,3,5,50,58,1.1896551724137931,0.06716494018753925,590,Terrible artist.
4614,4293,2,7,49,58,1.1896551724137931,0.06249934809931834,590,So much for the concept of evolution.
5557,4293,1,9,48,58,1.1896551724137931,0.05745613836035109,590,What kind of creature puts a menu on the wall?
5438,4293,1,9,48,58,1.1896551724137931,0.05745613836035109,590,It already has an agent.
5433,4293,1,9,48,58,1.1896551724137931,0.05745613836035109,590,"When he finishes, let's eat him!"
5615,4293,1,9,48,58,1.1896551724137931,0.05745613836035109,590,"Well so much for that far fetched ""opposing thumb"" theory supposedly giving us a leg up."
5388,4293,3,5,50,58,1.1896551724137931,0.06716494018753925,590,"Yes, we have to arrest him. Remember the ""Broken Windows"" theory."
5325,4293,0,11,47,58,1.1896551724137931,0.05192539992843435,590,"It’s either a lovely mural, an awful battle strategy, or an excellent plan for Sunday night football."
5236,4293,2,7,49,58,1.1896551724137931,0.06249934809931834,590,He hasnt got a patent. They may as well be ours.
5374,4293,3,5,50,58,1.1896551724137931,0.06716494018753925,590,"Well, I say it's puerile and derivative and I say we bash his head in."
5101,4293,1,9,48,58,1.1896551724137931,0.05745613836035109,590,Why is the lizard vandalizing our property?
5046,4293,1,9,48,58,1.1896551724137931,0.05745613836035109,590,He's composing the menu for his new restaurant.
5028,4293,1,9,48,58,1.1896551724137931,0.05745613836035109,590,That's the idea. Draw what you had for lunch.
5011,4293,0,11,47,58,1.1896551724137931,0.05192539992843435,590,"Johnson is good, but I know a way we can take credit."
5505,4293,1,9,48,58,1.1896551724137931,0.05745613836035109,590,We should try this someday.
5225,4293,2,7,49,58,1.1896551724137931,0.06249934809931834,590,Don’t say anything to suggest Impressionism. He thinks it’s photorealism.
354,4293,1,9,48,58,1.1896551724137931,0.05745613836035109,590,Just had to send my DNA to Antecedents.com.
585,4400,2,6,45,53,1.1886792452830188,0.06629640403806238,590,Wow a rare Grafitisaurus Anachronismus !!
1898,4401,1,9,49,59,1.1864406779661016,0.0565653202898158,590,I liked his early work better. Seriously...Do I look that hairy to you?
1627,4401,1,9,49,59,1.1864406779661016,0.0565653202898158,590,"First caveman: ""What the hell is that?"" Second caveman: ""I'm not sure, but whatever it is, it's probably millions of years out of place."""
1878,4401,3,5,51,59,1.1864406779661016,0.0660949508765778,590,This is our cave. You go tell him
2433,4401,1,9,49,59,1.1864406779661016,0.0565653202898158,590,He's become too predictable...I'm gonna club 'im.
1911,4401,1,9,49,59,1.1864406779661016,0.0565653202898158,590,This guy will be considered a genius in 1000 years.
1995,4401,1,9,49,59,1.1864406779661016,0.0565653202898158,590,"Wow! He is such a great artist, we should get him some recognition!"
2098,4401,1,9,49,59,1.1864406779661016,0.0565653202898158,590,We always know we're going to eat with Coach Rex drawing up plays for the game.
2114,4401,2,7,50,59,1.1864406779661016,0.061514949365445624,590,If you like this then you should really check out his Tumblr
1602,4401,1,9,49,59,1.1864406779661016,0.0565653202898158,590,Let him go. We'll end up getting the credit.
1904,4401,1,9,49,59,1.1864406779661016,0.0565653202898158,590,I prefer mastodon sculpture.
1587,4401,2,7,50,59,1.1864406779661016,0.061514949365445624,590,She's a Modernist.
833,4401,2,7,50,59,1.1864406779661016,0.061514949365445624,590,And they call us cave dwellers?
1434,4401,2,7,50,59,1.1864406779661016,0.061514949365445624,590,How does he blend his colors so well?!
1413,4401,0,11,48,59,1.1864406779661016,0.051138849454651934,590,The landlord will blame us.
1250,4401,1,9,49,59,1.1864406779661016,0.0565653202898158,590,Let him finish. Then we'll open our own gallery.
1017,4401,0,11,48,59,1.1864406779661016,0.051138849454651934,590,He's starting to get on my nerves.
918,4401,1,9,49,59,1.1864406779661016,0.0565653202898158,590,"NO ONE violates the lease on my watch. Let's do it, Jimmy."
829,4401,0,11,48,59,1.1864406779661016,0.051138849454651934,590,Only we know who the real cave artists were.
817,4401,2,7,50,59,1.1864406779661016,0.061514949365445624,590,Are we related to that?
360,4401,1,9,49,59,1.1864406779661016,0.0565653202898158,590,"I can't think up a caption for this one, can you?"
358,4401,0,11,48,59,1.1864406779661016,0.051138849454651934,590,"I can't read Tyrannosaurus, but I'm sure it's not flattering."
104,4401,1,9,49,59,1.1864406779661016,0.0565653202898158,590,His generation calls it tagging.....I don't think it's a good outlet.
103,4401,0,11,48,59,1.1864406779661016,0.051138849454651934,590,Not so smart! Has he figured out they are our decorative artwork!
1527,4401,0,11,48,59,1.1864406779661016,0.051138849454651934,590,"I have to say, he's leaving a fact-based imprint of our culture."
2731,4401,3,5,51,59,1.1864406779661016,0.0660949508765778,590,The first instance of plagiarism.
2789,4401,2,7,50,59,1.1864406779661016,0.061514949365445624,590,I told you they could attract an Editosaurus...
2797,4401,3,5,51,59,1.1864406779661016,0.0660949508765778,590,Let's kill him.
4605,4401,2,7,50,59,1.1864406779661016,0.061514949365445624,590,His work expresses a Pre-Industrial sensibility.
4628,4401,1,9,49,59,1.1864406779661016,0.0565653202898158,590,He beat us to it again!
4672,4401,1,9,49,59,1.1864406779661016,0.0565653202898158,590,Hey! I saw her first.
4705,4401,1,9,49,59,1.1864406779661016,0.0565653202898158,590,He is generating the menu list for the new restaurant he is about to open.
4817,4401,1,9,49,59,1.1864406779661016,0.0565653202898158,590,"I say we knock him off now, before he blames this extinction stuff on us!"
4869,4401,2,7,50,59,1.1864406779661016,0.061514949365445624,590,I'm just not a fan of modern art.
4882,4401,1,9,49,59,1.1864406779661016,0.0565653202898158,590,She should really explore her identity though.
4914,4401,3,5,51,59,1.1864406779661016,0.0660949508765778,590,"Wait til he's finished decorating, then the cave and the artwork is ours!"
5174,4401,1,9,49,59,1.1864406779661016,0.0565653202898158,590,It's my art teacher working on next weeks menu.
5340,4401,2,7,50,59,1.1864406779661016,0.061514949365445624,590,cave creature evolution
5395,4401,1,9,49,59,1.1864406779661016,0.0565653202898158,590,do you think History will judge us kindly for inventing the 'Outsourcing'....
5533,4401,0,11,48,59,1.1864406779661016,0.051138849454651934,590,Choice is model or meal?
5712,4401,2,7,50,59,1.1864406779661016,0.061514949365445624,590,"Quite a primitivist, if you ask me."
5864,4401,1,9,49,59,1.1864406779661016,0.0565653202898158,590,All I wanted was somebody to tidy up around the place.
5984,4401,0,11,48,59,1.1864406779661016,0.051138849454651934,590,"When he leaves, put your name on it. People will think it was us."
4603,4401,3,5,51,59,1.1864406779661016,0.0660949508765778,590,"I don't care if it is your foyer, you can't club Fangsy!"
2781,4401,1,9,49,59,1.1864406779661016,0.0565653202898158,590,I hope this art results in some true self-reflection.
4572,4401,1,9,49,59,1.1864406779661016,0.0565653202898158,590,"Hanna-Barbera, he ain't."
4301,4401,1,9,49,59,1.1864406779661016,0.0565653202898158,590,I ain't never seen a 'den of iniquity' before!
2866,4401,1,9,49,59,1.1864406779661016,0.0565653202898158,590,"Don't worry, he'll be extinct soon, so we will get the credit after all."
3000,4401,0,11,48,59,1.1864406779661016,0.051138849454651934,590,"So, that's how they managed to get the pictures on the ceiling!"
3126,4401,1,9,49,59,1.1864406779661016,0.0565653202898158,590,I don't like the paintings of man being eaten.
3237,4401,2,7,50,59,1.1864406779661016,0.061514949365445624,590,Now's your big chance to become a prehistoric art critic.
3252,4401,0,11,48,59,1.1864406779661016,0.051138849454651934,590,You wouldn't believe what people will pay for this stupid representational art.
3297,4401,1,9,49,59,1.1864406779661016,0.0565653202898158,590,It's his way of giving posterity some clues to his existence.
3744,4401,2,7,50,59,1.1864406779661016,0.061514949365445624,590,It's a dino-drawer!
3785,4401,2,7,50,59,1.1864406779661016,0.061514949365445624,590,Looks like more of that news we keep seeing.
3791,4401,0,11,48,59,1.1864406779661016,0.051138849454651934,590,He's just wasting his time. He should be out hunting those meals.
3822,4401,2,7,50,59,1.1864406779661016,0.061514949365445624,590,"Another example of ""Fake News"". Me am Sad."
3893,4401,0,11,48,59,1.1864406779661016,0.051138849454651934,590,I say we club 'em extinct and take the credit.
3950,4401,1,9,49,59,1.1864406779661016,0.0565653202898158,590,He’s a genius-NOT dinner..
3997,4401,1,9,49,59,1.1864406779661016,0.0565653202898158,590,I don't like his style!
4021,4401,1,9,49,59,1.1864406779661016,0.0565653202898158,590,"Do you have any idea the arguments this will cause 10,000 years from now?"
4048,4401,3,5,51,59,1.1864406779661016,0.0660949508765778,590,"His spatial contextualizing adds to a playful paradox simplicity that is hard to put your finger on, don’t you agree?"
4406,4401,2,7,50,59,1.1864406779661016,0.061514949365445624,590,Amateur!
3615,4401,2,7,50,59,1.1864406779661016,0.061514949365445624,590,One of those dinosaurs from the 60's and 70's. Let's get him before he breeds.
640,4401,1,9,49,59,1.1864406779661016,0.0565653202898158,590,So what? It's paint by numbers.
3571,4465,0,10,44,54,1.1851851851851851,0.05335739809593593,590,They're not up to the showing he had in that gallery in Lascaux.
2696,4465,1,8,45,54,1.1851851851851851,0.05954682150320808,590,"You know what they say, Frank. The cave drawings will be worth more after he's been clubbed to death."
2803,4465,0,10,44,54,1.1851851851851851,0.05335739809593593,590,She's not much to look at but her knuckles are incredibly smooth.
180,4468,1,9,50,60,1.1833333333333333,0.05570131537800454,590,"It's warm, dry, and well lighted. All it lacks is a man's touch."
455,4468,2,7,51,60,1.1833333333333333,0.060560781750670575,590,I told you it was time to get him neutered.
860,4468,1,9,50,60,1.1833333333333333,0.05570131537800454,590,I was hoping Pest Control would do the trick.
1225,4468,2,7,51,60,1.1833333333333333,0.060560781750670575,590,Rex is getting a jump on his Thanksgiving menu.
2074,4468,1,9,50,60,1.1833333333333333,0.05570131537800454,590,My wife hired him to redo the entry. She really likes his work.
2141,4468,2,7,51,60,1.1833333333333333,0.060560781750670575,590,Years from now they'll think we did this.
2657,4468,1,9,50,60,1.1833333333333333,0.05570131537800454,590,"The worst part is, WE'LL get the blame for it!"
2970,4468,2,7,51,60,1.1833333333333333,0.060560781750670575,590,And he told his mother he was going to STOP tagging.
3041,4468,0,11,49,60,1.1833333333333333,0.05037523978531016,590,Maybe too smart for his own good.
3815,4468,2,7,51,60,1.1833333333333333,0.060560781750670575,590,"It's that damn graffiti dragon. Should I order him to drop his brushes, or just club him?"
3816,4468,1,9,50,60,1.1833333333333333,0.05570131537800454,590,"Yes, but his color palette is sublime!"
4307,4468,2,7,51,60,1.1833333333333333,0.060560781750670575,590,He draws better than you!
4684,4468,1,9,50,60,1.1833333333333333,0.05570131537800454,590,"To be candid, it makes me feel quite objectified. BLORG SMASH!"
4943,4468,1,9,50,60,1.1833333333333333,0.05570131537800454,590,His sense of scale is impeccable.
5168,4468,2,7,51,60,1.1833333333333333,0.060560781750670575,590,Is this Drawing Class 101?
2721,4468,4,3,53,60,1.1833333333333333,0.06926436160881881,590,"Did you hear? He's the Lizard King, he can do anything!"
2590,4468,0,11,49,60,1.1833333333333333,0.05037523978531016,590,I told you we took too long to develop
371,4485,2,6,47,55,1.1818181818181819,0.06404390902685803,590,He says this one will really mess with the minds of our descendants.
1502,4486,3,5,53,61,1.180327868852459,0.06405341316761795,590,"Hand me a big chunk of that asteroid, will ya?"
1819,4486,1,9,51,61,1.180327868852459,0.05486295255961152,590,Supposedly he's the best portrait guy in village.
3773,4486,2,7,52,61,1.180327868852459,0.05963548986123849,590,"...on Craig's list, under hieroglyphics"
1055,4486,1,9,51,61,1.180327868852459,0.05486295255961152,590,Clubbing him now just seems like a waste.
2607,4490,2,6,48,56,1.1785714285714286,0.06297362289056342,590,"Yes, he is writing the Women's Healthcare Bill."
2091,4490,2,6,48,56,1.1785714285714286,0.06297362289056342,590,One day he'll be president.
2119,4490,3,4,49,56,1.1785714285714286,0.0679339961235429,590,Him unevolved. No understand chiaroscuro.
2178,4490,1,8,47,56,1.1785714285714286,0.057587555344989626,590,I say it's a new species: Let's call it Dino De Laurentiis.
2179,4490,1,8,47,56,1.1785714285714286,0.057587555344989626,590,Really? Another painting of a hunt? I just think he's the last of a dying breed.
2192,4490,2,6,48,56,1.1785714285714286,0.06297362289056342,590,His wall menu is impressive—a well balanced diet.
2332,4490,0,10,46,56,1.1785714285714286,0.05164277182008721,590,I thought he was left-handed
2631,4490,2,6,48,56,1.1785714285714286,0.06297362289056342,590,I heard he majored in Contemporary Art.
2676,4490,2,6,48,56,1.1785714285714286,0.06297362289056342,590,It's an Opposablethumbasaurus.
2717,4490,1,8,47,56,1.1785714285714286,0.057587555344989626,590,Look who got opposable thumbs
2737,4490,1,8,47,56,1.1785714285714286,0.057587555344989626,590,And they save we are primative
2834,4490,2,6,48,56,1.1785714285714286,0.06297362289056342,590,Look! See? Evolution was fabricated by the dinosaurs.
2903,4490,1,8,47,56,1.1785714285714286,0.057587555344989626,590,"No wonder, in these pictures, the dinosaurs always win!"
2947,4490,2,6,48,56,1.1785714285714286,0.06297362289056342,590,Great idea! Let's go back to our cave and put pictures on the walls! Without the people.
2974,4490,2,6,48,56,1.1785714285714286,0.06297362289056342,590,What did she mean when she said she's drawing plans for a Christian theme park?
3208,4490,1,8,47,56,1.1785714285714286,0.057587555344989626,590,"No way will that joker get the credit, pal. Don't worry about it."
2038,4490,0,10,46,56,1.1785714285714286,0.05164277182008721,590,Who said it's called graffiti?
3418,4490,1,8,47,56,1.1785714285714286,0.057587555344989626,590,History in the eyes of a savage
1984,4490,0,10,46,56,1.1785714285714286,0.05164277182008721,590,"I know, but it’s got him out a terrible depression."
1481,4490,0,10,46,56,1.1785714285714286,0.05164277182008721,590,All he wants is the trademark and a vegan lunch.
2,4490,1,8,47,56,1.1785714285714286,0.057587555344989626,590,It’s our vision of a step beyond the walk in freezer.
146,4490,1,8,47,56,1.1785714285714286,0.057587555344989626,590,Copyright infringement justifies capital punishment!
466,4490,2,6,48,56,1.1785714285714286,0.06297362289056342,590,Uh oh ... looks like he has us on his prey wall.
587,4490,1,8,47,56,1.1785714285714286,0.057587555344989626,590,I say Extinct Revival is passé.
609,4490,2,6,48,56,1.1785714285714286,0.06297362289056342,590,It's all about them.
635,4490,2,6,48,56,1.1785714285714286,0.06297362289056342,590,"If we don't crack down on this, robberies and murders will sky rocket."
826,4490,0,10,46,56,1.1785714285714286,0.05164277182008721,590,... and she’s inexpensive. Just don’t tell her that her work is primitive!
979,4490,1,8,47,56,1.1785714285714286,0.057587555344989626,590,Have you met my new studio assistant?
1029,4490,0,10,46,56,1.1785714285714286,0.05164277182008721,590,It's a temporary exhibit.
1062,4490,2,6,48,56,1.1785714285714286,0.06297362289056342,590,And there I was complimenting you on your fine painting technique.
1099,4490,0,10,46,56,1.1785714285714286,0.05164277182008721,590,I knew those short arms were being used somewhere.
1295,4490,1,8,47,56,1.1785714285714286,0.057587555344989626,590,Jathinkhesaurus
1360,4490,1,8,47,56,1.1785714285714286,0.057587555344989626,590,"I say the hell with that - we're the dominant species, and they can damn well quit buggerin' up my walls."
1402,4490,2,6,48,56,1.1785714285714286,0.06297362289056342,590,He thinks cursive is stupid
1405,4490,2,6,48,56,1.1785714285714286,0.06297362289056342,590,Today's lunch specials.
1688,4490,2,6,48,56,1.1785714285714286,0.06297362289056342,590,The Painted Lizard has a remarkable palette of colors from which is uses in its cave drawings.
3471,4490,3,4,49,56,1.1785714285714286,0.0679339961235429,590,I told him I thought landscapes would sell better.
3464,4490,2,6,48,56,1.1785714285714286,0.06297362289056342,590,"No, no. First, he finish with his Muse. THEN, we bash him on the head."
5040,4490,0,10,46,56,1.1785714285714286,0.05164277182008721,590,He's didn't really capture my personality.
6014,4490,0,10,46,56,1.1785714285714286,0.05164277182008721,590,There goes our Paleolithic history.
5900,4490,2,6,48,56,1.1785714285714286,0.06297362289056342,590,This is the first time I've caught her in the act of making a mess.
5824,4490,2,6,48,56,1.1785714285714286,0.06297362289056342,590,"'If you complain about the renovations again, he will bite your head off!'"
5741,4490,3,4,49,56,1.1785714285714286,0.0679339961235429,590,At least they included us this time.
5703,4490,1,8,47,56,1.1785714285714286,0.057587555344989626,590,Don’t worry in the other cave they predict an extinction event...
5513,4490,0,10,46,56,1.1785714285714286,0.05164277182008721,590,"Primitive creatures, still in their post-Impressionism phase."
5257,4490,0,10,46,56,1.1785714285714286,0.05164277182008721,590,in the future there will be a device...
5237,4490,1,8,47,56,1.1785714285714286,0.057587555344989626,590,We all need perspective.
5012,4490,2,6,48,56,1.1785714285714286,0.06297362289056342,590,His favorite foods!
4886,4490,2,6,48,56,1.1785714285714286,0.06297362289056342,590,"""Daenerys, those fire insurance adjusters are here again""."
4830,4490,0,10,46,56,1.1785714285714286,0.05164277182008721,590,Don't worry. History will be written by the evolutionary victors.
3590,4490,1,8,47,56,1.1785714285714286,0.057587555344989626,590,I'm shocked he has opposable thumbs.
4334,4490,0,10,46,56,1.1785714285714286,0.05164277182008721,590,"Plagiarism, I tell you, plagiarism!"
4439,4490,2,6,48,56,1.1785714285714286,0.06297362289056342,590,After he finishes the foyer Jennifer wants him to do the dining cave.
3916,4490,1,8,47,56,1.1785714285714286,0.057587555344989626,590,I won't tell if you won't tell!
4387,4490,2,6,48,56,1.1785714285714286,0.06297362289056342,590,"You don’t say, he has two legs from the hips to the ground, and his abode contains caricature decor on the low down."
4785,4490,1,8,47,56,1.1785714285714286,0.057587555344989626,590,I told you that Paintasaurus wouldn’t know when to stop.
4285,4490,1,8,47,56,1.1785714285714286,0.057587555344989626,590,"I know he's your favorite, but all this will triple in value when he's gone"
5054,4547,2,7,53,62,1.1774193548387097,0.058737796974655074,590,You distract her while I check tonight's specials.
726,4547,3,5,54,62,1.1774193548387097,0.063078915044636,590,‘Behold the famous artist-brother of T. Rex — T. RENOIR!’
2471,4549,0,10,47,57,1.1754385964912282,0.050825312758579586,590,"He's hot now but wait 'til everyone tires of ""still life"" and suddenly he won't be the darling of the cave scene."
2502,4549,2,6,49,57,1.1754385964912282,0.06193823737472381,590,Let's get out of here quick before we get blamed for it!
1553,4549,0,10,47,57,1.1754385964912282,0.050825312758579586,590,"When my agent said it was a dinosaur film, I was picturing something more like Godzilla."
3368,4549,1,8,48,57,1.1754385964912282,0.056654910052417636,590,"Ogg club, Grogg take credit."
5503,4549,1,8,48,57,1.1754385964912282,0.056654910052417636,590,I'll bet anything we get blamed for this!
3286,4549,2,6,49,57,1.1754385964912282,0.06193823737472381,590,"Derivative, certainly, but I admire her narrative intentions."
5404,4549,0,10,47,57,1.1754385964912282,0.050825312758579586,590,I told him not to draw on the walls!
1520,4549,2,6,49,57,1.1754385964912282,0.06193823737472381,590,I think he's making fun of us and our way of life. We should hire him for weekend fun nights.
5111,4549,1,8,48,57,1.1754385964912282,0.056654910052417636,590,I can't attack an artist while he's working
4932,4549,0,10,47,57,1.1754385964912282,0.050825312758579586,590,I told you to get her some colors.
3229,4549,1,8,48,57,1.1754385964912282,0.056654910052417636,590,"Now that he found your paintbrushes, he will never play 'hide and seek' with us again."
4374,4549,1,8,48,57,1.1754385964912282,0.056654910052417636,590,Filth. All he does are nudes.
3592,4549,1,8,48,57,1.1754385964912282,0.056654910052417636,590,Oh how the tables have turned
53,4549,1,8,48,57,1.1754385964912282,0.056654910052417636,590,That kind of brushwork will soon be extinct.
33,4549,1,8,48,57,1.1754385964912282,0.056654910052417636,590,Family portrait
3745,4549,1,8,48,57,1.1754385964912282,0.056654910052417636,590,I told you lizard brains were left-brain types!
4419,4549,1,8,48,57,1.1754385964912282,0.056654910052417636,590,Look like fake news. Zog sad.
917,4549,1,8,48,57,1.1754385964912282,0.056654910052417636,590,Oh great! Another Picasso.
4284,4549,2,6,49,57,1.1754385964912282,0.06193823737472381,590,This creature is creating emojis but they will never catch on.
837,4568,3,5,55,63,1.1746031746031746,0.06213344136974703,590,When sis they get opposable thumbs?
569,4569,1,7,44,52,1.1730769230769231,0.05966948841558946,590,The only way to claim credit is to kill them all and make it look like an accident.
5071,4570,1,8,49,58,1.1724137931034482,0.05575164786673556,590,He has to go. He’s eating us out of house and home
4256,4570,2,6,50,58,1.1724137931034482,0.06093608879319741,590,We are indeed inside a simulation.
3267,4570,2,6,50,58,1.1724137931034482,0.06093608879319741,590,Pfft. Fake news.
2105,4570,3,4,51,58,1.1724137931034482,0.06571276584476107,590,"What are we, chopped liver?"
2021,4570,2,6,50,58,1.1724137931034482,0.06093608879319741,590,"Not the symmetry I wanted, but the style is rock solid."
1959,4570,2,6,50,58,1.1724137931034482,0.06093608879319741,590,"So, Grugg...how that “asteroid” coming along?"
704,4570,2,6,50,58,1.1724137931034482,0.06093608879319741,590,Well there goes that theory.
76,4570,2,6,50,58,1.1724137931034482,0.06093608879319741,590,Dino Picasso - the artist of Jurrasic age
981,4578,2,5,46,53,1.169811320754717,0.06451701239736683,590,Henri Rousaurus...nice guy but I find his work rather primative.
814,4578,2,5,46,53,1.169811320754717,0.06451701239736683,590,I told you evolution was an invalid theory!
1135,4578,1,7,45,53,1.169811320754717,0.0586238473980282,590,I hired him to paint the walls and ceiling. Calls himself Michelangelo. Now he's trying to turn a plain and simple job into a masterpiece.
794,4578,1,7,45,53,1.169811320754717,0.0586238473980282,590,It's irrelevant that you find it artistically compelling. Graffiti is always vandalism!
709,4578,2,5,46,53,1.169811320754717,0.06451701239736683,590,Another Gloryhogsaurus.
992,4578,1,7,45,53,1.169811320754717,0.0586238473980282,590,"For the first time in history, Morty, we’ll have to declare creativity a public nuisance."
1090,4578,1,7,45,53,1.169811320754717,0.0586238473980282,590,And you thought their small arms served no purpose.
722,4578,0,9,44,53,1.169811320754717,0.05206789873629057,590,I have a feeling this new designer is going to cost me a fortune to finish out the foyer.
580,4578,1,7,45,53,1.169811320754717,0.0586238473980282,590,Don't worry; no one will believe this fake news.
575,4578,0,9,44,53,1.169811320754717,0.05206789873629057,590,Looks like the rent is going up.
556,4578,1,7,45,53,1.169811320754717,0.0586238473980282,590,"But when I write on the walls it's ""Oog, don't smear feces on the walls."" Figures."
513,4578,1,7,45,53,1.169811320754717,0.0586238473980282,590,rex´s work is so derivative
823,4578,2,5,46,53,1.169811320754717,0.06451701239736683,590,Are we St. Georges or Indiana Joneses?
1122,4578,1,7,45,53,1.169811320754717,0.0586238473980282,590,"Uh-oh, I think he's making the menu pictures, and plans to turn our hole into the drive-through window."
760,4578,1,7,45,53,1.169811320754717,0.0586238473980282,590,What's a Banksy?
4937,4578,1,7,45,53,1.169811320754717,0.0586238473980282,590,That damn Darwin is going to be insufferable.
1218,4578,1,7,45,53,1.169811320754717,0.0586238473980282,590,"I'm telling you it's the three moon's cafe, and that's the menu!"
4594,4578,0,9,44,53,1.169811320754717,0.05206789873629057,590,"Well, that explains the time machine parked out back."
4567,4578,0,9,44,53,1.169811320754717,0.05206789873629057,590,He's having a show soon.
4559,4578,1,7,45,53,1.169811320754717,0.0586238473980282,590,It's all false news. That's how he gets elected !
4550,4578,1,7,45,53,1.169811320754717,0.0586238473980282,590,To hell with evolution! I say that last graffitisaurus is our dinner!
4515,4578,0,9,44,53,1.169811320754717,0.05206789873629057,590,He wants to take all the credit
4465,4578,0,9,44,53,1.169811320754717,0.05206789873629057,590,The writings on the wall. He’s gone mad!
4456,4578,1,7,45,53,1.169811320754717,0.0586238473980282,590,Do you think we should we mention to him that there's an App for that?
4450,4578,0,9,44,53,1.169811320754717,0.05206789873629057,590,"DNA sequencing and animal behavioural studies have come along leaps and bounds, but until we get to grips with genitacally modified food production we're out in the cold!"
4340,4578,2,5,46,53,1.169811320754717,0.06451701239736683,590,An Artist-o-saurus?!!
4230,4578,1,7,45,53,1.169811320754717,0.0586238473980282,590,We'll wear green.....he's not a vegetarian.
4598,4578,1,7,45,53,1.169811320754717,0.0586238473980282,590,"I hope these dinosaurs are enjoying themselves, the meteor is on its way."
4209,4578,0,9,44,53,1.169811320754717,0.05206789873629057,590,At least now we know who's been drawing horses peeing on us. BBQ Deinonychus or tartar?
4078,4578,0,9,44,53,1.169811320754717,0.05206789873629057,590,Guess we're not eating those mushrooms again.
4061,4578,0,9,44,53,1.169811320754717,0.05206789873629057,590,Its way cheaper than hiring an interior decorator!
4051,4578,1,7,45,53,1.169811320754717,0.0586238473980282,590,"Ugg, reptilian brains have such a penchant for fake news!"
4046,4578,2,5,46,53,1.169811320754717,0.06451701239736683,590,Extinction is the only answer. Otherwise there’ll be a gazillion cave drawings showing us as lesser beings.
3992,4578,1,7,45,53,1.169811320754717,0.0586238473980282,590,And I thought we were the first ones with opposable thumbs...
3991,4578,0,9,44,53,1.169811320754717,0.05206789873629057,590,And I thought he was extinct.
3944,4578,4,1,48,53,1.169811320754717,0.07492545427657654,590,Now do you believe me? This dinosaur is your thief - and he's plagiarizing too!
3904,4578,3,3,47,53,1.169811320754717,0.06991519358205821,590,These drawings are worthless! Why can't the Picassoraptor pay his bill like a regular customer?
3870,4578,0,9,44,53,1.169811320754717,0.05206789873629057,590,I told you to get a haircut first.
3864,4578,1,7,45,53,1.169811320754717,0.0586238473980282,590,Do you think I can get him to decorate my cave too?
4196,4578,0,9,44,53,1.169811320754717,0.05206789873629057,590,The dinosaur whisperer is a genius.
4666,4578,1,7,45,53,1.169811320754717,0.0586238473980282,590,His name is really Picasso?
4753,4578,1,7,45,53,1.169811320754717,0.0586238473980282,590,He's so TMZ
4773,4578,1,7,45,53,1.169811320754717,0.0586238473980282,590,You'd think even a lizard could draw better than that!
5964,4578,0,9,44,53,1.169811320754717,0.05206789873629057,590,Let's hope his artistic talent is detrimental to his ferocity.
5931,4578,1,7,45,53,1.169811320754717,0.0586238473980282,590,One more trophy. Its’ been a good year for me.
5878,4578,0,9,44,53,1.169811320754717,0.05206789873629057,590,These filthy dragons better get off my lawn. I'll call the cops!
5810,4578,1,7,45,53,1.169811320754717,0.0586238473980282,590,It was much bigger in real life.
5738,4578,2,5,46,53,1.169811320754717,0.06451701239736683,590,He does great detail work.
5701,4578,2,5,46,53,1.169811320754717,0.06451701239736683,590,Do you think he's going to watch to see if we erase it?
5631,4578,0,9,44,53,1.169811320754717,0.05206789873629057,590,I never should have given him that first charcoal.
5629,4578,0,9,44,53,1.169811320754717,0.05206789873629057,590,Larry comes face to face with his alter in the parallel universe in next week’s episode of Fringe: Paleolithic.
5548,4578,1,7,45,53,1.169811320754717,0.0586238473980282,590,Weren't they supposed to die off well before we came on to the scene?
5519,4578,2,5,46,53,1.169811320754717,0.06451701239736683,590,I've got an idea--let's call it Fake News.
5499,4578,0,9,44,53,1.169811320754717,0.05206789873629057,590,"Look, YOU ask him for lessons. Mine are just fine."
5427,4578,0,9,44,53,1.169811320754717,0.05206789873629057,590,I double-mammoth dare you to poke it.
5335,4578,1,7,45,53,1.169811320754717,0.0586238473980282,590,"Like I said, Gronk, figurative art is for dinosaurs."
5293,4578,2,5,46,53,1.169811320754717,0.06451701239736683,590,"He’s writing episode 1, season 2 of his hit series DWELLER. Last season’s ending was a real cliffhanger!"
5199,4578,0,9,44,53,1.169811320754717,0.05206789873629057,590,"Where does he think he is ""Lascaux?"
5123,4578,0,9,44,53,1.169811320754717,0.05206789873629057,590,He's my best student.
5021,4578,1,7,45,53,1.169811320754717,0.0586238473980282,590,I wonder if he copyrighted it?
4939,4578,1,7,45,53,1.169811320754717,0.0586238473980282,590,He went to Pre-K.
4938,4578,1,7,45,53,1.169811320754717,0.0586238473980282,590,I can't wait for these Michaelangelos to go extinct.
4820,4578,0,9,44,53,1.169811320754717,0.05206789873629057,590,"She's not only a loving pet, but a good artist!"
4812,4578,1,7,45,53,1.169811320754717,0.0586238473980282,590,It's our 15 minutes!
4797,4578,0,9,44,53,1.169811320754717,0.05206789873629057,590,He's really not that good - the pictures of you and me look nothing like us.
4796,4578,1,7,45,53,1.169811320754717,0.0586238473980282,590,Looks like we're on the menu.
3848,4578,0,9,44,53,1.169811320754717,0.05206789873629057,590,They really are in the last place you look.
377,4578,1,7,45,53,1.169811320754717,0.0586238473980282,590,You see that charcoal he's using to draw? That used to be Bob so let's get outta here.
3704,4578,1,7,45,53,1.169811320754717,0.0586238473980282,590,Isn't it a bit modern?
3632,4578,1,7,45,53,1.169811320754717,0.0586238473980282,590,Things are still getting set up.
2140,4578,2,5,46,53,1.169811320754717,0.06451701239736683,590,Anyone can draw. Technique is what separates the true artists from the rest of us.
2077,4578,2,5,46,53,1.169811320754717,0.06451701239736683,590,He promised to give me lessons.
2058,4578,0,9,44,53,1.169811320754717,0.05206789873629057,590,People are going to think we drew those.
2056,4578,0,9,44,53,1.169811320754717,0.05206789873629057,590,I was already feeling a little slow.
2045,4578,1,7,45,53,1.169811320754717,0.0586238473980282,590,He has no idea he's just a flash in the pan.
1970,4578,1,7,45,53,1.169811320754717,0.0586238473980282,590,We are all old here guys.
1793,4578,0,9,44,53,1.169811320754717,0.05206789873629057,590,"It's rather derivative, wouldn't you agree?"
1751,4578,0,9,44,53,1.169811320754717,0.05206789873629057,590,"She may be an oddball, but her work is cutting-edge."
1720,4578,2,5,46,53,1.169811320754717,0.06451701239736683,590,"If we bonk him and sign our names like we did over the hill in Lascaux, then we'll get the credit again."
1711,4578,0,9,44,53,1.169811320754717,0.05206789873629057,590,You told me it had great taste. Really Carl!!
2313,4578,1,7,45,53,1.169811320754717,0.0586238473980282,590,I sure hope that they stay around for awhile - yeah they tell our story so well - let's look for something else to eat today.
1605,4578,1,7,45,53,1.169811320754717,0.0586238473980282,590,Of COURSE hunting and gathering includes intellectual property.
1489,4578,0,9,44,53,1.169811320754717,0.05206789873629057,590,I was told they became extinct some fifty odd million years ago.
1482,4578,0,9,44,53,1.169811320754717,0.05206789873629057,590,She has gotten really sharp and a big mouth as she has developed a taste for other artists.
1424,4578,1,7,45,53,1.169811320754717,0.0586238473980282,590,He says it relaxes him
1390,4578,1,7,45,53,1.169811320754717,0.0586238473980282,590,I bet he ate some of those weird mushrooms.
1372,4578,1,7,45,53,1.169811320754717,0.0586238473980282,590,Do cartoonists have existential crises?
1370,4578,1,7,45,53,1.169811320754717,0.0586238473980282,590,"See what happens,you give him a couple of books,a marker and bingo you got graffiti."
1281,4578,1,7,45,53,1.169811320754717,0.0586238473980282,590,"Remember, if anyone sees us do it we just tell them we are ""art critics""."
1270,4578,0,9,44,53,1.169811320754717,0.05206789873629057,590,I told you there's a forger around here.
1248,4578,0,9,44,53,1.169811320754717,0.05206789873629057,590,Should we tell him horses and birds can't swim?
1247,4578,1,7,45,53,1.169811320754717,0.0586238473980282,590,I hate when he makes us look like Cousin Itt.
1547,4578,1,7,45,53,1.169811320754717,0.0586238473980282,590,"Nancy got him some graphite sticks for his Birthday, he hasn't stopped since."
2367,4578,0,9,44,53,1.169811320754717,0.05206789873629057,590,"If we get rid of him, history will credit the paintings to us."
2438,4578,2,5,46,53,1.169811320754717,0.06451701239736683,590,The place was looking dull. Artesaurus Interiors. I'd highly recommend them.
2463,4578,2,5,46,53,1.169811320754717,0.06451701239736683,590,Not realistic!
3539,4578,1,7,45,53,1.169811320754717,0.0586238473980282,590,I say leave him alone. Posterity will think we did them.
3516,4578,1,7,45,53,1.169811320754717,0.0586238473980282,590,"It’s a done deal. Once the “meteor” comes, the value will increase exponentially."
3441,4578,1,7,45,53,1.169811320754717,0.0586238473980282,590,"Next thing you know, he'll be painting those on his body."
3336,4578,0,9,44,53,1.169811320754717,0.05206789873629057,590,Those monsters from Sienna don't know anything about perspective.
3281,4578,1,7,45,53,1.169811320754717,0.0586238473980282,590,I just want him to finish it before he gives extinct.
3271,4578,0,9,44,53,1.169811320754717,0.05206789873629057,590,I'm more worried about his bill.
3173,4578,1,7,45,53,1.169811320754717,0.0586238473980282,590,And he's not even right handed.
3138,4578,2,5,46,53,1.169811320754717,0.06451701239736683,590,Did you bring the BBQ sauce?
3057,4578,0,9,44,53,1.169811320754717,0.05206789873629057,590,They're serving the pterodactyl today. Try it before it goes extinct.
3031,4578,1,7,45,53,1.169811320754717,0.0586238473980282,590,So Devo was right?
2977,4578,3,3,47,53,1.169811320754717,0.06991519358205821,590,My 200 billionth granddaughter will be so pissed if she finds out I didn’t do these drawings.
2854,4578,3,3,47,53,1.169811320754717,0.06991519358205821,590,He's my Salieri.
2850,4578,1,7,45,53,1.169811320754717,0.0586238473980282,590,His work is too parochial for my taste.
2813,4578,0,9,44,53,1.169811320754717,0.05206789873629057,590,"He's good, but his esoteric story-line will fade in time"
2751,4578,0,9,44,53,1.169811320754717,0.05206789873629057,590,He's too much of a narcissist to give us an autograph.
2710,4578,1,7,45,53,1.169811320754717,0.0586238473980282,590,Nobody will believe it - he's about to go extinct.
2673,4578,2,5,46,53,1.169811320754717,0.06451701239736683,590,The maitre d' mentioned that monsieur has a big appetite today!
2662,4578,1,7,45,53,1.169811320754717,0.0586238473980282,590,Still hasn’t gotten the self portrait correct
2615,4578,1,7,45,53,1.169811320754717,0.0586238473980282,590,"Wow, Grog! This reptilian make your cave penis paintings look like mammoth dung."
2540,4578,1,7,45,53,1.169811320754717,0.0586238473980282,590,Let's get her while she's in the zone!
2531,4578,0,9,44,53,1.169811320754717,0.05206789873629057,590,He'said got a future!
2514,4578,0,9,44,53,1.169811320754717,0.05206789873629057,590,We were playing Fetch but Fido got tired of throwing the stick.
2466,4578,0,9,44,53,1.169811320754717,0.05206789873629057,590,You send him to your friends to let them know what you did today in 15 characters or less.
3651,4578,0,9,44,53,1.169811320754717,0.05206789873629057,590,They've gotta go!
210,4578,1,7,45,53,1.169811320754717,0.0586238473980282,590,He'll be inventing the wheel next.
2168,4578,2,5,46,53,1.169811320754717,0.06451701239736683,590,My wife insisted on a classic but not quite extinct artist for our wall mural.
77,4578,1,7,45,53,1.169811320754717,0.0586238473980282,590,Have you decided on a drink?
31,4578,0,9,44,53,1.169811320754717,0.05206789873629057,590,"Club him now, before he gets our long-drawn-out history."
13,4578,2,5,46,53,1.169811320754717,0.06451701239736683,590,If only they knew Adobe Suite.
115,4578,0,9,44,53,1.169811320754717,0.05206789873629057,590,The fake news from the mammal-stream media is disgusting!
1168,4578,0,9,44,53,1.169811320754717,0.05206789873629057,590,"Years from now, people will remember that the greatest artist of our time worked on my den."
186,4705,1,8,50,59,1.1694915254237288,0.054876421247483355,590,Looks like Fred's preparing today's menu.
2687,4705,0,10,49,59,1.1694915254237288,0.049264267709845745,590,"I told him to do a whole bunch, then I'm gonna open my cave and have a reception"
3623,4705,1,8,50,59,1.1694915254237288,0.054876421247483355,590,I can honestly say I don't know what to say!
2419,4708,1,7,46,54,1.1666666666666667,0.057613861986001234,590,I hate it when they gang tag the cave!
1401,4708,0,9,45,54,1.1666666666666667,0.0511912597361626,590,"Hey Matt, is that the new interior decorator?"
1407,4708,1,7,46,54,1.1666666666666667,0.057613861986001234,590,"I hate to interrupt his artistic mojo, but I'm really hungry!"
1652,4708,1,7,46,54,1.1666666666666667,0.057613861986001234,590,"If we knock him off, we'll own his complete works."
2161,4708,1,7,46,54,1.1666666666666667,0.057613861986001234,590,I wonder if he can cook.
1921,4708,1,7,46,54,1.1666666666666667,0.057613861986001234,590,"Well, that blows your ""fish gotta swim"" theory all to hell."
2104,4708,0,9,45,54,1.1666666666666667,0.0511912597361626,590,I could see it in Rocky's room.
1235,4708,0,9,45,54,1.1666666666666667,0.0511912597361626,590,"He calls it ""abstract expressionism."" I call it ""graffiti."
2225,4708,0,9,45,54,1.1666666666666667,0.0511912597361626,590,Nice. He's got us at the bottom.
2408,4708,2,5,47,54,1.1666666666666667,0.06338902990667025,590,I think he's creating tonight's specials.
1788,4708,1,7,46,54,1.1666666666666667,0.057613861986001234,590,"What I'm suggesting is appropriation, not plagiarism."
960,4708,1,7,46,54,1.1666666666666667,0.057613861986001234,590,Now I know who hacked my account.
689,4708,2,5,47,54,1.1666666666666667,0.06338902990667025,590,And that's how they became extinct
791,4708,1,7,46,54,1.1666666666666667,0.057613861986001234,590,He says he wants to achieve immortality through his work.
759,4708,1,7,46,54,1.1666666666666667,0.057613861986001234,590,OK - That is the last time your Dalisaurus gets left in My cave.
659,4708,1,7,46,54,1.1666666666666667,0.057613861986001234,590,"Yeah, but he got my fat side."
632,4708,1,7,46,54,1.1666666666666667,0.057613861986001234,590,He's always expressed himself best with charcoal.
565,4708,0,9,45,54,1.1666666666666667,0.0511912597361626,590,"Next thing you know, mammoths will be painting with their trunks."
546,4708,2,5,47,54,1.1666666666666667,0.06338902990667025,590,(((dinosaurs)))
508,4708,3,3,48,54,1.1666666666666667,0.06868028197434452,590,oh fuck
267,4708,1,7,46,54,1.1666666666666667,0.057613861986001234,590,Think of it as Jurassic Ark.
257,4708,2,5,47,54,1.1666666666666667,0.06338902990667025,590,Thank god! No drawings of us roasting over a campfire pit.
191,4708,1,7,46,54,1.1666666666666667,0.057613861986001234,590,One look at that dreck and we’ll be forever labeled as primitive.
49,4708,2,5,47,54,1.1666666666666667,0.06338902990667025,590,Wait till you see his stuff. It's hysterical.
3,4708,1,7,46,54,1.1666666666666667,0.057613861986001234,590,Would you prefer a kid's menu?
906,4708,0,9,45,54,1.1666666666666667,0.0511912597361626,590,First time I’ve had tunnel vision.
2424,4708,1,7,46,54,1.1666666666666667,0.057613861986001234,590,You call THAT art?
2661,4708,2,5,47,54,1.1666666666666667,0.06338902990667025,590,Darwinsaur
5186,4708,0,9,45,54,1.1666666666666667,0.0511912597361626,590,She said she wanted to redecorate.
5443,4708,0,9,45,54,1.1666666666666667,0.0511912597361626,590,I thought you said lizard brains sensed danger. We need bigger clubs.
5376,4708,1,7,46,54,1.1666666666666667,0.057613861986001234,590,NO .. we wait till he finishes the kid's section.
5094,4708,0,9,45,54,1.1666666666666667,0.0511912597361626,590,So I'm extinct am I. I'll show them.
5061,4708,0,9,45,54,1.1666666666666667,0.0511912597361626,590,"Dude, that's not Banksy. It's the Mr. Brainwash guy from the movie."
4822,4708,1,7,46,54,1.1666666666666667,0.057613861986001234,590,"I told him, people on top, creatures on the bottom!"
4580,4708,2,5,47,54,1.1666666666666667,0.06338902990667025,590,"He's good, but the critics roast him."
4524,4708,2,5,47,54,1.1666666666666667,0.06338902990667025,590,I never knew Fido had a creative streak!?
5985,4708,0,10,50,60,1.1666666666666667,0.04851854247829848,590,So much for the pre-paleosaurus era.
4443,4708,1,8,51,60,1.1666666666666667,0.05402796234942498,590,Thinks he's pre-hysterical doesn't he?
4409,4708,0,9,45,54,1.1666666666666667,0.0511912597361626,590,Repetition - the crutch of today's artists.
4251,4708,1,7,46,54,1.1666666666666667,0.057613861986001234,590,"remember, a full frontal will cost him double."
4236,4708,0,9,45,54,1.1666666666666667,0.0511912597361626,590,His Imaginary Animals
4208,4708,2,5,47,54,1.1666666666666667,0.06338902990667025,590,"You'll see, by this time next year, this design will be out of date."
4186,4708,1,7,46,54,1.1666666666666667,0.057613861986001234,590,Let's club the lizard to death just for being sensitive.
2442,4708,1,7,46,54,1.1666666666666667,0.057613861986001234,590,"Ok, we are agreed: we knock him over the head and tell everyone we did them"
4185,4708,2,5,47,54,1.1666666666666667,0.06338902990667025,590,Dinosaur BBQ’s specials look delicious today.  I had the wilder beast last week and it was a little tough.
4040,4708,2,5,47,54,1.1666666666666667,0.06338902990667025,590,Primitivism is not my thing; I'm really more of a Modernist.
4012,4708,2,5,47,54,1.1666666666666667,0.06338902990667025,590,"Personally, I prefer modern art."
3803,4708,1,7,46,54,1.1666666666666667,0.057613861986001234,590,Best interior designer in the village!
3646,4708,1,7,46,54,1.1666666666666667,0.057613861986001234,590,Let’s spare clubbing him if he recognizes us as the next generation.
3629,4708,1,7,46,54,1.1666666666666667,0.057613861986001234,590,"Let him finish, then we can have him for dinner"
3554,4708,1,7,46,54,1.1666666666666667,0.057613861986001234,590,He's not a starving artist anymore.
3522,4708,0,9,45,54,1.1666666666666667,0.0511912597361626,590,"It'd perfect -- he works on spec, we get the credit."
3484,4708,1,7,46,54,1.1666666666666667,0.057613861986001234,590,"And here, I would just add a touch of sunset red."
3481,4708,2,5,47,54,1.1666666666666667,0.06338902990667025,590,MY recipe for BBQ.
5990,4708,0,9,45,54,1.1666666666666667,0.0511912597361626,590,"His work may last through the ages, but I guarantee he won't."
3280,4708,1,7,46,54,1.1666666666666667,0.057613861986001234,590,Dino-mite!
3273,4708,1,7,46,54,1.1666666666666667,0.057613861986001234,590,The vandalism in this neighborhood is getting out of hand
2873,4708,1,7,46,54,1.1666666666666667,0.057613861986001234,590,I think we're the surf 'n' turf this evening
2802,4708,1,7,46,54,1.1666666666666667,0.057613861986001234,590,He could use an agent.
4140,4708,2,5,47,54,1.1666666666666667,0.06338902990667025,590,I'm not comfortable with drubbing that kind of talent.
5595,4708,0,9,45,54,1.1666666666666667,0.0511912597361626,590,"Are you still watching ""Fuller Cave"" or can I stop drawing?"
5755,4708,2,5,47,54,1.1666666666666667,0.06338902990667025,590,At least her drawing is better than her French.
804,4770,0,10,51,61,1.1639344262295082,0.04779468766266639,590,What a creative idea! Men's we should try that.
4047,4771,0,9,46,55,1.1636363636363636,0.05034317492677622,590,Darn! Now we'll have to paint again.
5353,4771,1,7,47,55,1.1636363636363636,0.05663776068232804,590,It's very derivative of Modern Cave Drawing.
5019,4771,1,7,47,55,1.1636363636363636,0.05663776068232804,590,That's art? Are you kidding me? My 5-year-old paints better!
4972,4771,0,9,46,55,1.1636363636363636,0.05034317492677622,590,He wants to be sure there is a record of all the species that he thinks are headed for extinction.
4960,4771,0,9,46,55,1.1636363636363636,0.05034317492677622,590,You will forever be known through history as the world's first art fraud!
4803,4771,1,7,47,55,1.1636363636363636,0.05663776068232804,590,He's already working on his legacy.
3658,4771,1,7,47,55,1.1636363636363636,0.05663776068232804,590,"If he used a little shading, he'd give his drawings some depth."
3517,4771,1,7,47,55,1.1636363636363636,0.05663776068232804,590,I question his credentials for teaching evolution.
3478,4771,0,9,46,55,1.1636363636363636,0.05034317492677622,590,"Damn, once Gloria taught him how to paint, he won't hunt with me."
3477,4771,1,7,47,55,1.1636363636363636,0.05663776068232804,590,We are early man. They still decorate for party.
3074,4771,0,9,46,55,1.1636363636363636,0.05034317492677622,590,It’s intended for the Creation Museum.
2516,4771,1,7,47,55,1.1636363636363636,0.05663776068232804,590,They call him the Rembrandt of the missing links.
5413,4771,0,9,46,55,1.1636363636363636,0.05034317492677622,590,I prefer his still lifes over his portraits.
2322,4771,1,7,47,55,1.1636363636363636,0.05663776068232804,590,We are going to have to speak to him about drawing on the wall in paint.
1454,4771,1,7,47,55,1.1636363636363636,0.05663776068232804,590,I told you the 7:30 show is never at good as the 10:30.
1355,4771,3,3,49,55,1.1636363636363636,0.06748805288278815,590,"He refuses to believe he's extinct and that its all over, so he's writing his version of 'What Happened'."
1327,4771,0,9,46,55,1.1636363636363636,0.05034317492677622,590,"""How dare the beast! He doesn't even have an opposable thumb!""mrs"
1102,4771,1,7,47,55,1.1636363636363636,0.05663776068232804,590,And they'll want supper.
1089,4771,2,5,48,55,1.1636363636363636,0.06229957149539102,590,It doesn't look a think like me
911,4771,0,9,46,55,1.1636363636363636,0.05034317492677622,590,Amazing! And he never went to Art School!
194,4771,1,7,47,55,1.1636363636363636,0.05663776068232804,590,I told him I'd let him ghost write the first edition.
80,4771,3,3,49,55,1.1636363636363636,0.06748805288278815,590,Humans and dinosaurs never coexisted in the first place!
11,4771,2,5,48,55,1.1636363636363636,0.06229957149539102,590,Don't throw shade on his drawings.
1939,4771,1,7,47,55,1.1636363636363636,0.05663776068232804,590,I guess he's been too busy to check Facebook -- he missed the invitation to the extinction event.
5641,4771,1,7,47,55,1.1636363636363636,0.05663776068232804,590,Let's kill him and take credit for his work.
4555,4796,0,8,41,49,1.163265306122449,0.05334825558285075,590,Wait to the super sees this!
2289,4796,0,8,41,49,1.163265306122449,0.05334825558285075,590,"Force me to do anything, if I don’t want to."
3805,4796,0,8,41,49,1.163265306122449,0.05334825558285075,590,Let's kill him.
4132,4799,1,7,48,56,1.1607142857142858,0.055693885709118325,590,Banksy?
3964,4799,0,9,47,56,1.1607142857142858,0.04952230059306297,590,This could change all of history as we know it!
4671,4799,2,5,49,56,1.1607142857142858,0.06124671056253539,590,"We should stay home tonight, look at that last special, Caveman with a side of Pterodactyl"
5677,4799,1,7,48,56,1.1607142857142858,0.055693885709118325,590,It's only an Egosauraus
3020,4799,1,7,48,56,1.1607142857142858,0.055693885709118325,590,I hear he's the best portrait artist around.
3434,4804,0,8,42,50,1.16,0.05237229365663817,590,"Phone for help with the upright dude, and I'll take care of the wall treatments."
3084,4804,0,8,42,50,1.16,0.05237229365663817,590,"'You've gotta let him try, it's the Triassic'"
3024,4804,0,8,42,50,1.16,0.05237229365663817,590,It's derivative of what?
5869,4804,0,8,42,50,1.16,0.05237229365663817,590,His menu board work at the swamp is delicious.
5439,4808,1,7,49,57,1.1578947368421053,0.054780684196477185,590,It's the only way we can stop him from publishing more Fake News!
2176,4808,0,9,48,57,1.1578947368421053,0.04872737367223956,590,I am not getting my deposit back!
2328,4808,1,7,49,57,1.1578947368421053,0.054780684196477185,590,I'm waiting 'til he gets through his yak period.
2359,4811,0,8,43,51,1.1568627450980393,0.051430890386682374,590,"Well, now we know what happened to Oop and Grog!"
2979,4811,0,8,43,51,1.1568627450980393,0.051430890386682374,590,I thought I'd get to do the drawings but I guess 'Creation Museum' doesn't mean what I thought it did.
2957,4811,0,8,43,51,1.1568627450980393,0.051430890386682374,590,How's he do that?
3903,4811,0,8,43,51,1.1568627450980393,0.051430890386682374,590,Have you seen the mastodon art? It’s been chosen for the biennale.
2928,4811,0,8,43,51,1.1568627450980393,0.051430890386682374,590,Understand that it’s water colors are exquisite too!
3881,4811,1,6,44,51,1.1568627450980393,0.05856150793360032,590,"Sure, it's an unflattering portrait of you, but there's something raw yet accessible about it...."
2926,4811,1,6,44,51,1.1568627450980393,0.05856150793360032,590,"Hey Ralph, who hired the graffiti artist?"
2812,4811,1,6,44,51,1.1568627450980393,0.05856150793360032,590,The interpretations will not be accurate...
2188,4811,1,6,44,51,1.1568627450980393,0.05856150793360032,590,His dinoarchal narrative seems dated.
3882,4811,1,6,44,51,1.1568627450980393,0.05856150793360032,590,"His resume says he has ""ages"" of experience."
2998,4811,0,8,43,51,1.1568627450980393,0.051430890386682374,590,I just knew that Dino was a right-brain thinker.
2704,4811,0,8,43,51,1.1568627450980393,0.051430890386682374,590,We'll probably get blamed for his childish two-dimensional stuff.
2637,4811,1,6,44,51,1.1568627450980393,0.05856150793360032,590,"We better watch out, we're on his grocery list."
2470,4811,2,4,45,51,1.1568627450980393,0.06491351120488961,590,"Hey, I know. Once he get's extinct, we'll tell everybody we did the drawings."
2452,4811,0,8,43,51,1.1568627450980393,0.051430890386682374,590,"We wanted Picasso, but he's on his honeymoon."
3990,4811,0,8,43,51,1.1568627450980393,0.051430890386682374,590,It's not vandalism. It's our Community Wall Project for street artists.
2409,4811,2,4,45,51,1.1568627450980393,0.06491351120488961,590,We're golden here.... those plein air types are a waste of our time.
2798,4811,2,4,45,51,1.1568627450980393,0.06491351120488961,590,He's good but he's no Matisse.
2740,4811,1,6,44,51,1.1568627450980393,0.05856150793360032,590,Don't ask me. I don't know.
3028,4811,1,6,44,51,1.1568627450980393,0.05856150793360032,590,"no, those are the different things he has killed....he's considered an Ace"
3146,4811,2,4,45,51,1.1568627450980393,0.06491351120488961,590,"I don't care if he is the last of his kind, I say we club him. I hate a show off."
3055,4811,1,6,44,51,1.1568627450980393,0.05856150793360032,590,"Personally, I favor wallpaper. But Girl insist on stenciling."
2120,4811,0,8,43,51,1.1568627450980393,0.051430890386682374,590,This has to be the dumbest final request yet...
3170,4811,0,8,43,51,1.1568627450980393,0.051430890386682374,590,Let's get him an easel and canvas. We'll make a fortune.
3210,4811,0,8,43,51,1.1568627450980393,0.051430890386682374,590,"I'm telling you, that's where he cut off his ear."
3291,4811,0,8,43,51,1.1568627450980393,0.051430890386682374,590,"That's what you get for ""dragon"" him to all those art classes !"
3396,4811,1,6,44,51,1.1568627450980393,0.05856150793360032,590,I hope nobody ever thinks I'm the one that did that.
3412,4811,2,4,45,51,1.1568627450980393,0.06491351120488961,590,"Sure, he nails you, but I look do look like that!"
3422,4811,0,8,43,51,1.1568627450980393,0.051430890386682374,590,Wait what? Humans aren't the only form of intelligent life?!
3433,4811,1,6,44,51,1.1568627450980393,0.05856150793360032,590,Way more durable than canvas.
3597,4811,0,8,43,51,1.1568627450980393,0.051430890386682374,590,I dino if I like this new wall art.
3655,4811,1,6,44,51,1.1568627450980393,0.05856150793360032,590,I hope it's not thinking about adding us to the wall.
3656,4811,0,8,43,51,1.1568627450980393,0.051430890386682374,590,His earlier work is much more primitive.
3669,4811,1,6,44,51,1.1568627450980393,0.05856150793360032,590,I wonder if years from now mankind will realize what happened
3740,4811,2,4,45,51,1.1568627450980393,0.06491351120488961,590,"I keep telling him that tweating is going to lead to something not good."""
3780,4811,1,6,44,51,1.1568627450980393,0.05856150793360032,590,You know this isn't going to look good in the history books.
3823,4811,3,2,46,51,1.1568627450980393,0.07069708383262725,590,He's obviously on the wrong side of history...
3866,4811,2,4,45,51,1.1568627450980393,0.06491351120488961,590,"He's the subject of the book, 'Portrait of the Artist as a Young Reptile.'"
3159,4811,0,8,43,51,1.1568627450980393,0.051430890386682374,590,"Tell me, can Neanderthals really appreciate such great art?"
2097,4811,0,8,43,51,1.1568627450980393,0.051430890386682374,590,Hmmm... this must be the LEONARDO DINO VINCI genus I suppose.
908,4811,0,8,43,51,1.1568627450980393,0.051430890386682374,590,"When we invent spray paint, move up to railroad cars."
2055,4811,1,6,44,51,1.1568627450980393,0.05856150793360032,590,"I don't know, Bob! He says that's the way they dress at art school."
94,4811,1,6,44,51,1.1568627450980393,0.05856150793360032,590,It's the same old tired story from the Year One.
107,4811,0,8,43,51,1.1568627450980393,0.051430890386682374,590,I think we took a wrong turn in that evolution thing.
122,4811,1,6,44,51,1.1568627450980393,0.05856150793360032,590,You have a big decision to make
174,4811,1,6,44,51,1.1568627450980393,0.05856150793360032,590,I’d say let him go. It will make us look good to archaeologists in a few thousand years.
261,4811,1,6,44,51,1.1568627450980393,0.05856150793360032,590,"If we ask nicely, do you think he'll draw us?"
272,4811,3,2,46,51,1.1568627450980393,0.07069708383262725,590,Just give him a chance.
281,4811,1,6,44,51,1.1568627450980393,0.05856150793360032,590,"I'm telling you, with a little practice, I think his work could be in museums."
320,4811,1,6,44,51,1.1568627450980393,0.05856150793360032,590,Me really look that fat?
85,4811,0,8,43,51,1.1568627450980393,0.051430890386682374,590,"We’ll leave him alone. It’s Flinestone’s pet, Dino."
348,4811,1,6,44,51,1.1568627450980393,0.05856150793360032,590,"Zorg in post-asteroid realism phase... called ""Futility of Evolution"""
397,4811,2,4,45,51,1.1568627450980393,0.06491351120488961,590,He's commissioned by the Rex family.
412,4811,0,8,43,51,1.1568627450980393,0.051430890386682374,590,How long will we have the Age of the Lizard?
451,4811,0,8,43,51,1.1568627450980393,0.051430890386682374,590,Teenagers!!
486,4811,2,4,45,51,1.1568627450980393,0.06491351120488961,590,Not surprising since he is a carvenivore.
622,4811,0,8,43,51,1.1568627450980393,0.051430890386682374,590,Perhaps we need to rethink this.
678,4811,2,4,45,51,1.1568627450980393,0.06491351120488961,590,He likes to create negative images of his enemies.
739,4811,1,6,44,51,1.1568627450980393,0.05856150793360032,590,We have an agreement.
809,4811,1,6,44,51,1.1568627450980393,0.05856150793360032,590,It's meta.
385,4811,0,8,43,51,1.1568627450980393,0.051430890386682374,590,"You're right. painting the house is an easy, inexpensive way to breathe fresh life into our home. Then we kill him."
2075,4811,0,8,43,51,1.1568627450980393,0.051430890386682374,590,I think we're about due for an extinction-level event.
945,4811,0,8,43,51,1.1568627450980393,0.051430890386682374,590,His art is the same as his future: It stinks.
4174,4811,2,4,45,51,1.1568627450980393,0.06491351120488961,590,"I tried to talk him down, but he said he doesn't do art just for exposure anymore."
2053,4811,2,4,45,51,1.1568627450980393,0.06491351120488961,590,"He's got no eye for perspective, but at least his arms reach the wall."
3999,4811,0,8,43,51,1.1568627450980393,0.051430890386682374,590,"Somehow, there is something misleading about their ad saying everything on their menu is locally grown."
4098,4811,1,6,44,51,1.1568627450980393,0.05856150793360032,590,When did he get opposable thumbs?
4110,4811,0,8,43,51,1.1568627450980393,0.051430890386682374,590,Too bad we burned all that papyrus.
1864,4811,0,8,43,51,1.1568627450980393,0.051430890386682374,590,I told you we shouldn't have gotten a Groupon.
4138,4811,2,4,45,51,1.1568627450980393,0.06491351120488961,590,He may still have a tail but his art is more evolved than ours.
4145,4811,1,6,44,51,1.1568627450980393,0.05856150793360032,590,"You tell him that his artwork, to date, is no damned good!"
1484,4811,1,6,44,51,1.1568627450980393,0.05856150793360032,590,This is the last straw--we've gotta round up another asteroid.
1020,4811,1,6,44,51,1.1568627450980393,0.05856150793360032,590,Looks like he's documenting his favorite foods.
1464,4811,1,6,44,51,1.1568627450980393,0.05856150793360032,590,He's way too pre-modern for me.
1443,4811,1,6,44,51,1.1568627450980393,0.05856150793360032,590,He doesn't heel worth a damn.
1338,4811,1,6,44,51,1.1568627450980393,0.05856150793360032,590,It is amazing what the Dino saw.
1193,4811,2,4,45,51,1.1568627450980393,0.06491351120488961,590,He has a varied diet covering all the food groups.
1131,4811,1,6,44,51,1.1568627450980393,0.05856150793360032,590,I can't bear to tell him they're retiring Dandelion.
943,4811,2,4,45,51,1.1568627450980393,0.06491351120488961,590,There goes the neighborhood...
4160,4811,1,6,44,51,1.1568627450980393,0.05856150793360032,590,It's just a free trial period. We can cancel anytime before the next moon.
1095,4811,1,6,44,51,1.1568627450980393,0.05856150793360032,590,Damn Frog Lizard.
1040,4811,1,6,44,51,1.1568627450980393,0.05856150793360032,590,It started with Bob Ross on PBS.
1453,4811,0,8,43,51,1.1568627450980393,0.051430890386682374,590,At least he's a martyr for his art.
1110,4811,0,8,43,51,1.1568627450980393,0.051430890386682374,590,Another intruder. We should build a meteor and make the dinosaurs pay for it.
4643,4811,0,8,43,51,1.1568627450980393,0.051430890386682374,590,His shtick is sooooo yesterday.
3986,4811,1,6,44,51,1.1568627450980393,0.05856150793360032,590,We can't kill him. He's only halfway done with the decoupage on my formal club.
5425,4811,1,6,44,51,1.1568627450980393,0.05856150793360032,590,"I waited two years for this, Whitney?"
5446,4811,0,8,43,51,1.1568627450980393,0.051430890386682374,590,Just wait until the asteroid hits.
5478,4811,2,4,45,51,1.1568627450980393,0.06491351120488961,590,When am I going to stop being held responsible for his wall drawings?
5546,4811,0,8,43,51,1.1568627450980393,0.051430890386682374,590,"You can't eat a stylized pterodactyl. Trust me, I've tried!"
5638,4811,0,8,43,51,1.1568627450980393,0.051430890386682374,590,The graffiti is getting out of control. He's got to go.
5707,4811,1,6,44,51,1.1568627450980393,0.05856150793360032,590,He’s my ghost writer
5773,4811,1,6,44,51,1.1568627450980393,0.05856150793360032,590,"In 30,000 years his descendants will be able to roll over."
5776,4811,1,6,44,51,1.1568627450980393,0.05856150793360032,590,Posting art on his wall is SO last millenium.
4176,4811,0,8,43,51,1.1568627450980393,0.051430890386682374,590,"That's it! I've had enough, it's time to make this cave great again!"
5872,4811,1,6,44,51,1.1568627450980393,0.05856150793360032,590,I think we ought to leverage his talent.
5873,4811,2,4,45,51,1.1568627450980393,0.06491351120488961,590,His work will be worth more after we eat him.
5885,4811,1,6,44,51,1.1568627450980393,0.05856150793360032,590,I think we are on his hit list.
5999,4811,2,4,45,51,1.1568627450980393,0.06491351120488961,590,It's primitive alright—not to mention the crap on the walls.
3939,4811,1,6,44,51,1.1568627450980393,0.05856150793360032,590,Don’t ever say yes to Time and Materials.
4468,4811,2,4,45,51,1.1568627450980393,0.06491351120488961,590,"Primitive-neuvou, I would venture."
4513,4811,0,8,43,51,1.1568627450980393,0.051430890386682374,590,He's one of those new designer dinosaurs; he would rather draw you than eat you.
4522,4811,1,6,44,51,1.1568627450980393,0.05856150793360032,590,oops wrong cave club weaving must be next door!
5330,4811,1,6,44,51,1.1568627450980393,0.05856150793360032,590,Talk about a smear campaign.
4452,4811,1,6,44,51,1.1568627450980393,0.05856150793360032,590,I thought decorators were extinct.
5832,4811,1,6,44,51,1.1568627450980393,0.05856150793360032,590,He claims he never makes mistakes; he just has happy accidents.
5309,4811,2,4,45,51,1.1568627450980393,0.06491351120488961,590,You did not tell me we were going to a Styg Imoloch exhibit.
4395,4811,1,6,44,51,1.1568627450980393,0.05856150793360032,590,"He calls himself a folk artist, but I think he's a croc of you know what!"
4633,4811,1,6,44,51,1.1568627450980393,0.05856150793360032,590,It's reverse engineering.
4323,4811,1,6,44,51,1.1568627450980393,0.05856150793360032,590,"""Don't worry. He's harmless. Just one of the Graffiti Gang from five caves down the mountain."
5316,4811,0,8,43,51,1.1568627450980393,0.051430890386682374,590,"Well, I don’t know Art, but I know what I like!"
4716,4811,1,6,44,51,1.1568627450980393,0.05856150793360032,590,Not bad for a daVincisaurus
4732,4811,1,6,44,51,1.1568627450980393,0.05856150793360032,590,I always have a dinosaur come in to decorate the cave while I'm out.
4734,4811,0,8,43,51,1.1568627450980393,0.051430890386682374,590,"You have to start doing better background checks, do you want to live with this thing!"
4779,4811,0,8,43,51,1.1568627450980393,0.051430890386682374,590,It's the best way to track his fitness progress!
4780,4811,0,8,43,51,1.1568627450980393,0.051430890386682374,590,Trick or Treat!
4719,4811,0,8,43,51,1.1568627450980393,0.051430890386682374,590,Must have come out of one of those rocks I brought in last year!
4950,4811,1,6,44,51,1.1568627450980393,0.05856150793360032,590,He does it by taste memory
4612,4811,1,6,44,51,1.1568627450980393,0.05856150793360032,590,"""Enterior Decorator?...uge, it be just a passing fad""."
4965,4811,2,4,45,51,1.1568627450980393,0.06491351120488961,590,"If he sells, do we get a commission?"
5203,4811,2,4,45,51,1.1568627450980393,0.06491351120488961,590,"Be careful, I’ve heard the charcoal is mightier than the club."
5158,4811,2,4,45,51,1.1568627450980393,0.06491351120488961,590,Are its pictures magic or art for art's sake?
5129,4811,1,6,44,51,1.1568627450980393,0.05856150793360032,590,Should we be wielding pencils instead of clubs?
5081,4811,0,8,43,51,1.1568627450980393,0.051430890386682374,590,"He's intimidating, but a rock solid Scratchy Realist."
4903,4811,1,6,44,51,1.1568627450980393,0.05856150793360032,590,"He claims to be a news reporter, but he's definitely not one of us."
4429,4811,2,4,45,51,1.1568627450980393,0.06491351120488961,590,Let's fuck it.
2054,4937,1,6,45,52,1.1538461538461537,0.05750346166126171,590,Looking at the diorama you can see how our more primitive ancestors used to act.
2073,4937,1,6,45,52,1.1538461538461537,0.05750346166126171,590,"He doesn't know that, after he's through, we're downsizing his entire species."
2182,4937,1,6,45,52,1.1538461538461537,0.05750346166126171,590,I told you it was a high-maintenance breed.
2199,4937,0,8,44,52,1.1538461538461537,0.05052227518686043,590,"He call me the Neanderthal, but he the one who forgets to sign his work."
2264,4937,1,6,45,52,1.1538461538461537,0.05750346166126171,590,They're from her prehistoric period.
2363,4937,1,6,45,52,1.1538461538461537,0.05750346166126171,590,She's T-riffic!
1974,4937,2,4,46,52,1.1538461538461537,0.06372437458303955,590,"OK, I'll concede. He does draw pretty well for a five year-old."
2128,4937,3,2,47,52,1.1538461538461537,0.06938979556801475,590,He calls himself Kinko.
1850,4937,1,6,45,52,1.1538461538461537,0.05750346166126171,590,The cave paintings will add some visual interest while we are waiting for the invention of wallpaper.
693,4937,1,6,45,52,1.1538461538461537,0.05750346166126171,590,Do you believe in science or Buddhism?
1648,4937,1,6,45,52,1.1538461538461537,0.05750346166126171,590,Good taste?? No TASTES GOOD!
1421,4937,1,6,45,52,1.1538461538461537,0.05750346166126171,590,I've always been attracted to artists....
1273,4937,1,6,45,52,1.1538461538461537,0.05750346166126171,590,"Just an appetizer? You’ve to order more than that, sir ! We’re being asked to make America big again...."
1026,4937,2,4,46,52,1.1538461538461537,0.06372437458303955,590,Such a cold blooded thing to do.
921,4937,0,8,44,52,1.1538461538461537,0.05052227518686043,590,"Don't worry, soon we'll be done with these terrorists."
799,4937,1,6,45,52,1.1538461538461537,0.05750346166126171,590,His last will and testament.
503,4937,0,8,44,52,1.1538461538461537,0.05052227518686043,590,It's my first attempt at outsourcing. I call it dinosourcing.
423,4937,2,4,46,52,1.1538461538461537,0.06372437458303955,590,"Ok, Gog, it's time to draw an asteroid for our arrogant intruder."
17,4937,1,6,45,52,1.1538461538461537,0.05750346166126171,590,I hope he goes extinct one day.
16,4937,0,8,44,52,1.1538461538461537,0.05052227518686043,590,His Ancestery test showed he was related to Bansky.
1683,4937,2,4,46,52,1.1538461538461537,0.06372437458303955,590,It's a bit out of date....
2443,4937,2,4,46,52,1.1538461538461537,0.06372437458303955,590,I got him to ghost paint my legacy.
2547,4937,0,8,44,52,1.1538461538461537,0.05052227518686043,590,"They'll just have to wait until I can squeeze NINA in, right here..."
2565,4937,1,6,45,52,1.1538461538461537,0.05750346166126171,590,"He's going to try to show us his ""friends"" again."
6008,4937,1,6,45,52,1.1538461538461537,0.05750346166126171,590,"Aliens, they're always taking our jobs."
5856,4937,0,8,44,52,1.1538461538461537,0.05052227518686043,590,Whose home is this to begin with?
5808,4937,1,6,45,52,1.1538461538461537,0.05750346166126171,590,Jurassic Park would have been less bitey if they let the dinosaurs paint.
5772,4937,1,6,45,52,1.1538461538461537,0.05750346166126171,590,He finally looks satisfied.
5661,4937,0,8,44,52,1.1538461538461537,0.05052227518686043,590,I told you the graffiti wasn't mine.
5551,4937,0,8,44,52,1.1538461538461537,0.05052227518686043,590,I had a pre-Raphaelite for dinner last night!
5542,4937,1,6,45,52,1.1538461538461537,0.05750346166126171,590,I guess we’ll have to compare IQ tests. And I can tell you who is going to win.
4634,4937,2,4,46,52,1.1538461538461537,0.06372437458303955,590,"Yes, but will his oeuvre stand the test of time?"
4010,4937,0,8,44,52,1.1538461538461537,0.05052227518686043,590,What really happened in Lascaux...
5445,4937,2,4,46,52,1.1538461538461537,0.06372437458303955,590,Let's just wait for a commercial.
3943,4937,1,6,45,52,1.1538461538461537,0.05750346166126171,590,"Yeah, sometimes the dino eats you."
2630,4937,2,4,46,52,1.1538461538461537,0.06372437458303955,590,"Before I tell you tonight’s specials, may I recommend that if you hear “Fee-fi-fo-fum”, beat it."
2924,4937,2,4,46,52,1.1538461538461537,0.06372437458303955,590,Why do I feel like somehow we'll be blamed for this?
4004,4937,2,4,46,52,1.1538461538461537,0.06372437458303955,590,The best 3D rendering I ever saw.
3061,4937,0,8,44,52,1.1538461538461537,0.05052227518686043,590,These grafitisaurs are becoming real pests!
3054,4937,0,8,44,52,1.1538461538461537,0.05052227518686043,590,Like that will make him caveman.
3249,4937,0,8,44,52,1.1538461538461537,0.05052227518686043,590,"Hey, we haven't invented graffiti yet!"
3400,4937,1,6,45,52,1.1538461538461537,0.05750346166126171,590,That biped is going to ruin this community.
3174,4937,1,6,45,52,1.1538461538461537,0.05750346166126171,590,That's our ghostwriter!
2524,4937,2,4,46,52,1.1538461538461537,0.06372437458303955,590,That artosaurus is pretty good.
5301,4981,1,7,51,59,1.152542372881356,0.05304056717493127,590,Air BNB to a dinosaur? Really?
4536,4982,0,8,45,53,1.150943396226415,0.049644793545680896,590,She invent fire. Now this. If not for Ice Age they put our bones together in big buildings.
5723,4982,1,6,46,53,1.150943396226415,0.056482695855704056,590,We just hired our new menu consultant.
3376,4982,0,8,45,53,1.150943396226415,0.049644793545680896,590,Ever since we asked him in to come to our cave we are looking more and more stupid. How will they think about us in a few million years from now?
4162,4982,2,4,47,53,1.150943396226415,0.06257782623312075,590,I only got him in to do the cave over in apple blossom pink
3937,4982,0,8,45,53,1.150943396226415,0.049644793545680896,590,I knew you would call his new work anachronistic.
3759,4982,2,4,47,53,1.150943396226415,0.06257782623312075,590,I told you he went to art school
3275,4982,1,6,46,53,1.150943396226415,0.056482695855704056,590,Looks like he's working on some scale drawings.
2909,4982,0,8,45,53,1.150943396226415,0.049644793545680896,590,His mother told him he's one of us
2891,4982,1,6,46,53,1.150943396226415,0.056482695855704056,590,I always thought he was a lefty.
2129,4982,1,6,46,53,1.150943396226415,0.056482695855704056,590,They say that his name is Picassosaurus.
1942,4982,0,8,45,53,1.150943396226415,0.049644793545680896,590,"Abstract Expressionism maybe, but can she cook?"
729,4982,2,4,47,53,1.150943396226415,0.06257782623312075,590,"I think we're ""evolving"" backwards."
5696,4994,1,6,47,54,1.1481481481481481,0.05549729066741694,590,He’s like Seurat. He’s got a point.
3154,4994,2,4,48,54,1.1481481481481481,0.06147162996855134,590,Dint even ask us to pose.
2767,4994,1,6,47,54,1.1481481481481481,0.05549729066741694,590,Me need asteroid strike so me get credit...
1517,4994,0,8,46,54,1.1481481481481481,0.04879689797371372,590,I hear he's the next Michelang-dino
1156,4994,0,8,46,54,1.1481481481481481,0.04879689797371372,590,"Bro, I hear he dropped a ton by sticking to the Jurassic diet and keeping a food diary."
5133,4994,1,6,47,54,1.1481481481481481,0.05549729066741694,590,He has no appreciation of dressage tableaux.
1282,5000,0,7,41,48,1.1458333333333333,0.05148145136372289,590,I think he misunderstood what Istvan Francer meant about brining one's own experience into room design.
516,5000,0,7,41,48,1.1458333333333333,0.05148145136372289,590,Me jealous. Me kill dinosaur.
534,5000,1,5,42,48,1.1458333333333333,0.059471544937141164,590,I wish I could escape.
602,5000,1,5,42,48,1.1458333333333333,0.059471544937141164,590,This graffitisaurus is not into plant-based diet... we're cooked.
613,5000,0,7,41,48,1.1458333333333333,0.05148145136372289,590,"""Why didn't anyone tell me my 'stache was so big."" (30th Anniversary of Spaceballs)"
630,5000,0,7,41,48,1.1458333333333333,0.05148145136372289,590,Does your pet lizard think he is Picasso or something?
705,5000,0,7,41,48,1.1458333333333333,0.05148145136372289,590,"He began working in an abstract style, but found more satisfaction with figurative."
755,5000,0,7,41,48,1.1458333333333333,0.05148145136372289,590,That's no ectotherm!
1357,5000,0,7,41,48,1.1458333333333333,0.05148145136372289,590,On his drawings we always loose.
1041,5000,1,5,42,48,1.1458333333333333,0.059471544937141164,590,I'm not impressed. The composition lacks focus and balance.
1088,5000,1,5,42,48,1.1458333333333333,0.059471544937141164,590,It doesn't look a think like me
1169,5000,1,5,42,48,1.1458333333333333,0.059471544937141164,590,Wait until you see his ‘happy trees.’
1178,5000,0,7,41,48,1.1458333333333333,0.05148145136372289,590,"Petroglyphs again?"" ""Well, YOU search for a creative director in 5,000 BCE."
1373,5000,1,5,42,48,1.1458333333333333,0.059471544937141164,590,The meaning? We've got three moons to get away.
1289,5000,1,5,42,48,1.1458333333333333,0.059471544937141164,590,"I mean, we need to stop CONDONING predatory behavior from artists, but sometimes I worry this is just how it's going to be until someone invents Medium"
1394,5000,0,7,41,48,1.1458333333333333,0.05148145136372289,590,They are learning to draw animals in art class.
1314,5000,1,5,42,48,1.1458333333333333,0.059471544937141164,590,"I love the texture of his lines, but he's stealing my audience, and my girl."
1069,5000,0,7,41,48,1.1458333333333333,0.05148145136372289,590,Wait until you see her advanced time traveling art.
1519,5000,1,5,42,48,1.1458333333333333,0.059471544937141164,590,"Think human think, what I'm I doing ?"
3792,5000,2,3,43,48,1.1458333333333333,0.06650856696625959,590,He is a fraud!
1585,5000,0,7,41,48,1.1458333333333333,0.05148145136372289,590,"I know he's bossy, but the tourists love his work."
4581,5000,0,7,41,48,1.1458333333333333,0.05148145136372289,590,I can’t believe what they charge for that primitive look. I’ll re-chisel it in a few years
4565,5000,0,7,41,48,1.1458333333333333,0.05148145136372289,590,"Paxosaur, the consumate and elusive cave painter, just before the end of it's career."
4539,5000,1,5,42,48,1.1458333333333333,0.059471544937141164,590,Who the hell taught her to draw?
4514,5000,0,7,41,48,1.1458333333333333,0.05148145136372289,590,"Wow, this guy's really going places."
4497,5000,0,7,41,48,1.1458333333333333,0.05148145136372289,590,I'm just worried that we'll end up taking the blame.
4494,5000,1,5,42,48,1.1458333333333333,0.059471544937141164,590,I think we're just about ready to build the ark.
4457,5000,1,5,42,48,1.1458333333333333,0.059471544937141164,590,"Don’t worry, he said to come early for the dinner special"
4454,5000,0,7,41,48,1.1458333333333333,0.05148145136372289,590,Picassoraptor Rex.
4442,5000,0,7,41,48,1.1458333333333333,0.05148145136372289,590,1) I couldn't refuse... we eat him if we don't like what he's doing with the place. 2) Wait till you see the kids room. 3) I'm not a complete Neanderthal. Of course I'll let it finish before we enjoy our dinner.
4417,5000,0,7,41,48,1.1458333333333333,0.05148145136372289,590,How can we be top of the food chain and main course?
4400,5000,0,7,41,48,1.1458333333333333,0.05148145136372289,590,"It's a good restaurant, but I don't fancy this month's dessert."
4352,5000,0,7,41,48,1.1458333333333333,0.05148145136372289,590,"If I were you, I'd be real careful. He draws everything he's eaten."
4329,5000,1,5,42,48,1.1458333333333333,0.059471544937141164,590,Should we eat him or bring him on a world tour? We could make a fortune.
4326,5000,1,5,42,48,1.1458333333333333,0.059471544937141164,590,Me like being doorman.
4293,5000,0,7,41,48,1.1458333333333333,0.05148145136372289,590,He has to go!
4235,5000,0,7,41,48,1.1458333333333333,0.05148145136372289,590,These dragons are such show-offs!
4224,5000,1,5,42,48,1.1458333333333333,0.059471544937141164,590,"Don't know how he does it, but let's get him out there so we can have the credit."
4179,5000,1,5,42,48,1.1458333333333333,0.059471544937141164,590,It's therapeutic. I can relate.
4058,5000,1,5,42,48,1.1458333333333333,0.059471544937141164,590,It seems to be early Pleistocene Epoch but evocative of the Tertiary Period but I think it stinks.
4022,5000,1,5,42,48,1.1458333333333333,0.059471544937141164,590,He’s a grad of the Primative School of Cave Art! He’s on sabbatical here.
4015,5000,0,7,41,48,1.1458333333333333,0.05148145136372289,590,"""It's the menu for dinner so I will be gone for a few weeks."
3976,5000,1,5,42,48,1.1458333333333333,0.059471544937141164,590,Thinks he's Picasso reincarnate...
3910,5000,1,5,42,48,1.1458333333333333,0.059471544937141164,590,Is this Darwinian for real?
3876,5000,1,5,42,48,1.1458333333333333,0.059471544937141164,590,Dino is entering next weeks hunting date on the calendar app
3865,5000,1,5,42,48,1.1458333333333333,0.059471544937141164,590,Let's play the game of Evolution with him !
3849,5000,1,5,42,48,1.1458333333333333,0.059471544937141164,590,It's a bit deja vu.
3839,5000,1,5,42,48,1.1458333333333333,0.059471544937141164,590,I'm thinking maybe we should hire him to redecorate our place...
3810,5000,1,5,42,48,1.1458333333333333,0.059471544937141164,590,"I've lost my appetite, he is all yours"
3795,5000,0,7,41,48,1.1458333333333333,0.05148145136372289,590,"Best part is, he works for ooganuts."
4600,5000,0,7,41,48,1.1458333333333333,0.05148145136372289,590,Eat it? No. Me his new model.
4657,5000,1,5,42,48,1.1458333333333333,0.059471544937141164,590,Who invented crayons?
4720,5000,0,7,41,48,1.1458333333333333,0.05148145136372289,590,I thought a Picassosaur was extinct.
4738,5000,0,7,41,48,1.1458333333333333,0.05148145136372289,590,You should see his Stone Henge
6002,5000,1,5,42,48,1.1458333333333333,0.059471544937141164,590,"You were only supposed to teach it to sit, speak, fetch and rollover."
5859,5000,1,5,42,48,1.1458333333333333,0.059471544937141164,590,"If this doesn't work, we're ordering take out."
5837,5000,0,7,41,48,1.1458333333333333,0.05148145136372289,590,I think he's with Answers in Genesis.
5714,5000,0,7,41,48,1.1458333333333333,0.05148145136372289,590,I'm home schooling him.
5649,5000,2,3,43,48,1.1458333333333333,0.06650856696625959,590,That's Dino van Gogh'.
5589,5000,1,5,42,48,1.1458333333333333,0.059471544937141164,590,Everyone is going to think we painted them.
5448,5000,0,7,41,48,1.1458333333333333,0.05148145136372289,590,"You've really brought up his skill level and he finally stopped chasing us. Son, your time at art school is finally paying off."
5357,5000,1,5,42,48,1.1458333333333333,0.059471544937141164,590,Let him do all the work and we will take all the credit.
5318,5000,0,7,41,48,1.1458333333333333,0.05148145136372289,590,Rex is calling it the Sistine Chapel of Evolution
5312,5000,0,7,41,48,1.1458333333333333,0.05148145136372289,590,His pen name is Wiley Dragon.
5306,5000,0,7,41,48,1.1458333333333333,0.05148145136372289,590,I think he is trying to tell us something.
5283,5000,0,7,41,48,1.1458333333333333,0.05148145136372289,590,"These dinosaur reporters with the cave news network, it's all fake."
5267,5000,0,7,41,48,1.1458333333333333,0.05148145136372289,590,It'd be a shame to destroy an artist like that.
5226,5000,0,7,41,48,1.1458333333333333,0.05148145136372289,590,Did you hire a new decorator whilst I was away?
3694,5000,1,5,42,48,1.1458333333333333,0.059471544937141164,590,Pre-modernist snob
5211,5000,0,7,41,48,1.1458333333333333,0.05148145136372289,590,Time for a new world order.
5096,5000,1,5,42,48,1.1458333333333333,0.059471544937141164,590,"I'd say, he's cheapening the neighborhood."
5087,5000,0,7,41,48,1.1458333333333333,0.05148145136372289,590,evolution smevolution
5080,5000,1,5,42,48,1.1458333333333333,0.059471544937141164,590,It's Drawosaurus again doing his thing!
5023,5000,0,7,41,48,1.1458333333333333,0.05148145136372289,590,"Just wait, we, the dragon painters are next."
5009,5000,1,5,42,48,1.1458333333333333,0.059471544937141164,590,"Looks great, but what's he doing for us?"
5006,5000,0,7,41,48,1.1458333333333333,0.05148145136372289,590,Never got beyond Impressionism - now wonder they became extinct!
4998,5000,1,5,42,48,1.1458333333333333,0.059471544937141164,590,I miss when it was cash and carry.
4983,5000,1,5,42,48,1.1458333333333333,0.059471544937141164,590,I told you he's a rank amateur. Look. The guy on the bottom doesn't look at all like me.
4982,5000,0,7,41,48,1.1458333333333333,0.05148145136372289,590,"So, when you said my in-laws' views are 'going the way of the dinosaurs'..."
4952,5000,0,7,41,48,1.1458333333333333,0.05148145136372289,590,I told you to put your sticks away
4921,5000,0,7,41,48,1.1458333333333333,0.05148145136372289,590,"Well, my raptor is a better artist than your raptor!"
4864,5000,2,3,43,48,1.1458333333333333,0.06650856696625959,590,"Oh no, looks like where on his things eat list."
4852,5000,0,7,41,48,1.1458333333333333,0.05148145136372289,590,Holy Las Cow! They do exist.
4818,5000,0,7,41,48,1.1458333333333333,0.05148145136372289,590,"Note the fresh, primordial power of the brushstrokes. A true artist!"
5189,5000,0,7,41,48,1.1458333333333333,0.05148145136372289,590,You should see what he does when I say 'heel'
1578,5000,1,5,42,48,1.1458333333333333,0.059471544937141164,590,"THE EVOLUTION OF MAN Okay, you bash his head in and I'll leave my handprint."
3654,5000,0,7,41,48,1.1458333333333333,0.05148145136372289,590,He's just documenting this week's meals
3647,5000,0,7,41,48,1.1458333333333333,0.05148145136372289,590,He killed Alfred but when it gets a bit colder we will show him who's boss.
2575,5000,0,7,41,48,1.1458333333333333,0.05148145136372289,590,A new Talent to sponsor for the art market
2488,5000,0,7,41,48,1.1458333333333333,0.05148145136372289,590,You're the great hunter. You tell him.
2487,5000,1,5,42,48,1.1458333333333333,0.059471544937141164,590,Banksy he's not.
2400,5000,0,7,41,48,1.1458333333333333,0.05148145136372289,590,"Nice composition and sophisticated technique, but his style is completely derivative."
2380,5000,0,7,41,48,1.1458333333333333,0.05148145136372289,590,Darn lizard graffiti artists! How are we gonna explain this to future generations?
2326,5000,0,7,41,48,1.1458333333333333,0.05148145136372289,590,Two words: mass extinction.
2295,5000,2,3,43,48,1.1458333333333333,0.06650856696625959,590,What's the big deal? My kid could paint that.
2219,5000,1,5,42,48,1.1458333333333333,0.059471544937141164,590,"They’ll be worth a lot. more when he’s dead, you know."
2111,5000,0,7,41,48,1.1458333333333333,0.05148145136372289,590,“Are you trying to tell me we evolved from this disgusting graffiti maker?
2109,5000,0,7,41,48,1.1458333333333333,0.05148145136372289,590,I've been telling you all along Grafittisaur is not extinct.
2085,5000,0,7,41,48,1.1458333333333333,0.05148145136372289,590,The theory of evolution was so wrong...
1966,5000,1,5,42,48,1.1458333333333333,0.059471544937141164,590,"You idiot, that's just how Jeff sexually identifies now"
1957,5000,1,5,42,48,1.1458333333333333,0.059471544937141164,590,All attempts to discourage him fizzled out.
1945,5000,0,7,41,48,1.1458333333333333,0.05148145136372289,590,"If 'Zilla' corrects my artwork one more time, I am going to FREAK out!"
1880,5000,1,5,42,48,1.1458333333333333,0.059471544937141164,590,That asteroid DID get rid of them. It's Smitty's Halloween costume.
1865,5000,2,3,43,48,1.1458333333333333,0.06650856696625959,590,Let him finish - then we can use them to start a Cartoon Caption Contest
1829,5000,1,5,42,48,1.1458333333333333,0.059471544937141164,590,His earlier work is much more moving in my opinion
505,5000,0,7,41,48,1.1458333333333333,0.05148145136372289,590,1st dude: Does that look like a food log to you? 2nd dude: Yeah....How about we do the gatherer thing today?
1808,5000,1,5,42,48,1.1458333333333333,0.059471544937141164,590,He’s erasing the mammals; now we have to eat him.
1803,5000,0,7,41,48,1.1458333333333333,0.05148145136372289,590,My wife thinks he exudes panache.
1770,5000,2,3,43,48,1.1458333333333333,0.06650856696625959,590,My mate ordered Mid Mesozoic Modern.
1768,5000,1,5,42,48,1.1458333333333333,0.059471544937141164,590,"Yup, she's doing every Lascaux-Working Space for equity."
1654,5000,1,5,42,48,1.1458333333333333,0.059471544937141164,590,I really hate all these foo foo gallery premiers.
1647,5000,0,7,41,48,1.1458333333333333,0.05148145136372289,590,Humans intelligence came much later than thought
1617,5000,0,7,41,48,1.1458333333333333,0.05148145136372289,590,"Maybe with a different name, but Picassaurus is bound to be born again."
1616,5000,1,5,42,48,1.1458333333333333,0.059471544937141164,590,Does he have an agent?
1604,5000,1,5,42,48,1.1458333333333333,0.059471544937141164,590,Let him finish and then we'll club him.
1599,5000,1,5,42,48,1.1458333333333333,0.059471544937141164,590,I say we club him.
1597,5000,0,7,41,48,1.1458333333333333,0.05148145136372289,590,Did I mention that my therapist has a PhD in Anthropology?
2626,5000,0,7,41,48,1.1458333333333333,0.05148145136372289,590,Do you think we're supposed to tip him when he's done?
2647,5000,0,7,41,48,1.1458333333333333,0.05148145136372289,590,It balances out – the portions are appallingly small.
2695,5000,1,5,42,48,1.1458333333333333,0.059471544937141164,590,"I find his rudimentary use of shading and light to be pedantic, his work is utterly vulgar."
2723,5000,2,3,43,48,1.1458333333333333,0.06650856696625959,590,It's fake news! We're vegans!
3618,5000,1,5,42,48,1.1458333333333333,0.059471544937141164,590,"Leave him alone, he's a much better artist than you!"
3604,5000,1,5,42,48,1.1458333333333333,0.059471544937141164,590,Let's kill him and take over the studio.
3560,5000,0,7,41,48,1.1458333333333333,0.05148145136372289,590,The Dino Days
3547,5000,2,3,43,48,1.1458333333333333,0.06650856696625959,590,He does put a lot of backbone into his work.
3532,5000,2,3,43,48,1.1458333333333333,0.06650856696625959,590,All this modern stuff ! I'm sure he 'll be extinct in a few centuries !
3523,5000,1,5,42,48,1.1458333333333333,0.059471544937141164,590,Dino da Vinci should have been done days ago!
3502,5000,1,5,42,48,1.1458333333333333,0.059471544937141164,590,what is going one heereee!?!?!?!
3480,5000,0,7,41,48,1.1458333333333333,0.05148145136372289,590,"Whadya think? He’s laughing at us, right?"
3423,5000,0,7,41,48,1.1458333333333333,0.05148145136372289,590,The saga continues!
3349,5000,0,7,41,48,1.1458333333333333,0.05148145136372289,590,"Oh, no, he doesn't sell anything yet. He's getting exposure."
3234,5000,1,5,42,48,1.1458333333333333,0.059471544937141164,590,He got my hair wrong! He is like the guy in Fight Club but artistic problems! Don't worry we won't have hair when he's done with us.
3233,5000,0,7,41,48,1.1458333333333333,0.05148145136372289,590,"This dragon restaurant has great BBQ, but I don't like the look of the daily specials"
3217,5000,1,5,42,48,1.1458333333333333,0.059471544937141164,590,"Yep, you’re right—she is right-handed!"
3161,5000,0,7,41,48,1.1458333333333333,0.05148145136372289,590,Pretty sad — he can’t draw his own kind.
3653,5000,1,5,42,48,1.1458333333333333,0.059471544937141164,590,Someone should really tell Stencilsaurus it's rude to draw on other people's walls.
3124,5000,0,7,41,48,1.1458333333333333,0.05148145136372289,590,I can't tell if it's supposed to be Art or Mathematics or Literature.
3116,5000,1,5,42,48,1.1458333333333333,0.059471544937141164,590,"You remember Michelangelo, don't you?"
3109,5000,1,5,42,48,1.1458333333333333,0.059471544937141164,590,“Let’s put some pretty little horses...” “Look out Fred. It’s a Bobrossasaus
3063,5000,1,5,42,48,1.1458333333333333,0.059471544937141164,590,I prefer his Cretaceous period.
3049,5000,1,5,42,48,1.1458333333333333,0.059471544937141164,590,He's into food porn.
3009,5000,2,3,43,48,1.1458333333333333,0.06650856696625959,590,Derivative of whom?
2969,5000,0,7,41,48,1.1458333333333333,0.05148145136372289,590,"These days, everyone thinks they can create satisfying art."
2941,5000,0,7,41,48,1.1458333333333333,0.05148145136372289,590,I know he's a dinosaur ... but look at that designed play. Brilliant!
2921,5000,0,7,41,48,1.1458333333333333,0.05148145136372289,590,Maybe we should just wait this one out and see what happens.
2880,5000,1,5,42,48,1.1458333333333333,0.059471544937141164,590,When did he start standing?
2870,5000,0,7,41,48,1.1458333333333333,0.05148145136372289,590,I don't think it is modern art.
2862,5000,1,5,42,48,1.1458333333333333,0.059471544937141164,590,The galling thing is that this smart ass dinosaur does better art than we do.
2836,5000,1,5,42,48,1.1458333333333333,0.059471544937141164,590,I knew it! And in the future we'll be blamed for them.
2734,5000,0,7,41,48,1.1458333333333333,0.05148145136372289,590,"I much prefer the wild, free-range type to the cultivated ones."
2732,5000,1,5,42,48,1.1458333333333333,0.059471544937141164,590,"Jeez Bruce, you said you were painting that."
3123,5000,1,5,42,48,1.1458333333333333,0.059471544937141164,590,don't worry. He'll be extinct before they are famous.
448,5000,0,7,41,48,1.1458333333333333,0.05148145136372289,590,The dinosaur behind the curtain.
907,5000,2,3,43,48,1.1458333333333333,0.06650856696625959,590,Picasso? Don't be so anachronistic.
363,5000,1,5,42,48,1.1458333333333333,0.059471544937141164,590,"""If I'd known, I would have shaved my beard""."
392,5000,0,7,41,48,1.1458333333333333,0.05148145136372289,590,He says he just doesn't fit in anywhere.
64,5000,1,5,42,48,1.1458333333333333,0.059471544937141164,590,Only 2 guesses left; let's try 'migration' and 'prehensile'.
70,5000,0,7,41,48,1.1458333333333333,0.05148145136372289,590,The kids are all doing this -- it's called cave book.
129,5000,0,7,41,48,1.1458333333333333,0.05148145136372289,590,"If you see the words 'in memoriam' or 'menu', you don't want to be on that wall."
176,5000,2,3,43,48,1.1458333333333333,0.06650856696625959,590,That not weird thing. Weird thing she talk in sleep.
177,5000,0,7,41,48,1.1458333333333333,0.05148145136372289,590,Now do an artist-out-of-residence program.
67,5000,1,5,42,48,1.1458333333333333,0.059471544937141164,590,Your trained monk-- i mean tyrannosaur is doing really well.
230,5000,0,7,41,48,1.1458333333333333,0.05148145136372289,590,"Well, looks like we’re the next in the meals list..."
280,5000,0,7,41,48,1.1458333333333333,0.05148145136372289,590,She's on a retainer from the Metropolitan Museum lf Art.
292,5000,1,5,42,48,1.1458333333333333,0.059471544937141164,590,This can't be happening.
296,5000,0,7,41,48,1.1458333333333333,0.05148145136372289,590,Appropriation.
328,5000,0,7,41,48,1.1458333333333333,0.05148145136372289,590,Gauguinosaurus.
204,5000,0,7,41,48,1.1458333333333333,0.05148145136372289,590,Let's kill him and suck his dick.
4535,5168,1,5,43,49,1.1428571428571428,0.05832118435198043,590,The first step in eating a people is to erase their memory.
4339,5168,1,5,43,49,1.1428571428571428,0.05832118435198043,590,I've got your back.
4245,5168,1,5,43,49,1.1428571428571428,0.05832118435198043,590,"He's uncanny artist; as a hunter, not so much."
4232,5168,2,3,44,49,1.1428571428571428,0.06520506636966264,590,"Ready, On three!"
4137,5168,0,7,42,49,1.1428571428571428,0.050507627227610534,590,The real way dinosaurs became extinct...
4091,5168,1,5,43,49,1.1428571428571428,0.05832118435198043,590,Remember that history depends on who the writer is
3996,5168,2,3,44,49,1.1428571428571428,0.06520506636966264,590,Dolce far niente my butt! Dino Seurat? A neo-impressionist? Try neo-hieroglyphics!
3591,5168,0,7,42,49,1.1428571428571428,0.050507627227610534,590,A New Artist in Town
3567,5168,0,7,42,49,1.1428571428571428,0.050507627227610534,590,Barney in the ancient times
3455,5168,0,7,42,49,1.1428571428571428,0.050507627227610534,590,I just want to play fetch.
3193,5168,1,5,43,49,1.1428571428571428,0.05832118435198043,590,All I have to do now is put my signature next to it and call it a day.
4651,5168,1,5,43,49,1.1428571428571428,0.05832118435198043,590,"My point is, he knew this was the Plagiarocene Era when he started painting."
3445,5168,0,7,42,49,1.1428571428571428,0.050507627227610534,590,"ORALE! He is teaching them how to climb the wall, mi cuate!"
3351,5168,1,5,43,49,1.1428571428571428,0.05832118435198043,590,"What do you think? Are they better than my cave drawings?"" ""No way, man."
3289,5168,1,5,43,49,1.1428571428571428,0.05832118435198043,590,I told you innovation school wasn't the same as obedience school!
3602,5168,0,7,42,49,1.1428571428571428,0.050507627227610534,590,I didn't realize that baby Godzilla could draw.
4664,5168,0,7,42,49,1.1428571428571428,0.050507627227610534,590,I'm not really into modern art.
4928,5168,1,5,43,49,1.1428571428571428,0.05832118435198043,590,The Dinoseer has foretold that our Mesozoic period will end soon.
4763,5168,1,5,43,49,1.1428571428571428,0.05832118435198043,590,"O yeah, we've got our graffiti guy here, good meal...I mean deal."
5849,5168,0,7,42,49,1.1428571428571428,0.050507627227610534,590,She's no Veloso Picasso.
5596,5168,0,7,42,49,1.1428571428571428,0.050507627227610534,590,When I am gone for more than a couple of hours he acts out.
5582,5168,0,7,42,49,1.1428571428571428,0.050507627227610534,590,It's 9017BC! Don't these dinosaurs know that cultural appropriation isn't OK
5467,5168,1,5,43,49,1.1428571428571428,0.05832118435198043,590,"She is good. I have scheduled daily lessons for next week."""
5462,5168,1,5,43,49,1.1428571428571428,0.05832118435198043,590,art school training just isn't what it used to be
5424,5168,1,5,43,49,1.1428571428571428,0.05832118435198043,590,No! Me want to scratch caption.
5210,5168,1,5,43,49,1.1428571428571428,0.05832118435198043,590,"It’s reptilian art, but we’ve gotten to like it."
5145,5168,1,5,43,49,1.1428571428571428,0.05832118435198043,590,"He is writing his memoirs, let’s get the copyrights."
5137,5168,0,7,42,49,1.1428571428571428,0.050507627227610534,590,Neo-Jurassic murals are so passé!
5102,5168,0,7,42,49,1.1428571428571428,0.050507627227610534,590,"Now that your theory of climate change is debunked, where do you suggest we go from here?"
5000,5168,0,7,42,49,1.1428571428571428,0.050507627227610534,590,Shall we fry him or barbecue him?
3099,5168,1,5,43,49,1.1428571428571428,0.05832118435198043,590,Somebody shoulda told ol' Scribble-saurus here that history will be written by the victors...
4881,5168,1,5,43,49,1.1428571428571428,0.05832118435198043,590,...L'art pour l'art.
4868,5168,0,7,42,49,1.1428571428571428,0.050507627227610534,590,Why don't you tell him he has no artistic talent?
4813,5168,2,3,44,49,1.1428571428571428,0.06520506636966264,590,Look! He’s got no ears!! He’s with that Van Gogh family.
4687,5168,1,5,43,49,1.1428571428571428,0.05832118435198043,590,We only got him for companionship. The rest is history.
3092,5168,1,5,43,49,1.1428571428571428,0.05832118435198043,590,Amazing! I thought hieroglyphics were extinct.
239,5168,0,7,42,49,1.1428571428571428,0.050507627227610534,590,I can’t get a pictograph in edgewise.
2951,5168,0,7,42,49,1.1428571428571428,0.050507627227610534,590,See what happens when you send pets to art class
1442,5168,0,7,42,49,1.1428571428571428,0.050507627227610534,590,I told you dinosaurs have evolved.
1475,5168,0,7,42,49,1.1428571428571428,0.050507627227610534,590,"I brought my reading glasses, but forgot my reading binoculars!"
1644,5168,1,5,43,49,1.1428571428571428,0.05832118435198043,590,"His type won't last -- pure frivolity: no fire, earth, air or water."
1734,5168,1,5,43,49,1.1428571428571428,0.05832118435198043,590,Let's call it the American Museum of Natural History
2617,5168,1,5,43,49,1.1428571428571428,0.05832118435198043,590,I told you we shouldn't wait till the day before to get our Halloween costumes.
1839,5168,1,5,43,49,1.1428571428571428,0.05832118435198043,590,Outsaurus.
1956,5168,0,7,42,49,1.1428571428571428,0.050507627227610534,590,"It's not plagiarism if when they see it we've already been dead for thousands of years, right?"
2002,5168,1,5,43,49,1.1428571428571428,0.05832118435198043,590,We must evolve more quickly or we are in big trouble.
2177,5168,1,5,43,49,1.1428571428571428,0.05832118435198043,590,Respect the Processaur.
2286,5168,1,5,43,49,1.1428571428571428,0.05832118435198043,590,He's the new reptilian ghost writer for my autobiography.
2382,5168,0,7,42,49,1.1428571428571428,0.050507627227610534,590,"Since she's technically extinct, I can take credit and she can't do a thing about it."
2389,5168,1,5,43,49,1.1428571428571428,0.05832118435198043,590,Only nine more before the paywall.
2422,5168,3,1,45,49,1.1428571428571428,0.07142857142857142,590,Future generations will attribute those scrawlings to us...
2456,5168,1,5,43,49,1.1428571428571428,0.05832118435198043,590,"Quick, Oog! Get him before he provides documentation he existed when we did!"
2542,5168,0,7,42,49,1.1428571428571428,0.050507627227610534,590,Two dimensional art is so Mesozoic. This guy’s art will be extinct by spring.
1438,5168,0,7,42,49,1.1428571428571428,0.050507627227610534,590,"Hire him, he's good, but make sure you get him before this cold weather gets any worse."
3003,5168,0,7,42,49,1.1428571428571428,0.050507627227610534,590,Be careful not to let him draw on us first.
2691,5168,1,5,43,49,1.1428571428571428,0.05832118435198043,590,"We'll call it, Jurassic Arc."
1174,5168,0,7,42,49,1.1428571428571428,0.050507627227610534,590,"BEFORE I GO IN,I MUST TELL YOU, YOUR WIFE'S A SLUT.."
2888,5168,0,7,42,49,1.1428571428571428,0.050507627227610534,590,We should let him down easy
54,5168,0,7,42,49,1.1428571428571428,0.050507627227610534,590,"I would describe his artistic style as ""primitive""."
62,5168,1,5,43,49,1.1428571428571428,0.05832118435198043,590,Extinction was too mainstream for him.
90,5168,0,7,42,49,1.1428571428571428,0.050507627227610534,590,I think someone needs to face a little extinction.
5980,5168,1,5,43,49,1.1428571428571428,0.05832118435198043,590,"Let him finish, maybe we'll get famous."
244,5168,0,7,42,49,1.1428571428571428,0.050507627227610534,590,"Sorry, that's not available!"
269,5168,0,7,42,49,1.1428571428571428,0.050507627227610534,590,He Draws Like a First Grader.
291,5168,0,7,42,49,1.1428571428571428,0.050507627227610534,590,We kill him. Not because he dinosaur. We kill for sublime artwork. Him obviously gay.
586,5168,0,7,42,49,1.1428571428571428,0.050507627227610534,590,"Sorry sir no steak left"" ""Then I'll have the salmon"" ""Sorry"" ""Chili?"" ""Sorry"" ""What do YOU have?"" ""Peanut Butter and Jelly"
594,5168,0,7,42,49,1.1428571428571428,0.050507627227610534,590,Let's sell tickets.
698,5168,1,5,43,49,1.1428571428571428,0.05832118435198043,590,You're seeing it too? I assumed the elephant I was hunting fought back a little too hard.
718,5168,1,5,43,49,1.1428571428571428,0.05832118435198043,590,That reminds me--did you remember to turn the iron off?
735,5168,1,5,43,49,1.1428571428571428,0.05832118435198043,590,Does he do windows?
796,5168,1,5,43,49,1.1428571428571428,0.05832118435198043,590,He's my ghost artist.
853,5168,1,5,43,49,1.1428571428571428,0.05832118435198043,590,You call this evolution?
1242,5168,1,5,43,49,1.1428571428571428,0.05832118435198043,590,It's OK. Just family.
2583,5168,1,5,43,49,1.1428571428571428,0.05832118435198043,590,"Hey Fred, Is this what they call Evolution?"
2608,5168,1,5,43,49,1.1428571428571428,0.05832118435198043,590,This is not the time to start a 'Me Too' campaign.
3973,5243,1,5,44,50,1.14,0.057214241127145085,590,"Yeah, I suppose you could call it a talent. But his plot lines are way too predictable."
2505,5243,0,7,43,50,1.14,0.04956957592256419,590,"I swear all I said was ""wife, get me a mule""."
2486,5243,0,7,43,50,1.14,0.04956957592256419,590,Showoff! Don't you wish he'd go extinct?
2451,5243,0,7,43,50,1.14,0.04956957592256419,590,"I'm not impressed,it's paint by the numbers."
2366,5243,1,5,44,50,1.14,0.057214241127145085,590,The last food critic gave us four moons. I think that new fire stuff is a just a fad.
2298,5243,0,7,43,50,1.14,0.04956957592256419,590,"For a dinosaur, he's not great with scales."
1893,5243,1,5,44,50,1.14,0.057214241127145085,590,"Uhh, is this opposite day?"
1832,5243,0,7,43,50,1.14,0.04956957592256419,590,I'm calling dibs on this one: 'Artisaurus.'
1276,5243,2,3,45,50,1.14,0.06395151224456967,590,He thinks this will save South Korea
1240,5243,1,5,44,50,1.14,0.057214241127145085,590,I could've done that.
1199,5243,0,7,43,50,1.14,0.04956957592256419,590,Vandalizing our home again! I told you he was cold blooded.
831,5243,1,5,44,50,1.14,0.057214241127145085,590,Remember when you said we should be eating more intelligently?
778,5243,1,5,44,50,1.14,0.057214241127145085,590,Darn puck rockers! Always think they are better than us!
776,5243,0,7,43,50,1.14,0.04956957592256419,590,"I like the decor, maybe we should move in."
707,5243,1,5,44,50,1.14,0.057214241127145085,590,"OK, we cook the dino, but how do we get the paintings off the wall? Damn! Maybe we should just do it like your Ma said and move in ourselves...."
314,5243,0,7,43,50,1.14,0.04956957592256419,590,I think he's got separation anxiety.
2541,5243,2,3,45,50,1.14,0.06395151224456967,590,Mark my words: one day someone will recognize this as fake news.
2821,5243,0,7,43,50,1.14,0.04956957592256419,590,"Quickly, find some space on that wall and draw a picture of this or no one will ever believe it!"
2566,5243,1,5,44,50,1.14,0.057214241127145085,590,"Well, he is the last of his kind, so..."
4205,5243,0,7,43,50,1.14,0.04956957592256419,590,It's hard for me to believe that creatives are the next 'big thing.'
3106,5243,0,7,43,50,1.14,0.04956957592256419,590,"It took him four years to paint like me, but a million years to paint like a child."
3272,5243,1,5,44,50,1.14,0.057214241127145085,590,He’s got to go.
3282,5243,1,5,44,50,1.14,0.057214241127145085,590,His talent was apparent very early on.
3417,5243,0,7,43,50,1.14,0.04956957592256419,590,Allegory of the cave? More like Alligator of the cave!
3498,5243,0,7,43,50,1.14,0.04956957592256419,590,Maybe dinosaurs were the advanced beings of our time.
3689,5243,0,7,43,50,1.14,0.04956957592256419,590,I told you Steve was getting up on our turf. When he comes out..let's settle this for good.
4148,5243,1,5,44,50,1.14,0.057214241127145085,590,Shouldn't we draw him instead?t
2848,5243,2,3,45,50,1.14,0.06395151224456967,590,New subtenants.
4549,5243,0,7,43,50,1.14,0.04956957592256419,590,Giorgio Tsoukalos was right.
4566,5243,1,5,44,50,1.14,0.057214241127145085,590,"Hey maybe he is better than you, but at least now this will give you some time to pursue that cute girl from the troglodytes tribe and drag her back here."
4656,5243,0,7,43,50,1.14,0.04956957592256419,590,The walls are ruined. I hope no one ever see this.
5067,5243,0,7,43,50,1.14,0.04956957592256419,590,It had a broken leg!
5556,5243,1,5,44,50,1.14,0.057214241127145085,590,He's the originator of all these fake views!
5771,5243,0,7,43,50,1.14,0.04956957592256419,590,"He's starting something called a ""restaurant""."
4957,5277,0,7,44,51,1.1372549019607843,0.048665386847023,590,Mr. Rorschach is coming along nicely!
4901,5277,1,5,45,51,1.1372549019607843,0.05614831789520141,590,It's primitive art -- in a cold-blooded style.
5451,5277,1,5,45,51,1.1372549019607843,0.05614831789520141,590,"After Skippy the Squirrel, and the Pirate, he just took off!"
2089,5277,0,7,44,51,1.1372549019607843,0.048665386847023,590,You should have wrote it down.
4846,5277,0,7,44,51,1.1372549019607843,0.048665386847023,590,"She's messing with posterity again, we gotta stop her"
1719,5277,1,5,45,51,1.1372549019607843,0.05614831789520141,590,I feel like I'm in a time warp.
3923,5277,0,7,44,51,1.1372549019607843,0.048665386847023,590,"I am not sure, but I think that big lizard is putting all the miniatures from the zoo on her wall."
3918,5277,1,5,45,51,1.1372549019607843,0.05614831789520141,590,He says it makes him his feel creative.
2146,5277,2,3,46,51,1.1372549019607843,0.06274509803921571,590,He wants to leave his mark on the world.
4026,5277,0,7,44,51,1.1372549019607843,0.048665386847023,590,Let's lit him finish decorating our home
150,5277,0,7,44,51,1.1372549019607843,0.048665386847023,590,"Ever since the Dragonican party started up, we can't shut him up!"
492,5288,1,5,46,52,1.1346153846153846,0.055121189353288455,590,He'll be extinct before he learns anything beyond paint by numbers.
955,5288,1,5,46,52,1.1346153846153846,0.055121189353288455,590,"I never should have given him ""Drawing On The Right Side Of The Lizard Brain."""
1081,5288,1,5,46,52,1.1346153846153846,0.055121189353288455,590,He what called ‘unreliable narrator.’
2184,5291,0,6,39,45,1.1333333333333333,0.05124707431905384,590,His weekly menu—all protein.
1142,5292,0,7,46,53,1.1320754716981132,0.04695159976668159,590,Even lower life forms are better artists than you are.
449,5292,1,5,47,53,1.1320754716981132,0.05413078722488102,590,He keeps calling timeouts.
5387,5292,1,5,47,53,1.1320754716981132,0.05413078722488102,590,No wonder I've been having nightmares
4553,5295,0,6,40,46,1.1304347826086956,0.05020437123388051,590,"We might as well make it clear right now, he'll never earn a living as an artist."
4360,5295,0,6,40,46,1.1304347826086956,0.05020437123388051,590,He shows great technique for a graffiti artist.
4216,5295,1,4,41,46,1.1304347826086956,0.059047967499893814,590,Artysaurus or Paintysaurus ???
4190,5295,1,4,41,46,1.1304347826086956,0.059047967499893814,590,"Shhh, din’t bother him. We’ll come back later with a camera and sell his stuff."
3838,5295,1,4,41,46,1.1304347826086956,0.059047967499893814,590,"Walking on two legs is the new fad, but it's still not as popular as the new trend in modern art."
3421,5295,0,6,40,46,1.1304347826086956,0.05020437123388051,590,The Switch
3633,5295,0,6,40,46,1.1304347826086956,0.05020437123388051,590,"Well, it cost me my first-born, but it’s cheaper than cave-paper."
3558,5295,0,6,40,46,1.1304347826086956,0.05020437123388051,590,In a parallel universe....
4645,5295,2,2,42,46,1.1304347826086956,0.06672964888823965,590,This is our cave
3205,5295,1,4,41,46,1.1304347826086956,0.059047967499893814,590,"Altamira and Lascaux! What should we do now? Had we evolved quicker through knuckle-dragging, We'd be the ancient artists bragging. But now comes a feeling, gnawing, Around the double entendre of animal drawing."
3741,5295,0,6,40,46,1.1304347826086956,0.05020437123388051,590,Doesn't do my bangs justice.
4649,5295,0,6,40,46,1.1304347826086956,0.05020437123388051,590,These forgeries are not to scale.
5317,5295,1,4,41,46,1.1304347826086956,0.059047967499893814,590,She refused to settle with Miramax
4912,5295,0,6,40,46,1.1304347826086956,0.05020437123388051,590,The new chef is changing the dinner menu again for tomorrow’s soft opening. Should we be worried?
5050,5295,0,6,40,46,1.1304347826086956,0.05020437123388051,590,"He thinks he’s another Banksy. Well, let me tell you, this guy is no Banksy."
5192,5295,0,6,40,46,1.1304347826086956,0.05020437123388051,590,Now everyone thinks they are an artist!
5260,5295,1,4,41,46,1.1304347826086956,0.059047967499893814,590,This modern art is decadent.'
3086,5295,0,6,40,46,1.1304347826086956,0.05020437123388051,590,I hear we're on the menu.
5537,5295,0,6,40,46,1.1304347826086956,0.05020437123388051,590,Mildred's mother recommended him.
5545,5295,0,6,40,46,1.1304347826086956,0.05020437123388051,590,He thinks he's the artistic version of Good Will Hunting.
5590,5295,0,6,40,46,1.1304347826086956,0.05020437123388051,590,I don't think much of his color palate.
5591,5295,1,4,41,46,1.1304347826086956,0.059047967499893814,590,This domestication thing is getting out of control.
5700,5295,1,4,41,46,1.1304347826086956,0.059047967499893814,590,He really does have a flair for art...trouble is his use of pastels eludes me...do you have any thoughts on the matter?
5757,5295,1,4,41,46,1.1304347826086956,0.059047967499893814,590,This one's a Tribecatops.
5883,5295,1,4,41,46,1.1304347826086956,0.059047967499893814,590,"what's so smart about a few pictures? he can't use a club, can he?"
6016,5295,0,6,40,46,1.1304347826086956,0.05020437123388051,590,"I told you, everyone is into this color between the lines fad."
4770,5295,0,6,40,46,1.1304347826086956,0.05020437123388051,590,"And I suppose your 2-year-old could do better than that, too!"
3034,5295,1,4,41,46,1.1304347826086956,0.059047967499893814,590,"Nah, we shouldn't kill it. It's making history."
2605,5295,0,6,40,46,1.1304347826086956,0.05020437123388051,590,Now that's what I call avant-garde art!
2851,5295,0,6,40,46,1.1304347826086956,0.05020437123388051,590,"Not to worry. Even though he is way more talented, extinction will claim him."
171,5295,2,2,42,46,1.1304347826086956,0.06672964888823965,590,He's a creature of habit.
260,5295,2,2,42,46,1.1304347826086956,0.06672964888823965,590,Banksy The Raptor is at it again.
271,5295,0,6,40,46,1.1304347826086956,0.05020437123388051,590,All offerings from our large print edition can be super-sized.
352,5295,0,6,40,46,1.1304347826086956,0.05020437123388051,590,Me rethink sign for free art lessons.
353,5295,1,4,41,46,1.1304347826086956,0.059047967499893814,590,That surrealism is definitely ahead of its time.
478,5295,1,4,41,46,1.1304347826086956,0.059047967499893814,590,"do ya think he sar us , drawing ?"
650,5295,1,4,41,46,1.1304347826086956,0.059047967499893814,590,I guarantee you it will be Pantone Color of the Year!
731,5295,0,6,40,46,1.1304347826086956,0.05020437123388051,590,Wasn't Jesus supposed to be in this one?
764,5295,0,6,40,46,1.1304347826086956,0.05020437123388051,590,The valuation of his work is going to skyrocket!
856,5295,0,6,40,46,1.1304347826086956,0.05020437123388051,590,"It’s calked, “Dino porn.”"
1072,5295,0,6,40,46,1.1304347826086956,0.05020437123388051,590,This can't be good for property values in Neanderthal Caverns.
1271,5295,1,4,41,46,1.1304347826086956,0.059047967499893814,590,We kill and take credit for likes?
1385,5295,1,4,41,46,1.1304347826086956,0.059047967499893814,590,"Sure, and I bet you also think there's a one-moon world out there where the hipsters look like us."
1440,5295,0,6,40,46,1.1304347826086956,0.05020437123388051,590,If he doesn't like your pose he eats you.
1508,5295,0,6,40,46,1.1304347826086956,0.05020437123388051,590,Think we can sue for libel yet?
1535,5295,0,6,40,46,1.1304347826086956,0.05020437123388051,590,Just a few more strokes....
1566,5295,1,4,41,46,1.1304347826086956,0.059047967499893814,590,NYer Cartoon Editorial board is biased. They are tasteless.
1638,5295,0,6,40,46,1.1304347826086956,0.05020437123388051,590,Any questions?
1672,5295,1,4,41,46,1.1304347826086956,0.059047967499893814,590,Edgar has been taking some classes.
1797,5295,1,4,41,46,1.1304347826086956,0.059047967499893814,590,"You wanna' do it, or shall I ?"
2065,5295,1,4,41,46,1.1304347826086956,0.059047967499893814,590,Not sure. Something about “capturing the news cycle with fake news“. Almost makes me wish we weren’t all vegetarians.
2236,5295,0,6,40,46,1.1304347826086956,0.05020437123388051,590,As Tom Peters says: Distinct ... or extinct
2319,5295,1,4,41,46,1.1304347826086956,0.059047967499893814,590,Kill 'em or hire him?
2557,5295,0,6,40,46,1.1304347826086956,0.05020437123388051,590,"They may just be animals, but they have creative aspirations, too..."
2635,5295,0,6,40,46,1.1304347826086956,0.05020437123388051,590,Time to show'em whose boss!
2748,5295,1,4,41,46,1.1304347826086956,0.059047967499893814,590,I made that. It's good over polenta.
2799,5295,1,4,41,46,1.1304347826086956,0.059047967499893814,590,"Obviously, he knows nothing about intellectual property law."
2923,5295,0,6,40,46,1.1304347826086956,0.05020437123388051,590,The least he could do was provide an audio guide.
477,5295,1,4,41,46,1.1304347826086956,0.059047967499893814,590,He'll be hearing from our attorney.
4814,5295,0,6,40,46,1.1304347826086956,0.05020437123388051,590,That's art? Why bother?
812,5355,0,6,41,47,1.127659574468085,0.04920290896196927,590,What the blank?!?
5229,5355,1,4,42,47,1.127659574468085,0.057844581686821384,590,He's the new security guy...
4877,5355,0,6,41,47,1.127659574468085,0.04920290896196927,590,I told you it was a croc!
4810,5355,0,6,41,47,1.127659574468085,0.04920290896196927,590,"We reserved this cave for our drawings, but I don't think we should get into a fight with a dinosaur."
4573,5355,0,6,41,47,1.127659574468085,0.04920290896196927,590,"But babe, he's a visiting artist and he works for free."
3909,5355,1,4,42,47,1.127659574468085,0.057844581686821384,590,You get the liver I get the kidney
3796,5355,1,4,42,47,1.127659574468085,0.057844581686821384,590,But we have the copyright !
3499,5355,0,6,41,47,1.127659574468085,0.04920290896196927,590,Ooga booga what is he doing in our cave? Is he leaving behind facts from today?
3494,5355,0,6,41,47,1.127659574468085,0.04920290896196927,590,"Two legs? Ha, silly dino. Looks far too painful for the back."
873,5355,1,4,42,47,1.127659574468085,0.057844581686821384,590,Dinogliphics
2778,5355,0,6,41,47,1.127659574468085,0.04920290896196927,590,Ok. I'll get the whitewash. You alert the press.
2509,5355,1,4,42,47,1.127659574468085,0.057844581686821384,590,Time for Club Met
2204,5355,0,6,41,47,1.127659574468085,0.04920290896196927,590,We finally caught her in the act!
2090,5355,1,4,42,47,1.127659574468085,0.057844581686821384,590,I had a hunch these were not original Grogs.
1321,5355,0,6,41,47,1.127659574468085,0.04920290896196927,590,i want this for 10/23 cartoon May I tell you about our specials
1200,5355,1,4,42,47,1.127659574468085,0.057844581686821384,590,Give Art a chance...the poor guy just got these pastels from Noah.
1184,5355,0,6,41,47,1.127659574468085,0.04920290896196927,590,He's counting calories.
3442,5355,0,6,41,47,1.127659574468085,0.04920290896196927,590,Holy shit a dinosaur
1436,5373,1,4,43,48,1.125,0.056689086094851654,590,The day the lizard people conspiracy began.
765,5373,0,6,42,48,1.125,0.04824031156174748,590,"Say what you will, but this guy can draw!"
4095,5375,1,4,44,49,1.1224489795918366,0.055578689246150295,590,Are you sure he is a real teacher??
1728,5376,0,5,36,41,1.1219512195121952,0.051739520574625435,590,"Oh, I almost forgot I have a meeting with my biographer today."
37,5376,0,5,36,41,1.1219512195121952,0.051739520574625435,590,here. Note: Some of the required fields are missing or invalid. Please fill them out correctly and try again. FUCK YOUR SITE IN THE ASS.
1591,5378,0,6,44,50,1.12,0.046423076597919784,590,He's into sci-fi.
3493,5379,0,5,38,43,1.1162790697674418,0.04946336973228635,590,Mine is so much better...
2894,5379,0,5,38,43,1.1162790697674418,0.04946336973228635,590,I told you he was the teacher's pet.
2885,5379,0,5,38,43,1.1162790697674418,0.04946336973228635,590,Cave art is ephemera
2650,5379,0,5,38,43,1.1162790697674418,0.04946336973228635,590,Told you these urination fetish creatures hide in caves.
2569,5379,0,5,38,43,1.1162790697674418,0.04946336973228635,590,You can Dali if you want. I'm gonna Gogh clubbing.
2301,5379,0,5,38,43,1.1162790697674418,0.04946336973228635,590,With all that meat and no vegetables how does he avoid scurvy?
2460,5379,0,5,38,43,1.1162790697674418,0.04946336973228635,590,"I suggested artificial intelligence, but her passion is art."
2339,5379,0,5,38,43,1.1162790697674418,0.04946336973228635,590,"You clobber him, then I steal his pencils"
2308,5379,0,5,38,43,1.1162790697674418,0.04946336973228635,590,"Yes, She had a smal taoo on her cone!"
3545,5379,1,3,39,43,1.1162790697674418,0.059615808787130756,590,Let's eat it.
2478,5379,0,5,38,43,1.1162790697674418,0.04946336973228635,590,Let's just hope he doesn't have a copyright.
3906,5379,0,5,38,43,1.1162790697674418,0.04946336973228635,590,I don't like his kind.
4325,5379,0,5,38,43,1.1162790697674418,0.04946336973228635,590,Humans are doomed.
4035,5379,0,5,38,43,1.1162790697674418,0.04946336973228635,590,We’ll show him how Baldwin’s handle paparazzi.
4163,5379,0,5,38,43,1.1162790697674418,0.04946336973228635,590,"It's them or us, and our sticks are bigger."
4164,5379,0,5,38,43,1.1162790697674418,0.04946336973228635,590,Sssshhh....he's only making it better!
4180,5379,1,3,39,43,1.1162790697674418,0.059615808787130756,590,I hear he's part of the avant-garde. Guess we'd better go hunt some rhinos.
4255,5379,1,3,39,43,1.1162790697674418,0.059615808787130756,590,"I find it derivative and reductive. Yea, let’s hit it with our clubs."
2296,5379,0,5,38,43,1.1162790697674418,0.04946336973228635,590,Whu dat in cave?” “I dino?
4389,5379,0,5,38,43,1.1162790697674418,0.04946336973228635,590,Helps reduce his stress.
4426,5379,0,5,38,43,1.1162790697674418,0.04946336973228635,590,He's not so good at self-portraits.
4438,5379,1,3,39,43,1.1162790697674418,0.059615808787130756,590,Next thing it’ll be selfies.
4530,5379,0,5,38,43,1.1162790697674418,0.04946336973228635,590,He's definitely in violation of copyright law.
4584,5379,0,5,38,43,1.1162790697674418,0.04946336973228635,590,"After he is dead, this art will be worth a fortune"
4599,5379,0,5,38,43,1.1162790697674418,0.04946336973228635,590,"Have you heard of something called ""leisure""?"
4646,5379,0,5,38,43,1.1162790697674418,0.04946336973228635,590,"If we get him when he’s not looking, we can say we painted them."
3972,5379,1,3,39,43,1.1162790697674418,0.059615808787130756,590,Outsaurus.
2132,5379,0,5,38,43,1.1162790697674418,0.04946336973228635,590,Don't tell the conspiracy theorist in cave next door
1556,5379,0,5,38,43,1.1162790697674418,0.04946336973228635,590,I think he ' I think he's doing a self portrait.
2033,5379,0,5,38,43,1.1162790697674418,0.04946336973228635,590,"I think this is the last of them, so clobber him good."
24,5379,0,5,38,43,1.1162790697674418,0.04946336973228635,590,What's Jim doing here? I thought he died years ago...
44,5379,1,3,39,43,1.1162790697674418,0.059615808787130756,590,Their artwork lacks a three dimensional quality to it. No wonder they're going extinct.
156,5379,0,5,38,43,1.1162790697674418,0.04946336973228635,590,We're thinking of sending him to art school.
213,5379,0,5,38,43,1.1162790697674418,0.04946336973228635,590,Those are the designs for his new line in unisex pelts
405,5379,1,3,39,43,1.1162790697674418,0.059615808787130756,590,"This why we no can have nice things, Grog."
435,5379,0,5,38,43,1.1162790697674418,0.04946336973228635,590,Should we tell him about life outside the cave..?
453,5379,0,5,38,43,1.1162790697674418,0.04946336973228635,590,the brain switch
537,5379,0,5,38,43,1.1162790697674418,0.04946336973228635,590,"Thousands of years from now, people will appreciate the cartoonist's bizarre sense of humor."
552,5379,1,3,39,43,1.1162790697674418,0.059615808787130756,590,What's civilized?
610,5379,1,3,39,43,1.1162790697674418,0.059615808787130756,590,"Not only does it boast about killing them, but now it's taking credit for your brothers' kills as well."
867,5379,0,5,38,43,1.1162790697674418,0.04946336973228635,590,I told you art can save lives.
922,5379,0,5,38,43,1.1162790697674418,0.04946336973228635,590,Ooh plagiarize and send to New Yorker.
2049,5379,1,3,39,43,1.1162790697674418,0.059615808787130756,590,"For our sake, let's hope she's a starving artist."
978,5379,0,5,38,43,1.1162790697674418,0.04946336973228635,590,Who knew we had a Vincent Van Gosaurus in our cave?
1059,5379,0,5,38,43,1.1162790697674418,0.04946336973228635,590,Now would be a good time to sneak up and clobber him
1117,5379,0,5,38,43,1.1162790697674418,0.04946336973228635,590,TIME is a BITCH !
1134,5379,0,5,38,43,1.1162790697674418,0.04946336973228635,590,This guy's got his metonymies and metaphors all mixed up. What an amateur.
4775,5379,0,5,38,43,1.1162790697674418,0.04946336973228635,590,I calculate our chance of survival at about 71%.
1151,5379,0,5,38,43,1.1162790697674418,0.04946336973228635,590,He beat us to the punch.
1179,5379,0,5,38,43,1.1162790697674418,0.04946336973228635,590,Is it the last straw or draw?
1290,5379,1,3,39,43,1.1162790697674418,0.059615808787130756,590,We have to take out Dick Dastardly's 'Muttley replacement' before he does something else!
1496,5379,0,5,38,43,1.1162790697674418,0.04946336973228635,590,We just don't want to hear about your diet...
1581,5379,0,5,38,43,1.1162790697674418,0.04946336973228635,590,"Oh great, the Banksysaurus is at it again..."
1659,5379,0,5,38,43,1.1162790697674418,0.04946336973228635,590,Club him and then we'll claims we did the drawings.
1822,5379,0,5,38,43,1.1162790697674418,0.04946336973228635,590,That's a gator creator!
1941,5379,0,5,38,43,1.1162790697674418,0.04946336973228635,590,Should we wait util he finish it?
1031,5379,0,5,38,43,1.1162790697674418,0.04946336973228635,590,Rex is the top decorator in CaveTown.
1141,5379,0,5,38,43,1.1162790697674418,0.04946336973228635,590,"Yes, They're tasty, but is it art?"
4798,5379,0,5,38,43,1.1162790697674418,0.04946336973228635,590,We're on the Graphosaurus' Menu! Run!
5013,5379,0,5,38,43,1.1162790697674418,0.04946336973228635,590,These creative types make me sick! Let's club him a few times then maybe he'll remember who's the dominant species!
4918,5379,1,3,39,43,1.1162790697674418,0.059615808787130756,590,Everyone thinks they're an artist these days.
6023,5379,0,5,38,43,1.1162790697674418,0.04946336973228635,590,"It’s weird, but he was number 1 on Angie’s list for wall art."
5987,5379,1,3,39,43,1.1162790697674418,0.059615808787130756,590,I find your craft beer menu quite deficient.
5971,5379,0,5,38,43,1.1162790697674418,0.04946336973228635,590,"It's that Egyptian, Hiero. His glyphics increase cave resale value by at least 20 percent."
5937,5379,0,5,38,43,1.1162790697674418,0.04946336973228635,590,"He sketches every body heading in, but us. And is that a smile on his face?"
5876,5379,0,5,38,43,1.1162790697674418,0.04946336973228635,590,"Take out the artists, then take it condo."
5847,5379,0,5,38,43,1.1162790697674418,0.04946336973228635,590,"The word is ""delegate"". Amazing results!"
5767,5379,0,5,38,43,1.1162790697674418,0.04946336973228635,590,I'm inspired to discover that working in a monochromatic world hasn't discouraged her.
5695,5379,1,3,39,43,1.1162790697674418,0.059615808787130756,590,"No, we're not real. It's just Mike Pence's dream."
5899,5379,0,5,38,43,1.1162790697674418,0.04946336973228635,590,All the other caveparents started limiting glyph time.
5671,5379,0,5,38,43,1.1162790697674418,0.04946336973228635,590,I hear it’s one of those experiential pop-up shops
5594,5379,0,5,38,43,1.1162790697674418,0.04946336973228635,590,"He's in his Blue Period, but you should have seen his earlier work."
5540,5379,0,5,38,43,1.1162790697674418,0.04946336973228635,590,Damien Hirst he is not - thank god
5510,5379,0,5,38,43,1.1162790697674418,0.04946336973228635,590,Him steal panel from our playwall.
5482,5379,1,3,39,43,1.1162790697674418,0.059615808787130756,590,"Before Twitter, was Critter!"
5471,5379,1,3,39,43,1.1162790697674418,0.059615808787130756,590,Doesn't the cave wall add weight to your figure?
5055,5379,0,5,38,43,1.1162790697674418,0.04946336973228635,590,You should hear her play piano.
5678,5379,0,5,38,43,1.1162790697674418,0.04946336973228635,590,ooga booga
5018,5379,0,5,38,43,1.1162790697674418,0.04946336973228635,590,Maybe I'd better check that evolutionary scale again.
3607,5458,0,5,39,44,1.1136363636363635,0.048398332783092544,590,"Yeah—lots of buzz about his work, but look at his drawings of us!"
3728,5458,0,5,39,44,1.1136363636363635,0.048398332783092544,590,My wife says that this is the new trend in interior decorating.
3806,5458,1,3,40,44,1.1136363636363635,0.05830506897872825,590,I was giving you way too much credit when I blamed you for messing up the walls.
4083,5458,0,5,39,44,1.1136363636363635,0.048398332783092544,590,Looks like we have company.
4104,5458,0,5,39,44,1.1136363636363635,0.048398332783092544,590,He calls himself a dinosartiste.
6003,5458,0,5,39,44,1.1136363636363635,0.048398332783092544,590,He's not leaving until he corrects that fake story.
4673,5458,0,5,39,44,1.1136363636363635,0.048398332783092544,590,Let's go back to the brownstone and let it get on with it.
4975,5458,0,5,39,44,1.1136363636363635,0.048398332783092544,590,what's wrong with it? It has such a wild imagination! It should come out here so we can hit it on its head and have some dinner.
5058,5458,0,5,39,44,1.1136363636363635,0.048398332783092544,590,"When he is extinct, we can take all the credit"
3456,5458,0,5,39,44,1.1136363636363635,0.048398332783092544,590,It's not consider art if it doesn't have a title.
4171,5458,0,5,39,44,1.1136363636363635,0.048398332783092544,590,I prefer novels.
3270,5458,0,5,39,44,1.1136363636363635,0.048398332783092544,590,I think we should get out of here or we're going to be in that big big tummy.
4287,5458,0,5,39,44,1.1136363636363635,0.048398332783092544,590,"Yeah but, him tail not really prehensile"
1886,5458,1,3,40,44,1.1136363636363635,0.05830506897872825,590,It's going to be a mobile for the baby.
1763,5458,0,5,39,44,1.1136363636363635,0.048398332783092544,590,"How do you say “monkey see, monkey do” in Lizardish?"
1540,5458,0,5,39,44,1.1136363636363635,0.048398332783092544,590,"Eh, I'm not big on modern art."
1426,5458,0,5,39,44,1.1136363636363635,0.048398332783092544,590,Here we see the beginning of the adult coloring book trend
1185,5458,1,3,40,44,1.1136363636363635,0.05830506897872825,590,"Meat eater is so B.C. , now they want to be called Paleos ."
989,5458,0,5,39,44,1.1136363636363635,0.048398332783092544,590,I really think Dino has the ability to soar in the art world!
924,5458,0,5,39,44,1.1136363636363635,0.048398332783092544,590,"I know it's frustrating, but he's the client."
747,5458,1,3,40,44,1.1136363636363635,0.05830506897872825,590,He's always been fascinated by sci-fi characters.
564,5458,1,3,40,44,1.1136363636363635,0.05830506897872825,590,100 hundred caves and all we get is DINO.
75,5458,0,5,39,44,1.1136363636363635,0.048398332783092544,590,This is getting out of hand.
2300,5458,0,5,39,44,1.1136363636363635,0.048398332783092544,590,"Tonight's movie is ""Godzilla vs. the Cro-magnon artist"""
3226,5482,0,5,40,45,1.1111111111111112,0.047377936967913425,590,I hope I'm not on the menu tonight!
1982,5482,0,5,40,45,1.1111111111111112,0.047377936967913425,590,I told you it could stand on two legs.
1978,5482,0,5,40,45,1.1111111111111112,0.047377936967913425,590,His people
1843,5482,0,5,40,45,1.1111111111111112,0.047377936967913425,590,Do you think that we have discovered the identity of the elusive Banksy?
825,5482,0,5,40,45,1.1111111111111112,0.047377936967913425,590,You and I are on his shopping list.
1166,5482,0,5,40,45,1.1111111111111112,0.047377936967913425,590,Paparazzisaurus.
724,5482,0,5,40,45,1.1111111111111112,0.047377936967913425,590,"They're drawing in herds. They DO draw in herds."" ""We're going to make a fortune with this place."
819,5482,1,3,41,45,1.1111111111111112,0.057050590894718936,590,"If those are his kills, I'm thinking caption noir."
2357,5490,0,5,41,46,1.108695652173913,0.04639945099589022,590,Sometimes he lets me sharpen the drawing sticks.n
4347,5490,0,5,41,46,1.108695652173913,0.04639945099589022,590,"Dino may not be warm and fuzzy, but he does have his moments."
475,5492,0,4,36,40,1.1,0.04803844614152615,590,That's Puff the Magic Marker dragon.
476,5492,0,4,36,40,1.1,0.04803844614152615,590,I'm on Speech now that Cavebook is mostly dinosaurs.
548,5492,0,4,36,40,1.1,0.04803844614152615,590,He's also learned to play the drum and do the rain dance. We just can't teach him to throw a spear straight.
598,5492,1,2,37,40,1.1,0.05991446895152781,590,"He teach how to make fire next, then we eat him."
1175,5492,0,4,36,40,1.1,0.04803844614152615,590,"...Damn ! So much for his 7-day detox diet of no meat or fish - you or me could be next, mate..."
664,5492,0,4,36,40,1.1,0.04803844614152615,590,"It does not seem to me to be an immigrant. From how he designs if we do not thread it, he eats us."
1114,5492,0,4,36,40,1.1,0.04803844614152615,590,Our innovative artist created a great Halloween costume.
846,5492,0,4,36,40,1.1,0.04803844614152615,590,I told you he dressed up for Halloween but continues to draw the scariest things on the walls.
959,5492,0,4,36,40,1.1,0.04803844614152615,590,Is he trying to pull a Chick-fil-A ?
1023,5492,1,2,37,40,1.1,0.05991446895152781,590,Pull him out and I'll club him.
1015,5492,0,4,36,40,1.1,0.04803844614152615,590,"I don't know about you, but I don't want to be his next etch-a-sketch subject."
972,5492,0,4,36,40,1.1,0.04803844614152615,590,Can't eat art. Let's go.
732,5492,0,4,36,40,1.1,0.04803844614152615,590,I can’t stand these Savant dinosaurs!!
456,5492,0,4,36,40,1.1,0.04803844614152615,590,"As a Reptilian, you'd think he'd be able to paint better."
71,5492,0,4,36,40,1.1,0.04803844614152615,590,No one will believe us so be easier to say it was Banksy
406,5492,0,4,36,40,1.1,0.04803844614152615,590,I told you those fliers advertising a free art therapy session were bogus.
391,5492,0,4,36,40,1.1,0.04803844614152615,590,All art supplies from MetCo are cruelty free.
380,5492,0,4,36,40,1.1,0.04803844614152615,590,"Very good, sir. The whale is an excellent choice."
307,5492,0,4,36,40,1.1,0.04803844614152615,590,I've never seen him look so alive.
275,5492,0,4,36,40,1.1,0.04803844614152615,590,His latest catch gives him enough points to qualify as an ace!
263,5492,0,4,36,40,1.1,0.04803844614152615,590,Shit. I know that guy. We went to art school together. I can't believe he got a show here before I did. Fucking trust fund dragon.
145,5492,0,4,36,40,1.1,0.04803844614152615,590,I told you it was back. And you said photorealism went the way of the amoebas.
101,5492,0,4,36,40,1.1,0.04803844614152615,590,The bell's not the problem.
10,5492,0,4,36,40,1.1,0.04803844614152615,590,"Hey Pete, I told you not to give it a pencil. Who knows what will happen next."
1427,5492,0,4,36,40,1.1,0.04803844614152615,590,busing next?
1277,5492,1,2,37,40,1.1,0.05991446895152781,590,Breathing fire and now cave painting. I think we should make him and all his kind just go extinct.
1441,5492,0,4,36,40,1.1,0.04803844614152615,590,It's that graffittisaurus again messing up our home.
1477,5492,1,2,37,40,1.1,0.05991446895152781,590,He's adding to the menu!
443,5492,0,4,36,40,1.1,0.04803844614152615,590,"Either way, we’ll gain eternity on that walll"
1523,5492,0,4,36,40,1.1,0.04803844614152615,590,I like the open concept but the art on the wall will have to go!
1163,5492,0,4,36,40,1.1,0.04803844614152615,590,It just makes fakes.
1559,5492,0,4,36,40,1.1,0.04803844614152615,590,Funny how he relates to the beasts of the field.
4178,5492,0,4,36,40,1.1,0.04803844614152615,590,I hate it when he gloats.
4246,5492,0,4,36,40,1.1,0.04803844614152615,590,Whoa...it's take over our studio.
4477,5492,0,4,36,40,1.1,0.04803844614152615,590,I hired the home decor firm with the most futuristic vision.
4488,5492,0,4,36,40,1.1,0.04803844614152615,590,"Caveman 1:""Do you think Bronta saw us?"" Caveman 2:""No I don't think that's one."""
4562,5492,0,4,36,40,1.1,0.04803844614152615,590,"Perfect, he buys in and we have a natural line for the McDonald's prehistoric Kids Meal!"
4575,5492,0,4,36,40,1.1,0.04803844614152615,590,"Last time he caved in, he went batty."
4663,5492,0,4,36,40,1.1,0.04803844614152615,590,So this is where the last one has been hiding.
4741,5492,0,4,36,40,1.1,0.04803844614152615,590,Dumb pet! Probably thinks he's a precursor to Maurizio Cattelan.
4777,5492,0,4,36,40,1.1,0.04803844614152615,590,"On the other hand, he is is giving art to our cave."
4802,5492,0,4,36,40,1.1,0.04803844614152615,590,Anachronisms are so annoying.
4924,5492,0,4,36,40,1.1,0.04803844614152615,590,"See Glurk, this is what they call a Scholarsaurus."
4995,5492,0,4,36,40,1.1,0.04803844614152615,590,"I don't care what you think, it's Prehistoric Aestheticism!"
4997,5492,0,4,36,40,1.1,0.04803844614152615,590,I thought it was only 1% for the arts?
5002,5492,0,4,36,40,1.1,0.04803844614152615,590,Don't worry. After he goes extinct we can do our own pornography.
5005,5492,0,4,36,40,1.1,0.04803844614152615,590,Just like dem dino's! Copying everything and taking all the credit!
5053,5492,0,4,36,40,1.1,0.04803844614152615,590,THE WHITE HOUSE RECOMMENDED HIM
5139,5492,0,4,36,40,1.1,0.04803844614152615,590,He's standing on two legs! I don't like it --- he's being called 'Petroglyph Man.
5144,5492,0,4,36,40,1.1,0.04803844614152615,590,Maybe we should give him some lessons in composition.
5287,5492,0,4,36,40,1.1,0.04803844614152615,590,"""I thought you said you ate all the crayons for dinner last night""!"
5432,5492,0,4,36,40,1.1,0.04803844614152615,590,You couldn’t be bothered with a spoiler alert?
5634,5492,0,4,36,40,1.1,0.04803844614152615,590,Do we have any wine leftover from the last “next big thing” opening?
5746,5492,0,4,36,40,1.1,0.04803844614152615,590,Come on...did he have to steal our job? But it was just about work hour!
5751,5492,0,4,36,40,1.1,0.04803844614152615,590,He's getting ready for open studios.
5752,5492,0,4,36,40,1.1,0.04803844614152615,590,Maybe we can get Cog's decorator to redo our place when he's done here.
5906,5492,1,2,37,40,1.1,0.05991446895152781,590,"Woe, he is upsetting man's place in art history and the conception of what it means to be human. He must be stopped!"
5942,5492,0,4,36,40,1.1,0.04803844614152615,590,Poor is the pupil who does not surpass her master.
1136,5492,0,4,36,40,1.1,0.04803844614152615,590,I thought your mate wanted wallpaper.
4116,5492,0,4,36,40,1.1,0.04803844614152615,590,I wonder if it a dinner menu that he like to eat?
4030,5492,0,4,36,40,1.1,0.04803844614152615,590,"The Post-Jurassic paintings we feeling too last era, so I thought I'd update with some Cenozoic-Modernism to keep the cave fresh."
4828,5492,1,2,37,40,1.1,0.05991446895152781,590,She's a shoo-in for the Whitney Biennial.
1824,5492,1,2,37,40,1.1,0.05991446895152781,590,He's the hot new illustrator at bi-ped weekly.
1795,5492,0,4,36,40,1.1,0.04803844614152615,590,C'mon... leh's gko.
1820,5492,0,4,36,40,1.1,0.04803844614152615,590,If she keeps this up we may become extinct.
3851,5492,0,4,36,40,1.1,0.04803844614152615,590,This'll sure mess up all those futuroids' timelines!
2292,5492,0,4,36,40,1.1,0.04803844614152615,590,"We just found out what this thing called ""history"" is, and she's already rewriting it."
2445,5492,0,4,36,40,1.1,0.04803844614152615,590,"Wife like interior decorator, Boog like decorator."
2503,5492,0,4,36,40,1.1,0.04803844614152615,590,No one will ever know!
2536,5492,0,4,36,40,1.1,0.04803844614152615,590,I like his realistic style. Don't you?
2563,5492,0,4,36,40,1.1,0.04803844614152615,590,So that's what Banksy looks like!
2706,5492,1,2,37,40,1.1,0.05991446895152781,590,he is probably a homo sapien
2805,5492,0,4,36,40,1.1,0.04803844614152615,590,"I see him pickled,err,in a tank."
2831,5492,0,4,36,40,1.1,0.04803844614152615,590,Another subversive take on Paleolithic conventions by Banksysaurus
2843,5492,0,4,36,40,1.1,0.04803844614152615,590,"I know he's a dangerous carnivore, but I have to admit, I'll miss his artistic vision."
2954,5492,0,4,36,40,1.1,0.04803844614152615,590,He says he's an Artist
3017,5492,0,4,36,40,1.1,0.04803844614152615,590,We sent her to The Obedience School for The Arts.
2776,5492,0,4,36,40,1.1,0.04803844614152615,590,Subtle but demanding.
3248,5492,0,4,36,40,1.1,0.04803844614152615,590,And he has this sick loft in Williamsburg - his parents must be loaded.
3746,5492,1,2,37,40,1.1,0.05991446895152781,590,I think it's called Singapore Math.
3583,5492,0,4,36,40,1.1,0.04803844614152615,590,cave animal is drawing
3213,5492,1,2,37,40,1.1,0.05991446895152781,590,"Remember, it's the winners that the history"
3524,5492,0,4,36,40,1.1,0.04803844614152615,590,Your 'premonition' his type go extinct soon is absurd. Ghost writer here to stay.
3513,5492,1,2,37,40,1.1,0.05991446895152781,590,"Neanderthal, he'll never make it through law school."
3501,5492,0,4,36,40,1.1,0.04803844614152615,590,Things are really starting to cave in on us.
3572,5492,0,4,36,40,1.1,0.04803844614152615,590,We do all the rest.
3450,5492,0,4,36,40,1.1,0.04803844614152615,590,"Ugh dun grud, Khaleesie?"
3444,5492,0,4,36,40,1.1,0.04803844614152615,590,Every drawing is drawn to scale!
3332,5492,0,4,36,40,1.1,0.04803844614152615,590,They call this one “The Bushwick.”
3298,5492,0,4,36,40,1.1,0.04803844614152615,590,"We're so proud of his work, he's going to be famous one day!"
3468,5492,0,4,36,40,1.1,0.04803844614152615,590,I'm so done with Kevin's emoji shtick.
4240,5583,0,4,37,41,1.0975609756097562,0.046915570882125224,590,Oh oh--he inmates are taking over the asylum!
4226,5583,0,4,37,41,1.0975609756097562,0.046915570882125224,590,I don't think we should interrupt his creative process.
4154,5583,0,4,37,41,1.0975609756097562,0.046915570882125224,590,He's g
4056,5583,0,4,37,41,1.0975609756097562,0.046915570882125224,590,"This could change the course of all mankind, said one caveman to the other. Quick, lets kill him and take the credit!"
4041,5583,0,4,37,41,1.0975609756097562,0.046915570882125224,590,"Look at his portrait of me! I look like one of Monet's haystacks - oh, sorry! That's not coming up until 1890."
3809,5583,0,4,37,41,1.0975609756097562,0.046915570882125224,590,That's surprising! I thought the great Bruno drew those creatures.
3640,5583,0,4,37,41,1.0975609756097562,0.046915570882125224,590,But remember...Hitler was turned down by the Vienna Art Academy.
3782,5583,1,2,38,41,1.0975609756097562,0.05848575028430145,590,"yeah, let's see how they feel when I make them look like this!"
3681,5583,1,2,38,41,1.0975609756097562,0.05848575028430145,590,"O.K., then you tell him he has to join the, 'Cave Drawers' union."
4403,5583,0,4,37,41,1.0975609756097562,0.046915570882125224,590,He’s such a showoff when he tallies.
3855,5583,0,4,37,41,1.0975609756097562,0.046915570882125224,590,This no good for us
4735,5583,0,4,37,41,1.0975609756097562,0.046915570882125224,590,He comes from along line of Dinodrawus
5935,5583,2,0,39,41,1.0975609756097562,0.06811824411594605,590,Origin of the typical tabloid journalist.
4826,5583,0,4,37,41,1.0975609756097562,0.046915570882125224,590,"EVOLUTION, DEVOLUTION, I'M VOTING FOR THE FABULOUS POTUS WHOM MAKES US GREAT."
5003,5583,1,2,38,41,1.0975609756097562,0.05848575028430145,590,Bansky unmasked?
5030,5583,1,2,38,41,1.0975609756097562,0.05848575028430145,590,WAIT 'TIL DARWIN HAS TO PUT THIS IN THE MIX
5153,5583,0,4,37,41,1.0975609756097562,0.046915570882125224,590,I guess you can teach an old dino new tricks!
5207,5583,0,4,37,41,1.0975609756097562,0.046915570882125224,590,This is how they’re going to convince her to fight the White Walkers?
5262,5583,0,4,37,41,1.0975609756097562,0.046915570882125224,590,"I wanted to cast Matt Damon in this role, but he wasn’t available."
5402,5583,0,4,37,41,1.0975609756097562,0.046915570882125224,590,Looks like evolution taking steps backwards
5436,5583,1,2,38,41,1.0975609756097562,0.05848575028430145,590,He calls it post-paleolithic modern.
5600,5583,0,4,37,41,1.0975609756097562,0.046915570882125224,590,He comes from along line of Dinodrawus
5654,5583,0,4,37,41,1.0975609756097562,0.046915570882125224,590,You should know by now that I always sign my work.
5680,5583,1,2,38,41,1.0975609756097562,0.05848575028430145,590,Dino came highly recommended
5704,5583,0,4,37,41,1.0975609756097562,0.046915570882125224,590,"its called, 'Thumb Struck'."
3594,5583,0,4,37,41,1.0975609756097562,0.046915570882125224,590,Times have Truly changed
4784,5583,1,2,38,41,1.0975609756097562,0.05848575028430145,590,This guy is taking forever to finish our portraits!
3573,5583,1,2,38,41,1.0975609756097562,0.05848575028430145,590,he was right; life does find a way
2539,5583,0,4,37,41,1.0975609756097562,0.046915570882125224,590,(^_^)
3549,5583,0,4,37,41,1.0975609756097562,0.046915570882125224,590,To increase viewer participation we’re diversifying the gallery’s exhibition program.
3557,5583,0,4,37,41,1.0975609756097562,0.046915570882125224,590,The great dino days
38,5583,0,4,37,41,1.0975609756097562,0.046915570882125224,590,'Our past has finally caught up with us. Time to roll.'
259,5583,0,4,37,41,1.0975609756097562,0.046915570882125224,590,Another Darwin Fan
432,5583,0,4,37,41,1.0975609756097562,0.046915570882125224,590,"Welcome to Café Mussolini, where you can order anything."
512,5583,0,4,37,41,1.0975609756097562,0.046915570882125224,590,Adults versus Kids
515,5583,1,2,38,41,1.0975609756097562,0.05848575028430145,590,"Unbreakable Union of freeborn Republics, Great Russia has welded forever to stand. Created in struggle by will of the people, United and mighty, our Soviet land!"
572,5583,0,4,37,41,1.0975609756097562,0.046915570882125224,590,I think we're about to have a legacy-defining moment.
588,5583,0,4,37,41,1.0975609756097562,0.046915570882125224,590,Would you like to order every single dish sir ?
712,5583,0,4,37,41,1.0975609756097562,0.046915570882125224,590,Apparently channeling its primordial human brain.
720,5583,0,4,37,41,1.0975609756097562,0.046915570882125224,590,"If that were a self portrait, we'd relay have something."
810,5583,0,4,37,41,1.0975609756097562,0.046915570882125224,590,Interesting graphic depiction but it seems to lack Interesting graphic depiction but completely lacking in dimension.
923,5583,1,2,38,41,1.0975609756097562,0.05848575028430145,590,Let's wait until he finishes the self portrait.
733,5583,0,4,37,41,1.0975609756097562,0.046915570882125224,590,He thinks he's Van Gogh.
1293,5583,0,4,37,41,1.0975609756097562,0.046915570882125224,590,Not everyone can be a skilled cave artist.
3151,5583,0,4,37,41,1.0975609756097562,0.046915570882125224,590,Just wait til he learns bubble letters.
2962,5583,0,4,37,41,1.0975609756097562,0.046915570882125224,590,"If we club him now, he'll stop messing up the walls."
2919,5583,0,4,37,41,1.0975609756097562,0.046915570882125224,590,See--This guy's a dinosaur. I told you how derivative & unoriginal his primativism looks.
965,5583,0,4,37,41,1.0975609756097562,0.046915570882125224,590,"Yes, she's the last of her kind. We're hungry. So from now on, All Art Is Derivative."
2495,5583,1,2,38,41,1.0975609756097562,0.05848575028430145,590,Atkinsosaurs
2016,5583,0,4,37,41,1.0975609756097562,0.046915570882125224,590,"See I told you, T-Rex has an artsy side of him"
2567,5583,0,4,37,41,1.0975609756097562,0.046915570882125224,590,"There are still plenty of animals, but I do really miss Zud and Broerk."
1690,5583,0,4,37,41,1.0975609756097562,0.046915570882125224,590,I'm gonna be mad if one day that scrawl is blamed on us.
1686,5583,0,4,37,41,1.0975609756097562,0.046915570882125224,590,He's had some brushes with death
1615,5583,0,4,37,41,1.0975609756097562,0.046915570882125224,590,Dino Menu
1354,5583,0,4,37,41,1.0975609756097562,0.046915570882125224,590,I guess The Flintstones wasn't so wrong.
1923,5583,1,2,38,41,1.0975609756097562,0.05848575028430145,590,"If he’s the Maite D, I don’t like the menu!"
2939,5639,0,4,38,42,1.0952380952380953,0.045843796413450766,590,Boy if this isn't the Good Will Hunting of Lizards but with art and also in the stone age.
5683,5639,0,4,38,42,1.0952380952380953,0.045843796413450766,590,Reptilican art: It'll be big in 1 million years. But for now? Let's bop him and cook him.
5405,5639,0,4,38,42,1.0952380952380953,0.045843796413450766,590,"on a personal level, i love the artist, but i feel she's not evolving in her outlook. and there's no washing it off and starting over. no sir, we're stuck with it."
3958,5639,0,4,38,42,1.0952380952380953,0.045843796413450766,590,Stoopid lizard. Him forget to sign with a ©!!
3506,5639,1,2,39,42,1.0952380952380953,0.057123496526633864,590,Im just here so i get the grade
3132,5639,1,2,39,42,1.0952380952380953,0.057123496526633864,590,We didn't live at the same time but we did paint caves at the same time.
2872,5639,0,4,38,42,1.0952380952380953,0.045843796413450766,590,Watch out! He might be Cro-magnon.
3748,5639,0,4,38,42,1.0952380952380953,0.045843796413450766,590,"When he learns how to sign his name, we're finished."" ""When he learns how to sign his name, we're finished."
1992,5639,0,4,38,42,1.0952380952380953,0.045843796413450766,590,"Death of the Dinosaurs. ""Elitist - Let's kill him!"""
1776,5639,0,4,38,42,1.0952380952380953,0.045843796413450766,590,They told me he was adept at the art of hunting!
1078,5639,0,4,38,42,1.0952380952380953,0.045843796413450766,590,Would you like to see the dessert menu? It’s just a little bit bigger.
653,5639,0,4,38,42,1.0952380952380953,0.045843796413450766,590,They do not look like us.
381,5639,0,4,38,42,1.0952380952380953,0.045843796413450766,590,Well there goes our theory that the forgers were all copycats!
2276,5639,1,2,39,42,1.0952380952380953,0.057123496526633864,590,"This is how we enforce the ""No Species is Better Than Us"" law."
1567,5653,0,4,39,43,1.0930232558139534,0.04481972612369448,590,The health insurance company is demanding all his records of injury to assess coverage.
3705,5654,0,4,40,44,1.0909090909090908,0.04384025656094653,590,Let’s club him before he puts two and two together.
1641,5655,0,3,34,37,1.0810810810810811,0.045493265488117475,590,Just watch... it's going to be another drawing of a lounge.
1798,5655,0,3,34,37,1.0810810810810811,0.045493265488117475,590,Not sure about this permissive parenting. You’ll never catch me lettin’ my little Og paint on the walls. Next thing that kid’ll be paintin’ his graffiti on Stonehenge.
1830,5655,0,3,34,37,1.0810810810810811,0.045493265488117475,590,He's tired of waiting on George RR Martin....making his own Book Six.
1885,5655,0,3,34,37,1.0810810810810811,0.045493265488117475,590,I don't know how much longer that dinosaurs and man can co-exist.
1987,5655,0,3,34,37,1.0810810810810811,0.045493265488117475,590,"His message of species extinction, including his own, is powerful. It's unfortunate that it's in this cave."
2103,5655,0,3,34,37,1.0810810810810811,0.045493265488117475,590,He's changing colors again.
2777,5655,0,3,34,37,1.0810810810810811,0.045493265488117475,590,Damn!
2330,5655,0,3,34,37,1.0810810810810811,0.045493265488117475,590,"It's OK, I let him in our drawing cave as long as he doesn't add mustaches and devils horns?"
2594,5655,0,3,34,37,1.0810810810810811,0.045493265488117475,590,It’s called a Bobrossosaurus.
1537,5655,0,3,34,37,1.0810810810810811,0.045493265488117475,590,"What's next, club control legislation?"
2844,5655,0,3,34,37,1.0810810810810811,0.045493265488117475,590,"I could withstand him eating my wife, but this really crosses the line"
2945,5655,0,3,34,37,1.0810810810810811,0.045493265488117475,590,Oh no! He's editing my drawings...and it'll change how people will look at dinosaurs in the future!
3030,5655,0,3,34,37,1.0810810810810811,0.045493265488117475,590,"Told you, Grupsky...first you taught her to stand, now she's invented graffiti!"
3179,5655,1,1,35,37,1.0810810810810811,0.05975900523162883,590,I knew if he was in here long enough he'd come up with one for the ages.
2247,5655,0,3,34,37,1.0810810810810811,0.045493265488117475,590,Pas pour moi.
1507,5655,0,3,34,37,1.0810810810810811,0.045493265488117475,590,"No, Zogg, competition sucks."
999,5655,0,3,34,37,1.0810810810810811,0.045493265488117475,590,Don't you dare go raggin on the dragon or I'll be taking you home laid out on wagon.
1194,5655,0,3,34,37,1.0810810810810811,0.045493265488117475,590,It's his blue period.
3807,5655,0,3,34,37,1.0810810810810811,0.045493265488117475,590,He's the tribe's resident artist. This could be the start of something big!
3603,5655,0,3,34,37,1.0810810810810811,0.045493265488117475,590,"Shortly following, man was credited for adding symbols to caves..."
3729,5655,0,3,34,37,1.0810810810810811,0.045493265488117475,590,Looks like his iPhone battery died again.
0,5655,0,3,34,37,1.0810810810810811,0.045493265488117475,590,"You are what you eat, you pig."
91,5655,0,3,34,37,1.0810810810810811,0.045493265488117475,590,I think he must be God.
313,5655,1,1,35,37,1.0810810810810811,0.05975900523162883,590,Android emojis really are far behind.
1234,5655,0,3,34,37,1.0810810810810811,0.045493265488117475,590,"Tork not afraid of big lizzard, this graffitti need stop now!"
502,5655,0,3,34,37,1.0810810810810811,0.045493265488117475,590,"in high school i would've totally swirlied this dude, called him a pussy, whatever. but now? i sort of admire his dedication? and i'm sort of jealous he has something outside work and family and mass media? life's fucked up"
514,5655,0,3,34,37,1.0810810810810811,0.045493265488117475,590,behind the scenes
557,5655,0,3,34,37,1.0810810810810811,0.045493265488117475,590,I just know we are going to be castigated for that graffiti.
792,5655,0,3,34,37,1.0810810810810811,0.045493265488117475,590,Have you ever heard him try to give a wedding toast? Terrible!
863,5655,0,3,34,37,1.0810810810810811,0.045493265488117475,590,"There's an old saying, ""Beauty is in the eye of the beholder."""
870,5655,1,1,35,37,1.0810810810810811,0.05975900523162883,590,Should I tell him his attempt at Realism is reading Pop Art?
1073,5655,0,3,34,37,1.0810810810810811,0.045493265488117475,590,I'm feeling emotionally threatened and just wanna kill it.
510,5655,0,3,34,37,1.0810810810810811,0.045493265488117475,590,"Well I’ll be darned; my kid wasn’t just crying, ‘Wolf!’"
4393,5655,0,3,34,37,1.0810810810810811,0.045493265488117475,590,Maybe I should have payed closer attention in the Cave Painting 101 class...
3382,5655,0,3,34,37,1.0810810810810811,0.045493265488117475,590,"Where'd ya git the bronze, Merv?"
4133,5655,0,3,34,37,1.0810810810810811,0.045493265488117475,590,I bet he loses that talent in the future. Someone will take credit though.
6024,5655,0,3,34,37,1.0810810810810811,0.045493265488117475,590,I can't wait till it comes up with the internet.
5981,5655,0,3,34,37,1.0810810810810811,0.045493265488117475,590,He draws his nightmares so he can remember them. I’ve called a therapist but he won’t work with fire breathing dragons any longer. Something about a former run-in.
5967,5655,0,3,34,37,1.0810810810810811,0.045493265488117475,590,I'm going to call it 'The Art of the Deal'.
4023,5655,0,3,34,37,1.0810810810810811,0.045493265488117475,590,Make sure we dispose of the body so we get full credit for posterity.
5871,5655,0,3,34,37,1.0810810810810811,0.045493265488117475,590,Remember our hide and seek cave ? No one thought about scratching stick figures.
5670,5655,0,3,34,37,1.0810810810810811,0.045493265488117475,590,"“Us, descended from them? That is so laughable."
5091,5655,0,3,34,37,1.0810810810810811,0.045493265488117475,590,These kids today! Always trying to make us feel like dinosaurs!
5891,5655,0,3,34,37,1.0810810810810811,0.045493265488117475,590,This is never going to come out.
3335,5655,0,3,34,37,1.0810810810810811,0.045493265488117475,590,Sorry gentlemen. The position's been filled.
4399,5655,0,3,34,37,1.0810810810810811,0.045493265488117475,590,I’ve always wanted to run a train on an artist.
4532,5655,0,3,34,37,1.0810810810810811,0.045493265488117475,590,My pet Tyrannosaurus does landscapes!
4644,5655,0,3,34,37,1.0810810810810811,0.045493265488117475,590,Ever since he gave me a lift he thinks he's a horse.
4715,5703,0,3,35,38,1.0789473684210527,0.044331271812937195,590,"If this was my place, I'd get rid of the whole kit and caboodle."
4764,5703,0,3,35,38,1.0789473684210527,0.044331271812937195,590,"you know ,I think this representational thing is over, we should go the more conceptual route, don't you think?"
4811,5703,0,3,35,38,1.0789473684210527,0.044331271812937195,590,Maybe we should spare him in return for some interior decorating of our own homes.
5160,5703,0,3,35,38,1.0789473684210527,0.044331271812937195,590,'Good art. Think it's copyrighted?'
5341,5703,0,3,35,38,1.0789473684210527,0.044331271812937195,590,They didn't tell us about this in our art history class!
5485,5703,1,1,36,38,1.0789473684210527,0.058204267603313695,590,His reptilian brain fires much better than our prefrontal cortex. Homo sapiens is in peril!
5828,5703,1,1,36,38,1.0789473684210527,0.058204267603313695,590,Lets threaten the Big Daddy. Others (allies) will follow the suit..... (US vs North Korea)
5920,5703,0,3,35,38,1.0789473684210527,0.044331271812937195,590,It's great; I say we appropriate it...
5947,5703,0,3,35,38,1.0789473684210527,0.044331271812937195,590,"You go high, and I'll...take credit for the drawings."
1828,5703,0,3,35,38,1.0789473684210527,0.044331271812937195,590,We need to sign him. But I hear Larry Gagosian has an exclusive on his galleries
4696,5703,0,3,35,38,1.0789473684210527,0.044331271812937195,590,"He only ""speaks"" emoji."
2309,5703,0,3,35,38,1.0789473684210527,0.044331271812937195,590,His last show was more inventive!
1868,5703,0,3,35,38,1.0789473684210527,0.044331271812937195,590,I'll have what the BFG is having.
1216,5703,0,3,35,38,1.0789473684210527,0.044331271812937195,590,You distract him. I'll grab the artwork....
138,5703,0,3,35,38,1.0789473684210527,0.044331271812937195,590,TREE HUNDRED THOUSAND YEARS FROM NOW SOMEONE WILL SAY OOOPS !!!
1,5703,0,3,35,38,1.0789473684210527,0.044331271812937195,590,"Our chef only knows how to make fried chicken, but you get a choice of any 2 of our 300 side dishes."
1065,5703,0,3,35,38,1.0789473684210527,0.044331271812937195,590,I told you this isn't private enough for your diaries.
73,5703,0,3,35,38,1.0789473684210527,0.044331271812937195,590,I'm glad I didn't study art in high school; look how strange it makes you look.
614,5703,0,3,35,38,1.0789473684210527,0.044331271812937195,590,Do you think he takes requests?
1590,5703,0,3,35,38,1.0789473684210527,0.044331271812937195,590,I'll bet ya he tastes fruity...
4579,5703,0,3,35,38,1.0789473684210527,0.044331271812937195,590,You've been feeding him Camembert cheese again haven't you?
487,5703,1,1,36,38,1.0789473684210527,0.058204267603313695,590,I'm not impressed. It's actually color by numbers.
4280,5703,0,3,35,38,1.0789473684210527,0.044331271812937195,590,"Each animal is done in such fine detail, and then there's us: two lumps of coal holding sticks! Sticks make me look fat! ....and I've been using a club for 10,000 moons now, Where did you find this hack?"
2596,5703,0,3,35,38,1.0789473684210527,0.044331271812937195,590,Must be one of those lunge lizards.
2816,5703,0,3,35,38,1.0789473684210527,0.044331271812937195,590,He may well be the next Mon-e-thesaurus!
2967,5703,0,3,35,38,1.0789473684210527,0.044331271812937195,590,We have a artist in the house.
1735,5703,0,3,35,38,1.0789473684210527,0.044331271812937195,590,I hired an old interior decorator.
4303,5703,0,3,35,38,1.0789473684210527,0.044331271812937195,590,Maybe we have a new business model here: Tyrannoartist for Hire.
3025,5703,0,3,35,38,1.0789473684210527,0.044331271812937195,590,This one’s been counting calories. We need a fatter one to feed the tribe.
3064,5703,0,3,35,38,1.0789473684210527,0.044331271812937195,590,He's a keeper if he can keep track of things.
1692,5703,0,3,35,38,1.0789473684210527,0.044331271812937195,590,Hurry and fetch more marking pens. Only two spares left.
3082,5703,0,3,35,38,1.0789473684210527,0.044331271812937195,590,This bores me...
3088,5703,0,3,35,38,1.0789473684210527,0.044331271812937195,590,I hear we're on his list...
3241,5703,0,3,35,38,1.0789473684210527,0.044331271812937195,590,Bishop Usher was right!
3304,5703,0,3,35,38,1.0789473684210527,0.044331271812937195,590,Warhol it's not.
3007,5703,0,3,35,38,1.0789473684210527,0.044331271812937195,590,I think he does that because he doesn't have a belt.
3756,5703,0,3,35,38,1.0789473684210527,0.044331271812937195,590,"Ooga booga, this takes fauvism to a new level."
3606,5703,0,3,35,38,1.0789473684210527,0.044331271812937195,590,Why can't this happen to my friends?
3813,5703,0,3,35,38,1.0789473684210527,0.044331271812937195,590,"Well, I can't say that he reinvented the wheel... but the critics aren't complaining."
3589,5703,0,3,35,38,1.0789473684210527,0.044331271812937195,590,Ayyyyyyee
3966,5703,0,3,35,38,1.0789473684210527,0.044331271812937195,590,I'll get the chisel.
3552,5703,0,3,35,38,1.0789473684210527,0.044331271812937195,590,TheDinosaurArtist
4069,5703,0,3,35,38,1.0789473684210527,0.044331271812937195,590,Hey! I thought we get top billing.
1949,5703,0,3,35,38,1.0789473684210527,0.044331271812937195,590,Let's send him to art school.
4155,5703,0,3,35,38,1.0789473684210527,0.044331271812937195,590,If we don't eliminate him now he may evolve and populate the world instead of us....
464,5748,0,3,36,39,1.0769230769230769,0.04322703745761662,590,It's our Washington menu. It's the biggest with the best words.
472,5748,0,3,36,39,1.0769230769230769,0.04322703745761662,590,"A brilliant artist? Sure, but the pea-brain sold me the copyright for a dead gecko."
5109,5748,0,3,36,39,1.0769230769230769,0.04322703745761662,590,I knew you didn't have that talent.
4958,5748,0,3,36,39,1.0769230769230769,0.04322703745761662,590,Dassa ardis izzard
4747,5748,0,3,36,39,1.0769230769230769,0.04322703745761662,590,"All the other kids get to work on Palms, but he still makes us use cave chalk. I wish Mr. Rex wasn't such a dinosaur."
682,5748,0,3,36,39,1.0769230769230769,0.04322703745761662,590,How rude.
3915,5748,0,3,36,39,1.0769230769230769,0.04322703745761662,590,Think of it as art criticsism.
1165,5748,0,3,36,39,1.0769230769230769,0.04322703745761662,590,"Wait till they find out they disappeared because they could not paint, not because they smoked"
1358,5748,0,3,36,39,1.0769230769230769,0.04322703745761662,590,Cave man drawing plagiarism theory
1821,5748,0,3,36,39,1.0769230769230769,0.04322703745761662,590,Must protect Accountant artistic expression.
1934,5748,1,1,37,39,1.0769230769230769,0.05672833888524614,590,What should we do?
2130,5748,0,3,36,39,1.0769230769230769,0.04322703745761662,590,We should wait till he’s got everything up to date ...
3348,5748,0,3,36,39,1.0769230769230769,0.04322703745761662,590,"Your ""smart"" toaster has malware and even I can't fix it."
4727,5748,0,3,36,39,1.0769230769230769,0.04322703745761662,590,Our Picasso's sell here for a dime a dozen.
3485,5748,0,3,36,39,1.0769230769230769,0.04322703745761662,590,These art openings are getting popular -- there's only one hors d'oeuvre left.
3436,5748,0,3,36,39,1.0769230769230769,0.04322703745761662,590,"Goodness Larry, pay no attention to that Fake News!"
3733,5748,0,3,36,39,1.0769230769230769,0.04322703745761662,590,when he finishes decorating we'll ask him to move out.
3664,5748,0,3,36,39,1.0769230769230769,0.04322703745761662,590,Postmodern Realism has been dead for centuries.
3601,5748,0,3,36,39,1.0769230769230769,0.04322703745761662,590,When you're watching your mom cook dinner
3599,5748,0,3,36,39,1.0769230769230769,0.04322703745761662,590,The Age of the Dinosaur's
2046,5768,0,3,37,40,1.075,0.04217636961434866,590,So So primitive. He can't stay in the lines.
1747,5768,0,3,37,40,1.075,0.04217636961434866,590,"Yeah, but we're better at taking credit."
3666,5768,0,3,37,40,1.075,0.04217636961434866,590,They must have gone to elementary school in Finland.
4638,5768,0,3,37,40,1.075,0.04217636961434866,590,Let's just tell our wives we were playing cards instead!
885,5772,0,3,38,41,1.0731707317073171,0.04117547077105886,590,He travels a lot but lately I think he is just horsing around!s
4624,5772,0,3,38,41,1.0731707317073171,0.04117547077105886,590,Who'd think a big lizard could make art?
3037,5772,0,3,38,41,1.0731707317073171,0.04117547077105886,590,"Sheer genius! What Krag did for the wheel, he’s doing for painting."
1758,5772,0,3,38,41,1.0731707317073171,0.04117547077105886,590,Would you believe. He's trying to one up us.
4432,5776,0,2,32,34,1.0588235294117647,0.0409594484601642,590,Let's smack him over the head and steal his ideas. The girls will think we've evolved!
5836,5776,0,2,32,34,1.0588235294117647,0.0409594484601642,590,I thought you told Blue Apron I'm allergic to Dino!
5827,5776,0,2,32,34,1.0588235294117647,0.0409594484601642,590,"Grab our bones and stones, I'll off this dude and we'll make history here."
5811,5776,0,2,32,34,1.0588235294117647,0.0409594484601642,590,looks like kilroy was here too
5798,5776,0,2,32,34,1.0588235294117647,0.0409594484601642,590,"Not to worry, he doesn't have an agent."
5277,5776,1,0,33,34,1.0588235294117647,0.05882352941176471,590,"Man, this figuration lark is so old. These guys are such dinosaurs!"
5035,5776,0,2,32,34,1.0588235294117647,0.0409594484601642,590,Fake news! Who do you think started the attacks on those nice animals? Big Teeth Guy better watch out or his days are numbered!!!
5960,5776,0,2,32,34,1.0588235294117647,0.0409594484601642,590,"When he's no longer around, who do we get to decorate?"
2535,5776,0,2,32,34,1.0588235294117647,0.0409594484601642,590,Banksy Raptor!!
3794,5776,0,2,32,34,1.0588235294117647,0.0409594484601642,590,Is dinosaur tasty enough for you? The lions and tigers ate each other and there's only their bones left!
196,5776,0,2,32,34,1.0588235294117647,0.0409594484601642,590,I told you only one male and one female of each of the species in the cave to survive a nuclear war.
123,5776,0,2,32,34,1.0588235294117647,0.0409594484601642,590,"Ugh, Why he draw picture with bunny ears?"
4063,5776,0,2,32,34,1.0588235294117647,0.0409594484601642,590,He does his best work after a good walloping.
766,5776,0,2,32,34,1.0588235294117647,0.0409594484601642,590,That's kinda cool... maybe we can skip dinner tonight.
1108,5776,0,2,32,34,1.0588235294117647,0.0409594484601642,590,"As they say, ""the future lies ahead."""
561,5776,1,0,33,34,1.0588235294117647,0.05882352941176471,590,Couldn't you find the Etch A Sketch?
120,5776,0,2,32,34,1.0588235294117647,0.0409594484601642,590,"First, we hunt them to extinction. Then, condos!"
1367,5776,0,2,32,34,1.0588235294117647,0.0409594484601642,590,The devil you say...
2249,5776,1,0,33,34,1.0588235294117647,0.05882352941176471,590,The breast is yet to come.
2283,5776,0,2,32,34,1.0588235294117647,0.0409594484601642,590,Maybe we should recognize his contributions as legitimate art but I wish he wouldn't hog my space.
3533,5776,0,2,32,34,1.0588235294117647,0.0409594484601642,590,Why weren't we invited to Paint Nite?
1181,5776,0,2,32,34,1.0588235294117647,0.0409594484601642,590,No one is ever going to believe us!
4106,5798,0,2,33,35,1.0571428571428572,0.039807459772527774,590,Teenagers... it’s onecstory after another.
5941,5798,0,2,33,35,1.0571428571428572,0.039807459772527774,590,"He looks good enough to eat, but is he gluten-free?"
5609,5798,0,2,33,35,1.0571428571428572,0.039807459772527774,590,He’s telling us it’s time for dinner!
5568,5798,0,2,33,35,1.0571428571428572,0.039807459772527774,590,I have a soft spot for artists. You're the meat provider today.
4956,5798,0,2,33,35,1.0571428571428572,0.039807459772527774,590,"I was expecting more of a Hudson River School kind of thing, but that's what you get for paying in advance."
4731,5798,0,2,33,35,1.0571428571428572,0.039807459772527774,590,He is turning us in to PETA!
2757,5798,0,2,33,35,1.0571428571428572,0.039807459772527774,590,He took the right turn at Germany. Now he thinks he's a big shot.
1890,5798,0,2,33,35,1.0571428571428572,0.039807459772527774,590,And let's just give him a little friend...
2376,5798,0,2,33,35,1.0571428571428572,0.039807459772527774,590,"Ready Graffito? On the count of 3, OK?"
9,5798,0,2,33,35,1.0571428571428572,0.039807459772527774,590,"Dining in NYC: Take your time, sir. Read the menu. Decide what you want. Then I will tell you what we no longer have or have run out of. If we no longer offer 3 of your selections, then we win, you lose, and you turn over the table to someone else."
480,5798,0,2,33,35,1.0571428571428572,0.039807459772527774,590,My lizard brain only fight or flight.
773,5798,0,2,33,35,1.0571428571428572,0.039807459772527774,590,Me hire new interior decorator. She expensive but good.
854,5798,0,2,33,35,1.0571428571428572,0.039807459772527774,590,"What is this (mess)?? another day of ""drama; . Confusion. "" No sleep. ( does space have any Seats)??"
2679,5798,1,0,34,35,1.0571428571428572,0.05714285714285715,590,Perhaps we should wait a year or two. I'm not sure we've evolved enough to tackle a job like this.
2019,5798,0,2,33,35,1.0571428571428572,0.039807459772527774,590,What’s that lizard doing here
2071,5798,0,2,33,35,1.0571428571428572,0.039807459772527774,590,I'd like to start with a ladder.
2299,5798,0,2,33,35,1.0571428571428572,0.039807459772527774,590,Where did your wife find the new decorator?
1548,5798,0,2,33,35,1.0571428571428572,0.039807459772527774,590,I think we finally caught that graffiti artist red handed
116,5816,0,2,34,36,1.0555555555555556,0.0387184473576205,590,"It's a sign of an advanced civilization, you know?"
127,5816,0,2,34,36,1.0555555555555556,0.0387184473576205,590,"Well, you see, mirrors haven't been invented yet. So this way he can see himself when he shaves."
3981,5816,0,2,34,36,1.0555555555555556,0.0387184473576205,590,Coloring Book by Chance?
4534,5816,0,2,34,36,1.0555555555555556,0.0387184473576205,590,It's destroying the pristine walls of our cave!
5356,5816,0,2,34,36,1.0555555555555556,0.0387184473576205,590,Why can't the school afford those stone crayons? The Board has the same old dinosaurs on it.
3724,5821,0,2,35,37,1.054054054054054,0.03768738858261605,590,"caveman: ""where did you hear that about me? the bathroom wall??"""
2239,5822,0,2,36,38,1.0526315789473684,0.0367097806559429,590,"When you finish reading that sir, I will tell you about the 50 specials that are not on our menu."
3650,5823,0,1,30,31,1.032258064516129,0.032791291789197645,590,"No, Grr, it’s your turn to club the mockasaurus to death!"
5598,5823,0,1,30,31,1.032258064516129,0.032791291789197645,590,"Spare the club and spoil the--hold up, is this kid actually one of ours?"
3463,5823,0,1,30,31,1.032258064516129,0.032791291789197645,590,Think we can take him?
1301,5823,0,1,30,31,1.032258064516129,0.032791291789197645,590,"I mean, his shit's running for sure -- I've seen it everywhere. He's getting up. But his style's hella toy, blud. I really don't think we can let him in the crew."
3051,5823,0,1,30,31,1.032258064516129,0.032791291789197645,590,Who is the fairest of them all?
1096,5823,0,1,30,31,1.032258064516129,0.032791291789197645,590,Not until I've binged the first season on Netflix.
3315,5823,0,1,30,31,1.032258064516129,0.032791291789197645,590,"Man 1: You know what I am thinking? Man 2: Yahoo, it's time to plagiarize the art!"
4821,5830,0,1,31,32,1.03125,0.031750031750047626,590,I thought Mesozoic vandalism was history.
5584,5830,0,1,31,32,1.03125,0.031750031750047626,590,Rembrandt he ain't.
627,5830,0,1,31,32,1.03125,0.031750031750047626,590,I wonder which character I should use for my next game of 'Huts and Humans'?
4376,5830,0,1,31,32,1.03125,0.031750031750047626,590,I don't care about his talent. Let's just wear his skin.
199,5830,0,1,31,32,1.03125,0.031750031750047626,590,What does a dinosaur know about museums?
4109,5835,0,1,32,33,1.0303030303030303,0.030772872744833184,590,This beast seems to know future - let us ask if we get brides soon
5725,5835,0,1,32,33,1.0303030303030303,0.030772872744833184,590,I guess that clinches it. Maybe someday you could be president.
330,5837,0,1,33,34,1.0294117647058822,0.029854071701326604,590,he said he just wants the future to remember him
4654,5838,0,1,34,35,1.0285714285714285,0.028988551782622423,590,Should we do a hostile takeover or a synergetic merger?
3812,5839,0,0,29,29,1.0,0.03509312031717982,590,Club Beast! Spread word that dinosaurs not live with us!
3010,5839,0,0,30,30,1.0,0.03390317518104052,590,That Tom Chaney lizard is at it again.
4829,5839,0,0,31,31,1.0,0.032791291789197645,590,"Every time we suggest she draw something else, she just says, ""See ya later...""."
3731,5839,0,0,28,28,1.0,0.036369648372665396,590,HOW THE DINOSAURS DIED OUT AND INVENTED HUBRIS: You know what they say about the “lizard brain.” Buncha B.S. invented by the lizards. Let’s get ‘im.
3596,5839,0,0,28,28,1.0,0.036369648372665396,590,Cavedinosaur
4187,5839,0,0,28,28,1.0,0.036369648372665396,590,Beats me? Yesterday he claimed that a drawing drawing a drawing... is why we all exist!?!
3395,5839,0,0,28,28,1.0,0.036369648372665396,590,He is planing his minu.
4583,5839,0,0,32,32,1.0,0.031750031750047626,590,He escaped the Disney camp.
4825,5839,0,0,29,29,1.0,0.03509312031717982,590,He's been watching too many late-night Horror movies.
2510,5839,0,0,29,29,1.0,0.03509312031717982,590,- See what art is doing with human being!
1969,5839,0,0,28,28,1.0,0.036369648372665396,590,This amphicious strike will change the course of art history again. If they only knew what had happened during Ice Age One.
2429,5839,0,0,29,29,1.0,0.03509312031717982,590,"I'm not a fan of mixed media, either."
2383,5839,0,0,29,29,1.0,0.03509312031717982,590,"Neander, my friend, how you get skylight in your cave?"
1572,5839,0,0,29,29,1.0,0.03509312031717982,590,Extinct Species Horse
985,5839,0,0,30,30,1.0,0.03390317518104052,590,I don't I want to go in.
857,5839,0,0,29,29,1.0,0.03509312031717982,590,"I don't care if your lizard brain lacks soul, you're still the best moron I know."
185,5839,0,0,28,28,1.0,0.036369648372665396,590,"Great, now in 50,000 years we're going to get blamed for this carp."
4217,5839,0,0,38,38,1.0,0.02666903735313325,590,Our clubs are bigger.
3427,5839,0,0,40,40,1.0,0.025318484177091666,590,Doggy want out of house! Now!
3563,5839,0,0,38,38,1.0,0.02666903735313325,590,Dinotivities
5768,5839,0,0,28,28,1.0,0.036369648372665396,590,What do you suppose dino the dinosaur is drawing in the caves.
5010,5839,0,0,28,28,1.0,0.036369648372665396,590,Who woulda thought the bible really was literal.
1057,5839,0,0,29,29,1.0,0.03509312031717982,590,Looks like a case of plagiarism to me.
2690,5839,0,0,58,58,1.0,0.017391961901349125,590,Has the genius been playing with the copier again?
5801,5839,0,0,40,40,1.0,0.025318484177091666,590,"I hope in the future, they wont't think we drew these awful pictures."
4313,5839,0,0,120,120,1.0,0.008368274087557229,590,We’re still paying his student loans for art school
2352,5839,0,0,126,126,1.0,0.007968190728895957,590,I can't wait for these graffiti artists to go extinct.
1485,5839,0,0,126,126,1.0,0.007968190728895957,590,Lascaux find another cave
4328,5839,0,0,127,127,1.0,0.007905200090854148,590,He's pretty good. Let's stay at your place and let him finish.
5194,5839,0,0,132,132,1.0,0.007604617709126885,590,It’s among the finest examples of primitive expressionism I’ve ever seen.
4087,5839,0,0,132,132,1.0,0.007604617709126885,590,"""The iconicity of the metaphorical perturbation resonates with the disjunctive eloquence.'"
3136,5839,0,0,132,132,1.0,0.007604617709126885,590,I can't believe no one told us about the new emojis.
192,5839,0,0,129,129,1.0,0.007782160079558629,590,His work is so derivative.
1979,5839,0,0,59,59,1.0,0.017094641498783945,590,Trust me! We Stem -- and never these Meek -- will inherit the Earth.
4223,5839,0,0,131,131,1.0,0.007662891493956463,590,And they say we're the missing link!
762,5839,0,0,81,81,1.0,0.012422599874998832,590,"I'm not getting it, it's probably Darwin's Witnesses!"
3260,5839,0,0,147,147,1.0,0.0068259783223928085,590,How could you forget to draw all the legs? You're so Neanderthal.
2388,5839,0,0,81,81,1.0,0.012422599874998832,590,"Sentient schmentient, I wanna wallop something."
2715,5839,0,0,81,81,1.0,0.012422599874998832,590,Let wait until he finishes painting the house.
3221,5839,0,0,148,148,1.0,0.006779699969660707,590,"Again, he has too many things n the menu"
956,5839,0,0,75,75,1.0,0.013423121104280487,590,You say Artosaurus? I say it’s a talented guy in a lizard suit.
413,5839,0,0,79,79,1.0,0.012739111916124871,590,Don't bother. You'll waste your time and he'll just throw away his potential chasing after a girl. Trust me.
1594,5839,0,0,79,79,1.0,0.012739111916124871,590,If dinosaurs were interior designers.
2338,5839,0,0,133,133,1.0,0.007547223547528769,590,"Yeah, but the style is primitive. I say he's dinner."
2591,5839,0,0,79,79,1.0,0.012739111916124871,590,Big deal..he didn't include the Neolithic spiral.
4338,5839,0,0,120,120,1.0,0.008368274087557229,590,Let's go ....No one is going to believe a dragon did it.
3366,5839,0,0,114,114,1.0,0.008810658179868874,590,It's too photo-realistic for my taste.
4793,5839,0,0,97,97,1.0,0.010362833403620979,590,Looks like a diet diary for Weight Watchers . . .
3636,5839,0,0,96,96,1.0,0.010471347707292388,590,"I'm not a fan of his work, extincts."
3114,5839,0,0,96,96,1.0,0.010471347707292388,590,It's true; he's trying to make drawings of a pair of each creature before the Big Flood occurs.
730,5839,0,0,96,96,1.0,0.010471347707292388,590,He’s in his portraiture phase.
699,5839,0,0,96,96,1.0,0.010471347707292388,590,We also have several dozen specials.
316,5839,0,0,96,96,1.0,0.010471347707292388,590,Think about how much it'll be worth if they go extinct!
5221,5839,0,0,98,98,1.0,0.010256545123110545,590,I hate to interrupt his artistic flow.
3420,5839,0,0,98,98,1.0,0.010256545123110545,590,I thought we were the only species with opposable thumbs
5737,5839,0,0,118,118,1.0,0.008510715353136088,590,"For the last time - let him finish, we take the credit."
3107,5839,0,0,101,101,1.0,0.00995037190209989,590,How do YOU know it's not Banksy?
5422,5839,0,0,102,102,1.0,0.009852336290568345,590,"He's expensive, but the bump in resale value will make up for it."
912,5839,0,0,102,102,1.0,0.009852336290568345,590,I believe he's drawing favorite edibles.
5045,5839,0,0,104,104,1.0,0.009661948493603892,590,Omnivore Galore
5181,5839,0,0,83,83,1.0,0.012121434739137725,590,He's ruining my masterpiece!
458,5839,0,0,107,107,1.0,0.009389774844349512,590,"Let him finish, then we'll take credit and trade it for a bigger cave!"
597,5839,0,0,110,110,1.0,0.009132515299544463,590,The vernissage is this evening at six
5775,5839,0,0,112,112,1.0,0.00896870004167719,590,He wants to be remembered as an artist
4907,5839,0,0,112,112,1.0,0.00896870004167719,590,Now don't you go drawing conclusions.
1660,5839,0,0,103,103,1.0,0.009756213637973549,590,I didn't see that coming
5430,5839,0,0,97,97,1.0,0.010362833403620979,590,"If anyone asks in 20 million years, we are the artist ones."
3225,5839,0,0,79,79,1.0,0.012739111916124871,590,He's no Grandma Moses
3691,5839,0,0,79,79,1.0,0.012739111916124871,590,"Beats me, but, he’s popular with the ladies."
3497,5839,0,0,66,66,1.0,0.015267620413811482,590,I didn't know they had dinosaur costumes back then!
4985,5839,0,0,66,66,1.0,0.015267620413811482,590,As your leader I declare that to be fake news!
1399,5839,0,0,67,67,1.0,0.015038019057934237,590,He's early this year! There is weeks to go and he is already working out the menu for his Christmas dinner!
128,5839,0,0,63,63,1.0,0.01600051202457731,590,Would you like that supersized?
1646,5839,0,0,63,63,1.0,0.01600051202457731,590,I think he's filling out his Thanksgiving menu wish-list.
1993,5839,0,0,63,63,1.0,0.01600051202457731,590,"""He's no Pacaso""."
5093,5839,0,0,58,58,1.0,0.017391961901349125,590,"His work is too primitive and just as he is, passé."
2036,5839,0,0,63,63,1.0,0.01600051202457731,590,Forget about her... artists are too temperamental.
3439,5839,0,0,66,66,1.0,0.015267620413811482,590,"We should stop him,he's messing up 10,000 years of history."
5038,5839,0,0,58,58,1.0,0.017391961901349125,590,Clearly head and shoulders above his contemporaries.
5705,5839,0,0,63,63,1.0,0.01600051202457731,590,We should nip this in the bud.
5719,5839,0,0,63,63,1.0,0.01600051202457731,590,He's a list maker
4266,5839,0,0,68,68,1.0,0.014815221273648994,590,Elle essaie vraiment de confondre l'abbé Breuil!
467,5839,0,0,61,61,1.0,0.016529490122682157,590,Damn gang taggers!!!
5064,5839,0,0,61,61,1.0,0.016529490122682157,590,I thought you said this joint had gluten-free options.
135,5839,0,0,58,58,1.0,0.017391961901349125,590,I can't wait until paint is invented.
4795,5839,0,0,58,58,1.0,0.017391961901349125,590,Let's make him a deal -- draw us or die.
1492,5839,0,0,58,58,1.0,0.017391961901349125,590,What do you make of the fact he never draws human figures?
3385,5839,0,0,63,63,1.0,0.01600051202457731,590,I just think he's futures going to be limited with just an arts degree
3242,5839,0,0,79,79,1.0,0.012739111916124871,590,"Don't get your clubs dirty, next week is the end of the Mesozoic era!"
4121,5839,0,0,64,64,1.0,0.015748519708717802,590,"If they've developed abstract reasoning, we'll have to kill them all off."
641,5839,0,0,68,68,1.0,0.014815221273648994,590,"We may be on the menu, but at least we're not the hors d'oeuvres ."
4229,5839,0,0,64,64,1.0,0.015748519708717802,590,I pay him by the hour
5691,5839,0,0,79,79,1.0,0.012739111916124871,590,It got a diversity scholarship.
3967,5839,0,0,76,76,1.0,0.013245323570650438,590,"Sure, being an artist is a great way to attract our women, but they can’t evolve together. All he can do is eat them."
4316,5839,0,0,76,76,1.0,0.013245323570650438,590,"You have to admit, that is a good likeness of your brothers."
4518,5839,0,0,80,80,1.0,0.01257886513566569,590,Another gimmick from a new gallery.
5100,5839,0,0,80,80,1.0,0.01257886513566569,590,He thinks it's his trophy room.
1221,5839,0,0,81,81,1.0,0.012422599874998832,590,Check out what Larry wrote on Tim's wall!
1810,5839,0,0,81,81,1.0,0.012422599874998832,590,"That’s Michaelangelosaurs, married to my Aunt Sue."
4631,5839,0,0,73,73,1.0,0.013793431476706131,590,Now the lizards are having their Cave Deco period!
193,5839,0,0,77,77,1.0,0.013072174640400053,590,"As you can see, we have expanded our menu. NOTE: The previous address and submission from Colleen Bush should have been this one. I forgot to enter the new caption. Thank you!"
2935,5839,0,0,77,77,1.0,0.013072174640400053,590,Time to rescind his NEA grant and eat him.
4849,5839,0,0,77,77,1.0,0.013072174640400053,590,"Let's wait till it finishes, kill it, and claim we did it. We could get famous."
5296,5839,0,0,77,77,1.0,0.013072174640400053,590,It's better than you.
5802,5839,0,0,77,77,1.0,0.013072174640400053,590,He's the kind of editor you just don't say no to.
4496,5839,0,0,74,74,1.0,0.013605756997417963,590,"Call me a stick in the mud, but I'm not dining here again until they take old Harv off the specials menu."
3877,5839,0,0,70,70,1.0,0.014388861576723854,590,"It's good, he can the high walls and ceiling."
5882,5839,0,0,75,75,1.0,0.013423121104280487,590,"Not bad. If she can cool, I'll consider it"
1570,5839,0,0,76,76,1.0,0.013245323570650438,590,See? this is why I hate fake news!
1091,5839,0,0,77,77,1.0,0.013072174640400053,590,The law 'Do Not Club Artists' has been passed.
2008,5839,0,0,94,94,1.0,0.010695340092890231,590,Drawing on walls? How primitive.
5272,5839,0,0,95,95,1.0,0.010582158705422128,590,Who said he could draw on our wall?
4169,5839,0,0,59,59,1.0,0.017094641498783945,590,Maybe just a bad review...
1468,5839,0,0,48,48,1.0,0.021053798026662972,590,"All for the best, really. We would've screwed up the future big time."
1316,5839,0,0,48,48,1.0,0.021053798026662972,590,What should our caption be? #hunting?
1243,5839,0,0,48,48,1.0,0.021053798026662972,590,Draw picture us we bring more toothpicks.
1093,5839,0,0,48,48,1.0,0.021053798026662972,590,So what’s with the representative art?
1049,5839,0,0,48,48,1.0,0.021053798026662972,590,"How about we kill them off, and take all the credit? Dinosaurs are old, cats are the new craze!"
532,5839,0,0,48,48,1.0,0.021053798026662972,590,Do you have a kids menu?
5282,5839,0,0,53,53,1.0,0.019048482943986485,590,Our new family pet.
3207,5839,0,0,53,53,1.0,0.019048482943986485,590,It's Halloween. He's my kid's art teacher.
2455,5839,0,0,48,48,1.0,0.021053798026662972,590,"He's talented, but his social media pages are not this informed."
5692,5839,0,0,52,52,1.0,0.019418390934515434,590,"The wife says Mural, I say Fresco."
5543,5839,0,0,51,51,1.0,0.019802950859533486,590,It's part of his therapy program - releasing his inner suarus.
5495,5839,0,0,51,51,1.0,0.019802950859533486,590,Best ladies night ever.
4322,5839,0,0,51,51,1.0,0.019802950859533486,590,I thought you said there was NO cover charge.
2447,5839,0,0,51,51,1.0,0.019802950859533486,590,If he draws a picture of Barney I'm gonna thump him good.
1963,5839,0,0,51,51,1.0,0.019802950859533486,590,Wow! Those old guys are just like us.
1920,5839,0,0,51,51,1.0,0.019802950859533486,590,You should see him draw to 'scale'
1906,5839,0,0,51,51,1.0,0.019802950859533486,590,Looks like we're dragon the chain.
1737,5839,0,0,51,51,1.0,0.019802950859533486,590,"And I say the hooves are not revelatory, but minimalist."
2059,5839,0,0,52,52,1.0,0.019418390934515434,590,The original Banksy.
1718,5839,0,0,51,51,1.0,0.019802950859533486,590,His comments are always 140 glyphs or less.
3386,5839,0,0,58,58,1.0,0.017391961901349125,590,Do you think that that might confuse the paleo art critics?
5084,5839,0,0,48,48,1.0,0.021053798026662972,590,"He says he’s using big data, but it’s just an old dieting gimmick"
3819,5839,0,0,40,40,1.0,0.025318484177091666,590,He's the best artist to draw in our cave since Michelangelo painted on our ceiling!
615,5839,0,0,40,40,1.0,0.025318484177091666,590,Og: Humanity is actually under the control of dinosaur-like alien reptiles called the Babylon Brotherhood who must consume human blood to maintain their human appearance. They control the media and use it to hypnotize humanity. Ug: Racist ass...
5350,5839,0,0,44,44,1.0,0.022990024493585143,590,We'd better get out of here. It looks like we're on Rex' menu unless he turns vegan before sundown.
5051,5839,0,0,43,43,1.0,0.023531040266750583,590,"""Let's get the graffiti artist!""."
3762,5839,0,0,43,43,1.0,0.023531040266750583,590,They call her a futurist.
3303,5839,0,0,43,43,1.0,0.023531040266750583,590,"Look at Joe, so happy he's this weeks ""The Pangea"" Cartoon Caption contest artist."
5933,5839,0,0,46,46,1.0,0.021979349113192898,590,I’ve heard these Lascauxsaurus can be a bit sinewy.
3534,5839,0,0,46,46,1.0,0.021979349113192898,590,Good luck tonight. He says those bones he's writing with are the best use he ever got out of his last Pictionary partner.
5065,5839,0,0,48,48,1.0,0.021053798026662972,590,"You ask me, his work is strictly derivative."
3890,5839,0,0,52,52,1.0,0.019418390934515434,590,Are you coming to his neolithic art show at the MET next month?
454,5839,0,0,51,51,1.0,0.019802950859533486,590,"We're not that harry, are we?"
379,5839,0,0,51,51,1.0,0.019802950859533486,590,Cave-Dinos
3491,5839,0,0,50,50,1.0,0.020203050891044214,590,Ancient Art
3231,5839,0,0,50,50,1.0,0.020203050891044214,590,How much longer do you think he wants us to hold this pose for?
5633,5839,0,0,49,49,1.0,0.020619652471058063,590,A little too rococo for me.
4482,5839,0,0,49,49,1.0,0.020619652471058063,590,Jurassic art has never lit my fire.
1800,5839,0,0,49,49,1.0,0.020619652471058063,590,Wonder what our friend Darwin would have to say about this?
1319,5839,0,0,49,49,1.0,0.020619652471058063,590,The dinosaur gaze always presents us as their objects of prey. Wish they'd finally go extinct so we can start portraying ourselves as we really are...
1744,5839,0,0,51,51,1.0,0.019802950859533486,590,Your house guest is always showing me up.
1097,5839,0,0,51,51,1.0,0.019802950859533486,590,He'll never go to college.
4739,5839,0,0,55,55,1.0,0.018349396085439344,590,Isn't he supposed to be extinct?
4445,5839,0,0,54,54,1.0,0.018692405136401476,590,"He's recording his kills, he can't put notches in his club."
2519,5839,0,0,85,85,1.0,0.011834526708278772,590,The Graffitiosaurus is at it again. He never gets my nose right.
2381,5839,0,0,83,83,1.0,0.012121434739137725,590,When she slammed her tail twice I thought she understood we wanted abstract.
1380,5839,0,0,85,85,1.0,0.011834526708278772,590,He's of a different era.
3467,5839,0,0,87,87,1.0,0.01156088678177274,590,Didn't you tell him we were having a girl.
4119,5839,0,0,90,90,1.0,0.011173358719233181,590,He ate the artist during his performance piece.
2975,5839,0,0,90,90,1.0,0.011173358719233181,590,Would look great in your cave...
1740,5839,0,0,90,90,1.0,0.011173358719233181,590,"Caveman 1: Let’s beat her senseless, take credit for her art, and call it a cultural revolution. Caveman 2: We’re so evolved."
734,5839,0,0,90,90,1.0,0.011173358719233181,590,Dino Esposito!
5753,5839,0,0,85,85,1.0,0.011834526708278772,590,"Let's see what's for dinner"""
5516,5839,0,0,89,89,1.0,0.011299615367639217,590,Call it'evolution'or'artistic design'.
2685,5839,0,0,89,89,1.0,0.011299615367639217,590,The tagging has started - we're going to have to move.
2396,5839,0,0,89,89,1.0,0.011299615367639217,590,But will it make him happy?
2222,5839,0,0,89,89,1.0,0.011299615367639217,590,"Frankly, his work is getting too surrealist for me."
1255,5839,0,0,89,89,1.0,0.011299615367639217,590,Just my graduate student.
446,5839,0,0,89,89,1.0,0.011299615367639217,590,That's plagiarism.
47,5839,0,0,89,89,1.0,0.011299615367639217,590,He calls it a Selfie.
674,5839,0,0,92,92,1.0,0.010929124924699354,590,"And to think, just yesterday he was on there himself."
5799,5839,0,0,29,29,1.0,0.03509312031717982,590,You're lucky he's able to entertain himself so nicely.
5455,5839,0,0,89,89,1.0,0.011299615367639217,590,Now it's bipedalism? One more ism and I'm registering independent.
5068,5839,0,0,61,61,1.0,0.016529490122682157,590,Has your wife been doing pilates?
821,5839,0,0,56,56,1.0,0.01801874925391118,590,"Ok, He is an art dealer will let him go."
1272,5839,0,0,56,56,1.0,0.01801874925391118,590,"An amuse-l'oeil, compliments of the chef."
3283,5839,0,0,60,60,1.0,0.016807316136320357,590,"The opening may be vegetarian for them, but not for us."
1005,5839,0,0,54,54,1.0,0.018692405136401476,590,Another idiot who has been signed by the Food Channel!
106,5839,0,0,54,54,1.0,0.018692405136401476,590,Pate de foie artiste is to die for!
5245,5839,0,0,53,53,1.0,0.019048482943986485,590,"Because of his weight, he’s keeping track of his diet."
3949,5839,0,0,53,53,1.0,0.019048482943986485,590,Nostradamosaurus anticipates the future
3825,5839,0,0,53,53,1.0,0.019048482943986485,590,"It says, ""This cave is just right."""
2760,5839,0,0,53,53,1.0,0.019048482943986485,590,Ever wonder where he gets his ideas?
1001,5839,0,0,53,53,1.0,0.019048482943986485,590,"He just doesn't see us as a dynamic, integral part of his world."
543,5839,0,0,53,53,1.0,0.019048482943986485,590,"They're going places, man. Offer to be their agent."
84,5839,0,0,53,53,1.0,0.019048482943986485,590,Wait! My one man show is coming up and I haven't done anything for it yet
68,5839,0,0,53,53,1.0,0.019048482943986485,590,"Yes, it's still my art! You don't expect an architect to build his own cave, do you?"
3029,5839,0,0,58,58,1.0,0.017391961901349125,590,This is a perfect time of a truly no no story.
2355,5839,0,0,57,57,1.0,0.01769980813511972,590,Picasso has nothing on this guy.
2405,5839,0,0,86,86,1.0,0.011696106429438607,590,"What are we waiting for? You get the tail, I get the head."
5420,5839,0,0,56,56,1.0,0.01801874925391118,590,It's www.Ecave.Dinosoar.1BC for the best downloadable images.
4640,5839,0,0,56,56,1.0,0.01801874925391118,590,"I don't know about you, but I'm not going to miss them."
4105,5839,0,0,56,56,1.0,0.01801874925391118,590,I have one of those on my wall at home
1105,5839,0,0,86,86,1.0,0.011696106429438607,590,It won't be a successful opening. He hasn't kept up with the evolution of styles.
2005,5839,0,0,83,83,1.0,0.012121434739137725,590,"I warned you, Myrna, NO MORE OF THIS MODERN ART!!!"
5406,5839,0,0,42,42,1.0,0.024098134635593994,590,- I can't remember whether the Drawersaurus is on the list of protected species
5865,5839,0,0,30,30,1.0,0.03390317518104052,590,"Even back then, humans did not take kindly to forgeries."
